alphaL: 1.0316558494177692
alphaR: 1.4432015771188274
event_sum: 1.9248219812397873
mean: 1612.5272224189193
nL: 1.0034987704987852
nR: 3.454479685061022
norm: 1.9248219812397873
sigma: 165.0
sigmaL: 137.39982868277724
sigmaR: 94.18203242068138
widthL: 137.39982868277724
widthR: 94.18203242068138
x0: 1612.5272224189193
