alphaL: 1.199199155956699
alphaR: 1.221660513041811
event_sum: 25.179513511823668
fraction: 0.8100152199095428
mean: 1629.5934464409331
nL: 0.4
nR: 4.436294427870856
norm: 18.79322433654887
sigma: 165.0
sigmaL: 173.11570921936865
sigmaR: 81.44352142942685
widthL: 173.11570921936865
widthR: 81.44352142942685
x0: 1629.5934464409331
