alphaL: 0.7548008494660107
alphaR: 1.0899249390732326
event_sum: 2.279423412024213
mean: 1657.2168780162629
nL: 0.9747001478321938
nR: 2.9360969629386493
norm: 2.279423412024213
sigma: 165.0
sigmaL: 176.87218359698028
sigmaR: 59.40081749589191
widthL: 176.87218359698028
widthR: 59.40081749589191
x0: 1657.2168780162629
