alphaL: 0.910945104821109
alphaR: 1.3314468001218382
event_sum: 21.329776206253815
fraction: 0.891798087797545
mean: 1613.9579712385992
nL: 1.6515065737437502
nR: 4.5
norm: 18.038743089203347
sigma: 165.0
sigmaL: 133.99021524660287
sigmaR: 92.0798087620956
widthL: 133.99021524660287
widthR: 92.0798087620956
x0: 1613.9579712385992
