alphaL: 0.9660341350205324
alphaR: 1.4241623947443973
event_sum: 2.0511437289097745
mean: 1614.4449769775863
nL: 1.0077077126818579
nR: 3.6070314753621946
norm: 2.0511437289097745
sigma: 165.0
sigmaL: 135.4380147224817
sigmaR: 94.07380040684829
widthL: 135.4380147224817
widthR: 94.07380040684829
x0: 1614.4449769775863
