alphaL: 1.2348834623359222
alphaR: 1.4407596049657792
event_sum: 2.048152319282913
mean: 1621.1211914694006
nL: 0.2773916434969068
nR: 2.95103510869953
norm: 2.048152319282913
sigma: 165.0
sigmaL: 166.0175523896178
sigmaR: 91.30339461930137
widthL: 166.0175523896178
widthR: 91.30339461930137
x0: 1621.1211914694006
