alphaL: 0.8669435834036612
alphaR: 1.6032102691885692
event_sum: 22.094437798223428
mean: 1384.4290294762136
nL: 2.7021199132477154
nR: 2.8674910738204034
norm: 22.094437798223428
sigma: 91
sigmaL: 82.86389163857478
sigmaR: 67.96781667189049
widthL: 82.86389163857478
widthR: 67.96781667189049
x0: 1384.4290294762136
