alphaL: 1.2313981861651893
alphaR: 1.925597399850874
event_sum: 1.6824357839210258
mean: 3044.3305700897076
nL: 4.136766975246304
nR: 3.151605791874337
norm: 1.6824357839210258
sigma: 135.1412739429581
sigmaL: 111.04154016498768
sigmaR: 70.38737382257825
widthL: 111.04154016498768
widthR: 70.38737382257825
x0: 3044.3305700897076
