alphaL: 1.4530692987993339
alphaR: 1.5962758766656413
event_sum: 2.2681519535291605
mean: 3061.0576788096637
nL: 4.419633876771072
nR: 2.7913767722405374
norm: 2.2681519535291605
sigma: 219.214353903987
sigmaL: 137.78109184457284
sigmaR: 58.03137715721634
widthL: 137.78109184457284
widthR: 58.03137715721634
x0: 3061.0576788096637
