alphaL: 0.9338261041547943
alphaR: 1.8598454642359212
event_sum: 22.730366536724194
fraction: 0.9988884713088815
mean: 3044.7608084142553
nL: 9.999627208343414
nR: 2.302472888758491
norm: 22.675897166585106
sigma: 218.0724570156765
sigmaL: 102.9562073099034
sigmaR: 67.63990271032227
widthL: 102.9562073099034
widthR: 67.63990271032227
x0: 3044.7608084142553
