alphaL: 1.2490073461188105
alphaR: 2.137677960260673
event_sum: 2.700347538109702
fraction: 0.9992132554060126
mean: 3045.277152139167
nL: 9.853386328871146
nR: 2.9927660846378075
norm: 2.6999055735691067
sigma: 135.95021159271462
sigmaL: 124.99665121431244
sigmaR: 66.55324828487215
widthL: 124.99665121431244
widthR: 66.55324828487215
x0: 3045.277152139167
