alphaL: 1.1282587703347051
alphaR: 1.5074689397052081
event_sum: 1.0377644900778669
mean: 3052.8048961874274
nL: 4.508579879354301
nR: 2.8778566541592943
norm: 1.0377644900778669
sigma: 219.214353903987
sigmaL: 114.25867396545102
sigmaR: 66.08945343215942
widthL: 114.25867396545102
widthR: 66.08945343215942
x0: 3052.8048961874274
