alphaL: 0.9202686391222934
alphaR: 1.7042330718839525
event_sum: 1.0346815313843551
mean: 3036.901029097943
nL: 4.768446122957162
nR: 2.987630442297095
norm: 1.0346815313843551
sigma: 219.214353903987
sigmaL: 92.76742983888711
sigmaR: 77.39660799147093
widthL: 92.76742983888711
widthR: 77.39660799147093
x0: 3036.901029097943
