alphaL: 1.1859556891416512
alphaR: 2.092880557080885
event_sum: 1.6731115919635224
mean: 3039.4683826032187
nL: 3.6142310136573563
nR: 2.363427437957843
norm: 1.6731115919635224
sigma: 135.1412739429581
sigmaL: 105.05545136912268
sigmaR: 73.61727770706757
widthL: 105.05545136912268
widthR: 73.61727770706757
x0: 3039.4683826032187
