alphaL: 1.209177432098003
alphaR: 1.6258004849295027
event_sum: 2.266518086929846
mean: 3052.2592910295693
nL: 5.0
nR: 2.850240287663564
norm: 2.266518086929846
sigma: 219.214353903987
sigmaL: 119.8254706095172
sigmaR: 62.27197104651051
widthL: 119.8254706095172
widthR: 62.27197104651051
x0: 3052.2592910295693
