alphaL: 1.0993446319506401
alphaR: 1.9996553946376778
event_sum: 1.688716841766165
fraction: 0.9990279992414675
mean: 3042.2632202254804
nL: 9.071698649336042
nR: 3.0434836095273186
norm: 1.6883906830632058
sigma: 135.95021159271462
sigmaL: 110.69762771704016
sigmaR: 71.60638342938802
widthL: 110.69762771704016
widthR: 71.60638342938802
x0: 3042.2632202254804
