alphaL: 1.2128310362198975
alphaR: 2.138013922297596
event_sum: 2.6832854010905307
mean: 3044.1316720899513
nL: 4.809564323978188
nR: 3.5728925368051074
norm: 2.6832854010905307
sigma: 135.1412739429581
sigmaL: 118.17335933274157
sigmaR: 66.82579176243487
widthL: 118.17335933274157
widthR: 66.82579176243487
x0: 3044.1316720899513
