alphaL: 0.7100302465171793
alphaR: 1.7486701211252431
event_sum: 10.505131907140406
fraction: 0.9984338537069629
mean: 3034.720347997913
nL: 9.995946450248564
nR: 2.6367641379823286
norm: 10.37319317167356
sigma: 218.0724570156765
sigmaL: 81.37118619600618
sigmaR: 78.71323167379481
widthL: 81.37118619600618
widthR: 78.71323167379481
x0: 3034.720347997913
