alphaL: 1.4905630908384382
alphaR: 2.101651213355111
event_sum: 2.6952933751338994
mean: 3051.9683107781875
nL: 4.439776176940144
nR: 2.9920920094130543
norm: 2.6952933751338994
sigma: 135.1412739429581
sigmaL: 136.1310157983975
sigmaR: 63.374148795305146
widthL: 136.1310157983975
widthR: 63.374148795305146
x0: 3051.9683107781875
