alphaL: 1.6386421734343009
alphaR: 2.253055033909903
event_sum: 0.6786693171572212
mean: 1060.7331802959566
nL: 4.135264480461499
nR: 3.644120438043383
norm: 0.6786693171572212
sigma: 54.750958734419065
sigmaL: 56.32701515608463
sigmaR: 30.285001230819837
widthL: 56.32701515608463
widthR: 30.285001230819837
x0: 1060.7331802959566
