alphaL: 1.425413197746089
alphaR: 2.701687957253312
event_sum: 58.202449813172734
mean: 1059.6494958290727
nL: 5.0
nR: 1.615188499352403
norm: 58.202449813172734
sigma: 52.177071201525656
sigmaL: 49.784751906933984
sigmaR: 33.182215592365694
widthL: 49.784751906933984
widthR: 33.182215592365694
x0: 1059.6494958290727
