alphaL: 1.552193572828225
alphaR: 2.171464235148228
event_sum: 1.1238547918010093
mean: 1061.9267246145237
nL: 4.207999440215645
nR: 3.9988305534052357
norm: 1.1238547918010093
sigma: 54.750958734419065
sigmaL: 51.66820163495794
sigmaR: 33.485588755159085
widthL: 51.66820163495794
widthR: 33.485588755159085
x0: 1061.9267246145237
