alphaL: 1.5613407356830262
alphaR: 2.658407752572033
event_sum: 58.39398890010494
mean: 1060.9758071011136
nL: 4.520807960198785
nR: 1.7114035054179095
norm: 58.39398890010494
sigma: 52.177071201525656
sigmaL: 52.294828730119676
sigmaR: 32.523510456094435
widthL: 52.294828730119676
widthR: 32.523510456094435
x0: 1060.9758071011136
