alphaL: 1.8212218951928798
alphaR: 2.5338643773960454
event_sum: 0.676390519176715
mean: 1059.9845870812217
nL: 1.9889134009389722
nR: 2.1558252953231247
norm: 0.676390519176715
sigma: 54.750958734419065
sigmaL: 57.244416049037866
sigmaR: 31.30279385050353
widthL: 57.244416049037866
widthR: 31.30279385050353
x0: 1059.9845870812217
