alphaL: 1.049204596603673
alphaR: 2.5680539050203763
event_sum: 79.27407349855513
fraction: 0.9913826639220966
mean: 1051.879921224697
nL: 72.46447857118898
nR: 3.530194028596269
norm: 25.887978319713813
sigma: 52.215320312389224
sigmaL: 48.641853031150625
sigmaR: 31.848994228008493
widthL: 48.641853031150625
widthR: 31.848994228008493
x0: 1051.879921224697
