alphaL: 1.7778596213876883
alphaR: 2.1610494036014063
event_sum: 6.792343808961253
fraction: 0.9994620853718489
mean: 1062.1069631800908
nL: 4.845957043819421
nR: 4.28877657517936
norm: 6.791599896408346
sigma: 54.74783503603898
sigmaL: 59.791137016473094
sigmaR: 30.13274484096346
widthL: 59.791137016473094
widthR: 30.13274484096346
x0: 1062.1069631800908
