alphaL: 1.4335826333034345
alphaR: 2.6232917079559717
event_sum: 58.402706037767125
fraction: 0.9993236295138856
mean: 1060.1253830287365
nL: 10.0
nR: 1.9668719957326217
norm: 58.401696351198915
sigma: 52.24085208853484
sigmaL: 51.24854361211071
sigmaR: 32.892551782026125
widthL: 51.24854361211071
widthR: 32.892551782026125
x0: 1060.1253830287365
