alphaL: 1.396053851396701
alphaR: 2.4553527316536035
event_sum: 26.04308833900097
fraction: 0.9994516315246124
mean: 1060.9213965584609
nL: 10.0
nR: 3.7623758561641614
norm: 26.042245278132185
sigma: 52.24085208853484
sigmaL: 56.72594204357908
sigmaR: 28.824095713608003
widthL: 56.72594204357908
widthR: 28.824095713608003
x0: 1060.9213965584609
