alphaL: 1.3971309987897667
alphaR: 2.6121057336042033
event_sum: 26.024976846579726
mean: 1060.8396164273634
nL: 5.0
nR: 2.1917402317695056
norm: 26.024976846579726
sigma: 52.177071201525656
sigmaL: 55.9290286625922
sigmaR: 28.880972815883236
widthL: 55.9290286625922
widthR: 28.880972815883236
x0: 1060.8396164273634
