alphaL: 1.48738217627282
alphaR: 2.4007334629597716
event_sum: 26.164269729676263
mean: 1061.3274243056173
nL: 4.495987898575204
nR: 4.245286982334932
norm: 26.164269729676263
sigma: 52.177071201525656
sigmaL: 57.54004369711713
sigmaR: 28.72661946523693
widthL: 57.54004369711713
widthR: 28.72661946523693
x0: 1061.3274243056173
