alphaL: 1.4495923888813567
alphaR: 1.9403462071915838
event_sum: 11.253491512555097
fraction: 0.9996073205742378
mean: 1064.080688027619
nL: 9.773458675478995
nR: 4.306423023786087
norm: 11.250045363318147
sigma: 54.74783503603898
sigmaL: 53.228615274623905
sigmaR: 31.470680252669403
widthL: 53.228615274623905
widthR: 31.470680252669403
x0: 1064.080688027619
