alphaL: 1.1449017185674353
alphaR: 2.3503834715792395
event_sum: 180.2559577430662
fraction: 0.9951386831255
mean: 1053.5943447605125
nL: 142.32915983799268
nR: 4.031193721282296
norm: 58.14272358440203
sigma: 52.215320312389224
sigmaL: 47.66973673129404
sigmaR: 33.3360551112097
widthL: 47.66973673129404
widthR: 33.3360551112097
x0: 1053.5943447605125
