alphaL: 1.5644909021298006
alphaR: 2.110714737867739
event_sum: 1.1211189437565354
mean: 1063.5715000587704
nL: 2.9825341372275984
nR: 3.0521028127515994
norm: 1.1211189437565354
sigma: 54.750958734419065
sigmaL: 52.63257589264143
sigmaR: 32.3202589145524
widthL: 52.63257589264143
widthR: 32.3202589145524
x0: 1063.5715000587704
