alphaL: 0.9398293017149093
alphaR: 1.3524186065431523
event_sum: 1.027746511157602
mean: 1584.1448778196682
nL: 1.9278490045487449
nR: 3.5641486757662135
norm: 1.027746511157602
sigma: 89.60000000000001
sigmaL: 99.98397582634523
sigmaR: 69.03703084071365
widthL: 99.98397582634523
widthR: 69.03703084071365
x0: 1584.1448778196682
