alphaL: 1.0904885258371793
alphaR: 1.633204025073844
event_sum: 11.434177719056606
mean: 1577.9824438053479
nL: 1.9749788497590948
nR: 2.9966912435856883
norm: 11.434177719056606
sigma: 89.60000000000001
sigmaL: 100.64881859888979
sigmaR: 74.12204338713421
widthL: 100.64881859888979
widthR: 74.12204338713421
x0: 1577.9824438053479
