alphaL: 1.36128641887295
alphaR: 1.5560132747516555
event_sum: 0.918722948525101
mean: 1590.9326042886748
nL: 0.2749853601582348
nR: 1.944819374702786
norm: 0.918722948525101
sigma: 83.31163560565119
sigmaL: 110.33297632449123
sigmaR: 64.06780275170892
widthL: 110.33297632449123
widthR: 64.06780275170892
x0: 1590.9326042886748
