alphaL: 0.8212238334668595
alphaR: 1.6492576858909946
event_sum: 1.021763510769233
mean: 1569.072206200009
nL: 3.442480091791256
nR: 3.407879386772703
norm: 1.021763510769233
sigma: 89.60000000000001
sigmaL: 82.693568950426
sigmaR: 78.99821645194838
widthL: 82.693568950426
widthR: 78.99821645194838
x0: 1569.072206200009
