alphaL: 0.9543235361931833
alphaR: 1.3180396410823387
event_sum: 12.479540769243613
fraction: 0.9159230271029517
mean: 1580.5162915620047
nL: 1.4277417980190625
nR: 4.221876544914815
norm: 10.66137355635874
sigma: 89.60000000000001
sigmaL: 93.41052436032234
sigmaR: 70.11055740711032
widthL: 93.41052436032234
widthR: 70.11055740711032
x0: 1580.5162915620047
