alphaL: 1.0643025359300242
alphaR: 1.5942863648025478
event_sum: 11.434177719056606
fraction: 0.9472453970554158
mean: 1578.1715366032422
nL: 2.0228618344304343
nR: 3.1510497754980613
norm: 10.480221612844616
sigma: 89.60000000000001
sigmaL: 99.67464624907811
sigmaR: 73.8774727005059
widthL: 99.67464624907811
widthR: 73.8774727005059
x0: 1578.1715366032422
