alphaL: 0.7496720274314331
alphaR: 1.7397145363326412
event_sum: 0.9845359527971596
mean: 1555.855070296777
nL: 1.4106297606800315
nR: 2.6089895967249466
norm: 0.9845359527971596
sigma: 89.60000000000001
sigmaL: 64.98943717462008
sigmaR: 89.24726097972206
widthL: 64.98943717462008
widthR: 89.24726097972206
x0: 1555.855070296777
