alphaL: 0.8920066026102963
alphaR: 1.3794104273753938
event_sum: 1.027746511157602
mean: 1582.359613522216
nL: 2.0849964011174413
nR: 3.5258634338305934
norm: 1.027746511157602
sigma: 89.60000000000001
sigmaL: 96.24903850562715
sigmaR: 70.51134744150325
widthL: 96.24903850562715
widthR: 70.51134744150325
x0: 1582.359613522216
