alphaL: 0.828753853550143
alphaR: 1.5830801115997994
event_sum: 1.021763510769233
mean: 1566.2461753755508
nL: 3.1904483592441593
nR: 4.2173434604639075
norm: 1.021763510769233
sigma: 89.60000000000001
sigmaL: 81.53603391250402
sigmaR: 79.52365530305772
widthL: 81.53603391250402
widthR: 79.52365530305772
x0: 1566.2461753755508
