alphaL: 0.9755889552259447
alphaR: 2.84899410883803
event_sum: 0.9876936474465765
mean: 1556.7903120084982
nL: 1.7457242437078802
nR: 2.7398046874541913
norm: 0.9876936474465765
sigma: 89.60000000000001
sigmaL: 87.14867045067814
sigmaR: 97.48174165051029
widthL: 87.14867045067814
widthR: 97.48174165051029
x0: 1556.7903120084982
