alphaL: 1.1321823315897859
alphaR: 1.5131557087492067
event_sum: 25.32509536948055
fraction: 0.9371167097474007
mean: 1585.058253016679
nL: 1.8527054238752203
nR: 3.2462972729953212
norm: 10.412081890972331
sigma: 89.60000000000001
sigmaL: 106.0610980021617
sigmaR: 70.5357428378336
widthL: 106.0610980021617
widthR: 70.5357428378336
x0: 1585.058253016679
