alphaL: 0.9868119013230531
alphaR: 1.3569806414429144
event_sum: 12.479540769243613
mean: 1580.0367727405394
nL: 1.3199658564408152
nR: 4.020696828560911
norm: 12.479540769243613
sigma: 89.60000000000001
sigmaL: 94.5079783526108
sigmaR: 71.31850996038018
widthL: 94.5079783526108
widthR: 71.31850996038018
x0: 1580.0367727405394
