alphaL: 0.7742257816855335
alphaR: 1.6885909579436775
event_sum: 0.89512333588209
mean: 1570.7265859144654
nL: 2.0961140801730345
nR: 2.0739531608303534
norm: 0.89512333588209
sigma: 83.31163560565119
sigmaL: 78.34293056503967
sigmaR: 81.20800354474034
widthL: 78.34293056503967
widthR: 81.20800354474034
x0: 1570.7265859144654
