alphaL: 1.1077204787275137
alphaR: 1.4997914723804444
event_sum: 12.751422907766877
mean: 981.2612506908675
nL: 1.9011795935563
nR: 2.4816146130674217
norm: 12.751422907766877
sigma: 69
sigmaL: 86.94514542641183
sigmaR: 64.29346632423665
widthL: 86.94514542641183
widthR: 64.29346632423665
x0: 981.2612506908675
