alphaL: 0.9434455364337865
alphaR: 1.44310064465894
event_sum: 23.25218497578792
mean: 990.7877771951414
nL: 2.9455669719424082
nR: 2.975625291280901
norm: 23.25218497578792
sigma: 69
sigmaL: 90.82550291170286
sigmaR: 57.961933998302136
widthL: 90.82550291170286
widthR: 57.961933998302136
x0: 990.7877771951414
