alphaL: 0.4037504689790329
alphaR: 1.9588728736799674
event_sum: 0.5176874008619524
mean: 3117.8882129409
nL: 3.8040331769413394
nR: 1.4395697126687523
norm: 0.5176874008619524
sigma: 179.20000000000002
sigmaL: 116.90939184051085
sigmaR: 148.87341651354865
widthL: 116.90939184051085
widthR: 148.87341651354865
x0: 3117.8882129409
