alphaL: 0.8836933206986428
alphaR: 1.4754687447909864
event_sum: 14.61612858744992
fraction: 0.7480834954491898
mean: 3150.0
nL: 0.6797234300864241
nR: 4.056982044334827
norm: 2.6223369233940232
sigma: 179.20000000000002
sigmaL: 156.6393851475039
sigmaR: 139.79219525889783
widthL: 156.6393851475039
widthR: 139.79219525889783
x0: 3150.0
