alphaL: 1.54268900584838
alphaR: 1.1233293944904719
event_sum: 12.752949971244973
fraction: 0.7723057123728971
mean: 3191.582635951275
nL: 0.4
nR: 4.5
norm: 5.464150354952347
sigma: 179.20000000000002
sigmaL: 300.85228347611496
sigmaR: 96.77007649869897
widthL: 300.85228347611496
widthR: 96.77007649869897
x0: 3191.582635951275
