alphaL: 1.35271447895674
alphaR: 0.9373591313471352
event_sum: 0.5467038601203721
mean: 3209.4395912736736
nL: 0.8811692264435868
nR: 2.3881424610747004
norm: 0.5467038601203721
sigma: 179.20000000000002
sigmaL: 301.6813318315612
sigmaR: 59.30406151188873
widthL: 301.6813318315612
widthR: 59.30406151188873
x0: 3209.4395912736736
