alphaL: 0.7085653197951566
alphaR: 1.2580441794685895
event_sum: 0.2344483436476512
mean: 3149.7203324514603
nL: 3.8684169569014117
nR: 2.6853446292301832
norm: 0.2344483436476512
sigma: 179.20000000000002
sigmaL: 191.48763035794408
sigmaR: 113.48100434722363
widthL: 191.48763035794408
widthR: 113.48100434722363
x0: 3149.7203324514603
