alphaL: 0.9275197984537621
alphaR: 2.1846520272882235
event_sum: 0.2557089060665403
mean: 3082.520032394153
nL: 0.9851096976702605
nR: 3.9242908449624267
norm: 0.2557089060665403
sigma: 179.20000000000002
sigmaL: 188.23613222207754
sigmaR: 194.29973644961302
widthL: 188.23613222207754
widthR: 194.29973644961302
x0: 3082.520032394153
