alphaL: 1.336463050900051
alphaR: 1.901616559678718
event_sum: 1.9191888004468274
mean: 2052.7493299897014
nL: 4.452459970288748
nR: 2.257272097196858
norm: 1.9191888004468274
sigma: 112.18182256061161
sigmaL: 90.10849312388844
sigmaR: 47.29793169836235
widthL: 90.10849312388844
widthR: 47.29793169836235
x0: 2052.7493299897014
