alphaL: 1.1551798601651129
alphaR: 2.017921505716673
event_sum: 1.9126302422673318
mean: 2048.009034539814
nL: 4.745514338395418
nR: 2.1190426326687595
norm: 1.9126302422673318
sigma: 112.18182256061161
sigmaL: 80.88923724230862
sigmaR: 50.110950648532224
widthL: 80.88923724230862
widthR: 50.110950648532224
x0: 2048.009034539814
