alphaL: 1.0772659064911794
alphaR: 2.008411625427228
event_sum: 19.23225565040087
fraction: 0.9971563749951622
mean: 2048.227279780758
nL: 10.0
nR: 2.1086027478588023
norm: 19.213688571781425
sigma: 112.18508008524509
sigmaL: 81.22758016492686
sigmaR: 50.078300230728416
widthL: 81.22758016492686
widthR: 50.078300230728416
x0: 2048.227279780758
