alphaL: 1.2759424128794536
alphaR: 1.8960296625877533
event_sum: 1.3238929183030108
mean: 2049.2850912871645
nL: 3.461979025750504
nR: 2.0538739776237427
norm: 1.3238929183030108
sigma: 112.18182256061161
sigmaL: 82.85691468934027
sigmaR: 54.01081685288444
widthL: 82.85691468934027
widthR: 54.01081685288444
x0: 2049.2850912871645
