alphaL: 1.3987354951449327
alphaR: 1.9450447500829606
event_sum: 12.386227408593438
mean: 2047.0598941016715
nL: 4.488751923550086
nR: 4.296650824428247
norm: 12.386227408593438
sigma: 93.773500546262
sigmaL: 84.53876153888771
sigmaR: 50.67821454095153
widthL: 84.53876153888771
widthR: 50.67821454095153
x0: 2047.0598941016715
