alphaL: 1.272555873701279
alphaR: 1.8939579816012946
event_sum: 12.342266005321065
mean: 2045.7075458360766
nL: 4.881921480571719
nR: 4.662974190814779
norm: 12.342266005321065
sigma: 93.773500546262
sigmaL: 81.09919253633724
sigmaR: 51.34522129670065
widthL: 81.09919253633724
widthR: 51.34522129670065
x0: 2045.7075458360766
