alphaL: 0.7836138888201475
alphaR: 1.9233706599941618
event_sum: 30.103042930209842
fraction: 0.9894963118252238
mean: 2048.8367897930943
nL: 29.586929875855272
nR: 2.5655661998622854
norm: 13.203960689001272
sigma: 111.8993883727162
sigmaL: 66.19988835282915
sigmaR: 56.522687790850505
widthL: 66.19988835282915
widthR: 56.522687790850505
x0: 2048.8367897930943
