alphaL: 1.5046732154700757
alphaR: 2.088299828105773
event_sum: 12.842749656302043
mean: 2048.6616623795335
nL: 4.499653346544931
nR: 2.9804080750123667
norm: 12.842749656302043
sigma: 93.773500546262
sigmaL: 93.76285951020778
sigmaR: 47.74082730558535
widthL: 93.76285951020778
widthR: 47.74082730558535
x0: 2048.6616623795335
