alphaL: 1.0296334601018495
alphaR: 2.1822182363065963
event_sum: 26.487096637345097
fraction: 0.9941696109956708
mean: 2048.9648398350355
nL: 113.88142560921415
nR: 2.6961486198972966
norm: 12.799175082585851
sigma: 94.93843115997393
sigmaL: 82.57464117727336
sigmaR: 50.02308979146065
widthL: 82.57464117727336
widthR: 50.02308979146065
x0: 2048.9648398350355
