alphaL: 1.3371173096968854
alphaR: 2.1534406468180487
event_sum: 12.860043451022998
fraction: 0.9989917745644058
mean: 2046.516342803332
nL: 9.761473949078583
nR: 2.704322267110782
norm: 12.857573877893719
sigma: 93.70619535376923
sigmaL: 89.94244738381522
sigmaR: 48.654709635721204
widthL: 89.94244738381522
widthR: 48.654709635721204
x0: 2046.516342803332
