alphaL: 1.2357216768206363
alphaR: 2.0426895083640986
event_sum: 12.408962330005197
fraction: 0.9992213665866484
mean: 2042.6399232851118
nL: 8.742725442440868
nR: 4.5
norm: 12.407585574251643
sigma: 93.70619535376923
sigmaL: 79.0148139805583
sigmaR: 53.52314817840576
widthL: 79.0148139805583
widthR: 53.52314817840576
x0: 2042.6399232851118
