alphaL: 1.0272077573533882
alphaR: 1.9327034850458469
event_sum: 13.329826975188523
fraction: 0.9960960114155627
mean: 2045.9764430997768
nL: 10.0
nR: 2.028312962639392
norm: 13.308644209347936
sigma: 112.18508008524509
sigmaL: 74.66858162562413
sigmaR: 55.678653734575924
widthL: 74.66858162562413
widthR: 55.678653734575924
x0: 2045.9764430997768
