alphaL: 1.337563094708227
alphaR: 1.8263038364789081
event_sum: 1.328719891878973
mean: 2050.9040649608437
nL: 4.246384622812643
nR: 2.3541018719314293
norm: 1.328719891878973
sigma: 112.18182256061161
sigmaL: 85.39534222870473
sigmaR: 52.97701299578854
widthL: 85.39534222870473
widthR: 52.97701299578854
x0: 2050.9040649608437
