alphaL: 1.2953847900920543
alphaR: 2.0403459631848015
event_sum: 12.780539504790543
mean: 2045.9224638417224
nL: 4.785521694496605
nR: 3.809521551165648
norm: 12.780539504790543
sigma: 93.773500546262
sigmaL: 86.97603548277665
sigmaR: 49.01000687866635
widthL: 86.97603548277665
widthR: 49.01000687866635
x0: 2045.9224638417224
