alphaL: 1.0046002950144886
alphaR: 1.6225167925362418
event_sum: 1.2676291234965902
mean: 1194.6465202115692
nL: 2.1616705085495296
nR: 2.087263330424355
norm: 1.2676291234965902
sigma: 67.2
sigmaL: 82.01512638942808
sigmaR: 55.045540989252075
widthL: 82.01512638942808
widthR: 55.045540989252075
x0: 1194.6465202115692
