alphaL: 0.8655311041104707
alphaR: 1.687919982879995
event_sum: 9.786039749160409
fraction: 0.9776312249628294
mean: 1177.5138111786475
nL: 3.6006727181232416
nR: 3.3081441081855782
norm: 9.482287457212806
sigma: 67.2
sigmaL: 62.032438854793725
sigmaR: 64.33563319100001
widthL: 62.032438854793725
widthR: 64.33563319100001
x0: 1177.5138111786475
