alphaL: 0.9046858723113097
alphaR: 1.3862460591932935
event_sum: 1.3131919759325683
mean: 1195.3425255598804
nL: 3.236470687633012
nR: 3.65659785279202
norm: 1.3131919759325683
sigma: 67.2
sigmaL: 78.16290969842686
sigmaR: 52.2843743202516
widthL: 78.16290969842686
widthR: 52.2843743202516
x0: 1195.3425255598804
