alphaL: 0.8980362579487755
alphaR: 1.6597083238570722
event_sum: 9.786039749160409
mean: 1177.6100083434349
nL: 3.322013883159959
nR: 3.392693441636456
norm: 9.786039749160409
sigma: 67.2
sigmaL: 63.03045007859147
sigmaR: 63.77669353968579
widthL: 63.03045007859147
widthR: 63.77669353968579
x0: 1177.6100083434349
