alphaL: 0.9354319327052874
alphaR: 1.4864867113233917
event_sum: 1.1737419222918106
mean: 1198.2633021946995
nL: 3.797972409314924
nR: 1.7409376216450736
norm: 1.1737419222918106
sigma: 62.08959879865864
sigmaL: 85.20478933663948
sigmaR: 52.21958998739781
widthL: 85.20478933663948
widthR: 52.21958998739781
x0: 1198.2633021946995
