alphaL: 1.1725130379500857
alphaR: 1.643042199279571
event_sum: 0.9028194834536407
mean: 1189.6583609868574
nL: 2.298352878876769
nR: 2.165152914829776
norm: 0.9028194834536407
sigma: 67.2
sigmaL: 81.9465607000516
sigmaR: 55.55473561173045
widthL: 81.9465607000516
widthR: 55.55473561173045
x0: 1189.6583609868574
