alphaL: 1.0378378861395146
alphaR: 1.421324007194502
event_sum: 0.9308935642475262
mean: 1190.4240366875952
nL: 3.643432744542562
nR: 4.106845003242056
norm: 0.9308935642475262
sigma: 67.2
sigmaL: 77.8609346848917
sigmaR: 55.415924374402366
widthL: 77.8609346848917
widthR: 55.415924374402366
x0: 1190.4240366875952
