alphaL: 1.011318399273504
alphaR: 1.5146621490842422
event_sum: 14.098401833325624
mean: 1191.1298797262532
nL: 2.323141315040901
nR: 3.8407303073100136
norm: 14.098401833325624
sigma: 67.2
sigmaL: 78.5575031428147
sigmaR: 57.25564917209754
widthL: 78.5575031428147
widthR: 57.25564917209754
x0: 1191.1298797262532
