alphaL: 1.0516007948532977
alphaR: 1.4600486583814392
event_sum: 14.098401833325624
fraction: 0.9664681431856063
mean: 1193.8616190146247
nL: 2.2366733712938367
nR: 3.8933150245704287
norm: 13.458681097254157
sigma: 67.2
sigmaL: 82.06710299680532
sigmaR: 54.809061509305955
widthL: 82.06710299680532
widthR: 54.809061509305955
x0: 1193.8616190146247
