alphaL: 1.180170734256713
alphaR: 1.4707069951397571
event_sum: 0.8445234978717053
mean: 1192.106611194736
nL: 0.8647610618644546
nR: 1.886202771418446
norm: 0.8445234978717053
sigma: 62.08959879865864
sigmaL: 81.634072586718
sigmaR: 53.845110719804616
widthL: 81.634072586718
widthR: 53.845110719804616
x0: 1192.106611194736
