alphaL: 0.9069669396316231
alphaR: 1.3899563171251967
event_sum: 1.3131919759325683
mean: 1195.6753089767008
nL: 3.226549181870418
nR: 3.6780104497582657
norm: 1.3131919759325683
sigma: 67.2
sigmaL: 77.98057369959491
sigmaR: 53.1727934040158
widthL: 77.98057369959491
widthR: 53.1727934040158
x0: 1195.6753089767008
