alphaL: 0.8940142004542359
alphaR: 1.6198400289337531
event_sum: 0.9308935642475262
mean: 1180.4547166207863
nL: 3.734286127027504
nR: 3.6944188321336915
norm: 0.9308935642475262
sigma: 67.2
sigmaL: 65.02872896618669
sigmaR: 63.12251413683859
widthL: 65.02872896618669
widthR: 63.12251413683859
x0: 1180.4547166207863
