alphaL: 2.137458486818544
alphaR: 0.8588891684291806
event_sum: 9.409098229955598
mean: 698.5381617102191
nL: 2.0536686991827713
nR: 0.20039914072056217
norm: 9.409098229955598
sigma: 100.29414689844393
sigmaL: 63.547603155896944
sigmaR: 46.77634461242761
widthL: 63.547603155896944
widthR: 46.77634461242761
x0: 698.5381617102191
