alphaL: 3.4353680797001127
alphaR: 0.10067932856358663
event_sum: 9.409098229955598
mean: 693.4185714187531
nL: 2.7771754416248564
nR: 2.8365463239529514
norm: 9.409098229955598
sigma: 100.33232579822645
sigmaL: 63.14734344733842
sigmaR: 19.078239501372828
widthL: 63.14734344733842
widthR: 19.078239501372828
x0: 693.4185714187531
