alphaL: 2.058273926085562
alphaR: 0.874504336473513
event_sum: 1.4227432473162778
mean: 694.1393992212654
nL: 2.2494710940243836
nR: 0.20001683762482003
norm: 1.4227432473162778
sigma: 100.27749571854402
sigmaL: 60.58497109055178
sigmaR: 48.712248651678465
widthL: 60.58497109055178
widthR: 48.712248651678465
x0: 694.1393992212654
