alphaL: 1.9388544808309796
alphaR: 0.5467124908327026
event_sum: 3.4567468561866774
mean: 701.7316320858213
nL: 1.597656837906139
nR: 0.630826648996035
norm: 3.4567468561866774
sigma: 100.27749571854402
sigmaL: 63.64944409329501
sigmaR: 32.6553046086125
widthL: 63.64944409329501
widthR: 32.6553046086125
x0: 701.7316320858213
