alphaL: 1.9167431410223241
alphaR: 0.37795349310754417
event_sum: 22.86215121968648
mean: 707.8969824766643
nL: 2.9823558783150523
nR: 0.6040008567064636
norm: 22.86215121968648
sigma: 100.29414689844393
sigmaL: 66.82867716572508
sigmaR: 18.102829035073384
widthL: 66.82867716572508
widthR: 18.102829035073384
x0: 707.8969824766643
