alphaL: 3.136859919993169
alphaR: 0.7089946346496007
event_sum: 10.658406241712894
mean: 711.4439569947292
nL: 2.9991794898754436
nR: 0.4324170907604721
norm: 10.658406241712894
sigma: 100
sigmaL: 72.15793246581082
sigmaR: 31.78415291769221
widthL: 72.15793246581082
widthR: 31.78415291769221
x0: 711.4439569947292
