alphaL: 0.9963594982501465
alphaR: 3.268663917258757
event_sum: 9.183663346142966
mean: 606.5648649614168
nL: 1.0000356015013994
nR: 2.657659168827431
norm: 9.183663346142966
sigma: 100
sigmaL: 225.62001440194564
sigmaR: 187.73948910015812
widthL: 225.62001440194564
widthR: 187.73948910015812
x0: 606.5648649614168
