alphaL: 1.8743679399004511
alphaR: 0.566557199100631
event_sum: 3.4567468561866774
mean: 702.0514193506958
nL: 2.230651600351272
nR: 0.6522150906933644
norm: 3.4567468561866774
sigma: 100.27749571854402
sigmaL: 63.69470092264495
sigmaR: 34.356517664157
widthL: 63.69470092264495
widthR: 34.356517664157
x0: 702.0514193506958
