alphaL: 1.9044475534316851
alphaR: 0.31579329820408064
event_sum: 22.863025605372798
mean: 708.0033501289597
nL: 2.9998881504857184
nR: 0.6088792423247382
norm: 22.863025605372798
sigma: 100.33232579822645
sigmaL: 66.80248899579612
sigmaR: 14.995008187380337
widthL: 66.80248899579612
widthR: 14.995008187380337
x0: 708.0033501289597
