alphaL: 3.6515680872245437
alphaR: 0.3618328053327948
event_sum: 22.91528375498111
mean: 713.011466499199
nL: 2.9570298597838134
nR: 0.5395798717422877
norm: 22.91528375498111
sigma: 100
sigmaL: 72.87213556446149
sigmaR: 14.844612356472364
widthL: 72.87213556446149
widthR: 14.844612356472364
x0: 713.011466499199
