alphaL: 2.0567732883518812
alphaR: 0.8631571601340033
event_sum: 1.4227432473162778
mean: 692.7893549982326
nL: 2.0494751610702746
nR: 0.20003879726564583
norm: 1.4227432473162778
sigma: 100.27749571854402
sigmaL: 60.159851950530204
sigmaR: 49.996284942099734
widthL: 60.159851950530204
widthR: 49.996284942099734
x0: 692.7893549982326
