alphaL: 2.7674216098787876
alphaR: 0.22995770662350326
event_sum: 25.073022507791357
mean: 708.4971651786578
nL: 2.9985212531610097
nR: 0.5962238829563294
norm: 25.073022507791357
sigma: 100
sigmaL: 70.24454804207713
sigmaR: 13.171433051314077
widthL: 70.24454804207713
widthR: 13.171433051314077
x0: 708.4971651786578
