alphaL: 3.3045898400243594
alphaR: 2.9699204949459195
event_sum: 18.156795522137603
mean: 702.2257597989789
nL: 2.3728796755265686
nR: 2.305837085827762
norm: 18.156795522137603
sigma: 123
sigmaL: 72.43570841481157
sigmaR: 160.2593095633255
widthL: 72.43570841481157
widthR: 160.2593095633255
x0: 702.2257597989789
