alphaL: 1.0219910751541512
alphaR: 3.0840071436580194
event_sum: 21.677114177987878
mean: 638.6432744875922
nL: 1.0
nR: 2.365596548403657
norm: 21.677114177987878
sigma: 100
sigmaL: 251.93911095969509
sigmaR: 177.73954535852408
widthL: 251.93911095969509
widthR: 177.73954535852408
x0: 638.6432744875922
