alphaL: 1.0001858774327024
alphaR: 1.3982569281858932
event_sum: 1.903699985046842
mean: 696.9826931829274
nL: 2.0
nR: 3.380463667228379
norm: 1.903699985046842
sigma: 70.0
sigmaL: 73.22157033981478
sigmaR: 45.91070275409107
widthL: 73.22157033981478
widthR: 45.91070275409107
x0: 696.9826931829274
