alphaL: 0.9998620113357023
alphaR: 1.1976773526726896
event_sum: 6.922168355464237
fraction: 0.9808389788737369
mean: 697.4261687314244
nL: 2.0
nR: 3.662927930968308
norm: 6.80137382724206
sigma: 70.0
sigmaL: 80.87457677474633
sigmaR: 41.290157380664596
widthL: 80.87457677474633
widthR: 41.290157380664596
x0: 697.4261687314244
