alphaL: 0.5866783663180095
alphaR: 1.317843141579733
event_sum: 18.382238867052365
fraction: 0.9902910084609708
mean: 692.105650873729
nL: 4.780867539211759
nR: 4.988879239036267
norm: 18.20489952270873
sigma: 70.0
sigmaL: 48.60635256031236
sigmaR: 47.66055120987513
widthL: 48.60635256031236
widthR: 47.66055120987513
x0: 692.105650873729
