alphaL: 1.0002203773422744
alphaR: 1.1863015538467196
event_sum: 0.7185021337136277
mean: 700.0975576433689
nL: 2.0
nR: 2.9371129582204145
norm: 0.7185021337136277
sigma: 70.0
sigmaL: 72.14383223049977
sigmaR: 38.43829490378532
widthL: 72.14383223049977
widthR: 38.43829490378532
x0: 700.0975576433689
