alphaL: 0.40004497663296756
alphaR: 1.3497330548587259
event_sum: 0.7185021337136277
mean: 693.772666681841
nL: 0.4017303826980096
nR: 3.032913150283619
norm: 0.7185021337136277
sigma: 70.0
sigmaL: 77.6250338486136
sigmaR: 45.428140909214065
widthL: 77.6250338486136
widthR: 45.428140909214065
x0: 693.772666681841
