alphaL: 0.999842772375738
alphaR: 1.3985836602584973
event_sum: 0.710294639251515
mean: 703.2314763884126
nL: 1.0
nR: 1.6232221800912554
norm: 0.710294639251515
sigma: 70.0
sigmaL: 73.21473409135234
sigmaR: 38.05896611040091
widthL: 73.21473409135234
widthR: 38.05896611040091
x0: 703.2314763884126
