alphaL: 1.849355651838428
alphaR: 0.9739997415629629
event_sum: 1.132289933044376
mean: 678.0791160284625
nL: 2.3386090069929324
nR: 0.2011366515333501
norm: 1.132289933044376
sigma: 90.43756252373696
sigmaL: 55.43977226031515
sigmaR: 287.0300610740328
widthL: 55.43977226031515
widthR: 287.0300610740328
x0: 678.0791160284625
