alphaL: 1.6217928084712228
alphaR: 0.7378971362074909
event_sum: 2.6453607643416035
mean: 691.127091499468
nL: 1.8300138793279594
nR: 0.20045738400948906
norm: 2.6453607643416035
sigma: 90.43756252373696
sigmaL: 54.79639975880045
sigmaR: 56.955686991457604
widthL: 54.79639975880045
widthR: 56.955686991457604
x0: 691.127091499468
