alphaL: 1.0013549644964175
alphaR: 1.413545727291757
event_sum: 1.8964748996040726
mean: 697.3915116835669
nL: 2.0
nR: 3.439048029943134
norm: 1.8964748996040726
sigma: 70.0
sigmaL: 68.84417363295691
sigmaR: 45.8400469694307
widthL: 68.84417363295691
widthR: 45.8400469694307
x0: 697.3915116835669
