alphaL: 0.43834108701417535
alphaR: 1.3896682568513485
event_sum: 1.903699985046842
mean: 690.3042869017997
nL: 5.9570492377315505
nR: 4.498245161246906
norm: 1.903699985046842
sigma: 70.0
sigmaL: 41.375781108822444
sigmaR: 49.29961376650538
widthL: 41.375781108822444
widthR: 49.29961376650538
x0: 690.3042869017997
