alphaL: 1.0
alphaR: 4.9324966976268465
event_sum: 0.7134176282015687
mean: 541.6637212834174
nL: 2.0
nR: 2.5721824967539213
norm: 0.7134176282015687
sigma: 70.0
sigmaL: 244.76834965347612
sigmaR: 122.957312354217
widthL: 244.76834965347612
widthR: 122.957312354217
x0: 541.6637212834174
