alphaL: 0.5476376813689388
alphaR: 1.2349568164740126
event_sum: 6.922168355464237
fraction: 0.9821766827041684
mean: 696.8108879583834
nL: 0.30007746538068963
nR: 3.4257594388218844
norm: 6.818136687885271
sigma: 70.0
sigmaL: 71.92564625603569
sigmaR: 41.593670223395705
widthL: 71.92564625603569
widthR: 41.593670223395705
x0: 696.8108879583834
