alphaL: 1.00000016605577
alphaR: 1.6563567541871427
event_sum: 0.7134176282015687
mean: 677.7753987354555
nL: 2.0
nR: 3.43048795800821
norm: 0.7134176282015687
sigma: 70.0
sigmaL: 89.71618758635515
sigmaR: 58.89733007980344
widthL: 89.71618758635515
widthR: 58.89733007980344
x0: 677.7753987354555
