alphaL: 1.0
alphaR: 2.4850151929662405
event_sum: 1.8903045793085766
mean: 579.7362441820527
nL: 1.0
nR: 4.246327315111963
norm: 1.8903045793085766
sigma: 70.0
sigmaL: 234.30706209714165
sigmaR: 105.96271733981241
widthL: 234.30706209714165
widthR: 105.96271733981241
x0: 579.7362441820527
