alphaL: 1.0006485380910188
alphaR: 1.4410785948156095
event_sum: 18.382238867052365
fraction: 0.9809364161848331
mean: 693.3166155832834
nL: 2.0
nR: 3.2105596789873627
norm: 18.170151379919844
sigma: 70.0
sigmaL: 52.61783819881456
sigmaR: 47.74715605415559
widthL: 52.61783819881456
widthR: 47.74715605415559
x0: 693.3166155832834
