alphaL: 1.001125547190584
alphaR: 1.4020987970253898
event_sum: 1.8964748996040726
mean: 698.1115563928875
nL: 2.0
nR: 3.4381345332275024
norm: 1.8964748996040726
sigma: 70.0
sigmaL: 72.24859932303363
sigmaR: 45.348902047514535
widthL: 72.24859932303363
widthR: 45.348902047514535
x0: 698.1115563928875
