alphaL: 0.9941648880482514
alphaR: 1.341693865136841
event_sum: 0.5940857538080309
mean: 1576.3420389555172
nL: 1.252502512585302
nR: 3.2306817673739503
norm: 0.5940857538080309
sigma: 160.0
sigmaL: 130.59264847900852
sigmaR: 84.21946083582871
widthL: 130.59264847900852
widthR: 84.21946083582871
x0: 1576.3420389555172
