alphaL: 1.1905102948273203
alphaR: 1.2276198649506143
event_sum: 25.688688490656205
fraction: 0.824154560295748
mean: 1571.4165681135948
nL: 0.3691511107625772
nR: 6.880438249539637
norm: 6.294589666533284
sigma: 160.0
sigmaL: 158.23239271088207
sigmaR: 87.67534278786574
widthL: 158.23239271088207
widthR: 87.67534278786574
x0: 1571.4165681135948
