alphaL: 1.0535758082181614
alphaR: 1.3205499364707636
event_sum: 0.4588148703769548
mean: 1584.5713126358116
nL: 0.2001774046381375
nR: 2.060287765825561
norm: 0.4588148703769548
sigma: 84.4108304363439
sigmaL: 140.3242275867372
sigmaR: 78.601432593311
widthL: 140.3242275867372
widthR: 78.601432593311
x0: 1584.5713126358116
