alphaL: 0.7443257464349597
alphaR: 1.0189089749888574
event_sum: 0.7409940812140121
mean: 1609.3924549191315
nL: 1.0000062987214589
nR: 3.4083142055929594
norm: 0.7409940812140121
sigma: 160.0
sigmaL: 160.88385908139972
sigmaR: 58.883994748220076
widthL: 160.88385908139972
widthR: 58.883994748220076
x0: 1609.3924549191315
