alphaL: 1.0121965931908943
alphaR: 1.2854913556980427
event_sum: 0.6298046412557596
mean: 1581.6467606909391
nL: 1.051655588118431
nR: 3.3937097215616747
norm: 0.6298046412557596
sigma: 160.0
sigmaL: 133.17366736620372
sigmaR: 80.35032392538092
widthL: 133.17366736620372
widthR: 80.35032392538092
x0: 1581.6467606909391
