alphaL: 1.015273278763607
alphaR: 1.0898952702625604
event_sum: 0.6607994177829823
mean: 1602.0846743428858
nL: 2.6407741820399413
nR: 2.4870229091150358
norm: 0.6607994177829823
sigma: 160.0
sigmaL: 157.33087045555928
sigmaR: 57.46460029786983
widthL: 157.33087045555928
widthR: 57.46460029786983
x0: 1602.0846743428858
