alphaL: 1.012988847259269
alphaR: 1.2815621588402493
event_sum: 0.6298046412557596
mean: 1581.8343057504885
nL: 1.0507728194273211
nR: 3.413652999197634
norm: 0.6298046412557596
sigma: 160.0
sigmaL: 133.4382748381838
sigmaR: 80.25616141418907
widthL: 133.4382748381838
widthR: 80.25616141418907
x0: 1581.8343057504885
