alphaL: 0.8753127340804809
alphaR: 1.3196753173948328
event_sum: 6.60799409437459
fraction: 0.9147910029383224
mean: 1579.7397997479306
nL: 2.4240751583201914
nR: 3.1970463031788157
norm: 5.689673031913117
sigma: 160.0
sigmaL: 132.39010429677012
sigmaR: 82.72245148268951
widthL: 132.39010429677012
widthR: 82.72245148268951
x0: 1579.7397997479306
