alphaL: 0.875230839855047
alphaR: 1.3186685802430824
event_sum: 0.47886353623471223
mean: 1585.3503593330686
nL: 0.20000232885266095
nR: 2.1283117494477204
norm: 0.47886353623471223
sigma: 84.4108304363439
sigmaL: 140.5456491356115
sigmaR: 80.63601978622665
widthL: 140.5456491356115
widthR: 80.63601978622665
x0: 1585.3503593330686
