alphaL: 0.9154520393470321
alphaR: 0.9554870514459942
event_sum: 0.8086295229295501
mean: 1615.0337681940118
nL: 1.00599803495695
nR: 2.7795074587076143
norm: 0.8086295229295501
sigma: 160.0
sigmaL: 170.97405269008578
sigmaR: 49.812200356492674
widthL: 170.97405269008578
widthR: 49.812200356492674
x0: 1615.0337681940118
