alphaL: 0.8891866460204684
alphaR: 1.3373096245294185
event_sum: 21.343739246716723
fraction: 0.9079268053043795
mean: 1565.4899235053815
nL: 1.7614066699208115
nR: 4.093455146862419
norm: 5.730000807554461
sigma: 160.0
sigmaL: 127.62193707362842
sigmaR: 89.0525044682057
widthL: 127.62193707362842
widthR: 89.0525044682057
x0: 1565.4899235053815
