alphaL: 1.2427944245389966
alphaR: 1.9058391758393536
event_sum: 0.6663300842265016
mean: 1563.309534550983
nL: 0.2824260379086317
nR: 1.7817797468560164
norm: 0.6663300842265016
sigma: 160.0
sigmaL: 150.49355440217823
sigmaR: 104.15076263549402
widthL: 150.49355440217823
widthR: 104.15076263549402
x0: 1563.309534550983
