alphaL: 0.7145435225062059
alphaR: 1.1300406302268087
event_sum: 0.7409940812140121
mean: 1602.6350069675482
nL: 1.000000000116966
nR: 3.209540248928253
norm: 0.7409940812140121
sigma: 160.0
sigmaL: 154.15375988944174
sigmaR: 66.88612053389458
widthL: 154.15375988944174
widthR: 66.88612053389458
x0: 1602.6350069675482
