alphaL: 1.1584908288806428
alphaR: 1.3363960489563627
event_sum: 8.08629512717016
fraction: 0.8241295787667011
mean: 1583.691978181057
nL: 0.45279318131653845
nR: 3.669600367105732
norm: 6.224304114701226
sigma: 160.0
sigmaL: 157.86295297547468
sigmaR: 83.25656561083896
widthL: 157.86295297547468
widthR: 83.25656561083896
x0: 1583.691978181057
