alphaL: 0.09258122128927146
alphaR: 1.0216883054704657
event_sum: 0.1421263157222498
mean: 3133.372004515586
nL: 0.9998995958956025
nR: 3.14426698762646
norm: 0.1421263157222498
sigma: 310.0
sigmaL: 904.3288020065648
sigmaR: 97.96902260050109
widthL: 904.3288020065648
widthR: 97.96902260050109
x0: 3133.372004515586
