alphaL: 1.0177058590851131
alphaR: 0.4442195495213594
event_sum: 4.969126601754026
fraction: 0.6730887864315271
mean: 3087.0886572981694
nL: 0.4
nR: 4.5
norm: 1.6214571364072066
sigma: 310.0
sigmaL: 374.41845004564965
sigmaR: 42.550502819997256
widthL: 374.41845004564965
widthR: 42.550502819997256
x0: 3087.0886572981694
