alphaL: 0.5620659433940187
alphaR: 0.995891965562
event_sum: 0.2197301060442862
mean: 3077.8879130013174
nL: 0.9999224010824697
nR: 2.6118543623746255
norm: 0.2197301060442862
sigma: 310.0
sigmaL: 434.3078890019154
sigmaR: 88.54280224267913
widthL: 434.3078890019154
widthR: 88.54280224267913
x0: 3077.8879130013174
