alphaL: 1.0476157083135111
alphaR: 1.8441823461440787
event_sum: 0.18573030537106539
mean: 2983.49715769359
nL: 0.1426494053567214
nR: 2.058481529515898
norm: 0.18573030537106539
sigma: 310.0
sigmaL: 266.0300357286559
sigmaR: 173.9599335606117
widthL: 266.0300357286559
widthR: 173.9599335606117
x0: 2983.49715769359
