alphaL: 0.5494641193347408
alphaR: 0.9582210937703295
event_sum: 0.10825874270946925
mean: 3074.506418253689
nL: 0.1
nR: 2.641857426753112
norm: 0.10825874270946925
sigma: 310.0
sigmaL: 125.26558826773199
sigmaR: 95.38078260010538
widthL: 125.26558826773199
widthR: 95.38078260010538
x0: 3074.506418253689
