alphaL: 0.4
alphaR: 0.7896346207879259
event_sum: 6.642552902343601
fraction: 0.5756697242439069
mean: 3095.4710898260964
nL: 0.4
nR: 4.428475848333436
norm: 0.9215416267435277
sigma: 310.0
sigmaL: 248.35917385876454
sigmaR: 73.40400696191391
widthL: 248.35917385876454
widthR: 73.40400696191391
x0: 3095.4710898260964
