alphaL: 0.8954104722082308
alphaR: 2.1800934982580715
event_sum: 35.155536041387435
mean: 1897.707636721542
nL: 85.51242617764619
nR: 3.452613093651315
norm_2016: 9.76113791604872
norm_2017: 11.522211164439627
norm_2018: 16.598632112065687
norm_Run2: 35.155536041387435
sigma: 88.93793231832454
sigmaL: 66.16783877695043
sigmaR: 51.25419461124565
widthL: 66.16783877695043
widthR: 51.25419461124565
x0: 1897.707636721542
