alphaL: 1.0924850342785914
alphaR: 1.3934073905076287
event_sum: 15.693367518027918
mean: 1855.9807168354528
nL: 0.6453836206776787
nR: 4.172218139486572
norm_2016: 3.8030197992057326
norm_2017: 4.983442438087529
norm_2018: 7.151683727525466
norm_Run2: 15.693367518027918
sigma: 190.0
sigmaL: 159.70246011875048
sigmaR: 106.62628569889011
widthL: 159.70246011875048
widthR: 106.62628569889011
x0: 1855.9807168354528
