alphaL: 0.9148556570087918
alphaR: 1.175275362360328
event_sum: 3.4375584844135707
fraction: 0.7444527891289472
mean: 2416.3178791119217
nL: 0.5730660889510698
nR: 4.1839232866724
norm: 2.0236306428357156
sigma: 245.0
sigmaL: 217.13730887306727
sigmaR: 107.95413675575467
widthL: 217.13730887306727
widthR: 107.95413675575467
x0: 2416.3178791119217
