alphaL: 0.7428468555104795
alphaR: 0.9435047172457376
event_sum: 0.28924321972082423
mean: 2461.022011340984
nL: 1.000065781262352
nR: 2.314201527614282
norm: 0.28924321972082423
sigma: 245.0
sigmaL: 299.2898022045675
sigmaR: 65.07520179583685
widthL: 299.2898022045675
widthR: 65.07520179583685
x0: 2461.022011340984
