alphaL: 0.8787139593037181
alphaR: 1.2000769076526716
event_sum: 4.179060275802545
fraction: 0.6874124550415556
mean: 2412.553492657806
nL: 0.4
nR: 4.21628893951322
norm: 1.5274297249095679
sigma: 245.0
sigmaL: 277.597726062356
sigmaR: 111.95967091775535
widthL: 277.597726062356
widthR: 111.95967091775535
x0: 2412.553492657806
