alphaL: 1.1299536848964813
alphaR: 1.016773353425162
event_sum: 0.2584245529876243
mean: 2451.3881410072418
nL: 0.3466515548271498
nR: 2.5877641786902443
norm: 0.2584245529876243
sigma: 245.0
sigmaL: 282.7382941719105
sigmaR: 73.43730391759318
widthL: 282.7382941719105
widthR: 73.43730391759318
x0: 2451.3881410072418
