alphaL: 0.3704623821913495
alphaR: 0.9322275100014158
event_sum: 0.24170867809723554
mean: 2484.964869070321
nL: 0.9998231130528995
nR: 2.932190681365284
norm: 0.24170867809723554
sigma: 245.0
sigmaL: 436.0812308976151
sigmaR: 65.92002855701396
widthL: 436.0812308976151
widthR: 65.92002855701396
x0: 2484.964869070321
