alphaL: 1.0202424864764603
alphaR: 1.0494375098272017
event_sum: 0.19893018462460485
mean: 2489.97463143033
nL: 0.13854264686784115
nR: 1.5861564954281784
norm: 0.19893018462460485
sigma: 245.0
sigmaL: 362.7078907890735
sigmaR: 53.51638492794754
widthL: 362.7078907890735
widthR: 53.51638492794754
x0: 2489.97463143033
