alphaL: 0.8875770697740697
alphaR: 1.0767912528656818
event_sum: 3.0979180920387726
fraction: 0.982650664201866
mean: 746.1949116106894
nL: 2.206107423914237
nR: 4.1777011797489365
norm: 3.054426138297966
sigma: 75.0
sigmaL: 59.3911718811924
sigmaR: 42.41057893037087
widthL: 59.3911718811924
widthR: 42.41057893037087
x0: 746.1949116106894
