alphaL: 1.020405395331907
alphaR: 1.3927267134443455
event_sum: 7.438191402936252
fraction: 0.9840575573550718
mean: 748.7534956427746
nL: 6.431798878704428
nR: 3.219836835945879
norm: 7.368725396801568
sigma: 75.0
sigmaL: 66.41468922566206
sigmaR: 49.33654848633208
widthL: 66.41468922566206
widthR: 49.33654848633208
x0: 748.7534956427746
