alphaL: 2.035948171856638
alphaR: 1.7957506136863908
event_sum: 0.740027449833757
mean: 743.5651091925486
nL: 4.0838664119932675
nR: 1.695304248074089
norm: 0.740027449833757
sigma: 75.0
sigmaL: 69.43336583143292
sigmaR: 55.0178477738565
widthL: 69.43336583143292
widthR: 55.0178477738565
x0: 743.5651091925486
