alphaL: 2.2484581551279352
alphaR: 2.152461213034366
event_sum: 0.30833879003051273
mean: 722.4995929059331
nL: 0.17461377626475832
nR: 4.433873239767811
norm: 0.30833879003051273
sigma: 75.0
sigmaL: 70.59048388684049
sigmaR: 71.75590028626148
widthL: 70.59048388684049
widthR: 71.75590028626148
x0: 722.4995929059331
