alphaL: 1.5039538129631336
alphaR: 1.1525240868962605
event_sum: 0.7419640530877736
mean: 760.1557316823784
nL: 0.1
nR: 2.9307971572351947
norm: 0.7419640530877736
sigma: 75.0
sigmaL: 77.38431718742616
sigmaR: 37.55990388819412
widthL: 77.38431718742616
widthR: 37.55990388819412
x0: 760.1557316823784
