alphaL: 0.8588170776893517
alphaR: 1.3245396873958124
event_sum: 0.30715269396804323
mean: 735.43684322504
nL: 1.6586629934715895
nR: 2.840296285931724
norm: 0.30715269396804323
sigma: 75.0
sigmaL: 63.433259646124775
sigmaR: 49.806029266771624
widthL: 63.433259646124775
widthR: 49.806029266771624
x0: 735.43684322504
