alphaL: 0.937064598182991
alphaR: 1.6049450968496504
event_sum: 0.732916209211329
mean: 1343.9909996773222
nL: 1.8020276889938185
nR: 1.8998443587538703
norm: 0.732916209211329
sigma: 75.60000000000001
sigmaL: 88.74001990689379
sigmaR: 59.77540945072981
widthL: 88.74001990689379
widthR: 59.77540945072981
x0: 1343.9909996773222
