alphaL: 1.0418588529663666
alphaR: 1.2910713058535292
event_sum: 0.562083339853901
mean: 1344.697373215826
nL: 3.193425159447657
nR: 3.625777285749268
norm: 0.562083339853901
sigma: 75.60000000000001
sigmaL: 91.0408068069117
sigmaR: 52.874357970043
widthL: 91.0408068069117
widthR: 52.874357970043
x0: 1344.697373215826
