alphaL: 1.0098165061443503
alphaR: 1.4909514000464257
event_sum: 8.449983071623636
fraction: 0.9463955443613492
mean: 1340.2596504107185
nL: 2.1397631206042855
nR: 3.3773634280426124
norm: 7.7822307448120815
sigma: 75.60000000000001
sigmaL: 90.32304738293512
sigmaR: 61.56857701280587
widthL: 90.32304738293512
widthR: 61.56857701280587
x0: 1340.2596504107185
