alphaL: 0.9775380974374004
alphaR: 1.5280990735436122
event_sum: 0.76124806842973
mean: 1340.1777841584712
nL: 2.3647110748541884
nR: 2.8696541053230247
norm: 0.76124806842973
sigma: 75.60000000000001
sigmaL: 89.25546365338437
sigmaR: 61.528620344841876
widthL: 89.25546365338437
widthR: 61.528620344841876
x0: 1340.1777841584712
