alphaL: 1.1480376999279256
alphaR: 1.5626252360306918
event_sum: 5.996654244636162
fraction: 0.9603613224098929
mean: 1334.5096093461484
nL: 2.2816572249688023
nR: 2.8980381253645913
norm: 5.713869690433347
sigma: 75.60000000000001
sigmaL: 89.83774182305056
sigmaR: 62.81980021974832
widthL: 89.83774182305056
widthR: 62.81980021974832
x0: 1334.5096093461484
