alphaL: 1.0175089234466304
alphaR: 1.785873917363252
event_sum: 0.54503795170959
mean: 1328.82345883209
nL: 2.3383266743573814
nR: 2.105990124435324
norm: 0.54503795170959
sigma: 75.60000000000001
sigmaL: 79.62040498267847
sigmaR: 66.70521621915995
widthL: 79.62040498267847
widthR: 66.70521621915995
x0: 1328.82345883209
