alphaL: 0.8042784075361566
alphaR: 1.2509669631156572
event_sum: 27.521235076943412
mean: 1176.6641576333582
nL: 2.056284285174495
nR: 9.136510721332323
norm_2016: 7.443712392821908
norm_2017: 8.611885842634365
norm_2018: 11.878555538132787
norm_Run2: 27.521235076943412
sigma: 120.0
sigmaL: 93.09521271503031
sigmaR: 72.1631401266639
widthL: 93.09521271503031
widthR: 72.1631401266639
x0: 1176.6641576333582
