alphaL: 0.6778236495004905
alphaR: 1.4078084874633112
event_sum: 18.462218569009565
mean: 1171.22802026501
nL: 4.761405233599179
nR: 4.561987196728902
norm_2016: 4.557246891432442
norm_2017: 5.776355688693002
norm_2018: 8.451370587572455
norm_Run2: 18.462218569009565
sigma: 120.0
sigmaL: 78.43517173165766
sigmaR: 74.97392380331348
widthL: 78.43517173165766
widthR: 74.97392380331348
x0: 1171.22802026501
