event_sum: 11.0
norm: 11.0
p1:
  dijet2: -4.693344844248639
  dijet3: -2.8786966881197005
  expow1: -4.880485944089477
  expow2: -4.483073189378922
  invpow2: 0.9898670921780384
  invpow3: 0.026255790251385292
p2:
  dijet2: -0.04041977519026062
  dijet3: -0.7489656808196345
  expow2: -0.036618388524989914
  invpow2: -5.360872221268072
  invpow3: -29.998976855560358
p3:
  dijet3: 0.08994064238804098
  invpow3: 0.30852314636262523
