event_sum: 247.0
norm: 247.0
p1:
  dijet2: -3.343267788427411
  dijet3: -2.0349601986853143
  expow1: -5.3171750188563385
  expow2: -4.612844440533913
  invpow2: 0.5085375418905246
  invpow3: 0.03176334117010418
p2:
  dijet2: -0.4299699256372064
  dijet3: -0.9777050589281108
  expow2: -0.06770302569670392
  invpow2: -6.387858931611258
  invpow3: -29.98900124006082
p3:
  dijet3: 0.0750323563774663
  invpow3: 0.33636995517782725
