event_sum: 191.0
norm: 191.0
p1:
  dijet2: -7.699824785996345e-06
  dijet3: -8.098295907528908e-05
  expow1: -5.288994214478333
  expow2: -0.3240270820671345
  invpow2: 0.02189703251433713
  invpow3: 0.019018390189441993
p2:
  dijet2: -1.1619786787741497
  dijet3: -0.817151802399478
  expow2: -0.4989309406783176
  invpow2: -29.763258459469657
  invpow3: -29.99938980981776
p3:
  dijet3: -0.0999991998108974
  invpow3: -0.1638895894256133
