event_sum: 247.0
norm: 247.0
p1:
  dijet2: -3.2431369196078337
  dijet3: -1.9950077295192872
  expow1: -5.3245544496366675
  expow2: -4.578048526032274
  invpow2: 0.47632711403944106
  invpow3: 0.03112521728371654
p2:
  dijet2: -0.4530153714354035
  dijet3: -0.9783391980940018
  expow2: -0.07114930957307768
  invpow2: -6.46675065077884
  invpow3: -29.999861467394364
p3:
  dijet3: 0.07287232141447811
  invpow3: 0.3224770663906775
