event_sum: 22.0
norm: 22.0
p1:
  dijet2: -0.005697707406032865
  dijet3: -0.008179270616566082
  expow1: -3.79614253418301
  expow2: -0.1979510095974194
  invpow2: 0.014356149271156205
  invpow3: 0.011032348200366368
p2:
  dijet2: -0.7857122062805751
  dijet3: -0.4148631506549939
  expow2: -0.3100041014490181
  invpow2: -26.729726527743455
  invpow3: -28.923682928434072
p3:
  dijet3: -0.09999820313018362
  invpow3: -0.17881360308731617
