event_sum: 191.0
norm: 191.0
p1:
  dijet2: -7.438945003211336e-06
  dijet3: -0.0007772619520569008
  expow1: -5.282895440307532
  expow2: -0.32129014328858135
  invpow2: 0.021720189624815988
  invpow3: 0.019024492323272878
p2:
  dijet2: -1.1617664126620815
  dijet3: -0.8169933523073302
  expow2: -0.4997248316898402
  invpow2: -29.9871557827184
  invpow3: -29.99942361723136
p3:
  dijet3: -0.09996774703416016
  invpow3: -0.16384397757368005
