event_sum: 22.0
norm: 22.0
p1:
  dijet2: -0.008964601333838328
  dijet3: -0.005568007697048811
  expow1: -3.816510006644314
  expow2: -0.3509160092718052
  invpow2: 0.013925294023869732
  invpow3: 0.011012831088875377
p2:
  dijet2: -0.7860399224470944
  dijet3: -0.4193262321662515
  expow2: -0.2968106040898758
  invpow2: -27.418260326144445
  invpow3: -28.940443614436806
p3:
  dijet3: -0.09984887840101093
  invpow3: -0.18605514470794007
