event_sum: 11.0
norm: 11.0
p1:
  dijet2: -4.085817039503029
  dijet3: -2.7149921089585813
  expow1: -4.889544056190216
  expow2: -4.423351432331308
  invpow2: 1.1103420371541022
  invpow3: 0.025721684158945893
p2:
  dijet2: -0.1715826199506411
  dijet3: -0.7964457083079113
  expow2: -0.04248833552924311
  invpow2: -5.3044622711014515
  invpow3: -29.999340939322774
p3:
  dijet3: 0.09144543154922115
  invpow3: 0.29334607022088993
