alphaL: 0.8241023976824369
alphaR: 1.5308785698117768
event_sum: 5.708005692795957
fraction: 0.7819774217866332
mean: 1859.5035864474469
nL: 0.7955647219444105
nR: 4.34373226455874
norm: 3.6337336573524386
sigma: 190.0
sigmaL: 168.68685163715858
sigmaR: 110.83018085112063
widthL: 168.68685163715858
widthR: 110.83018085112063
x0: 1859.5035864474469
