alphaL: 1.105409294040959
alphaR: 1.5382896904992909
event_sum: 0.4193280410641761
mean: 1862.4716011104144
nL: 0.5491218892535311
nR: 2.271218193729751
norm: 0.4193280410641761
sigma: 190.0
sigmaL: 174.46239729684743
sigmaR: 101.04948655621052
widthL: 174.46239729684743
widthR: 101.04948655621052
x0: 1862.4716011104144
