alphaL: 0.9209224689962905
alphaR: 0.9024939973075834
event_sum: 0.45311630344645704
mean: 1913.0538927470225
nL: 0.9967489829114259
nR: 2.4547455196449257
norm: 0.45311630344645704
sigma: 190.0
sigmaL: 202.98699550387704
sigmaR: 46.74456277893948
widthL: 202.98699550387704
widthR: 46.74456277893948
x0: 1913.0538927470225
