alphaL: 0.48095133357491476
alphaR: 1.2331554552710715
event_sum: 0.47234035621136683
mean: 1880.31994228209
nL: 1.008590609148081
nR: 3.9745720157838615
norm: 0.47234035621136683
sigma: 190.0
sigmaL: 146.32012964511873
sigmaR: 85.46295385715531
widthL: 146.32012964511873
widthR: 85.46295385715531
x0: 1880.31994228209
