alphaL: 1.008434242816553
alphaR: 1.4579152554523842
event_sum: 0.4147537315335437
mean: 1869.5487719395544
nL: 0.3550549925914103
nR: 2.890905095331412
norm: 0.4147537315335437
sigma: 190.0
sigmaL: 183.07903971268294
sigmaR: 97.52895972763348
widthL: 183.07903971268294
widthR: 97.52895972763348
x0: 1869.5487719395544
