alphaL: 0.9353806630658071
alphaR: 1.263872754569361
event_sum: 4.8509160342872235
fraction: 0.85415323238853
mean: 1873.9253578875218
nL: 1.2146483511939148
nR: 3.740777841694086
norm: 3.7216514932334093
sigma: 190.0
sigmaL: 177.68533956017333
sigmaR: 89.51871162552632
widthL: 177.68533956017333
widthR: 89.51871162552632
x0: 1873.9253578875218
