alphaL: 0.5815973960696726
alphaR: 1.6859566462503341
event_sum: 0.7110161368615426
mean: 2881.090223706635
nL: 2.316264861581077
nR: 2.46412330964509
norm: 0.7110161368615426
sigma: 165.20000000000002
sigmaL: 124.72225780279817
sigmaR: 135.3061577563949
widthL: 124.72225780279817
widthR: 135.3061577563949
x0: 2881.090223706635
