alphaL: 1.283398681800798
alphaR: 0.9119518853363895
event_sum: 0.750763484479242
mean: 2952.826110266368
nL: 1.0318589104168803
nR: 2.8187499561567977
norm: 0.750763484479242
sigma: 165.20000000000002
sigmaL: 263.5991032116955
sigmaR: 65.54753246401624
widthL: 263.5991032116955
widthR: 65.54753246401624
x0: 2952.826110266368
