alphaL: 1.382686028312604
alphaR: 1.280404489445236
event_sum: 14.377316579103491
fraction: 0.8094348451340222
mean: 2922.9343984373345
nL: 0.5172964950503143
nR: 4.0629294706129935
norm: 7.5438232216044465
sigma: 165.20000000000002
sigmaL: 244.43841387932946
sigmaR: 109.72029088581664
widthL: 244.43841387932946
widthR: 109.72029088581664
x0: 2922.9343984373345
