alphaL: 0.9871929675772899
alphaR: 1.5517699034139751
event_sum: 0.4010354162792201
mean: 2900.9910186826883
nL: 1.004025286250439
nR: 3.1971195114946904
norm: 0.4010354162792201
sigma: 165.20000000000002
sigmaL: 192.1174605945662
sigmaR: 126.64998404592905
widthL: 192.1174605945662
widthR: 126.64998404592905
x0: 2900.9910186826883
