alphaL: 0.9528928398122396
alphaR: 1.359412578470133
event_sum: 0.3735118701414936
mean: 2899.5712243108073
nL: 0.9068244313300684
nR: 3.5621137012255524
norm: 0.3735118701414936
sigma: 165.20000000000002
sigmaL: 171.96845297617654
sigmaR: 120.01112085453786
widthL: 171.96845297617654
widthR: 120.01112085453786
x0: 2899.5712243108073
