alphaL: 1.2593902369418515
alphaR: 1.2988055294534462
event_sum: 15.486743553143327
fraction: 0.7292440382326831
mean: 2910.839134562923
nL: 0.4
nR: 4.054836588268465
norm: 4.13578983686217
sigma: 165.20000000000002
sigmaL: 202.4627513528775
sigmaR: 115.45442445494899
widthL: 202.4627513528775
widthR: 115.45442445494899
x0: 2910.839134562923
