alphaL: 1.2212506436356796
alphaR: 2.0742083603266583
event_sum: 30.109714562791748
mean: 756.7635382026884
nL: 35.689369227643866
nR: 4.872490887963189
norm_2016: 7.58156680838994
norm_2017: 9.657960296561416
norm_2018: 13.341272513882718
norm_Run2: 30.109714562791748
sigma: 37.50369822384684
sigmaL: 37.41407332980846
sigmaR: 25.94968172990413
widthL: 37.41407332980846
widthR: 25.94968172990413
x0: 756.7635382026884
