alphaL: 0.9514744300464835
alphaR: 1.363539620059285
event_sum: 22.672974376019543
mean: 739.4361241470846
nL: 8.507824104809279
nR: 4.9277060018880565
norm_2016: 5.495217440427593
norm_2017: 7.403991672018147
norm_2018: 10.0637004850069
norm_Run2: 22.672974376019543
sigma: 75.0
sigmaL: 53.93258184578307
sigmaR: 51.18346509775549
widthL: 53.93258184578307
widthR: 51.18346509775549
x0: 739.4361241470846
