alphaL: 0.9232219667852875
alphaR: 1.4207008438933122
event_sum: 10.817235324307962
mean: 747.1876218066121
nL: 28.52263899218746
nR: 3.81162230311367
norm_2016: 2.7363065201410883
norm_2017: 3.4242612409974345
norm_2018: 4.804642995620969
norm_Run2: 10.817235324307962
sigma: 42.0
sigmaL: 52.10921278033662
sigmaR: 37.59835107048872
widthL: 52.10921278033662
widthR: 37.59835107048872
x0: 747.1876218066121
