alphaL: 0.8988122404096417
alphaR: 2.3171352013323845
event_sum: 0.193025224314685
mean: 3217.182121937902
nL: 0.983701193163863
nR: 4.129430108253425
norm: 0.193025224314685
sigma: 187.60000000000002
sigmaL: 206.98526411501132
sigmaR: 216.07681536275658
widthL: 206.98526411501132
widthR: 216.07681536275658
x0: 3217.182121937902
