alphaL: 1.4689401217259452
alphaR: 1.0966037386234024
event_sum: 11.902253116371527
fraction: 0.7457046505303051
mean: 3345.95568499281
nL: 0.4
nR: 4.5
norm: 4.363077864631905
sigma: 187.60000000000002
sigmaL: 297.12045895444953
sigmaR: 92.89864458746541
widthL: 297.12045895444953
widthR: 92.89864458746541
x0: 3345.95568499281
