alphaL: 0.8269609341471227
alphaR: 1.1054999631119469
event_sum: 0.17585649281621987
mean: 3312.6633825072317
nL: 3.6440452937637535
nR: 2.752842173616102
norm: 0.17585649281621987
sigma: 187.60000000000002
sigmaL: 232.1674846379983
sigmaR: 102.4570995993828
widthL: 232.1674846379983
widthR: 102.4570995993828
x0: 3312.6633825072317
