alphaL: 1.2318063051651653
alphaR: 1.0702851040634151
event_sum: 0.43450457546558285
mean: 3352.231109793361
nL: 0.8700171186843985
nR: 2.4659313989044866
norm: 0.43450457546558285
sigma: 187.60000000000002
sigmaL: 282.1363793887567
sigmaR: 70.55587140955703
widthL: 282.1363793887567
widthR: 70.55587140955703
x0: 3352.231109793361
