alphaL: 0.8473833694921142
alphaR: 1.392261187417231
event_sum: 14.22172612633512
fraction: 0.7423460048978824
mean: 3300.0
nL: 0.7095532508536287
nR: 3.875954215072402
norm: 1.9781929022438796
sigma: 187.60000000000002
sigmaL: 179.5902946281987
sigmaR: 134.99495368615993
widthL: 179.5902946281987
widthR: 134.99495368615993
x0: 3300.0
