alphaL: 0.576943712646234
alphaR: 1.9834583915933677
event_sum: 0.4089100613470904
mean: 3276.09589111122
nL: 3.259580264767897
nR: 1.3117106548566468
norm: 0.4089100613470904
sigma: 187.60000000000002
sigmaL: 145.91089288428975
sigmaR: 148.53130808323974
widthL: 145.91089288428975
widthR: 148.53130808323974
x0: 3276.09589111122
