alphaL: 1.222737772073846
alphaR: 2.0720037313005286
event_sum: 35.941913182752714
fraction: 0.998911659149649
mean: 1496.994694455541
nL: 9.958175004365948
nR: 3.5204530980750603
norm: 35.926714392684445
sigma: 71.64913803716625
sigmaL: 61.16197402875655
sigmaR: 42.22609866857895
widthL: 61.16197402875655
widthR: 42.22609866857895
x0: 1496.994694455541
