alphaL: 1.329548097407514
alphaR: 1.8422501462578271
event_sum: 1.4930567037226636
mean: 1495.4745952373155
nL: 3.914568011935968
nR: 4.337950364553706
norm: 1.4930567037226636
sigma: 77.19701603732707
sigmaL: 58.9341531689498
sigmaR: 45.418105652085835
widthL: 58.9341531689498
widthR: 45.418105652085835
x0: 1495.4745952373155
