alphaL: 1.4833151687582322
alphaR: 2.0529347742230155
event_sum: 35.87718984186994
mean: 1500.3037553044353
nL: 4.501816305630487
nR: 3.421138164849802
norm: 35.87718984186994
sigma: 71.28957784903562
sigmaL: 66.65054231438963
sigmaR: 40.6691781656592
widthL: 66.65054231438963
widthR: 40.6691781656592
x0: 1500.3037553044353
