alphaL: 1.5190358490194196
alphaR: 2.2712128448279767
event_sum: 1.4409767745424964
mean: 1501.6048771994947
nL: 2.6578753980397813
nR: 1.6191080375552265
norm: 1.4409767745424964
sigma: 77.19701603732707
sigmaL: 69.48418776141577
sigmaR: 37.968215394355845
widthL: 69.48418776141577
widthR: 37.968215394355845
x0: 1501.6048771994947
