alphaL: 1.088100903235575
alphaR: 1.9612779640220186
event_sum: 1.4874939984283138
mean: 1494.9726994023672
nL: 4.37239532573919
nR: 2.668019482081415
norm: 1.4874939984283138
sigma: 77.19701603732707
sigmaL: 53.418597673159944
sigmaR: 45.67644679600237
widthL: 53.418597673159944
widthR: 45.67644679600237
x0: 1494.9726994023672
