alphaL: 1.5486652579348736
alphaR: 2.104815291917805
event_sum: 1.445981875080301
mean: 1503.513672840084
nL: 4.354256213859087
nR: 1.9877396306246677
norm: 1.445981875080301
sigma: 77.19701603732707
sigmaL: 73.66261564794132
sigmaR: 36.816403296482534
widthL: 73.66261564794132
widthR: 36.816403296482534
x0: 1503.513672840084
