alphaL: 1.2615191676680526
alphaR: 2.4766576975325054
event_sum: 25.407200192489597
fraction: 0.9982611073454714
mean: 1497.4755667346897
nL: 9.947304675383183
nR: 2.0016686842218796
norm: 25.40894016675925
sigma: 71.64913803716625
sigmaL: 65.15179216817515
sigmaR: 39.40513021676555
widthL: 65.15179216817515
widthR: 39.40513021676555
x0: 1497.4755667346897
