alphaL: 1.3946703487359207
alphaR: 2.523238048737303
event_sum: 25.243086866803772
mean: 1497.0011771282875
nL: 4.503097206978303
nR: 1.7482922436094115
norm: 25.243086866803772
sigma: 71.28957784903562
sigmaL: 65.72841729749116
sigmaR: 40.01535172726325
widthL: 65.72841729749116
widthR: 40.01535172726325
x0: 1497.0011771282875
