alphaL: 1.242518158478156
alphaR: 2.1308269123162416
event_sum: 35.73735473095962
mean: 1496.7462794487242
nL: 4.99048327549015
nR: 3.5176105137173934
norm: 35.73735473095962
sigma: 71.28957784903562
sigmaL: 59.706481368546186
sigmaR: 42.50322397664343
widthL: 59.706481368546186
widthR: 42.50322397664343
x0: 1496.7462794487242
