alphaL: 1.2555577637096023
alphaR: 2.2529957911913416
event_sum: 14.490737396567777
fraction: 0.9970021891038182
mean: 1500.0890875381626
nL: 10.0
nR: 1.8148833385263892
norm: 14.483798037035541
sigma: 76.74076337625824
sigmaL: 67.0463695212434
sigmaR: 38.748177220694366
widthL: 67.0463695212434
widthR: 38.748177220694366
x0: 1500.0890875381626
