alphaL: 1.2721267862232404
alphaR: 2.6059753918094337
event_sum: 25.1308134675006
mean: 1496.116186005254
nL: 4.995857581356359
nR: 1.2633436423481152
norm: 25.1308134675006
sigma: 71.28957784903562
sigmaL: 63.33971959576333
sigmaR: 40.414116873226
widthL: 63.33971959576333
widthR: 40.414116873226
x0: 1496.116186005254
