alphaL: 1.0719508973288403
alphaR: 1.7580821484288627
event_sum: 14.966279001797997
fraction: 0.9984119757749899
mean: 1498.0479363617437
nL: 9.992999558005085
nR: 3.718570268337759
norm: 14.95327698179505
sigma: 76.74076337625824
sigmaL: 56.99448723712312
sigmaR: 43.28329002608793
widthL: 56.99448723712312
widthR: 43.28329002608793
x0: 1498.0479363617437
