alphaL: 1.1099201769135068
alphaR: 2.18051840014951
event_sum: 11.485061924806898
fraction: 0.9971099684897061
mean: 1756.4524696604467
nL: 9.74775953896954
nR: 1.9416552101018856
norm: 11.473747298327345
sigma: 93.30956538695085
sigmaL: 69.64573722960941
sigmaR: 45.796515383027845
widthL: 69.64573722960941
widthR: 45.796515383027845
x0: 1756.4524696604467
