alphaL: 0.8064104326993139
alphaR: 2.266487703357818
event_sum: 36.54239511138779
fraction: 0.9860653348568854
mean: 1747.5232996056775
nL: 56.4991614370506
nR: 1.6769120542613982
norm: 11.384841193956005
sigma: 92.64861949621528
sigmaL: 60.02881442440081
sigmaR: 46.84896856799395
widthL: 60.02881442440081
widthR: 46.84896856799395
x0: 1747.5232996056775
