alphaL: 1.4201149549923864
alphaR: 2.2932127174334656
event_sum: 13.096322475687185
fraction: 0.9990456769138971
mean: 1761.3726847816572
nL: 9.869890858754625
nR: 2.5555369249952857
norm: 13.096177534182956
sigma: 81.6236863254351
sigmaL: 82.94329219919
sigmaR: 42.11695144344859
widthL: 82.94329219919
widthR: 42.11695144344859
x0: 1761.3726847816572
