alphaL: 1.3764340893360232
alphaR: 2.3861903928381145
event_sum: 13.033675630788633
mean: 1760.050791260791
nL: 4.815143052794682
nR: 2.333148512693328
norm: 13.033675630788633
sigma: 81.72867674533445
sigmaL: 79.75192734649549
sigmaR: 42.9807931833763
widthL: 79.75192734649549
widthR: 42.9807931833763
x0: 1760.050791260791
