alphaL: 1.3588122660153836
alphaR: 2.0834303941521815
event_sum: 1.1466016173430253
mean: 1749.70038086632
nL: 3.492498078472845
nR: 3.938503656136995
norm: 1.1466016173430253
sigma: 93.24804768970542
sigmaL: 69.37050303767685
sigmaR: 50.63372179454103
widthL: 69.37050303767685
widthR: 50.63372179454103
x0: 1749.70038086632
