alphaL: 1.2345520700065296
alphaR: 2.268592203609676
event_sum: 1.142948022463104
mean: 1754.6397885625781
nL: 3.4626136040979416
nR: 1.5243950287860837
norm: 1.142948022463104
sigma: 93.24804768970542
sigmaL: 69.24441235515843
sigmaR: 47.58959037000564
widthL: 69.24441235515843
widthR: 47.58959037000564
x0: 1754.6397885625781
