alphaL: 1.0997828984946176
alphaR: 1.6946273541013033
event_sum: 10.191386464784701
fraction: 0.9979791682913292
mean: 1763.3566788973571
nL: 9.969106976680548
nR: 3.0942038987735088
norm: 10.176837003327696
sigma: 93.30956538695085
sigmaL: 70.71167730096768
sigmaR: 45.5425113251818
widthL: 70.71167730096768
widthR: 45.5425113251818
x0: 1763.3566788973571
