alphaL: 1.302599779492946
alphaR: 2.0751061914882287
event_sum: 15.552649912164798
mean: 1758.185077380103
nL: 5.0
nR: 3.8121584165857625
norm: 15.552649912164798
sigma: 81.72867674533445
sigmaL: 71.77204831140017
sigmaR: 47.83693172061357
widthL: 71.77204831140017
widthR: 47.83693172061357
x0: 1758.185077380103
