alphaL: 1.2502496907684448
alphaR: 2.0657519349343443
event_sum: 15.64390073403307
fraction: 0.9991837294164719
mean: 1758.2730143093677
nL: 9.990162075516972
nR: 3.55906147809132
norm: 15.637811218554955
sigma: 81.6236863254351
sigmaL: 72.00042354302646
sigmaR: 47.71463575235656
widthL: 72.00042354302646
widthR: 47.71463575235656
x0: 1758.2730143093677
