alphaL: 1.4870953949876038
alphaR: 1.95072513745201
event_sum: 15.618123932749109
mean: 1761.4476696352092
nL: 4.489714267921753
nR: 4.155345765696712
norm: 15.618123932749109
sigma: 81.72867674533445
sigmaL: 77.6418068397267
sigmaR: 45.662738430655665
widthL: 77.6418068397267
widthR: 45.662738430655665
x0: 1761.4476696352092
