alphaL: 1.3438115366435435
alphaR: 1.8015449350913144
event_sum: 1.0168264340435549
mean: 1762.6044089656639
nL: 4.175737842323576
nR: 2.4770008926664486
norm: 1.0168264340435549
sigma: 93.24804768970542
sigmaL: 73.91659081354673
sigmaR: 46.29634816963797
widthL: 73.91659081354673
widthR: 46.29634816963797
x0: 1762.6044089656639
