alphaL: 1.6030412750066403
alphaR: 2.228960220235701
event_sum: 13.07534945666111
mean: 1762.6188017511213
nL: 4.507920442067404
nR: 2.8754961055486405
norm: 13.07534945666111
sigma: 81.72867674533445
sigmaL: 85.63627817089774
sigmaR: 41.61200462225481
widthL: 85.63627817089774
widthR: 41.61200462225481
x0: 1762.6188017511213
