alphaL: 1.2622308849575246
alphaR: 1.765276171561649
event_sum: 1.0129136118173538
mean: 1761.9718584847928
nL: 3.1155857400339335
nR: 2.6278207034865897
norm: 1.0129136118173538
sigma: 93.24804768970542
sigmaL: 70.0637256772379
sigmaR: 46.3507377919713
widthL: 70.0637256772379
widthR: 46.3507377919713
x0: 1761.9718584847928
