alphaL: 1.2117582225430064
alphaR: 1.3918084231014898
event_sum: 3.179686787725974
mean: 1188.654161090475
nL: 0.20014636554253326
nR: 2.021382717423918
norm: 3.179686787725974
sigma: 78.884773001094
sigmaL: 119.31811764373073
sigmaR: 64.31332002621103
widthL: 119.31811764373073
widthR: 64.31332002621103
x0: 1188.654161090475
