alphaL: 1.2184657737537052
alphaR: 1.4165600300672592
event_sum: 3.179686787725974
mean: 1188.6267375123973
nL: 0.20040762883960753
nR: 1.9326559399913157
norm: 3.179686787725974
sigma: 78.884773001094
sigmaL: 120.03208375115803
sigmaR: 64.54520723663742
widthL: 120.03208375115803
widthR: 64.54520723663742
x0: 1188.6267375123973
