alphaL: 0.7649364434607068
alphaR: 1.4617418317298423
event_sum: 28.491744645426724
mean: 1174.3263362590412
nL: 2.3057279350399207
nR: 2.8401750417976563
norm: 28.491744645426724
sigma: 78
sigmaL: 88.39336077134035
sigmaR: 73.76792673536268
widthL: 88.39336077134035
widthR: 73.76792673536268
x0: 1174.3263362590412
