alphaL: 1.3482777562679034
alphaR: 1.4913008269888448
event_sum: 14.046441566738688
mean: 1179.3629258703802
nL: 0.20171952039990937
nR: 2.4917412943928734
norm: 14.046441566738688
sigma: 78.93507767784538
sigmaL: 107.26086170775659
sigmaR: 71.91259931262718
widthL: 107.26086170775659
widthR: 71.91259931262718
x0: 1179.3629258703802
