alphaL: 1.1493370918561026
alphaR: 1.7690545946414653
event_sum: 12.377468742765698
mean: 1176.7321336980956
nL: 0.8156615305951943
nR: 2.988774318989819
norm: 12.377468742765698
sigma: 78
sigmaL: 105.84791772173108
sigmaR: 79.66687567196462
widthL: 105.84791772173108
widthR: 79.66687567196462
x0: 1176.7321336980956
