alphaL: 0.8199887875067138
alphaR: 1.2962543251313887
event_sum: 21.04336265142763
mean: 1184.1540274093566
nL: 2.6525158575398846
nR: 2.9992809915496634
norm: 21.04336265142763
sigma: 79.0454382611935
sigmaL: 102.82421219507287
sigmaR: 65.06832599345684
widthL: 102.82421219507287
widthR: 65.06832599345684
x0: 1184.1540274093566
