alphaL: 1.289318173853293
alphaR: 1.4258521932086192
event_sum: 21.029300775399296
mean: 1186.7299236273875
nL: 0.20081624722262392
nR: 2.0129699015995604
norm: 21.029300775399296
sigma: 78.93507767784538
sigmaL: 117.38532312528854
sigmaR: 65.73331763377575
widthL: 117.38532312528854
widthR: 65.73331763377575
x0: 1186.7299236273875
