alphaL: 1.3827999236401438
alphaR: 1.4262541736009675
event_sum: 10.009768712296863
mean: 1189.937395983041
nL: 0.210113489586885
nR: 2.2136668816869856
norm: 10.009768712296863
sigma: 78
sigmaL: 122.48242305258321
sigmaR: 66.06620276788172
widthL: 122.48242305258321
widthR: 66.06620276788172
x0: 1189.937395983041
