alphaL: 1.3197499617307757
alphaR: 1.4442763374197733
event_sum: 2.1220920771656795
mean: 1186.653242695066
nL: 0.2010217831382034
nR: 2.0688262416966365
norm: 2.1220920771656795
sigma: 78.884773001094
sigmaL: 116.83628661585678
sigmaR: 66.2694929627399
widthL: 116.83628661585678
widthR: 66.2694929627399
x0: 1186.653242695066
