alphaL: 1.3492378483623466
alphaR: 1.5517755512200975
event_sum: 14.046441566738688
mean: 1178.4797587637788
nL: 0.2062713140773319
nR: 2.267061190154338
norm: 14.046441566738688
sigma: 78
sigmaL: 106.96197476093768
sigmaR: 73.41295867895072
widthL: 106.96197476093768
widthR: 73.41295867895072
x0: 1178.4797587637788
