alphaL: 0.9187954447027863
alphaR: 1.736971001338364
event_sum: 34.733278287009014
mean: 1169.6925465148076
nL: 1.3623811636670553
nR: 2.999585510611981
norm: 34.733278287009014
sigma: 78
sigmaL: 89.75669058513526
sigmaR: 80.74392464656567
widthL: 89.75669058513526
widthR: 80.74392464656567
x0: 1169.6925465148076
