alphaL: 1.3523524205651682
alphaR: 1.5569954871473566
event_sum: 14.049444631991536
mean: 1178.5892567840338
nL: 0.20000002732821692
nR: 2.236452490367071
norm: 14.049444631991536
sigma: 79.0454382611935
sigmaL: 106.79457672046703
sigmaR: 72.99932711096028
widthL: 106.79457672046703
widthR: 72.99932711096028
x0: 1178.5892567840338
