alphaL: 1.2883593088139307
alphaR: 1.4159423274668743
event_sum: 21.029300775399296
mean: 1187.4812441588513
nL: 0.200951824971359
nR: 2.0188243103979713
norm: 21.029300775399296
sigma: 78
sigmaL: 118.34646900426714
sigmaR: 65.09548743960231
widthL: 118.34646900426714
widthR: 65.09548743960231
x0: 1187.4812441588513
