alphaL: 0.7442213730700414
alphaR: 1.774287337009985
event_sum: 20.609941796173008
mean: 1169.0932664159714
nL: 2.9996138343159955
nR: 2.979919300973757
norm: 20.609941796173008
sigma: 193
sigmaL: 92.60628281448292
sigmaR: 84.1907088318485
widthL: 92.60628281448292
widthR: 84.1907088318485
x0: 1169.0932664159714
