alphaL: 1.3284852723996687
alphaR: 1.4676074965734922
event_sum: 2.1220920771656795
mean: 1186.6012577982667
nL: 0.20005369737320564
nR: 1.9603364833032064
norm: 2.1220920771656795
sigma: 78.884773001094
sigmaL: 117.18914963248099
sigmaR: 66.23956870836471
widthL: 117.18914963248099
widthR: 66.23956870836471
x0: 1186.6012577982667
