alphaL: 1.0349828340407525
alphaR: 1.3135493115254566
event_sum: 1.9848838996404083
mean: 1182.1392536475867
nL: 1.79672566471814
nR: 4.228507147552504
norm: 1.9848838996404083
sigma: 120.0
sigmaL: 102.22759298222928
sigmaR: 66.32239243764619
widthL: 102.22759298222928
widthR: 66.32239243764619
x0: 1182.1392536475867
