alphaL: 0.9394354453185931
alphaR: 1.4366563250740116
event_sum: 1.9878013214183738
mean: 1179.1368581961565
nL: 2.947841444661303
nR: 3.351519856905107
norm: 1.9878013214183738
sigma: 120.0
sigmaL: 100.13197785953756
sigmaR: 71.76596123813307
widthL: 100.13197785953756
widthR: 71.76596123813307
x0: 1179.1368581961565
