alphaL: 0.8707310572221705
alphaR: 1.4031101752978965
event_sum: 29.817369536147453
fraction: 0.940000003566076
mean: 1179.3620300258872
nL: 1.9787357366771952
nR: 4.49960336906497
norm: 27.521235076943412
sigma: 120.0
sigmaL: 101.06912896008974
sigmaR: 72.42577219133821
widthL: 101.06912896008974
widthR: 72.42577219133821
x0: 1179.3620300258872
