alphaL: 0.9597690547208314
alphaR: 1.36701309667885
event_sum: 3.033380831926479
mean: 1183.5874506213493
nL: 1.5813060638881895
nR: 4.265348307581761
norm: 3.033380831926479
sigma: 120.0
sigmaL: 109.32051790960998
sigmaR: 70.02832591080043
widthL: 109.32051790960998
widthR: 70.02832591080043
x0: 1183.5874506213493
