alphaL: 1.0085873137500798
alphaR: 1.3078548747657524
event_sum: 2.2413442993783974
mean: 1187.7930951805938
nL: 0.20019294482213953
nR: 1.9278882954079075
norm: 2.2413442993783974
sigma: 62.5284098894283
sigmaL: 114.02511820066742
sigmaR: 63.80071696771254
widthL: 114.02511820066742
widthR: 63.80071696771254
x0: 1187.7930951805938
