alphaL: 0.78205212885393
alphaR: 1.3579544852500203
event_sum: 29.817369536147453
fraction: 0.9419064054505109
mean: 1175.7333695361133
nL: 2.187010343100951
nR: 5.989408091618276
norm: 27.521235076943412
sigma: 120.0
sigmaL: 91.39582128399742
sigmaR: 73.76440295936852
widthL: 91.39582128399742
widthR: 73.76440295936852
x0: 1175.7333695361133
