alphaL: 1.3694287934075797
alphaR: 0.47280284661909044
event_sum: 2.9334911678597564
mean: 1215.6759783530495
nL: 0.6325891044010211
nR: 4.859169203572031
norm: 2.9334911678597564
sigma: 120.0
sigmaL: 145.19235340389034
sigmaR: 23.678114618908626
widthL: 145.19235340389034
widthR: 23.678114618908626
x0: 1215.6759783530495
