alphaL: 0.9763960622124515
alphaR: 1.307208777655802
event_sum: 1.9878013214183738
mean: 1181.1147997073374
nL: 2.7116390043235095
nR: 4.491037482914139
norm: 1.9878013214183738
sigma: 120.0
sigmaL: 102.91206659660166
sigmaR: 67.86482281603939
widthL: 102.91206659660166
widthR: 67.86482281603939
x0: 1181.1147997073374
