alphaL: 0.9470562053676846
alphaR: 1.5257409555897143
event_sum: 1.9417022107518278
mean: 1173.9556493307182
nL: 2.0015084714924014
nR: 2.958938742402121
norm: 1.9417022107518278
sigma: 120.0
sigmaL: 93.96035468387723
sigmaR: 75.0692771660854
widthL: 93.96035468387723
widthR: 75.0692771660854
x0: 1173.9556493307182
