alphaL: 0.8200300737131594
alphaR: 1.373903667771973
event_sum: 3.033380831926479
mean: 1180.8801952007925
nL: 2.263044740007726
nR: 4.4991525137711434
norm: 3.033380831926479
sigma: 120.0
sigmaL: 99.5493198379284
sigmaR: 70.81568750352591
widthL: 99.5493198379284
widthR: 70.81568750352591
x0: 1180.8801952007925
