alphaL: 0.940449244183842
alphaR: 1.3049659236506201
event_sum: 19.4983030523872
fraction: 0.9560723139642527
mean: 1181.195643581527
nL: 3.0653502565829243
nR: 4.488473132504647
norm: 18.462218569009565
sigma: 120.0
sigmaL: 101.68865256240856
sigmaR: 67.83063101746984
widthL: 101.68865256240856
widthR: 67.83063101746984
x0: 1181.195643581527
