alphaL: 1.144438798615618
alphaR: 1.2208228270745536
event_sum: 3.0312628383690026
mean: 1194.9696649544692
nL: 1.000003853254991
nR: 3.532474774986643
norm: 3.0312628383690026
sigma: 120.0
sigmaL: 127.26953565204894
sigmaR: 58.94797122877131
widthL: 127.26953565204894
widthR: 58.94797122877131
x0: 1194.9696649544692
