alphaL: 0.6591339141809394
alphaR: 1.4132600562293847
event_sum: 19.4983030523872
fraction: 0.9586906533060031
mean: 1170.5949505055753
nL: 4.895323180389918
nR: 4.538725462828443
norm: 18.462218569009565
sigma: 120.0
sigmaL: 76.64811686026752
sigmaR: 75.28755723502779
widthL: 76.64811686026752
widthR: 75.28755723502779
x0: 1170.5949505055753
