alphaL: 1.063965534505676
alphaR: 1.435782368694372
event_sum: 3.0312628383690026
mean: 1181.8499449889187
nL: 1.0003218961551466
nR: 3.883494265290575
norm: 3.0312628383690026
sigma: 120.0
sigmaL: 109.20906476127948
sigmaR: 71.9142232124857
widthL: 109.20906476127948
widthR: 71.9142232124857
x0: 1181.8499449889187
