alphaL: 1.0743905982770723
alphaR: 1.3427373353155132
event_sum: 1.5495171624206705
mean: 1187.546582225569
nL: 0.2000043840499108
nR: 2.026465914389043
norm: 1.5495171624206705
sigma: 62.5284098894283
sigmaL: 114.07317569374878
sigmaR: 63.786191154589424
widthL: 114.07317569374878
widthR: 63.786191154589424
x0: 1187.546582225569
