alphaL: 1.0609408231946895
alphaR: 1.2892125650913921
event_sum: 1.9848838996404083
mean: 1183.633343230123
nL: 1.804277652930887
nR: 4.139050423069266
norm: 1.9848838996404083
sigma: 120.0
sigmaL: 105.46943076609863
sigmaR: 65.06364040293758
widthL: 105.46943076609863
widthR: 65.06364040293758
x0: 1183.633343230123
