alphaL: 1.287481917678696
alphaR: 1.6914416527319158
event_sum: 0.5731502363390938
mean: 1090.5974331176837
nL: 1.7059439458410735
nR: 1.8749735399769065
norm: 0.5731502363390938
sigma: 110.0
sigmaL: 107.69035465077232
sigmaR: 67.8994878662533
widthL: 107.69035465077232
widthR: 67.8994878662533
x0: 1090.5974331176837
