alphaL: 1.1478326706724462
alphaR: 1.2928870755348272
event_sum: 9.57859985285482
fraction: 0.9634613416953877
mean: 1101.9503102814065
nL: 0.44494453416123514
nR: 3.4481303045420306
norm: 9.196792142842863
sigma: 110.0
sigmaL: 114.41570161330267
sigmaR: 56.418454317130596
widthL: 114.41570161330267
widthR: 56.418454317130596
x0: 1101.9503102814065
