alphaL: 1.0361537020641676
alphaR: 1.3348678533868226
event_sum: 0.5783523335149396
mean: 1085.4516661143293
nL: 1.9914499116901054
nR: 3.9656728371886074
norm: 0.5783523335149396
sigma: 110.0
sigmaL: 88.17715252265127
sigmaR: 67.03978357707501
widthL: 88.17715252265127
widthR: 67.03978357707501
x0: 1085.4516661143293
