alphaL: 1.2735479357586141
alphaR: 1.084461319449499
event_sum: 0.9576463520406892
mean: 1111.4384169484683
nL: 0.6391350625856387
nR: 3.7436374680601063
norm: 0.9576463520406892
sigma: 110.0
sigmaL: 127.20733338400251
sigmaR: 47.03373095177018
widthL: 127.20733338400251
widthR: 47.03373095177018
x0: 1111.4384169484683
