alphaL: 0.9998096750876201
alphaR: 2.466418261291953
event_sum: 23.436561655857716
fraction: 0.9918281918186714
mean: 1101.994170985404
nL: 65.30531179024209
nR: 2.4958323061627636
norm: 7.121975398169044
sigma: 57.050978364532675
sigmaL: 47.55961168200635
sigmaR: 32.65468536743287
widthL: 47.55961168200635
widthR: 32.65468536743287
x0: 1101.994170985404
