alphaL: 1.1970408863964175
alphaR: 1.2032007502975846
event_sum: 5.791060762727164
fraction: 0.9718164333201443
mean: 1087.64297517153
nL: 0.7213950418822468
nR: 4.5
norm: 5.610297992350075
sigma: 110.0
sigmaL: 98.2276293934219
sigmaR: 64.31497550119872
widthL: 98.2276293934219
widthR: 64.31497550119872
x0: 1087.64297517153
