alphaL: 1.3106114732632133
alphaR: 1.551631691190339
event_sum: 0.9460636873122055
mean: 1101.472849274368
nL: 0.8762188350561579
nR: 1.8601211616638345
norm: 0.9460636873122055
sigma: 110.0
sigmaL: 113.62284737250303
sigmaR: 57.426577571611006
widthL: 113.62284737250303
widthR: 57.426577571611006
x0: 1101.472849274368
