alphaL: 1.665460453885129
alphaR: 2.7552475958381764
event_sum: 23.362364274915308
mean: 1208.6976817430655
nL: 3.988350313472817
nR: 1.8682651656481548
norm: 23.362364274915308
sigma: 59.08706598906794
sigmaL: 61.51767828367198
sigmaR: 34.12886536538737
widthL: 61.51767828367198
widthR: 34.12886536538737
x0: 1208.6976817430655
