alphaL: 1.7028497051037383
alphaR: 2.0196575046186065
event_sum: 7.903535099001601
fraction: 0.9986325369334539
mean: 1213.7873063343475
nL: 5.025956400085953
nR: 4.0636266769663605
norm: 7.902471509296447
sigma: 62.601404817422655
sigmaL: 64.9935950815257
sigmaR: 31.295350075696373
widthL: 64.9935950815257
widthR: 31.295350075696373
x0: 1213.7873063343475
