alphaL: 1.1663714558560838
alphaR: 1.8465420319885502
event_sum: 11.365519589278847
fraction: 0.9989334842298997
mean: 1209.6604826351745
nL: 9.997038770923663
nR: 4.499103780140027
norm: 11.359138051047921
sigma: 62.601404817422655
sigmaL: 51.943826514738475
sigmaR: 36.4671931865413
widthL: 51.943826514738475
widthR: 36.4671931865413
x0: 1209.6604826351745
