alphaL: 1.7057447548838502
alphaR: 2.311444025208383
event_sum: 23.362364274915308
mean: 1210.3509725042682
nL: 4.254485357341184
nR: 4.359572926247763
norm: 23.362364274915308
sigma: 59.08706598906794
sigmaL: 63.33192798670107
sigmaR: 33.07871879350626
widthL: 63.33192798670107
widthR: 33.07871879350626
x0: 1210.3509725042682
