alphaL: 1.4104778685442154
alphaR: 2.7930468170743055
event_sum: 23.414631992578506
fraction: 0.9987272872930508
mean: 1207.4966868819952
nL: 9.998081829214483
nR: 1.6649971697130637
norm: 23.410898792324588
sigma: 59.17980755151911
sigmaL: 58.905999926416555
sigmaR: 34.679405191675286
widthL: 58.905999926416555
widthR: 34.679405191675286
x0: 1207.4966868819952
