alphaL: 1.65744240723454
alphaR: 2.3853488802238214
event_sum: 23.362364274915308
mean: 1208.7757389192468
nL: 4.272452976886163
nR: 4.356283051533169
norm: 23.362364274915308
sigma: 59.08706598906794
sigmaL: 61.55638000299054
sigmaR: 34.01301102961375
widthL: 61.55638000299054
widthR: 34.01301102961375
x0: 1208.7757389192468
