alphaL: 1.7027372545327573
alphaR: 2.077670634571272
event_sum: 7.903535099001601
mean: 1212.4416249343985
nL: 4.281435766762266
nR: 4.024319439670175
norm: 7.903535099001601
sigma: 62.601404817422655
sigmaL: 63.636137106028514
sigmaR: 32.18676303825318
widthL: 63.636137106028514
widthR: 32.18676303825318
x0: 1212.4416249343985
