alphaL: 1.5997525090983145
alphaR: 2.5576449513432458
event_sum: 0.7893963007663842
mean: 1212.230474507725
nL: 4.49935433237639
nR: 1.533891142829861
norm: 0.7893963007663842
sigma: 62.601404817422655
sigmaL: 62.372627737956435
sigmaR: 32.46328675706791
widthL: 62.372627737956435
widthR: 32.46328675706791
x0: 1212.230474507725
