alphaL: 1.508741860214586
alphaR: 1.7961243605664903
event_sum: 11.365519589278847
mean: 1212.7613595226107
nL: 4.4950523393681285
nR: 4.40372935111254
norm: 11.365519589278847
sigma: 62.601404817422655
sigmaL: 58.49003703832862
sigmaR: 34.8116276902555
widthL: 58.49003703832862
widthR: 34.8116276902555
x0: 1212.7613595226107
