alphaL: 1.4329305614652064
alphaR: 2.7892798631101496
event_sum: 23.2839670793619
mean: 1207.117054186341
nL: 4.938966538291458
nR: 1.5605233564475856
norm: 23.2839670793619
sigma: 59.08706598906794
sigmaL: 57.86235606888314
sigmaR: 34.783670070584485
widthL: 57.86235606888314
widthR: 34.783670070584485
x0: 1207.117054186341
