alphaL: 1.4646438441194218
alphaR: 1.8901507620699953
event_sum: 1.1339993746660184
mean: 1211.6937222954018
nL: 3.475920657122147
nR: 3.240856305580649
norm: 1.1339993746660184
sigma: 62.614524386707636
sigmaL: 57.462057884529095
sigmaR: 35.976866467827755
widthL: 57.462057884529095
widthR: 35.976866467827755
x0: 1211.6937222954018
