alphaL: 1.6163343957702465
alphaR: 2.2340537388845947
event_sum: 44.533340274123475
mean: 1212.0389084532167
nL: 3.999860473478861
nR: 3.7512129352528323
norm: 44.533340274123475
sigma: 59.08706598906794
sigmaL: 59.8815688402808
sigmaR: 35.68480333993839
widthL: 59.8815688402808
widthR: 35.68480333993839
x0: 1212.0389084532167
