alphaL: 1.307009846057393
alphaR: 1.9398215688051894
event_sum: 1.1304895285429666
mean: 1209.74029361999
nL: 3.5563211141630813
nR: 3.2827686085097927
norm: 1.1304895285429666
sigma: 62.601404817422655
sigmaL: 53.39587099772787
sigmaR: 36.709192203629904
widthL: 53.39587099772787
widthR: 36.709192203629904
x0: 1209.74029361999
