alphaL: 1.7318058283796465
alphaR: 2.4693870079043228
event_sum: 0.7869500443775905
mean: 1211.6887216254127
nL: 2.193395356910253
nR: 2.129988437626587
norm: 0.7869500443775905
sigma: 62.601404817422655
sigmaL: 62.25410908971412
sigmaR: 32.984007868857866
widthL: 62.25410908971412
widthR: 32.984007868857866
x0: 1211.6887216254127
