alphaL: 1.4339576929046034
alphaR: 1.9016383334199778
event_sum: 1.1339993746660184
mean: 1211.2963885285972
nL: 4.141136876959744
nR: 3.9753740321420703
norm: 1.1339993746660184
sigma: 62.601404817422655
sigmaL: 56.17811454766964
sigmaR: 35.41440277944453
widthL: 56.17811454766964
widthR: 35.41440277944453
x0: 1211.2963885285972
