alphaL: 1.7476147044352877
alphaR: 2.1511412016534637
event_sum: 44.56694463128224
mean: 1213.4518736169166
nL: 4.498095686805535
nR: 4.159012315214303
norm: 44.56694463128224
sigma: 59.17980755151911
sigmaL: 62.47689856975709
sigmaR: 34.97352671209606
widthL: 62.47689856975709
widthR: 34.97352671209606
x0: 1213.4518736169166
