alphaL: 1.3783314166690523
alphaR: 2.1901677019953416
event_sum: 44.56694463128224
fraction: 0.9993594703759232
mean: 1210.616662744887
nL: 9.998705137035369
nR: 4.477205283386927
norm: 44.5594782307744
sigma: 59.17980755151911
sigmaL: 57.1976619520525
sigmaR: 36.36324670232177
widthL: 57.1976619520525
widthR: 36.36324670232177
x0: 1210.616662744887
