alphaL: 1.790636787862083
alphaR: 2.2732443229843864
event_sum: 23.414631992578506
mean: 1210.860044011939
nL: 4.279192387634945
nR: 4.316136816205587
norm: 23.414631992578506
sigma: 59.17980755151911
sigmaL: 64.46172790856893
sigmaR: 32.87649090192373
widthL: 64.46172790856893
widthR: 32.87649090192373
x0: 1210.860044011939
