alphaL: 1.5380500594145115
alphaR: 2.1836621815721156
event_sum: 44.533340274123475
mean: 1211.3876094156774
nL: 4.494462978197693
nR: 4.324365450608754
norm: 44.533340274123475
sigma: 59.08706598906794
sigmaL: 58.70871856707686
sigmaR: 36.00399723027137
widthL: 58.70871856707686
widthR: 36.00399723027137
x0: 1211.3876094156774
