alphaL: 1.4332261164791762
alphaR: 1.902663594639273
event_sum: 1.1339993746660184
mean: 1211.3202202295317
nL: 4.139816269535992
nR: 3.9759734431374323
norm: 1.1339993746660184
sigma: 62.601404817422655
sigmaL: 56.15980039125855
sigmaR: 35.397781692382395
widthL: 56.15980039125855
widthR: 35.397781692382395
x0: 1211.3202202295317
