alphaL: 1.5382304223982677
alphaR: 2.183155466249908
event_sum: 44.533340274123475
mean: 1211.387486628962
nL: 4.4942151635833225
nR: 4.328667090285584
norm: 44.533340274123475
sigma: 59.08706598906794
sigmaL: 58.710691795820814
sigmaR: 36.00383881539254
widthL: 58.710691795820814
widthR: 36.00383881539254
x0: 1211.387486628962
