alphaL: 1.5797029684746777
alphaR: 2.3853270933788213
event_sum: 0.7893963007663842
mean: 1212.0545058104121
nL: 4.4974686806115045
nR: 2.18809793740531
norm: 0.7893963007663842
sigma: 62.601404817422655
sigmaL: 61.94836797691374
sigmaR: 32.478036141935995
widthL: 61.94836797691374
widthR: 32.478036141935995
x0: 1212.0545058104121
