alphaL: 0.8638678613533152
alphaR: 1.9050626733088059
event_sum: 36.61503914050991
fraction: 0.9929199204366361
mean: 1204.317439838796
nL: 79.71571123158786
nR: 3.8652568366331583
norm: 11.304894976085052
sigma: 62.468625604818506
sigmaL: 45.47904978540725
sigmaR: 36.27763267724305
widthL: 45.47904978540725
widthR: 36.27763267724305
x0: 1204.317439838796
