alphaL: 1.3971916199060437
alphaR: 2.350333272839639
event_sum: 44.38774548238143
mean: 1210.0584764895339
nL: 4.997586801541439
nR: 2.9641762651928616
norm: 44.38774548238143
sigma: 59.08706598906794
sigmaL: 56.2064130765832
sigmaR: 36.78683518579513
widthL: 56.2064130765832
widthR: 36.78683518579513
x0: 1210.0584764895339
