alphaL: 1.6775673244500768
alphaR: 2.4746970989102723
event_sum: 0.7893963007663842
mean: 1212.3456856652613
nL: 3.5523719803755363
nR: 1.8915899609037172
norm: 0.7893963007663842
sigma: 62.614524386707636
sigmaL: 62.633599843507454
sigmaR: 32.51248219247376
widthL: 62.633599843507454
widthR: 32.51248219247376
x0: 1212.3456856652613
