alphaL: 0.7361154676334085
alphaR: 2.1140866040050197
event_sum: 0.29528090790049105
mean: 2950.2392163180098
nL: 1.5469329471935975
nR: 1.6871222329046236
norm: 0.29528090790049105
sigma: 170.8
sigmaL: 151.9616745371646
sigmaR: 170.9207149425472
widthL: 151.9616745371646
widthR: 170.9207149425472
x0: 2950.2392163180098
