alphaL: 1.189340711593826
alphaR: 1.0824008748252487
event_sum: 6.798414229488205
fraction: 0.7522033879889135
mean: 3004.568922399899
nL: 0.5183698663795242
nR: 4.457447437751872
norm: 1.5924783604072716
sigma: 170.8
sigmaL: 196.77885362626927
sigmaR: 101.92312685650691
widthL: 196.77885362626927
widthR: 101.92312685650691
x0: 3004.568922399899
