alphaL: 1.5577677155128125
alphaR: 1.3671931860152
event_sum: 6.511157382462392
fraction: 0.7805273397074141
mean: 3012.492140829221
nL: 0.4
nR: 3.0183943321191093
norm: 3.2448205463117756
sigma: 170.8
sigmaL: 261.2510287987479
sigmaR: 110.08730388633465
widthL: 261.2510287987479
widthR: 110.08730388633465
x0: 3012.492140829221
