alphaL: 1.360048255254895
alphaR: 1.9007575635391227
event_sum: 0.1379384629680325
mean: 2978.6895550868285
nL: 0.1
nR: 1.2198522733325199
norm: 0.1379384629680325
sigma: 170.8
sigmaL: 228.10399395790103
sigmaR: 137.01336370873406
widthL: 228.10399395790103
widthR: 137.01336370873406
x0: 2978.6895550868285
