alphaL: 1.143276245412891
alphaR: 1.8702434651313082
event_sum: 0.1473335866267367
mean: 2968.174097729237
nL: 0.9978820127805492
nR: 3.946590199935438
norm: 0.1473335866267367
sigma: 170.8
sigmaL: 189.1050905629585
sigmaR: 147.32840174511605
widthL: 189.1050905629585
widthR: 147.32840174511605
x0: 2968.174097729237
