alphaL: 0.9634087843183868
alphaR: 1.4021967316621575
event_sum: 0.31155635385959424
mean: 2998.9296371702744
nL: 1.0142704098314115
nR: 3.0114340157394617
norm: 0.31155635385959424
sigma: 170.8
sigmaL: 192.71348953453048
sigmaR: 113.8283005686735
widthL: 192.71348953453048
widthR: 113.8283005686735
x0: 2998.9296371702744
