alphaL: 1.1485272959871857
alphaR: 1.5207910300813643
event_sum: 0.39587382105921565
mean: 2013.3868994186655
nL: 0.19609239864859887
nR: 2.6522076314582685
norm: 0.39587382105921565
sigma: 205.0
sigmaL: 193.63195712164963
sigmaR: 114.73966053391919
widthL: 193.63195712164963
widthR: 114.73966053391919
x0: 2013.3868994186655
