alphaL: 1.017618047099927
alphaR: 1.4619711673189315
event_sum: 0.45481143914368233
mean: 2012.4385408022467
nL: 0.6279490062322443
nR: 2.5851467341540326
norm: 0.45481143914368233
sigma: 205.0
sigmaL: 172.08041051923914
sigmaR: 112.49137718155924
widthL: 172.08041051923914
widthR: 112.49137718155924
x0: 2012.4385408022467
