alphaL: 1.0002054160722398
alphaR: 1.2003368485682684
event_sum: 5.898256163059461
fraction: 0.8073422615006729
mean: 2021.2054409936281
nL: 0.748009861485537
nR: 4.331436706596141
norm: 4.2863130663302
sigma: 205.0
sigmaL: 172.21934307541224
sigmaR: 99.36485869533375
widthL: 172.21934307541224
widthR: 99.36485869533375
x0: 2021.2054409936281
