alphaL: 0.9886672321933113
alphaR: 1.2842269625601046
event_sum: 6.540956469207642
fraction: 0.740480583320786
mean: 2021.3527893451146
nL: 0.4014808626676527
nR: 3.6314022769506136
norm: 3.6376723075120374
sigma: 205.0
sigmaL: 192.9210869955439
sigmaR: 97.25778345849034
widthL: 192.9210869955439
widthR: 97.25778345849034
x0: 2021.3527893451146
