alphaL: 0.8507696842114837
alphaR: 1.0658587808825848
event_sum: 0.4979067565015923
mean: 2057.3700755771206
nL: 0.998329215451284
nR: 2.878435659103568
norm: 0.4979067565015923
sigma: 205.0
sigmaL: 200.96740255484562
sigmaR: 69.6243853549757
widthL: 200.96740255484562
widthR: 69.6243853549757
x0: 2057.3700755771206
