alphaL: 0.5970209345239427
alphaR: 0.9710279006123186
event_sum: 0.4557214952200427
mean: 2083.3201119158034
nL: 1.0006258340125036
nR: 2.7688988692165997
norm: 0.4557214952200427
sigma: 205.0
sigmaL: 272.2872943059253
sigmaR: 56.16869660693872
widthL: 272.2872943059253
widthR: 56.16869660693872
x0: 2083.3201119158034
