alphaL: 0.9440123774029849
alphaR: 1.2303938974846393
event_sum: 6.871852969285101
mean: 2182.3071783528703
nL: 1.6257337925007678
nR: 4.211670003830972
norm: 6.871852969285101
sigma: 123.2
sigmaL: 130.69553666607501
sigmaR: 86.30871176164489
widthL: 130.69553666607501
widthR: 86.30871176164489
x0: 2182.3071783528703
