alphaL: 0.887128591248281
alphaR: 1.157548415285737
event_sum: 0.5262198676573462
mean: 2188.361375842273
nL: 2.0467891661307145
nR: 3.815694903514289
norm: 0.5262198676573462
sigma: 123.2
sigmaL: 135.9263535162362
sigmaR: 81.08452557480359
widthL: 135.9263535162362
widthR: 81.08452557480359
x0: 2188.361375842273
