alphaL: 1.2309290862604638
alphaR: 1.5411086713120388
event_sum: 6.7220640883315355
fraction: 0.8166271300014646
mean: 2181.024128215157
nL: 0.5426253789904392
nR: 3.3574790274868795
norm: 3.9763186782365665
sigma: 123.2
sigmaL: 147.05094420623976
sigmaR: 101.09531878003546
widthL: 147.05094420623976
widthR: 101.09531878003546
x0: 2181.024128215157
