alphaL: 1.3617841984014096
alphaR: 1.644489881791273
event_sum: 0.3328159935772419
mean: 2181.6289483093187
nL: 0.2117267595783156
nR: 2.7063967499554673
norm: 0.3328159935772419
sigma: 123.41898359557062
sigmaL: 146.82479454983903
sigmaR: 102.08340325479654
widthL: 146.82479454983903
widthR: 102.08340325479654
x0: 2181.6289483093187
