alphaL: 0.9970876286084919
alphaR: 1.184849737395721
event_sum: 0.3765462070296053
mean: 2191.7945440404565
nL: 1.0000010521817053
nR: 2.628863802986893
norm: 0.3765462070296053
sigma: 123.2
sigmaL: 128.38291922078142
sigmaR: 74.7943061178612
widthL: 128.38291922078142
widthR: 74.7943061178612
x0: 2191.7945440404565
