alphaL: 1.164333050794868
alphaR: 1.547037420565663
event_sum: 0.35776498556515435
mean: 2196.159615949863
nL: 0.7517456865826337
nR: 1.841236744822225
norm: 0.35776498556515435
sigma: 123.2
sigmaL: 154.2533173359989
sigmaR: 86.77369207217919
widthL: 154.2533173359989
widthR: 86.77369207217919
x0: 2196.159615949863
