alphaL: 0.9072097610606326
alphaR: 1.164960276347585
event_sum: 0.5262198676573462
mean: 2188.395629118819
nL: 1.8623185571506777
nR: 3.722926027567503
norm: 0.5262198676573462
sigma: 123.2
sigmaL: 137.08854574361598
sigmaR: 81.11863769643355
widthL: 137.08854574361598
widthR: 81.11863769643355
x0: 2188.395629118819
