alphaL: 1.043645391467162
alphaR: 1.352847389366754
event_sum: 0.4744579908438027
mean: 2194.083966795183
nL: 0.9050776539239325
nR: 1.729722362878576
norm: 0.4744579908438027
sigma: 123.41898359557062
sigmaL: 142.9834195486984
sigmaR: 79.89828345035244
widthL: 142.9834195486984
widthR: 79.89828345035244
x0: 2194.083966795183
