alphaL: 0.751242473920873
alphaR: 1.6059257213994718
event_sum: 0.5013318686615094
mean: 2180.6922555443603
nL: 3.3712458566690566
nR: 1.8701420072559019
norm: 0.5013318686615094
sigma: 123.2
sigmaL: 126.26651562672667
sigmaR: 95.88244943206702
widthL: 126.26651562672667
widthR: 95.88244943206702
x0: 2180.6922555443603
