alphaL: 0.9127531864415527
alphaR: 1.2574751543477476
event_sum: 6.871852969285101
fraction: 0.9107029814553472
mean: 2182.038108791636
nL: 1.7517614791105491
nR: 4.104191281544694
norm: 5.4131397132296115
sigma: 123.2
sigmaL: 129.6243144662672
sigmaR: 88.26152353820468
widthL: 129.6243144662672
widthR: 88.26152353820468
x0: 2182.038108791636
