alphaL: 1.0244583380260714
alphaR: 1.4314427433565056
event_sum: 6.7220640883315355
mean: 2188.3855235370693
nL: 1.0000006476691103
nR: 3.675295958876659
norm: 6.7220640883315355
sigma: 123.2
sigmaL: 150.63642001581525
sigmaR: 93.88760548019984
widthL: 150.63642001581525
widthR: 93.88760548019984
x0: 2188.3855235370693
