alphaL: 1.0163899820430957
alphaR: 1.3418532344827347
event_sum: 0.3765462070296053
mean: 2196.1872419889432
nL: 1.0000019449143709
nR: 3.4941221755437963
norm: 0.3765462070296053
sigma: 123.2
sigmaL: 139.98895127017485
sigmaR: 85.53102744766099
widthL: 139.98895127017485
widthR: 85.53102744766099
x0: 2196.1872419889432
