alphaL: 1.4800283963361702
alphaR: 2.1002302075717734
event_sum: 4.892031379589477
mean: 1803.1947201031608
nL: 3.986360505074294
nR: 1.8444961667787858
norm: 4.892031379589477
sigma: 116.80978634825561
sigmaL: 82.1328837235863
sigmaR: 44.492728964938664
widthL: 82.1328837235863
widthR: 44.492728964938664
x0: 1803.1947201031608
