alphaL: 1.8873830259924653
alphaR: 1.5042172881761369
event_sum: 13.135585837327488
mean: 1821.943310052101
nL: 2.9993705856015547
nR: 2.916619994726429
norm: 13.135585837327488
sigma: 116
sigmaL: 94.71821112297242
sigmaR: 37.88562845565627
widthL: 94.71821112297242
widthR: 37.88562845565627
x0: 1821.943310052101
