alphaL: 1.710358449793339
alphaR: 1.7795394582936397
event_sum: 28.743563630872966
mean: 1813.1009601982464
nL: 2.9999794781078117
nR: 2.5393026916800165
norm: 28.743563630872966
sigma: 116
sigmaL: 88.20716684515087
sigmaR: 42.717451564029005
widthL: 88.20716684515087
widthR: 42.717451564029005
x0: 1813.1009601982464
