alphaL: 1.6871535927617038
alphaR: 2.0392998012099985
event_sum: 32.35973762072793
mean: 1805.6631521633121
nL: 2.999973119894208
nR: 1.965873078583003
norm: 32.35973762072793
sigma: 116
sigmaL: 87.09085945712818
sigmaR: 43.151080416070386
widthL: 87.09085945712818
widthR: 43.151080416070386
x0: 1805.6631521633121
