alphaL: 1.811131973611285
alphaR: 2.1869672935647473
event_sum: 52.10717180794165
mean: 1808.2397148807754
nL: 3.992502343391913
nR: 2.4792606967325432
norm: 52.10717180794165
sigma: 111.72757348920685
sigmaL: 93.35433425447954
sigmaR: 40.580236358522704
widthL: 93.35433425447954
widthR: 40.580236358522704
x0: 1808.2397148807754
