alphaL: 1.9767068267249
alphaR: 2.225630941555205
event_sum: 52.10717180794165
mean: 1809.5140056335854
nL: 2.999705487454308
nR: 2.2532309620173443
norm: 52.10717180794165
sigma: 111.72757348920685
sigmaL: 96.21270243829228
sigmaR: 40.06188195835815
widthL: 96.21270243829228
widthR: 40.06188195835815
x0: 1809.5140056335854
