alphaL: 1.7778200141812843
alphaR: 2.1413027771280237
event_sum: 60.98853487545785
mean: 1805.735702018779
nL: 2.9999987062758535
nR: 2.6209201718740545
norm: 60.98853487545785
sigma: 111.72757348920685
sigmaL: 85.03437882009179
sigmaR: 45.416906655196584
widthL: 85.03437882009179
widthR: 45.416906655196584
x0: 1805.735702018779
