alphaL: 2.156003127083507
alphaR: 0.3857129294518565
event_sum: 46.45111271803636
mean: 1837.096354860566
nL: 3.999999877060209
nR: 3.999721576841928
norm: 46.45111271803636
sigmaL: 106.2478321238924
sigmaR: 7.912682862441044
widthL: 106.2478321238924
widthR: 7.912682862441044
x0: 1837.096354860566
