alphaL: 2.037099812335201
alphaR: 2.00279534927418
event_sum: 28.73114614489953
mean: 1810.4630689715161
nL: 2.9994912849495923
nR: 2.994059590304866
norm: 28.73114614489953
sigma: 111
sigmaL: 89.96123367819342
sigmaR: 44.25189684382303
widthL: 89.96123367819342
widthR: 44.25189684382303
x0: 1810.4630689715161
