alphaL: 1.886796296133728
alphaR: 1.8767223635412298
event_sum: 52.689527240486925
mean: 1764.7755866357145
nL: 3.4613468486138674
nR: 3.632837178291192
norm: 52.689527240486925
sigmaL: 112.37384055663753
sigmaR: 73.26858564844277
widthL: 112.37384055663753
widthR: 73.26858564844277
x0: 1764.7755866357145
