alphaL: 1.7414179215930248
alphaR: 2.0146693641865756
event_sum: 24.976053176696528
mean: 1808.9776951893473
nL: 2.9999399776320677
nR: 1.9666017827024074
norm: 24.976053176696528
sigmaL: 90.22752861613594
sigmaR: 41.724051445898155
widthL: 90.22752861613594
widthR: 41.724051445898155
x0: 1808.9776951893473
