alphaL: 1.9156638148499285
alphaR: 1.7318914939028671
event_sum: 52.70505426913193
mean: 1812.4368427561924
nL: 2.9997814126440123
nR: 2.77728740497215
norm: 52.70505426913193
sigma: 116
sigmaL: 93.85888571735526
sigmaR: 39.68923960084112
widthL: 93.85888571735526
widthR: 39.68923960084112
x0: 1812.4368427561924
