alphaL: 1.7838335657808304
alphaR: 1.8403420251065115
event_sum: 32.75106699488489
mean: 1765.2092168724666
nL: 3.9994649222322156
nR: 3.552551644049599
norm: 32.75106699488489
sigmaL: 109.56584965439617
sigmaR: 74.62655471068175
widthL: 109.56584965439617
widthR: 74.62655471068175
x0: 1765.2092168724666
