alphaL: 1.661088741758977
alphaR: 1.9926095744621182
event_sum: 62.319475715536115
mean: 1759.5585896005648
nL: 3.995775224233331
nR: 3.4234082555218093
norm: 62.319475715536115
sigmaL: 102.75995232331576
sigmaR: 79.07717092661862
widthL: 102.75995232331576
widthR: 79.07717092661862
x0: 1759.5585896005648
