alphaL: 1.5448013955855926
alphaR: 2.059613957031758
event_sum: 24.976053176696528
mean: 1806.4093011969221
nL: 3.9992885787959858
nR: 1.9303041537255012
norm: 24.976053176696528
sigmaL: 85.49679426907744
sigmaR: 43.22048184747717
widthL: 85.49679426907744
widthR: 43.22048184747717
x0: 1806.4093011969221
