alphaL: 1.5051424788060692
alphaR: 2.073908191395101
event_sum: 46.4451972208013
mean: 1804.2040469331926
nL: 5.998495280335003
nR: 3.080003444242634
norm: 46.4451972208013
sigmaL: 80.64037395869092
sigmaR: 46.69199135317057
widthL: 80.64037395869092
widthR: 46.69199135317057
x0: 1804.2040469331926
