alphaL: 1.7871443602249553
alphaR: 2.26287528722783
event_sum: 40.13723368563383
mean: 1807.589268066726
nL: 3.9906930807603866
nR: 2.2571034762869284
norm: 40.13723368563383
sigmaL: 91.62767282228556
sigmaR: 41.53234977613957
widthL: 91.62767282228556
widthR: 41.53234977613957
x0: 1807.589268066726
