alphaL: 1.6726804031515436
alphaR: 2.251409917256504
event_sum: 40.152304864549386
mean: 1807.011113201184
nL: 5.993735794196863
nR: 2.292219171883082
norm: 40.152304864549386
sigmaL: 90.44218523701329
sigmaR: 41.86276772610504
widthL: 90.44218523701329
widthR: 41.86276772610504
x0: 1807.011113201184
