alphaL: 1.6774128645541713
alphaR: 2.0690299845029787
event_sum: 32.35973762072793
mean: 1805.1520415992982
nL: 2.999422940120195
nR: 1.921483130762533
norm: 32.35973762072793
sigma: 116.89206737434267
sigmaL: 86.61881797381531
sigmaR: 43.603483227324126
widthL: 86.61881797381531
widthR: 43.603483227324126
x0: 1805.1520415992982
