alphaL: 1.7889146619117333
alphaR: 2.0254851656002106
event_sum: 28.72285368088235
mean: 1807.114547432616
nL: 2.9999471929895325
nR: 2.9458693397774787
norm: 28.72285368088235
sigma: 111
sigmaL: 83.82996099885862
sigmaR: 45.948003942065036
widthL: 83.82996099885862
widthR: 45.948003942065036
x0: 1807.114547432616
