alphaL: 1.7770768429605566
alphaR: 2.0789103225647363
event_sum: 61.13179046263016
mean: 1806.0037256258674
nL: 2.9999971703582706
nR: 2.91549915155441
norm: 61.13179046263016
sigma: 111.85858981301914
sigmaL: 85.19314092741466
sigmaR: 45.087449277920584
widthL: 85.19314092741466
widthR: 45.087449277920584
x0: 1806.0037256258674
