alphaL: 1.2906491424899602
alphaR: 1.6771429350941487
event_sum: 12.219679010624965
mean: 1809.2916483619942
nL: 3.922938593380369
nR: 2.265934139755636
norm: 12.219679010624965
sigmaL: 71.38075360248015
sigmaR: 46.849475715367745
widthL: 71.38075360248015
widthR: 46.849475715367745
x0: 1809.2916483619942
