alphaL: 1.6900723085380167
alphaR: 1.7931396733587572
event_sum: 31.61906424384128
mean: 1810.9077989424143
nL: 3.999998584799396
nR: 2.6674022838724123
norm: 31.61906424384128
sigmaL: 90.08716372033116
sigmaR: 40.58605466324154
widthL: 90.08716372033116
widthR: 40.58605466324154
x0: 1810.9077989424143
