alphaL: 1.7079030470679877
alphaR: 1.7788278904263457
event_sum: 28.743563630872966
mean: 1813.1754159677675
nL: 2.9998827605563236
nR: 2.5341121090731513
norm: 28.743563630872966
sigma: 116.89206737434267
sigmaL: 88.04541548925714
sigmaR: 42.561752374725074
widthL: 88.04541548925714
widthR: 42.561752374725074
x0: 1813.1754159677675
