alphaL: 1.425895059698176
alphaR: 1.804376992602883
event_sum: 4.34534847655928
mean: 1808.1862496465324
nL: 3.964184654515901
nR: 2.60986341882718
norm: 4.34534847655928
sigma: 116.80978634825561
sigmaL: 79.03384469429692
sigmaR: 45.0159465977344
widthL: 79.03384469429692
widthR: 45.0159465977344
x0: 1808.1862496465324
