alphaL: 1.9292518904790772
alphaR: 2.164371536441245
event_sum: 40.15986204828081
mean: 1809.5121972057796
nL: 3.999694852178159
nR: 2.613226583929779
norm: 40.15986204828081
sigmaL: 94.93859182238842
sigmaR: 40.43289476777342
widthL: 94.93859182238842
widthR: 40.43289476777342
x0: 1809.5121972057796
