alphaL: 1.6836616288386965
alphaR: 1.9865332975645962
event_sum: 24.54604140948289
mean: 1806.281895187846
nL: 3.999970560644225
nR: 2.5114435607534564
norm: 24.54604140948289
sigmaL: 76.50021299175891
sigmaR: 46.094987606542475
widthL: 76.50021299175891
widthR: 46.094987606542475
x0: 1806.281895187846
