alphaL: 1.6470234645839867
alphaR: 2.014150841670461
event_sum: 4.892031379589477
mean: 1804.2922739898768
nL: 2.9769366206533787
nR: 2.03766146255338
norm: 4.892031379589477
sigma: 116.80978634825561
sigmaL: 85.65923299001446
sigmaR: 43.789579266108525
widthL: 85.65923299001446
widthR: 43.789579266108525
x0: 1804.2922739898768
