alphaL: 1.7198824318856851
alphaR: 1.7857239562620573
event_sum: 25.00581705608485
mean: 1810.3492043081742
nL: 3.9941120667649277
nR: 2.67787920382812
norm: 25.00581705608485
sigmaL: 91.38846438531692
sigmaR: 39.96919057493842
widthL: 91.38846438531692
widthR: 39.96919057493842
x0: 1810.3492043081742
