alphaL: 1.3915962347552957
alphaR: 2.092689203919798
event_sum: 24.98518269258309
mean: 1804.5421381086876
nL: 5.999877735181198
nR: 1.89954193789279
norm: 24.98518269258309
sigmaL: 81.8160643835231
sigmaR: 44.12515170586116
widthL: 81.8160643835231
widthR: 44.12515170586116
x0: 1804.5421381086876
