alphaL: 2.1285089152560337
alphaR: 1.9978312104945686
event_sum: 94.5744147918123
mean: 1811.2223091684796
nL: 2.9998363934332284
nR: 2.968933539469634
norm: 94.5744147918123
sigma: 111
sigmaL: 97.05147016824718
sigmaR: 39.978191941905365
widthL: 97.05147016824718
widthR: 39.978191941905365
x0: 1811.2223091684796
