alphaL: 1.6807842563316073
alphaR: 1.893765082013903
event_sum: 4.34534847655928
mean: 1811.9672832628787
nL: 2.970031495870037
nR: 2.2169122239088717
norm: 4.34534847655928
sigma: 116.80978634825561
sigmaL: 86.12419808544198
sigmaR: 43.927425040151164
widthL: 86.12419808544198
widthR: 43.927425040151164
x0: 1811.9672832628787
