alphaL: 1.6258337276702421
alphaR: 2.081512985571746
event_sum: 46.44130357408929
mean: 1804.9827573542193
nL: 3.999803079981032
nR: 2.992234742660411
norm: 46.44130357408929
sigmaL: 82.31391973206544
sigmaR: 46.36944945184691
widthL: 82.31391973206544
widthR: 46.36944945184691
x0: 1804.9827573542193
