alphaL: 1.2472019774589378
alphaR: 1.8909543365693375
event_sum: 21.594703988801594
mean: 1805.1287380259555
nL: 5.999827053555231
nR: 2.559901389389127
norm: 21.594703988801594
sigmaL: 73.53201885989635
sigmaR: 47.963969172262125
widthL: 73.53201885989635
widthR: 47.963969172262125
x0: 1805.1287380259555
