alphaL: 1.7336383994101643
alphaR: 1.598568830847732
event_sum: 13.110024842465469
mean: 1819.335509247809
nL: 2.999664312549148
nR: 2.611671381817779
norm: 13.110024842465469
sigma: 116
sigmaL: 90.21188581522496
sigmaR: 39.67380338259003
widthL: 90.21188581522496
widthR: 39.67380338259003
x0: 1819.335509247809
