alphaL: 1.984750903500415
alphaR: 2.238007521720022
event_sum: 52.03690434860132
mean: 1809.4684789999244
nL: 2.9997209040648456
nR: 2.2364491811248435
norm: 52.03690434860132
sigma: 111
sigmaL: 96.40171342531583
sigmaR: 40.2106172939173
widthL: 96.40171342531583
widthR: 40.2106172939173
x0: 1809.4684789999244
