alphaL: 1.5906068351145504
alphaR: 1.7089544156788004
event_sum: 21.60512153141337
mean: 1812.0544236411913
nL: 3.999802517742764
nR: 3.017652920955366
norm: 21.60512153141337
sigmaL: 85.2860179041775
sigmaR: 43.57000648145856
widthL: 85.2860179041775
widthR: 43.57000648145856
x0: 1812.0544236411913
