alphaL: 1.7855545205693926
alphaR: 2.112689101375046
event_sum: 46.44130357408929
mean: 1806.2769384948904
nL: 2.9998438436933257
nR: 2.6961497567239228
norm: 46.44130357408929
sigmaL: 85.09210233353532
sigmaR: 45.89616001283974
widthL: 85.09210233353532
widthR: 45.89616001283974
x0: 1806.2769384948904
