alphaL: 1.9156814065189638
alphaR: 2.1493079773643027
event_sum: 53.55775845769344
mean: 1808.6459206938587
nL: 3.999996364418813
nR: 2.7401427336896913
norm: 53.55775845769344
sigmaL: 93.51617401986611
sigmaR: 41.29942104708426
widthL: 93.51617401986611
widthR: 41.29942104708426
x0: 1808.6459206938587
