alphaL: 1.6731026242694906
alphaR: 1.980616914540816
event_sum: 52.6525002368249
mean: 1807.1667424245118
nL: 2.999701519277334
nR: 2.130779675310298
norm: 52.6525002368249
sigma: 116
sigmaL: 86.13351162837937
sigmaR: 43.46513137636735
widthL: 86.13351162837937
widthR: 43.46513137636735
x0: 1807.1667424245118
