alphaL: 1.775047599682326
alphaR: 2.113539861609725
event_sum: 61.13179046263016
mean: 1805.8839474201798
nL: 2.9999905871115327
nR: 2.6629425366200894
norm: 61.13179046263016
sigma: 111.46019618074963
sigmaL: 85.10848479915175
sigmaR: 45.2641705139517
widthL: 85.10848479915175
widthR: 45.2641705139517
x0: 1805.8839474201798
