alphaL: 1.4784156564816695
alphaR: 1.7962352543181892
event_sum: 21.572185209870547
mean: 1809.935665958278
nL: 3.9918063703962954
nR: 2.674803615943144
norm: 21.572185209870547
sigmaL: 81.14180063846912
sigmaR: 45.01914972012122
widthL: 81.14180063846912
widthR: 45.01914972012122
x0: 1809.935665958278
