alphaL: 1.8793801656450684
alphaR: 2.1358561589191645
event_sum: 94.53542667053047
mean: 1807.5559458473276
nL: 2.999690777808305
nR: 2.5893279637516966
norm: 94.53542667053047
sigma: 111
sigmaL: 91.2164845374722
sigmaR: 42.179525582802135
widthL: 91.2164845374722
widthR: 42.179525582802135
x0: 1807.5559458473276
