alphaL: 1.9912605403181265
alphaR: 2.187648764910768
event_sum: 52.03690434860132
mean: 1809.796029562059
nL: 2.9999831411079487
nR: 2.411622501985396
norm: 52.03690434860132
sigma: 111.46019618074963
sigmaL: 96.69938556513388
sigmaR: 39.977973682008844
widthL: 96.69938556513388
widthR: 39.977973682008844
x0: 1809.796029562059
