alphaL: 1.6792240746975435
alphaR: 2.0695078192840364
event_sum: 32.35973762072793
mean: 1805.2025423668892
nL: 2.9993769585711036
nR: 1.922194333217355
norm: 32.35973762072793
sigma: 116.98891727425419
sigmaL: 86.65896150888575
sigmaR: 43.57131512149631
widthL: 86.65896150888575
widthR: 43.57131512149631
x0: 1805.2025423668892
