alphaL: 1.6003233661271707
alphaR: 2.1435089813782713
event_sum: 60.98853487545785
mean: 1804.1199022820867
nL: 3.999245043212221
nR: 2.766130621871292
norm: 60.98853487545785
sigma: 111.72757348920685
sigmaL: 81.70447495578155
sigmaR: 46.10072984690695
widthL: 81.70447495578155
widthR: 46.10072984690695
x0: 1804.1199022820867
