alphaL: 1.9480720267958416
alphaR: 2.309015883622853
event_sum: 40.13723368563383
mean: 1808.897869984354
nL: 2.9984640318417397
nR: 2.0430330015012417
norm: 40.13723368563383
sigmaL: 94.24456412125376
sigmaR: 41.063158589375824
widthL: 94.24456412125376
widthR: 41.063158589375824
x0: 1808.897869984354
