alphaL: 1.991630499444363
alphaR: 2.147448923864476
event_sum: 52.03690434860132
mean: 1809.915910629025
nL: 2.9999443360427027
nR: 2.5480153092748554
norm: 52.03690434860132
sigma: 111.85858981301914
sigmaL: 96.65219595080335
sigmaR: 39.78827029112217
widthL: 96.65219595080335
widthR: 39.78827029112217
x0: 1809.915910629025
