alphaL: 1.6478034853722172
alphaR: 1.8685251570318777
event_sum: 21.572185209870547
mean: 1810.937486659445
nL: 2.9994465436638795
nR: 2.349736921587881
norm: 21.572185209870547
sigmaL: 84.98621363216232
sigmaR: 44.97225359099527
widthL: 84.98621363216232
widthR: 44.97225359099527
x0: 1810.937486659445
