alphaL: 1.7112676602787373
alphaR: 1.7846772887189781
event_sum: 28.743563630872966
mean: 1813.1650727964743
nL: 2.9999999408764815
nR: 2.507767260419326
norm: 28.743563630872966
sigma: 116.98891727425419
sigmaL: 88.12217913143598
sigmaR: 42.582537541080924
widthL: 88.12217913143598
widthR: 42.582537541080924
x0: 1813.1650727964743
