alphaL: 1.6891049732940546
alphaR: 2.0075252261497543
event_sum: 29.234243051952706
mean: 1767.398012100936
nL: 3.972819859186264
nR: 3.051059320291354
norm: 29.234243051952706
sigmaL: 107.01005000117556
sigmaR: 78.19686989729213
widthL: 107.01005000117556
widthR: 78.19686989729213
x0: 1767.398012100936
