alphaL: 1.7732476649878752
alphaR: 2.0933572037550667
event_sum: 61.13179046263016
mean: 1805.8877646774959
nL: 2.9997658841775903
nR: 2.7656245987938846
norm: 61.13179046263016
sigma: 111
sigmaL: 85.03859825816897
sigmaR: 45.14817663973428
widthL: 85.03859825816897
widthR: 45.14817663973428
x0: 1805.8877646774959
