alphaL: 1.1920837008027665
alphaR: 2.0812441598852103
event_sum: 3.820256454513583
mean: 1800.806419212053
nL: 4.998434819993385
nR: 1.8716760061190825
norm: 3.820256454513583
sigma: 95.29850644474058
sigmaL: 73.62827480689091
sigmaR: 45.89199915747059
widthL: 73.62827480689091
widthR: 45.89199915747059
x0: 1800.806419212053
