alphaL: 1.4363231053177348
alphaR: 2.095100561930929
event_sum: 46.59280747920275
mean: 1803.1558001379142
nL: 4.499679220609025
nR: 3.057265395450502
norm: 46.59280747920275
sigma: 84.87843035035007
sigmaL: 77.8670634831311
sigmaR: 47.156987163629815
widthL: 77.8670634831311
widthR: 47.156987163629815
x0: 1803.1558001379142
