alphaL: 1.464418766895983
alphaR: 2.2182587320691725
event_sum: 46.59280747920275
mean: 1802.4847274481892
nL: 3.997864023333243
nR: 2.5759500498807895
norm: 46.59280747920275
sigma: 84.87843035035007
sigmaL: 77.48621660387077
sigmaR: 47.79793080004949
widthL: 77.48621660387077
widthR: 47.79793080004949
x0: 1802.4847274481892
