alphaL: 1.279403762671458
alphaR: 2.2286251568613253
event_sum: 46.39606377668679
mean: 1801.0013867992993
nL: 4.9997626128061405
nR: 2.5007061463952005
norm: 46.39606377668679
sigma: 84.87843035035007
sigmaL: 73.34606495626639
sigmaR: 48.45897518600028
widthL: 73.34606495626639
widthR: 48.45897518600028
x0: 1801.0013867992993
