alphaL: 1.2173227210394324
alphaR: 2.2473172919532787
event_sum: 42.81608404533472
fraction: 0.9989319670813968
mean: 1800.0134657487058
nL: 9.999992296388518
nR: 2.6643219764610695
norm: 42.807310526724905
sigma: 84.97956489524194
sigmaL: 72.45649167959354
sigmaR: 49.4048566009107
widthL: 72.45649167959354
widthR: 49.4048566009107
x0: 1800.0134657487058
