alphaL: 1.6004429900102068
alphaR: 2.0779592703959198
event_sum: 46.69912816362921
mean: 1804.7819881545415
nL: 4.4999991645344295
nR: 3.1245097711943406
norm: 46.69912816362921
sigma: 84.72778057987412
sigmaL: 82.19108879906908
sigmaR: 46.58393418906534
widthL: 82.19108879906908
widthR: 46.58393418906534
x0: 1804.7819881545415
