alphaL: 1.3445951693790843
alphaR: 2.074714945893532
event_sum: 3.8351984465916757
mean: 1802.8048975128315
nL: 4.499964686682674
nR: 1.9421580861935976
norm: 3.8351984465916757
sigma: 95.29850644474058
sigmaL: 78.10585289582454
sigmaR: 44.88479429599527
widthL: 78.10585289582454
widthR: 44.88479429599527
x0: 1802.8048975128315
