alphaL: 1.5987769653236759
alphaR: 2.299221936241577
event_sum: 40.280910448520444
mean: 1805.5510063892705
nL: 4.4999405304881295
nR: 2.2215194615004354
norm: 40.280910448520444
sigma: 84.87843035035007
sigmaL: 87.736608876623
sigmaR: 42.704747576364674
widthL: 87.736608876623
widthR: 42.704747576364674
x0: 1805.5510063892705
