alphaL: 0.19520689142731731
alphaR: 1.288999993690009
event_sum: 23.772583502344787
mean: 1785.8484195785088
nL: 1.0000955017001567
nR: 4.498376994149188
norm: 23.772583502344787
sigma: 421.5887541169486
sigmaL: 87.26162700795538
sigmaR: 90.04066046663864
widthL: 87.26162700795538
widthR: 90.04066046663864
x0: 1785.8484195785088
