alphaL: 1.4321469152454043
alphaR: 2.1026392425055205
event_sum: 46.64035150036216
mean: 1802.9241439895525
nL: 4.499989913558662
nR: 3.1330965675887366
norm: 46.64035150036216
sigma: 84.72778057987412
sigmaL: 77.68810966017895
sigmaR: 47.46048111734445
widthL: 77.68810966017895
widthR: 47.46048111734445
x0: 1802.9241439895525
