alphaL: 1.3714971500283164
alphaR: 2.3343804859176935
event_sum: 40.11367807118222
mean: 1802.5385484703077
nL: 4.969780554083726
nR: 2.3063628745083995
norm: 40.11367807118222
sigma: 84.87843035035007
sigmaL: 81.34359031382802
sigmaR: 44.071865698584396
widthL: 81.34359031382802
widthR: 44.071865698584396
x0: 1802.5385484703077
