alphaL: 0.6862854279577327
alphaR: 1.424136524341025
event_sum: 21.088420232990757
mean: 1756.197308512197
nL: 1.0000702947298516
nR: 4.499286737298528
norm: 21.088420232990757
sigma: 421.5887541169486
sigmaL: 118.01444825375071
sigmaR: 104.93337737697227
widthL: 118.01444825375071
widthR: 104.93337737697227
x0: 1756.197308512197
