alphaL: 1.0067369385388836
alphaR: 1.884871676919916
event_sum: 32.401277185301296
fraction: 0.9978671126693699
mean: 1802.035115039565
nL: 9.987269413098904
nR: 2.7549512962863205
norm: 32.35929321346339
sigma: 95.29132042846018
sigmaL: 65.5734610692227
sigmaR: 49.13037439703432
widthL: 65.5734610692227
widthR: 49.13037439703432
x0: 1802.035115039565
