alphaL: 1.7523833816820984
alphaR: 2.2723856485248595
event_sum: 40.27534710173495
mean: 1807.285158192202
nL: 4.499749678647614
nR: 2.2772917979301868
norm: 40.27534710173495
sigma: 84.79598125109936
sigmaL: 91.4232337026717
sigmaR: 41.78999002038783
widthL: 91.4232337026717
widthR: 41.78999002038783
x0: 1807.285158192202
