alphaL: 1.6030662752653964
alphaR: 2.294189452019708
event_sum: 40.280910448520444
mean: 1805.8537099531934
nL: 4.499529449971119
nR: 2.2535562702647693
norm: 40.280910448520444
sigma: 84.87843035035007
sigmaL: 87.99198111135233
sigmaR: 42.41110321671815
widthL: 87.99198111135233
widthR: 42.41110321671815
x0: 1805.8537099531934
