alphaL: 0.9706555125925611
alphaR: 1.4929569985541373
event_sum: 23.772583502344787
mean: 1754.159125128426
nL: 0.5030341295091441
nR: 4.428445367676785
norm: 23.772583502344787
sigma: 421.60462852778096
sigmaL: 152.2433115898105
sigmaR: 107.5453736947486
widthL: 152.2433115898105
widthR: 107.5453736947486
x0: 1754.159125128426
