alphaL: 0.9033487766813143
alphaR: 1.9431804556060235
event_sum: 32.401277185301296
fraction: 0.9983436411902861
mean: 1801.6659077106817
nL: 19.919202304176682
nR: 2.601433734672598
norm: 32.35929321346339
sigma: 95.29132042846018
sigmaL: 63.2216350206766
sigmaR: 49.53149384004796
widthL: 63.2216350206766
widthR: 49.53149384004796
x0: 1801.6659077106817
