alphaL: 1.5987744380741904
alphaR: 1.9178416917215584
event_sum: 46.69912816362921
mean: 1805.5048721706364
nL: 4.499994643343269
nR: 4.063345742261627
norm: 46.69912816362921
sigma: 84.79598125109936
sigmaL: 82.36612213190615
sigmaR: 45.64220426263644
widthL: 82.36612213190615
widthR: 45.64220426263644
x0: 1805.5048721706364
