alphaL: 1.3608904920231724
alphaR: 2.375350553627282
event_sum: 36.86829158838373
fraction: 0.9986388575580131
mean: 1803.8970488076884
nL: 9.981649964625607
nR: 2.076142661146918
norm: 36.85215551208239
sigma: 84.97956489524194
sigmaL: 83.49548359644518
sigmaR: 43.78941271670678
widthL: 83.49548359644518
widthR: 43.78941271670678
x0: 1803.8970488076884
