alphaL: 1.1163069027852737
alphaR: 2.1091038965590894
event_sum: 37.3606911546085
fraction: 0.9971177982210335
mean: 1800.213753832933
nL: 9.995426034484487
nR: 2.0002693211849305
norm: 37.32651381602045
sigma: 95.29132042846018
sigmaL: 72.9166281386449
sigmaR: 46.35194891315568
widthL: 72.9166281386449
widthR: 46.35194891315568
x0: 1800.213753832933
