alphaL: 0.7097519329185769
alphaR: 1.4767260807949476
event_sum: 23.772583502344787
mean: 1754.8448049110693
nL: 1.000316352120235
nR: 4.477476179723314
norm: 23.772583502344787
sigma: 421.5887541169486
sigmaL: 134.74376863963823
sigmaR: 106.6056051319914
widthL: 134.74376863963823
widthR: 106.6056051319914
x0: 1754.8448049110693
