alphaL: 0.8554028645092643
alphaR: 1.9308737569194119
event_sum: 32.401277185301296
fraction: 0.9872826308216589
mean: 1801.2924083123787
nL: 15.45693426997438
nR: 2.709219331445623
norm: 32.11953235848341
sigma: 95.29132042846018
sigmaL: 61.07839182133895
sigmaR: 49.659932964693766
widthL: 61.07839182133895
widthR: 49.659932964693766
x0: 1801.2924083123787
