alphaL: 1.7503053908410542
alphaR: 2.2780435843603173
event_sum: 40.27534710173495
mean: 1807.195312374148
nL: 4.498251470593796
nR: 2.251946728439121
norm: 40.27534710173495
sigma: 84.72778057987412
sigmaL: 91.40169560254036
sigmaR: 41.852576863253915
widthL: 91.40169560254036
widthR: 41.852576863253915
x0: 1807.195312374148
