alphaL: 1.4214743094842168
alphaR: 2.070508726216465
event_sum: 3.835234956815839
mean: 1804.3580324037518
nL: 3.9991210317488273
nR: 1.9184207628924843
norm: 3.835234956815839
sigma: 95.19806702692475
sigmaL: 80.84445067315913
sigmaR: 43.99360891309385
widthL: 80.84445067315913
widthR: 43.99360891309385
x0: 1804.3580324037518
