alphaL: 1.2256788841336304
alphaR: 1.8989921748411316
event_sum: 3.3155237774190027
mean: 1804.2764711786726
nL: 4.499431793640758
nR: 2.535303803916232
norm: 3.3155237774190027
sigma: 95.29850644474058
sigmaL: 71.64792706268713
sigmaR: 48.10623143109253
widthL: 71.64792706268713
widthR: 48.10623143109253
x0: 1804.2764711786726
