alphaL: 0.9290478302254336
alphaR: 2.2024215240110863
event_sum: 37.3606911546085
fraction: 0.9972386617478662
mean: 1797.6289385269633
nL: 19.999611815577584
nR: 1.8108942403509638
norm: 37.32651381602045
sigma: 95.29132042846018
sigmaL: 65.72652139407121
sigmaR: 47.743520442989094
widthL: 65.72652139407121
widthR: 47.743520442989094
x0: 1797.6289385269633
