alphaL: 1.086510445298379
alphaR: 1.3962785071928698
event_sum: 21.088420232990757
mean: 1758.1948292318655
nL: 0.7907953562914094
nR: 4.414900402854942
norm: 21.088420232990757
sigma: 421.60462852778096
sigmaL: 155.9186602976714
sigmaR: 103.18937354844384
widthL: 155.9186602976714
widthR: 103.18937354844384
x0: 1758.1948292318655
