alphaL: 1.1582482512737313
alphaR: 2.444538654147374
event_sum: 36.86829158838373
fraction: 0.9989346508724211
mean: 1801.1318908411367
nL: 19.987582508114485
nR: 1.9808193841756114
norm: 36.85215551208239
sigma: 84.97956489524194
sigmaL: 77.16513254723752
sigmaR: 45.21395154756028
widthL: 77.16513254723752
widthR: 45.21395154756028
x0: 1801.1318908411367
