alphaL: 1.4370309003143062
alphaR: 2.0899630479820606
event_sum: 46.59280747920275
mean: 1803.1099423585822
nL: 4.499673601601356
nR: 3.097940156764559
norm: 46.59280747920275
sigma: 84.87843035035007
sigmaL: 77.85554317406677
sigmaR: 47.16851516617185
widthL: 77.85554317406677
widthR: 47.16851516617185
x0: 1803.1099423585822
