alphaL: 1.1391567384900436
alphaR: 2.004358358469145
event_sum: 3.3039694896069705
mean: 1803.655636623873
nL: 4.560596132959354
nR: 2.179334128747169
norm: 3.3039694896069705
sigma: 95.29850644474058
sigmaL: 69.85613277672768
sigmaR: 48.74380550450299
widthL: 69.85613277672768
widthR: 48.74380550450299
x0: 1803.655636623873
