alphaL: 1.340065434950169
alphaR: 2.095863283884809
event_sum: 3.8351984465916757
mean: 1802.6049027938075
nL: 4.484196954618754
nR: 1.9241203977581975
norm: 3.8351984465916757
sigma: 95.29850644474058
sigmaL: 77.99035068210894
sigmaR: 45.048905454427015
widthL: 77.99035068210894
widthR: 45.048905454427015
x0: 1802.6049027938075
