alphaL: 1.6001979217458386
alphaR: 2.2920538461313065
event_sum: 40.18258922849782
mean: 1805.8349252545472
nL: 4.499990784899374
nR: 2.306125662386494
norm: 40.18258922849782
sigma: 84.72778057987412
sigmaL: 88.0043704074768
sigmaR: 42.49106334871855
widthL: 88.0043704074768
widthR: 42.49106334871855
x0: 1805.8349252545472
