alphaL: 1.0257948239243766
alphaR: 1.3623221095966014
event_sum: 21.088420232990757
mean: 1760.8103341204699
nL: 1.0002057390271286
nR: 4.495469935568053
norm: 21.088420232990757
sigma: 421.5887541169486
sigmaL: 156.16450837371227
sigmaR: 101.31107756784515
widthL: 156.16450837371227
widthR: 101.31107756784515
x0: 1760.8103341204699
