alphaL: 1.0282995670371926
alphaR: 2.3263147180481236
event_sum: 42.81608404533472
fraction: 0.9992113099403133
mean: 1797.913665369758
nL: 19.99979734361403
nR: 2.482263760286814
norm: 42.807310526724905
sigma: 84.97956489524194
sigmaL: 66.54054296545019
sigmaR: 50.346499360762905
widthL: 66.54054296545019
widthR: 50.346499360762905
x0: 1797.913665369758
