alphaL: 1.3254004253336518
alphaR: 1.9440972400052619
event_sum: 3.3150380567312823
mean: 1804.988244904653
nL: 3.9445362894086347
nR: 2.3360226908175608
norm: 3.3150380567312823
sigma: 95.19806702692475
sigmaL: 74.12880108918434
sigmaR: 48.03794646388652
widthL: 74.12880108918434
widthR: 48.03794646388652
x0: 1804.988244904653
