alphaL: 1.20864854098956
alphaR: 1.942263074300434
event_sum: 3.3155237774190027
mean: 1802.9598893518064
nL: 4.498961387505938
nR: 2.4510982927579685
norm: 3.3155237774190027
sigma: 95.29850644474058
sigmaL: 70.05277667050572
sigmaR: 48.935367779521435
widthL: 70.05277667050572
widthR: 48.935367779521435
x0: 1802.9598893518064
