alphaL: 1.6516243222802
alphaR: 2.2459760222902796
event_sum: 40.280910448520444
mean: 1806.306297915951
nL: 3.9770808405839664
nR: 2.3748703055180678
norm: 40.280910448520444
sigma: 84.87843035035007
sigmaL: 88.88777892867735
sigmaR: 42.13902188466132
widthL: 88.88777892867735
widthR: 42.13902188466132
x0: 1806.306297915951
