alphaL: 0.8324408222864234
alphaR: 2.3806507634557423
event_sum: 42.608762147370726
mean: 1795.9968510801925
nL: 129.37718038852265
nR: 2.331457099465459
norm_2016: 42.608762147370726
norm_2017: 42.608762147370726
norm_2018: 42.608762147370726
norm_Run2: 42.608762147370726
sigma: 84.97956489524194
sigmaL: 59.27256480972405
sigmaR: 51.271733970258126
widthL: 59.27256480972405
widthR: 51.271733970258126
x0: 1795.9968510801925
