alphaL: 0.9387531878411297
alphaR: 2.428005099692799
event_sum: 36.652171126334
mean: 1799.1300099822658
nL: 140.6642628741831
nR: 2.182634660001002
norm_2016: 36.652171126334
norm_2017: 36.652171126334
norm_2018: 36.652171126334
norm_Run2: 36.652171126334
sigma: 84.97956489524194
sigmaL: 69.73950877387462
sigmaR: 45.96830754434322
widthL: 69.73950877387462
widthR: 45.96830754434322
x0: 1799.1300099822658
