alphaL: 0.9822142893578295
alphaR: 1.5126696207577903
event_sum: 19.611202824511565
mean: 1780.5959233286649
nL: 1.4427961281962223
nR: 3.8331512326546098
norm_2016: 19.611202824511565
norm_2017: 19.611202824511565
norm_2018: 19.611202824511565
norm_Run2: 19.611202824511565
sigma: 100.8
sigmaL: 112.26759264208032
sigmaR: 82.3471329833218
widthL: 112.26759264208032
widthR: 82.3471329833218
x0: 1780.5959233286649
