alphaL: 0.994644990096313
alphaR: 1.5051302694957318
event_sum: 19.611202824511565
mean: 1781.5214834373628
nL: 1.4345502974058653
nR: 3.8083159530507213
norm_2016: 5.379688745364547
norm_2017: 6.114843009389006
norm_2018: 8.48090245644562
norm_Run2: 19.611202824511565
sigma: 100.8
sigmaL: 113.99660540780116
sigmaR: 81.65132624460325
widthL: 113.99660540780116
widthR: 81.65132624460325
x0: 1781.5214834373628
