alphaL: 0.8552955560640153
alphaR: 1.9308029922100018
event_sum: 32.11953235848341
mean: 1801.2937206063032
nL: 15.477383595357521
nR: 2.7095230762094897
norm_2016: 8.87936572835315
norm_2017: 9.8987405867083
norm_2018: 14.101598538691178
norm_Run2: 32.11953235848341
sigma: 95.29132042846018
sigmaL: 61.07728115822889
sigmaR: 49.658849677738004
widthL: 61.07728115822889
widthR: 49.658849677738004
x0: 1801.2937206063032
