alphaL: 0.8759208097846006
alphaR: 1.3374419252363583
event_sum: 16.383437404292636
mean: 1748.6916090176558
nL: 0.5912896703648437
nR: 8.962520700648845
norm_2016: 4.414461595704779
norm_2017: 5.042124177329242
norm_2018: 7.199543296359479
norm_Run2: 16.383437404292636
sigma: 180.0
sigmaL: 139.6281346537539
sigmaR: 109.01109764703428
widthL: 139.6281346537539
widthR: 109.01109764703428
x0: 1748.6916090176558
