alphaL: 1.1206969955539337
alphaR: 1.3116089215395499
event_sum: 17.032366641331464
mean: 1759.2199480554725
nL: 0.6654192531010091
nR: 5.1479023848749055
norm_2016: 4.27418196212966
norm_2017: 5.344006383558735
norm_2018: 7.68815496051684
norm_Run2: 17.032366641331464
sigma: 180.0
sigmaL: 155.86839795884282
sigmaR: 100.82149176564029
widthL: 155.86839795884282
widthR: 100.82149176564029
x0: 1759.2199480554725
