alphaL: 1.075825993710753
alphaR: 1.4401047546049826
event_sum: 21.84184449131135
mean: 1780.0320689702594
nL: 1.8580168859897577
nR: 3.6115717807353676
norm_2016: 21.84184449131135
norm_2017: 21.84184449131135
norm_2018: 21.84184449131135
norm_Run2: 21.84184449131135
sigma: 100.8
sigmaL: 114.67140782017772
sigmaR: 77.79953514431806
widthL: 114.67140782017772
widthR: 77.79953514431806
x0: 1780.0320689702594
