alphaL: 0.7782605518684511
alphaR: 2.2166992966600954
event_sum: 37.0332106531132
mean: 1796.80299985034
nL: 79.20123984479197
nR: 1.750384572898375
norm_2016: 9.495631626690738
norm_2017: 11.605181607417762
norm_2018: 16.90696074650623
norm_norm_Run2: 38.00777398061473
sigma: 95.29132042846018
sigmaL: 59.79551839135663
sigmaR: 48.053734564834514
widthL: 59.79551839135663
widthR: 48.053734564834514
x0: 1796.80299985034
