alphaL: 1.4859757257457908
alphaR: 1.3848009548701103
event_sum: 0.8110995065507652
mean: 2671.8084734229196
nL: 3.9717596054163664
nR: 3.6666853936571173
norm: 0.8110995065507652
sigma: 161.12970398631546
sigmaL: 121.19990780950593
sigmaR: 57.90671972460437
widthL: 121.19990780950593
widthR: 57.90671972460437
x0: 2671.8084734229196
