alphaL: 1.0848873770172012
alphaR: 2.0160995656285263
event_sum: 14.963664923608697
fraction: 0.9980680225526712
mean: 2657.1716019307155
nL: 9.98756852748131
nR: 2.002596284532588
norm: 14.933171970387937
sigma: 161.0425747784476
sigmaL: 101.82067821087409
sigmaR: 61.926381740710625
widthL: 101.82067821087409
widthR: 61.926381740710625
x0: 2657.1716019307155
