alphaL: 1.188718553124315
alphaR: 2.1658950040973117
event_sum: 2.6729088310889786
mean: 2653.2510270272523
nL: 4.616612267050299
nR: 3.4679460077894366
norm: 2.6729088310889786
sigma: 118.20931456073296
sigmaL: 96.41522999500654
sigmaR: 65.95602286556665
widthL: 96.41522999500654
widthR: 65.95602286556665
x0: 2653.2510270272523
