alphaL: 1.171362884666025
alphaR: 1.893566375179082
event_sum: 3.6451597978804555
fraction: 0.9992182867160442
mean: 2655.38937887731
nL: 10.0
nR: 4.5
norm: 3.644475661681465
sigma: 118.37955264308606
sigmaL: 102.98703159394043
sigmaR: 60.665992257708766
widthL: 102.98703159394043
widthR: 60.665992257708766
x0: 2655.38937887731
