alphaL: 1.289036531208949
alphaR: 2.135529920318016
event_sum: 2.6855616075382893
mean: 2649.268039544583
nL: 3.4619072221097307
nR: 3.9549429197764727
norm: 2.6855616075382893
sigma: 118.20931456073296
sigmaL: 94.53255723291795
sigmaR: 68.21841054819816
widthL: 94.53255723291795
widthR: 68.21841054819816
x0: 2649.268039544583
