alphaL: 1.1106482796417314
alphaR: 1.8066660548257036
event_sum: 0.8095355602135684
mean: 2659.9618725040164
nL: 4.664055974068356
nR: 2.420955996651425
norm: 0.8095355602135684
sigma: 161.12970398631546
sigmaL: 98.6458659975541
sigmaR: 68.58292964818853
widthL: 98.6458659975541
widthR: 68.58292964818853
x0: 2659.9618725040164
