alphaL: 0.9637339326289489
alphaR: 1.7971146481314753
event_sum: 8.172365548919366
fraction: 0.9979156518588765
mean: 2655.5639238023805
nL: 9.922044852696592
nR: 2.6221341771232174
norm: 8.11847940627521
sigma: 161.0425747784476
sigmaL: 92.87178674099893
sigmaR: 71.49205896669402
widthL: 92.87178674099893
widthR: 71.49205896669402
x0: 2655.5639238023805
