alphaL: 1.2547413349027825
alphaR: 2.227719399680169
event_sum: 2.6899316189843248
fraction: 0.9991022756983094
mean: 2655.444890328972
nL: 9.237544242203
nR: 2.431642314747345
norm: 2.6896477702340684
sigma: 118.37955264308606
sigmaL: 100.54529646307141
sigmaR: 64.78221117919647
widthL: 100.54529646307141
widthR: 64.78221117919647
x0: 2655.444890328972
