alphaL: 1.186095525795876
alphaR: 2.0770991746811847
event_sum: 3.623414707557111
mean: 2654.5050491370253
nL: 4.634577404806002
nR: 2.795948630836841
norm: 3.623414707557111
sigma: 118.20931456073296
sigmaL: 101.1142556727372
sigmaR: 60.01468163859292
widthL: 101.1142556727372
widthR: 60.01468163859292
x0: 2654.5050491370253
