alphaL: 0.01
alphaR: 2.435988282552955
event_sum: 1.4889956294441182
mean: 2620.268221396476
nL: 4.982810444845794
nR: 1.4911244445826652
norm: 1.4889956294441182
sigma: 161.12970398631546
sigmaL: 5.0
sigmaR: 81.00886705569653
widthL: 5.0
widthR: 81.00886705569653
x0: 2620.268221396476
