alphaL: 1.4715516902660764
alphaR: 1.5688863325099314
event_sum: 1.492455990437516
mean: 2667.44934562553
nL: 4.295832644335637
nR: 2.946477993681496
norm: 1.492455990437516
sigma: 161.12970398631546
sigmaL: 120.68000523534083
sigmaR: 54.31229679737653
widthL: 120.68000523534083
widthR: 54.31229679737653
x0: 2667.44934562553
