alphaL: 1.3902834081732007
alphaR: 1.9242478316798426
event_sum: 3.638777500145909
mean: 2658.552188953843
nL: 4.497634977370887
nR: 3.7147614775027975
norm: 3.638777500145909
sigma: 118.20931456073296
sigmaL: 111.56133200981989
sigmaR: 59.98153256872866
widthL: 111.56133200981989
widthR: 59.98153256872866
x0: 2658.552188953843
