alphaL: 1.2688099180176733
alphaR: 2.1855568646965353
event_sum: 5.815704929063828
mean: 2357.9704190896055
nL: 4.750345436712608
nR: 2.6267805245015925
norm: 5.815704929063828
sigma: 107.25596149268188
sigmaL: 96.51726182370815
sigmaR: 52.57631701473901
widthL: 96.51726182370815
widthR: 52.57631701473901
x0: 2357.9704190896055
