alphaL: 0.9959781936909637
alphaR: 2.126392400706355
event_sum: 14.012560099996618
fraction: 0.9969794630843472
mean: 2355.7197620212223
nL: 9.98959353271941
nR: 1.7782224487101637
norm: 13.999371495760307
sigma: 135.2127861419152
sigmaL: 84.08412737686368
sigmaR: 59.38287038839172
widthL: 84.08412737686368
widthR: 59.38287038839172
x0: 2355.7197620212223
