alphaL: 1.2301448373631823
alphaR: 1.877685538239548
event_sum: 0.8945261894809842
mean: 2358.838717138797
nL: 4.529975124851365
nR: 2.00967190001309
norm: 0.8945261894809842
sigma: 135.18952938388767
sigmaL: 89.71582578506118
sigmaR: 60.85001118283494
widthL: 89.71582578506118
widthR: 60.85001118283494
x0: 2358.838717138797
