alphaL: 1.161754472508922
alphaR: 2.0471152318852672
event_sum: 4.911186224965866
fraction: 0.9991829001508306
mean: 2355.1009538639605
nL: 9.986288413892753
nR: 3.264280415447184
norm: 4.909938952253516
sigma: 107.3703013070431
sigmaL: 87.25368654267716
sigmaR: 60.236023385413006
widthL: 87.25368654267716
widthR: 60.236023385413006
x0: 2355.1009538639605
