alphaL: 1.4465171500847358
alphaR: 2.3816705457176273
event_sum: 5.844162487911217
mean: 2360.7172156588563
nL: 4.495117563309664
nR: 1.5951893711365197
norm: 5.844162487911217
sigma: 107.25596149268188
sigmaL: 103.0391796084992
sigmaR: 51.69767102532644
widthL: 103.0391796084992
widthR: 51.69767102532644
x0: 2360.7172156588563
