alphaL: 1.1816659823261175
alphaR: 2.002248765374598
event_sum: 4.883286772077622
mean: 2354.3433763731023
nL: 4.655355490572584
nR: 3.715680333555566
norm: 4.883286772077622
sigma: 107.25596149268188
sigmaL: 85.10557822074489
sigmaR: 60.52878683458489
widthL: 85.10557822074489
widthR: 60.52878683458489
x0: 2354.3433763731023
