alphaL: 1.1809350231338436
alphaR: 1.909938644282253
event_sum: 0.8916093357315162
mean: 2358.6205202122264
nL: 3.9007017721247577
nR: 2.0521009106804735
norm: 0.8916093357315162
sigma: 135.18952938388767
sigmaL: 88.33406332664333
sigmaR: 60.49601360131018
widthL: 88.33406332664333
widthR: 60.49601360131018
x0: 2358.6205202122264
