alphaL: 1.2223373555408497
alphaR: 2.1777916701764743
event_sum: 1.3989428115234177
mean: 2356.9660842271437
nL: 4.4799514913076335
nR: 1.5510695343805507
norm: 1.3989428115234177
sigma: 135.18952938388767
sigmaL: 91.81558052015373
sigmaR: 59.71458727946992
widthL: 91.81558052015373
widthR: 59.71458727946992
x0: 2356.9660842271437
