alphaL: 1.3901893803657046
alphaR: 1.9245019133509325
event_sum: 4.899750328408036
mean: 2358.85634224243
nL: 4.470170596940157
nR: 3.8686693908546106
norm: 4.899750328408036
sigma: 107.25596149268188
sigmaL: 94.55163803620553
sigmaR: 57.90781334015289
widthL: 94.55163803620553
widthR: 57.90781334015289
x0: 2358.85634224243
