alphaL: 1.291334140408325
alphaR: 2.209550407130062
event_sum: 5.85493129405723
fraction: 0.9988271767137135
mean: 2361.003670792372
nL: 9.998818529333752
nR: 2.205141918937657
norm: 5.854193491781676
sigma: 107.3703013070431
sigmaL: 101.44513159822918
sigmaR: 51.21053148810495
widthL: 101.44513159822918
widthR: 51.21053148810495
x0: 2361.003670792372
