alphaL: 1.2959545494538705
alphaR: 2.1255051805171066
event_sum: 1.39591685371945
mean: 2363.4349160826914
nL: 4.523849391546418
nR: 1.4228531545669192
norm: 1.39591685371945
sigma: 135.18952938388767
sigmaL: 101.22075994835537
sigmaR: 55.26632322146745
widthL: 101.22075994835537
widthR: 55.26632322146745
x0: 2363.4349160826914
