alphaL: 1.0336382431318512
alphaR: 1.8973022048382782
event_sum: 8.982919459871695
fraction: 0.9970150648302285
mean: 2358.9399525254985
nL: 10.0
nR: 2.1236454709054344
norm: 8.95408513483409
sigma: 135.2127861419152
sigmaL: 85.57004175857747
sigmaR: 60.11732226237097
widthL: 85.57004175857747
widthR: 60.11732226237097
x0: 2358.9399525254985
