alphaL: 0.878549114507814
alphaR: 1.6486256378779698
event_sum: 0.3454636076604558
mean: 2122.481827408904
nL: 3.4940040350136865
nR: 1.6276923024702619
norm: 0.3454636076604558
sigma: 120.4
sigmaL: 153.50287971444754
sigmaR: 95.18678131847477
widthL: 153.50287971444754
widthR: 95.18678131847477
x0: 2122.481827408904
