alphaL: 1.228170836805057
alphaR: 1.3791877291478636
event_sum: 5.591028525448096
fraction: 0.8485423810491773
mean: 2136.1932752209377
nL: 0.7592174652309209
nR: 3.359905282529768
norm: 3.499465738880758
sigma: 120.4
sigmaL: 164.55737770428001
sigmaR: 84.55934945464706
widthL: 164.55737770428001
widthR: 84.55934945464706
x0: 2136.1932752209377
