alphaL: 0.9925966513744147
alphaR: 1.642485142015643
event_sum: 0.4387655848220387
mean: 2105.0224973970594
nL: 1.1714810754368699
nR: 3.079511393679328
norm: 0.4387655848220387
sigma: 120.4
sigmaL: 111.4853788872015
sigmaR: 102.21507851224426
widthL: 111.4853788872015
widthR: 102.21507851224426
x0: 2105.0224973970594
