alphaL: 1.1961020540862333
alphaR: 1.2258775168430935
event_sum: 5.498181478329637
fraction: 0.8861286934494303
mean: 2130.308286210143
nL: 1.1096981401359225
nR: 4.39715829142794
norm: 4.400148634236056
sigma: 120.4
sigmaL: 147.6277584714466
sigmaR: 79.0761988471258
widthL: 147.6277584714466
widthR: 79.0761988471258
x0: 2130.308286210143
