alphaL: 0.9501318045747513
alphaR: 1.460110026632
event_sum: 0.45890649859313243
mean: 2119.3668885245306
nL: 1.8299140277336465
nR: 3.836836152460069
norm: 0.45890649859313243
sigma: 120.4
sigmaL: 130.9590772613699
sigmaR: 92.0687796516673
widthL: 130.9590772613699
widthR: 92.0687796516673
x0: 2119.3668885245306
