alphaL: 1.1424790486990148
alphaR: 1.7883323135779183
event_sum: 0.36375310423044305
mean: 2100.156261969688
nL: 1.0046308308072611
nR: 3.864606309024402
norm: 0.36375310423044305
sigma: 120.4
sigmaL: 142.02911482754652
sigmaR: 119.55201772209178
widthL: 142.02911482754652
widthR: 119.55201772209178
x0: 2100.156261969688
