alphaL: 1.1381753683268603
alphaR: 1.3939266035450508
event_sum: 5.621342134974416
fraction: 0.8641263615978098
mean: 2084.097082195691
nL: 0.9329259540303503
nR: 3.4395222769230274
norm: 3.6745300265189265
sigma: 117.6
sigmaL: 149.62867004216344
sigmaR: 84.82386647654474
widthL: 149.62867004216344
widthR: 84.82386647654474
x0: 2084.097082195691
