alphaL: 0.9978593368510883
alphaR: 1.4750192750092506
event_sum: 0.4736337821749243
mean: 2066.7693268575445
nL: 1.6699972036076522
nR: 4.052452376322296
norm: 0.4736337821749243
sigma: 117.6
sigmaL: 130.605070373176
sigmaR: 93.13888228197592
widthL: 130.605070373176
widthR: 93.13888228197592
x0: 2066.7693268575445
