alphaL: 1.1436579327984322
alphaR: 1.3024426821386084
event_sum: 5.474002685475671
fraction: 0.8964374537144211
mean: 2078.458212038398
nL: 1.3383517309932986
nR: 4.06908184521881
norm: 4.45111211586357
sigma: 117.6
sigmaL: 144.56561167670478
sigmaR: 80.96208459069224
widthL: 144.56561167670478
widthR: 80.96208459069224
x0: 2078.458212038398
