alphaL: 0.911692050871343
alphaR: 1.556369014161054
event_sum: 0.370692134887394
mean: 2083.089553414403
nL: 2.9558855335419665
nR: 1.7473316261004073
norm: 0.370692134887394
sigma: 117.6
sigmaL: 151.93188923162393
sigmaR: 87.1587390149557
widthL: 151.93188923162393
widthR: 87.1587390149557
x0: 2083.089553414403
