alphaL: 1.1256268364454682
alphaR: 1.6069092511040612
event_sum: 0.389712218140303
mean: 2063.243969116241
nL: 1.0086027743580155
nR: 3.8351511473379594
norm: 0.389712218140303
sigma: 117.6
sigmaL: 137.10448555538122
sigmaR: 105.6831828496405
widthL: 137.10448555538122
widthR: 105.6831828496405
x0: 2063.243969116241
