alphaL: 0.9790695109072411
alphaR: 1.7313982417070448
event_sum: 0.4529800070328234
mean: 2056.633673181984
nL: 1.4125074103863393
nR: 2.623390700250313
norm: 0.4529800070328234
sigma: 117.6
sigmaL: 115.00620828126371
sigmaR: 101.28464326899362
widthL: 115.00620828126371
widthR: 101.28464326899362
x0: 2056.633673181984
