alphaL: 1.049679390323026
alphaR: 1.4225274135062285
event_sum: 22.78563571055988
mean: 1485.6292537335314
nL: 3.347363377960161
nR: 4.371848769063416
norm_2016: 5.773524721116856
norm_2017: 7.197717763424674
norm_2018: 10.277375319338189
norm_Run2: 22.78563571055988
sigma: 84.0
sigmaL: 98.26755706270828
sigmaR: 66.44244938955033
widthL: 98.26755706270828
widthR: 66.44244938955033
x0: 1485.6292537335314
