alphaL: 0.9201227018133278
alphaR: 2.5333071112336025
event_sum: 50.54202251136303
fraction: 0.9999435652787987
mean: 706.4641764292376
nL: 7.445695167602801
nR: 4.29639437784025
norm: 50.534168273210526
sigma: 35.04107065453644
sigmaL: 33.056509930607966
sigmaR: 27.08534903150978
widthL: 33.056509930607966
widthR: 27.08534903150978
x0: 706.4641764292376
