alphaL: 0.6459439257681469
alphaR: 2.4559488739784827
event_sum: 0.31059301459390554
mean: 706.5007835730555
nL: 3.472462705268272
nR: 1.7511794445476532
norm: 0.31059301459390554
sigma: 34.666026820510346
sigmaL: 33.40593536898458
sigmaR: 23.668002770503655
widthL: 33.40593536898458
widthR: 23.668002770503655
x0: 706.5007835730555
