alphaL: 3.850995413659513
alphaR: 3.8311094223419917
event_sum: 15.951957687735558
mean: 706.283364373438
nL: 3.9439128049143406
nR: 0.24445138173439052
norm: 15.951957687735558
sigma: 35.11735692741512
sigmaL: 42.839037745134966
sigmaR: 25.184222108132886
widthL: 42.839037745134966
widthR: 25.184222108132886
x0: 706.283364373438
