alphaL: 1.008635089690883
alphaR: 1.2491690938900148
event_sum: 5.948231760005001
mean: 705.2181445415446
nL: 2.0
nR: 3.0890698801783545
norm: 5.948231760005001
sigma: 75.63494649406476
sigmaL: 67.22259598006632
sigmaR: 40.42601976820079
widthL: 67.22259598006632
widthR: 40.42601976820079
x0: 705.2181445415446
