alphaL: 0.9985602945002197
alphaR: 2.042060925019415
event_sum: 0.8285399352062086
mean: 709.1610731705966
nL: 3.93174419897273
nR: 3.729525843420295
norm: 0.8285399352062086
sigma: 34.666026820510346
sigmaL: 31.85517132717874
sigmaR: 24.676526465708903
widthL: 31.85517132717874
widthR: 24.676526465708903
x0: 709.1610731705966
