alphaL: 1.0008605819660208
alphaR: 3.080048815710253
event_sum: 14.01588798314333
mean: 704.738950457499
nL: 4.490547654134567
nR: 4.331623554626292
norm: 14.01588798314333
sigma: 35.04107065453644
sigmaL: 37.371156817012746
sigmaR: 25.766222274846644
widthL: 37.371156817012746
widthR: 25.766222274846644
x0: 704.738950457499
