alphaL: 4.906426808046449
alphaR: 2.493788925196004
event_sum: 50.54202251136303
mean: 707.9472808466388
nL: 1.0349669378759865
nR: 4.042238493815081
norm: 50.54202251136303
sigma: 35.04107065453644
sigmaL: 37.186423678086655
sigmaR: 26.421002958103237
widthL: 37.186423678086655
widthR: 26.421002958103237
x0: 707.9472808466388
