alphaL: 3.1749194059385304
alphaR: 2.909450452847955
event_sum: 55.301690831780434
mean: 708.4013034512787
nL: 2.7230967319005592
nR: 2.4258639250301908
norm: 55.301690831780434
sigma: 35.11735692741512
sigmaL: 39.43499932265617
sigmaR: 26.495551391137408
widthL: 39.43499932265617
widthR: 26.495551391137408
x0: 708.4013034512787
