alphaL: 3.7435694372100916
alphaR: 2.709202816959326
event_sum: 50.50275132060051
mean: 707.756512572437
nL: 1.0325932787873457
nR: 4.276382193726788
norm: 50.50275132060051
sigma: 35.11735692741512
sigmaL: 37.19672040358416
sigmaR: 26.642250566017353
widthL: 37.19672040358416
widthR: 26.642250566017353
x0: 707.756512572437
