alphaL: 1.25886815490358
alphaR: 2.0183686792135047
event_sum: 8.288625443354249
fraction: 0.9996607740104158
mean: 711.974930750974
nL: 9.862940289306517
nR: 3.780486380600393
norm: 8.28724277674337
sigma: 34.518581853463374
sigmaL: 37.10926695510464
sigmaR: 23.623401071147537
widthL: 37.10926695510464
widthR: 23.623401071147537
x0: 711.974930750974
