alphaL: 0.9620855935904429
alphaR: 3.1969136203078805
event_sum: 14.011960864067078
mean: 704.1956562157023
nL: 4.283424115368268
nR: 1.6577700690103856
norm: 14.011960864067078
sigma: 35.11735692741512
sigmaL: 37.00654778466981
sigmaR: 26.16938663873272
widthL: 37.00654778466981
widthR: 26.16938663873272
x0: 704.1956562157023
