alphaL: 0.9985949717481187
alphaR: 2.0410405543951127
event_sum: 0.8285399352062086
mean: 709.0998890393361
nL: 3.9774182357831305
nR: 3.72873039799956
norm: 0.8285399352062086
sigma: 34.666026820510346
sigmaL: 31.86660660928224
sigmaR: 24.70033286374174
widthL: 31.86660660928224
widthR: 24.70033286374174
x0: 709.0998890393361
