alphaL: 1.118974603313087
alphaR: 2.044397195061895
event_sum: 26.06394225131953
fraction: 0.9994696679123712
mean: 706.2135982764817
nL: 11.63945315415031
nR: 5.500998773107968
norm: 8.284016554651316
sigma: 34.41848132076964
sigmaL: 33.55959783134103
sigmaR: 24.974902837938643
widthL: 33.55959783134103
widthR: 24.974902837938643
x0: 706.2135982764817
