alphaL: 0.859700595848231
alphaR: 2.9929666138420767
event_sum: 50.494897082448006
mean: 705.5294275365017
nL: 3.5984290458913764
nR: 2.193559054548998
norm: 50.494897082448006
sigma: 35.11735692741512
sigmaL: 31.078824447934053
sigmaR: 27.698154312263018
widthL: 31.078824447934053
widthR: 27.698154312263018
x0: 705.5294275365017
