alphaL: 0.9743201359270228
alphaR: 2.9500550971355413
event_sum: 14.01588798314333
fraction: 0.9999912700198549
mean: 704.615418946521
nL: 5.600143792582979
nR: 4.387190906520014
norm: 14.011960864067078
sigma: 35.04107065453644
sigmaL: 37.2972351717473
sigmaR: 25.795869020061097
widthL: 37.2972351717473
widthR: 25.795869020061097
x0: 704.615418946521
