alphaL: 3.137868690302651
alphaR: 2.120205580488688
event_sum: 0.9022821556172858
mean: 712.4585121014052
nL: 3.058598986922397
nR: 3.9716110464639955
norm: 0.9022821556172858
sigma: 34.60182474895789
sigmaL: 40.95308517146053
sigmaR: 23.922983586178923
widthL: 40.95308517146053
widthR: 23.922983586178923
x0: 712.4585121014052
