alphaL: 1.275816712877398
alphaR: 2.490219368450838
event_sum: 0.8281251352163963
mean: 709.3762058023399
nL: 0.5103671376067789
nR: 1.9751813749659264
norm: 0.8281251352163963
sigma: 34.666026820510346
sigmaL: 34.22738468624816
sigmaR: 25.58919230428591
widthL: 34.22738468624816
widthR: 25.58919230428591
x0: 709.3762058023399
