alphaL: 3.736781046132379
alphaR: 2.7054985774579925
event_sum: 50.50275132060051
mean: 707.623238395687
nL: 1.0324532487096294
nR: 4.274488328166076
norm: 50.50275132060051
sigma: 35.11735692741512
sigmaL: 37.04209346862751
sigmaR: 26.713870290503632
widthL: 37.04209346862751
widthR: 26.713870290503632
x0: 707.623238395687
