alphaL: 0.5953898925447132
alphaR: 2.7809020683555254
event_sum: 3.1063909857766703
fraction: 0.9999852561151072
mean: 703.767375585519
nL: 9.6845825080089
nR: 4.495399712635526
norm: 3.1063909857766703
sigma: 34.518581853463374
sigmaL: 27.086060985208007
sigmaR: 25.64321794135649
widthL: 27.086060985208007
widthR: 25.64321794135649
x0: 703.767375585519
