alphaL: 2.314962559064785
alphaR: 2.9638617762963064
event_sum: 0.3472797692484164
mean: 705.5735941071026
nL: 2.230746077634536
nR: 1.85113544321734
norm: 0.3472797692484164
sigma: 34.60182474895789
sigmaL: 38.93341215137919
sigmaR: 25.220507351763214
widthL: 38.93341215137919
widthR: 25.220507351763214
x0: 705.5735941071026
