alphaL: 1.9129867774640108
alphaR: 3.0392045706289723
event_sum: 14.011960864067078
mean: 706.0974574008334
nL: 2.4318124606356064
nR: 4.449477710819288
norm: 14.011960864067078
sigma: 35.11735692741512
sigmaL: 40.45813871523519
sigmaR: 25.18750534833743
widthL: 40.45813871523519
widthR: 25.18750534833743
x0: 706.0974574008334
