alphaL: 1.0000694451183523
alphaR: 1.4656941239840708
event_sum: 2.2256323546462227
mean: 688.3039476222579
nL: 2.0
nR: 3.1846852197118976
norm: 2.2256323546462227
sigma: 75.63494649406476
sigmaL: 85.41860937498934
sigmaR: 51.75216383323058
widthL: 85.41860937498934
widthR: 51.75216383323058
x0: 688.3039476222579
