alphaL: 0.7611650733428365
alphaR: 2.46152856080226
event_sum: 0.31063910348166246
mean: 705.3802784298866
nL: 2.730978772946157
nR: 3.418120104418266
norm: 0.31063910348166246
sigma: 34.666026820510346
sigmaL: 31.42028332628149
sigmaR: 24.68468618309256
widthL: 31.42028332628149
widthR: 24.68468618309256
x0: 705.3802784298866
