alphaL: 0.9215725587432381
alphaR: 2.5493564188302043
event_sum: 0.31063910348166246
mean: 705.8219581747089
nL: 1.442655316510585
nR: 3.5259831113314286
norm: 0.31063910348166246
sigma: 34.666026820510346
sigmaL: 34.4169154884263
sigmaR: 24.467540159452756
widthL: 34.4169154884263
widthR: 24.467540159452756
x0: 705.8219581747089
