alphaL: 1.9077817041097669
alphaR: 3.031041389518775
event_sum: 14.011960864067078
mean: 706.0001868264301
nL: 2.5127973624759252
nR: 4.447676839812025
norm: 14.011960864067078
sigma: 35.11735692741512
sigmaL: 40.3114189765905
sigmaR: 25.23811655637054
widthL: 40.3114189765905
widthR: 25.23811655637054
x0: 706.0001868264301
