alphaL: 0.6380973299506632
alphaR: 1.6104324610758098
event_sum: 5.761397450059033
mean: 2942.6648440615845
nL: 2.8389995456590733
nR: 2.1885580507700895
norm: 5.761397450059033
sigma: 255
sigmaL: 153.57181748796054
sigmaR: 128.88023196570919
widthL: 153.57181748796054
widthR: 128.88023196570919
x0: 2942.6648440615845
