alphaL: 0.914616861665985
alphaR: 1.4299247568100812
event_sum: 2.2696381209711856
mean: 1673.435604126331
nL: 2.6550460066213675
nR: 4.231460971898214
norm: 2.2696381209711856
sigma: 95.2
sigmaL: 93.2158714287939
sigmaR: 78.7511596984517
widthL: 93.2158714287939
widthR: 78.7511596984517
x0: 1673.435604126331
