alphaL: 0.8725044200845088
alphaR: 1.4544771401021155
event_sum: 2.176166565979426
mean: 1684.4936082005238
nL: 2.1026732463213857
nR: 3.8013751076851534
norm: 2.176166565979426
sigma: 95.2
sigmaL: 103.3328165299349
sigmaR: 76.06542701966612
widthL: 103.3328165299349
widthR: 76.06542701966612
x0: 1684.4936082005238
