alphaL: 1.0668317003551355
alphaR: 1.5020205353091651
event_sum: 27.125127013717524
fraction: 0.8985579639452022
mean: 1681.6571801081354
nL: 1.1254736523631421
nR: 3.9116669477346626
norm: 22.20288249321402
sigma: 95.2
sigmaL: 106.572053202395
sigmaR: 79.16191963938778
widthL: 106.572053202395
widthR: 79.16191963938778
x0: 1681.6571801081354
