alphaL: 1.243183930580332
alphaR: 1.3747225246457644
event_sum: 25.472000672005738
fraction: 0.9319667595786271
mean: 1688.1412065450024
nL: 1.4442396387763146
nR: 3.6461831600319745
norm: 22.918750348742027
sigma: 95.2
sigmaL: 122.56938136661164
sigmaR: 69.47505557877078
widthL: 122.56938136661164
widthR: 69.47505557877078
x0: 1688.1412065450024
