alphaL: 1.1053150799990425
alphaR: 1.5793570963403212
event_sum: 2.1911097517864855
mean: 1685.7275735398714
nL: 2.003795047375549
nR: 2.3816533729372473
norm: 2.1911097517864855
sigma: 95.2
sigmaL: 115.50596150900797
sigmaR: 72.90375784689617
widthL: 115.50596150900797
widthR: 72.90375784689617
x0: 1685.7275735398714
