alphaL: 0.7791308479303247
alphaR: 1.6766570929482996
event_sum: 2.0780078767695818
mean: 1672.7348580859973
nL: 2.563058462868316
nR: 2.952029061619673
norm: 2.0780078767695818
sigma: 95.2
sigmaL: 87.62809568328201
sigmaR: 86.41957844926552
widthL: 87.62809568328201
widthR: 86.41957844926552
x0: 1672.7348580859973
