alphaL: 0.9213534406121833
alphaR: 1.0086994592044451
event_sum: 0.4260203845333308
mean: 2011.2557423408066
nL: 1.0000000007901786
nR: 2.610199480897841
norm: 0.4260203845333308
sigma: 200.0
sigmaL: 212.45302697784706
sigmaR: 54.04021346453863
widthL: 212.45302697784706
widthR: 54.04021346453863
x0: 2011.2557423408066
