alphaL: 0.8397793134187421
alphaR: 0.9667321900294654
event_sum: 0.5780241465545259
mean: 2003.994163530968
nL: 1.0000466670347847
nR: 2.3571116488584174
norm: 0.5780241465545259
sigma: 200.0
sigmaL: 229.81445930389208
sigmaR: 57.56976070816226
widthL: 229.81445930389208
widthR: 57.56976070816226
x0: 2003.994163530968
