alphaL: 0.921354672870703
alphaR: 1.0087750532823774
event_sum: 0.4260203845333308
mean: 2011.347149452365
nL: 1.0000000009369825
nR: 2.6099870783953563
norm: 0.4260203845333308
sigma: 200.0
sigmaL: 212.4596579936105
sigmaR: 54.032740201356084
widthL: 212.4596579936105
widthR: 54.032740201356084
x0: 2011.347149452365
