alphaL: 1.1049787197483631
alphaR: 1.2931329127439481
event_sum: 4.407845663256012
fraction: 0.8369024345781291
mean: 1983.4198852860213
nL: 0.9359346758883522
nR: 3.0023613708491586
norm: 3.289718858199194
sigma: 200.0
sigmaL: 217.45932542559248
sigmaR: 85.19594114806725
widthL: 217.45932542559248
widthR: 85.19594114806725
x0: 1983.4198852860213
