alphaL: 1.1924601791873002
alphaR: 1.6078469107050513
event_sum: 0.3662124619804672
mean: 1950.2227889326907
nL: 0.15909790408115168
nR: 2.536951480088013
norm: 0.3662124619804672
sigma: 200.0
sigmaL: 194.9691201596193
sigmaR: 116.06688720386983
widthL: 194.9691201596193
widthR: 116.06688720386983
x0: 1950.2227889326907
