alphaL: 0.841455408799067
alphaR: 1.2787431088484351
event_sum: 0.28938700567232445
mean: 1986.121495772597
nL: 0.20033944281835758
nR: 1.4366736545789238
norm: 0.28938700567232445
sigma: 107.56206832658344
sigmaL: 157.3824414043468
sigmaR: 81.23837459338039
widthL: 157.3824414043468
widthR: 81.23837459338039
x0: 1986.121495772597
