alphaL: 0.546249702948296
alphaR: 2.020723366520093
event_sum: 0.2503678828215925
mean: 1898.7065858013214
nL: 0.20000001931865455
nR: 2.0653341836715087
norm: 0.2503678828215925
sigma: 107.56206832658344
sigmaL: 238.17893543580934
sigmaR: 161.33921835741285
widthL: 238.17893543580934
widthR: 161.33921835741285
x0: 1898.7065858013214
