alphaL: 0.5837869300839786
alphaR: 0.7689535338614788
event_sum: 0.4211526533472352
mean: 2012.776937625276
nL: 1.000000909103662
nR: 4.481422298001594
norm: 0.4211526533472352
sigma: 200.0
sigmaL: 233.44560288514433
sigmaR: 54.80892524644477
widthL: 233.44560288514433
widthR: 54.80892524644477
x0: 2012.776937625276
