alphaL: 1.0538672438158414
alphaR: 1.3406951052691203
event_sum: 5.189898075419478
fraction: 0.7557533673692195
mean: 1961.1092188992698
nL: 0.4001194347546685
nR: 4.176472965163699
norm: 3.030948970466852
sigma: 200.0
sigmaL: 200.07554949170162
sigmaR: 106.58318047960566
widthL: 200.07554949170162
widthR: 106.58318047960566
x0: 1961.1092188992698
