alphaL: 1.2182846390125617
alphaR: 1.3614560353222265
event_sum: 0.3923001661969465
mean: 1979.101922651027
nL: 0.4816554673893605
nR: 2.488725244212393
norm: 0.3923001661969465
sigma: 200.0
sigmaL: 206.81783508522236
sigmaR: 88.51776788641885
widthL: 206.81783508522236
widthR: 88.51776788641885
x0: 1979.101922651027
