alphaL: 1.0233368326821322
alphaR: 1.0240278948631323
event_sum: 0.49550516084127594
mean: 2004.9536670342475
nL: 1.3056712808448316
nR: 2.5938995973858687
norm: 0.49550516084127594
sigma: 200.0
sigmaL: 209.65302564879394
sigmaR: 56.63367156067477
widthL: 209.65302564879394
widthR: 56.63367156067477
x0: 2004.9536670342475
