alphaL: 0.4909570787138603
alphaR: 1.037307856611479
event_sum: 0.4211526533472352
mean: 1984.4546979083332
nL: 1.0000005992200935
nR: 4.4998597403570075
norm: 0.4211526533472352
sigma: 200.0
sigmaL: 177.6924454118822
sigmaR: 80.01368967545062
widthL: 177.6924454118822
widthR: 80.01368967545062
x0: 1984.4546979083332
