alphaL: 1.1177408044805337
alphaR: 1.4708217426517167
event_sum: 7.824456756849177
fraction: 0.9542691759710972
mean: 1493.063045640922
nL: 2.180538827321052
nR: 3.3654267828388735
norm: 7.295275567995095
sigma: 84.00000000000001
sigmaL: 102.70059086977058
sigmaR: 66.00859890329379
widthL: 102.70059086977058
widthR: 66.00859890329379
x0: 1493.063045640922
