alphaL: 0.9992831168202814
alphaR: 1.5983179074508238
event_sum: 9.160492721145669
fraction: 0.9259589486453726
mean: 1488.8694840079638
nL: 1.5015415545492043
nR: 3.7769082807854004
norm: 8.087419764022608
sigma: 84.00000000000001
sigmaL: 91.53095215778161
sigmaR: 74.8345815103087
widthL: 91.53095215778161
widthR: 74.8345815103087
x0: 1488.8694840079638
