alphaL: 0.794604660419153
alphaR: 1.6865915983943993
event_sum: 0.7830206905531063
mean: 1482.4044913663142
nL: 2.29607751020287
nR: 3.421918084716301
norm: 0.7830206905531063
sigma: 84.00000000000001
sigmaL: 76.46186323125102
sigmaR: 79.79504637447859
widthL: 76.46186323125102
widthR: 79.79504637447859
x0: 1482.4044913663142
