alphaL: 1.018538873717093
alphaR: 1.3841641690635846
event_sum: 0.7128575008745957
mean: 1495.7438097770782
nL: 2.989741885707258
nR: 3.432445885610656
norm: 0.7128575008745957
sigma: 84.00000000000001
sigmaL: 99.71726203224961
sigmaR: 63.24851577074505
widthL: 99.71726203224961
widthR: 63.24851577074505
x0: 1495.7438097770782
