alphaL: 1.0980942702107384
alphaR: 1.6459965589267909
event_sum: 0.6896585713287025
mean: 1493.2400567325274
nL: 2.0771006008977593
nR: 2.100603968708749
norm: 0.6896585713287025
sigma: 84.00000000000001
sigmaL: 101.771902835311
sigmaR: 66.28369950987478
widthL: 101.771902835311
widthR: 66.28369950987478
x0: 1493.2400567325274
