alphaL: 0.9790912970843676
alphaR: 1.6692238968660684
event_sum: 0.7491295980509046
mean: 1494.499862992898
nL: 2.1158552070727135
nR: 2.2579968456488815
norm: 0.7491295980509046
sigma: 84.00000000000001
sigmaL: 101.44261977794285
sigmaR: 72.04722726644171
widthL: 101.44261977794285
widthR: 72.04722726644171
x0: 1494.499862992898
