alphaL: 1.7174905640964042
alphaR: 2.46263474630894
event_sum: 72.39175010256605
fraction: 0.999989406032827
mean: 860.8621017342126
nL: 10.0
nR: 4.107470500067878
norm: 72.38224964228205
sigma: 43.49235657162915
sigmaL: 46.922915744792974
sigmaR: 28.008750987520997
widthL: 46.922915744792974
widthR: 28.008750987520997
x0: 860.8621017342126
