alphaL: 1.75701043582679
alphaR: 2.3699711764025495
event_sum: 5.199457598478331
fraction: 0.9999746480289219
mean: 861.9072394434455
nL: 6.2087457666220525
nR: 3.9656670149692608
norm: 5.198970348347757
sigma: 43.818542472934034
sigmaL: 52.380921075699156
sigmaR: 24.664676722964145
widthL: 52.380921075699156
widthR: 24.664676722964145
x0: 861.9072394434455
