alphaL: 1.4648987836838263
alphaR: 2.1883104630200627
event_sum: 1.0865344421258005
mean: 858.3538716307944
nL: 3.9566703801025507
nR: 3.97782181582276
norm: 1.0865344421258005
sigma: 43.8396317742099
sigmaL: 41.255409792939005
sigmaR: 29.389417414501
widthL: 41.255409792939005
widthR: 29.389417414501
x0: 858.3538716307944
