alphaL: 1.83572281810531
alphaR: 2.3780573971497363
event_sum: 72.31796814921074
mean: 861.3899476146026
nL: 5.0
nR: 4.766326295154178
norm: 72.31796814921074
sigma: 43.4974321650853
sigmaL: 47.58160486198029
sigmaR: 27.664522103332324
widthL: 47.58160486198029
widthR: 27.664522103332324
x0: 861.3899476146026
