alphaL: 1.6726928778152335
alphaR: 2.2588675006167485
event_sum: 0.5197530697308055
mean: 861.7021720507013
nL: 3.963925712954602
nR: 4.1739453316825
norm: 0.5197530697308055
sigma: 43.8396317742099
sigmaL: 51.56136357241814
sigmaR: 24.76488667833279
widthL: 51.56136357241814
widthR: 24.76488667833279
x0: 861.7021720507013
