alphaL: 1.845617122150057
alphaR: 2.352230542777411
event_sum: 72.3784124111913
mean: 861.7558187638103
nL: 4.605273953443248
nR: 4.65571332850271
norm: 72.3784124111913
sigma: 43.4974321650853
sigmaL: 48.28331602545719
sigmaR: 27.534052804360066
widthL: 48.28331602545719
widthR: 27.534052804360066
x0: 861.7558187638103
