alphaL: 1.8036006721765006
alphaR: 2.5546787076677924
event_sum: 25.00046252821795
mean: 858.9135495896139
nL: 4.5362001852317855
nR: 4.400035053000428
norm: 25.00046252821795
sigma: 43.4974321650853
sigmaL: 50.92080378533917
sigmaR: 27.079819263681024
widthL: 50.92080378533917
widthR: 27.079819263681024
x0: 858.9135495896139
