alphaL: 1.5751003617749408
alphaR: 2.72900949516421
event_sum: 1.0852923904436564
mean: 859.4988072344497
nL: 3.9621371553901534
nR: 1.203719095685806
norm: 1.0852923904436564
sigma: 43.8396317742099
sigmaL: 42.99192454076557
sigmaR: 29.801423425989885
widthL: 42.99192454076557
widthR: 29.801423425989885
x0: 859.4988072344497
