alphaL: 1.4285231853952902
alphaR: 2.200855825805578
event_sum: 10.870190749710819
fraction: 0.9998493058077605
mean: 859.9233212417414
nL: 8.467476584647551
nR: 3.8134434534964656
norm: 10.86803634159103
sigma: 43.818542472934034
sigmaL: 42.5987847184803
sigmaR: 29.099563289298874
widthL: 42.5987847184803
widthR: 29.099563289298874
x0: 859.9233212417414
