alphaL: 1.6524407186171846
alphaR: 2.474501235603013
event_sum: 24.988161128506352
mean: 858.0319244943832
nL: 4.9128266176653215
nR: 4.644933588447326
norm: 24.988161128506352
sigma: 43.4974321650853
sigmaL: 49.16062403191648
sigmaR: 27.48065384885439
widthL: 49.16062403191648
widthR: 27.48065384885439
x0: 858.0319244943832
