alphaL: 1.6373471961342059
alphaR: 2.6762770184380265
event_sum: 25.02633637901732
fraction: 0.9998381368564296
mean: 858.17150716304
nL: 10.0
nR: 3.2695926719098614
norm: 25.024396813681832
sigma: 43.49235657162915
sigmaL: 49.63331848877049
sigmaR: 27.46209423596349
widthL: 49.63331848877049
widthR: 27.46209423596349
x0: 858.17150716304
