alphaL: 1.7709028140190524
alphaR: 2.736390126616932
event_sum: 0.5194960504732192
mean: 859.4265256816233
nL: 2.203779276489617
nR: 2.074030381774079
norm: 0.5194960504732192
sigma: 43.8396317742099
sigmaL: 48.40402881693588
sigmaR: 26.032690836917105
widthL: 48.40402881693588
widthR: 26.032690836917105
x0: 859.4265256816233
