alphaL: 0.9905668090673514
alphaR: 1.478261236273059
event_sum: 2.5727745471786894
mean: 1482.5329328803707
nL: 1.717833064174197
nR: 3.6770168464762025
norm: 2.5727745471786894
sigma: 84.00000000000001
sigmaL: 91.77331964170723
sigmaR: 72.29993884187054
widthL: 91.77331964170723
widthR: 72.29993884187054
x0: 1482.5329328803707
