alphaL: 1.066499755087551
alphaR: 1.579476689373769
event_sum: 2.232250219928737
mean: 1482.2287544208177
nL: 2.6860203842514676
nR: 3.0273751939490388
norm: 2.232250219928737
sigma: 84.00000000000001
sigmaL: 95.90909113570181
sigmaR: 69.41517502311648
widthL: 95.90909113570181
widthR: 69.41517502311648
x0: 1482.2287544208177
