alphaL: 1.1184076517201404
alphaR: 1.4906024946200578
event_sum: 29.557298416235618
fraction: 0.9220454328260694
mean: 1483.7382578274205
nL: 1.1134812214528658
nR: 3.765305211240035
norm: 26.077526690357992
sigma: 84.00000000000001
sigmaL: 94.88178246629018
sigmaR: 71.71981290004896
widthL: 94.88178246629018
widthR: 71.71981290004896
x0: 1483.7382578274205
