alphaL: 0.9236369592351569
alphaR: 1.6667024135669697
event_sum: 2.465860815217637
mean: 1482.8858135662817
nL: 2.340620899990946
nR: 2.320552512599374
norm: 2.465860815217637
sigma: 84.00000000000001
sigmaL: 91.90908729474938
sigmaR: 72.71857535715364
widthL: 91.90908729474938
widthR: 72.71857535715364
x0: 1482.8858135662817
