alphaL: 0.9775757018005177
alphaR: 1.3503881794566224
event_sum: 2.3042158752950637
mean: 1492.9246547296923
nL: 4.076486198523999
nR: 3.523064926114841
norm: 2.3042158752950637
sigma: 84.00000000000001
sigmaL: 103.54897747932235
sigmaR: 59.19663847539281
widthL: 103.54897747932235
widthR: 59.19663847539281
x0: 1492.9246547296923
