alphaL: 1.0681139985018604
alphaR: 1.4332715156884643
event_sum: 24.77918643245834
fraction: 0.95730913971855
mean: 1485.8627176526902
nL: 2.3795301362245818
nR: 3.9669405588673934
norm: 23.08910534148123
sigma: 84.00000000000001
sigmaL: 97.13001695278189
sigmaR: 65.90807429068035
widthL: 97.13001695278189
widthR: 65.90807429068035
x0: 1485.8627176526902
