alphaL: 1.0563081612830276
alphaR: 1.1859578947951417
event_sum: 0.23678165711316979
mean: 2422.1200923343754
nL: 0.19901777959861844
nR: 1.4405357287838514
norm: 0.23678165711316979
sigma: 240.0
sigmaL: 266.0571516338999
sigmaR: 57.13053399648451
widthL: 266.0571516338999
widthR: 57.13053399648451
x0: 2422.1200923343754
