alphaL: 0.9259895749760556
alphaR: 1.1907884040801067
event_sum: 0.15635654924699338
mean: 2392.276397236801
nL: 0.20000256554894752
nR: 1.6828081346761714
norm: 0.15635654924699338
sigma: 138.8144411482842
sigmaL: 210.29977988724036
sigmaR: 82.19047020951754
widthL: 210.29977988724036
widthR: 82.19047020951754
x0: 2392.276397236801
