alphaL: 0.5141671348272614
alphaR: 0.9120386431675074
event_sum: 0.2851749884939636
mean: 2420.4474346781917
nL: 1.0000040614035408
nR: 2.160252096376422
norm: 0.2851749884939636
sigma: 240.0
sigmaL: 390.90459108034463
sigmaR: 61.06026699436403
widthL: 390.90459108034463
widthR: 61.06026699436403
x0: 2420.4474346781917
