alphaL: 0.9642432102175538
alphaR: 1.3158480405450115
event_sum: 5.1124097291613
fraction: 0.7949500492153189
mean: 2381.352068697894
nL: 0.8633275525195836
nR: 4.353798572938025
norm: 3.1294353897683322
sigma: 240.0
sigmaL: 257.81950837987745
sigmaR: 118.78991012260754
widthL: 257.81950837987745
widthR: 118.78991012260754
x0: 2381.352068697894
