alphaL: 0.8350043544922856
alphaR: 1.0779183314379743
event_sum: 5.552558594732545
fraction: 0.685500971559868
mean: 2383.528257322379
nL: 0.4006032557939804
nR: 3.262960145808271
norm: 2.1316109981853515
sigma: 240.0
sigmaL: 230.47692592508727
sigmaR: 90.58185366389259
widthL: 230.47692592508727
widthR: 90.58185366389259
x0: 2383.528257322379
