alphaL: 0.7474917089459872
alphaR: 1.0622342468597215
event_sum: 0.3790810958162183
mean: 2418.8917162623684
nL: 1.0000036602855928
nR: 2.658765932659395
norm: 0.3790810958162183
sigma: 240.0
sigmaL: 286.69901170404654
sigmaR: 80.40426940097632
widthL: 286.69901170404654
widthR: 80.40426940097632
x0: 2418.8917162623684
