alphaL: 0.9112982095007542
alphaR: 1.2496258403850884
event_sum: 0.24899521217594156
mean: 2384.644571192971
nL: 0.2000118572204654
nR: 1.8342996567774223
norm: 0.24899521217594156
sigma: 138.8144411482842
sigmaL: 231.47426002351247
sigmaR: 110.71749133562437
widthL: 231.47426002351247
widthR: 110.71749133562437
x0: 2384.644571192971
