alphaL: 1.356416007371548
alphaR: 2.425068816455026
event_sum: 0.33932943075342337
mean: 2335.356681265311
nL: 0.10000000005659201
nR: 2.1307992447596056
norm: 0.33932943075342337
sigma: 240.0
sigmaL: 270.57635826434256
sigmaR: 174.80714977117623
widthL: 270.57635826434256
widthR: 174.80714977117623
x0: 2335.356681265311
