alphaL: 0.7314575257922591
alphaR: 0.9437281375864406
event_sum: 0.5552558664858225
mean: 2405.486514608507
nL: 1.0000001154755156
nR: 2.0166494442609264
norm: 0.5552558664858225
sigma: 240.0
sigmaL: 297.3721604160686
sigmaR: 60.39738792862047
widthL: 297.3721604160686
widthR: 60.39738792862047
x0: 2405.486514608507
