alphaL: 0.9043658603783229
alphaR: 1.0664567030095748
event_sum: 0.5112409793728148
mean: 2414.0707314615606
nL: 1.0000026774130149
nR: 2.9407824573277663
norm: 0.5112409793728148
sigma: 240.0
sigmaL: 260.9313215681165
sigmaR: 81.80202987865617
widthL: 260.9313215681165
widthR: 81.80202987865617
x0: 2414.0707314615606
