alphaL: 0.5067570651157424
alphaR: 0.9035340193839654
event_sum: 0.2851749884939636
mean: 2421.2248576333236
nL: 1.0000051206535496
nR: 2.1504055165880507
norm: 0.2851749884939636
sigma: 240.0
sigmaL: 393.25302287618905
sigmaR: 61.8162628966959
widthL: 393.25302287618905
widthR: 61.8162628966959
x0: 2421.2248576333236
