alphaL: 0.7542793379767614
alphaR: 1.0637611148076171
event_sum: 0.3790810958162183
mean: 2418.2027306316704
nL: 1.0000042488274115
nR: 2.6428863460452803
norm: 0.3790810958162183
sigma: 240.0
sigmaL: 285.782205219535
sigmaR: 79.86564940696024
widthL: 285.782205219535
widthR: 79.86564940696024
x0: 2418.2027306316704
