alphaL: 0.8147427198409835
alphaR: 1.0498793195347316
event_sum: 4.019974605842235
fraction: 0.672122496908819
mean: 2468.8523020371154
nL: 0.4
nR: 3.9474049450602524
norm: 1.3805853740345817
sigma: 250.0
sigmaL: 268.21937968814916
sigmaR: 97.10377107324199
widthL: 268.21937968814916
widthR: 97.10377107324199
x0: 2468.8523020371154
