alphaL: 0.3515551773295085
alphaR: 0.8998342980524491
event_sum: 0.22467167104850394
mean: 2535.4094051976585
nL: 0.999803438795595
nR: 2.9121705321014746
norm: 0.22467167104850394
sigma: 250.0
sigmaL: 463.49553543069584
sigmaR: 64.86807879483918
widthL: 463.49553543069584
widthR: 64.86807879483918
x0: 2535.4094051976585
