alphaL: 0.9923412395507399
alphaR: 1.0704932632046138
event_sum: 3.2912759857140887
fraction: 0.742892145101836
mean: 2473.531009334226
nL: 0.5308249027964079
nR: 3.8539895865138587
norm: 1.8546121000011757
sigma: 250.0
sigmaL: 248.28492908830864
sigmaR: 98.62528658261937
widthL: 248.28492908830864
widthR: 98.62528658261937
x0: 2473.531009334226
