alphaL: 0.727351420924523
alphaR: 0.930369451524426
event_sum: 0.27231882152527487
mean: 2507.9705869343543
nL: 1.0000712159834102
nR: 2.1977340400488283
norm: 0.27231882152527487
sigma: 250.0
sigmaL: 313.3410105709999
sigmaR: 65.06719956777002
widthL: 313.3410105709999
widthR: 65.06719956777002
x0: 2507.9705869343543
