alphaL: 1.1907076678850426
alphaR: 0.9431040229212565
event_sum: 0.24138478612109607
mean: 2498.2805685233766
nL: 0.27733897264877155
nR: 2.565184024839791
norm: 0.24138478612109607
sigma: 250.0
sigmaL: 294.15594583796786
sigmaR: 72.2885219509644
widthL: 294.15594583796786
widthR: 72.2885219509644
x0: 2498.2805685233766
