alphaL: 1.0304139291549341
alphaR: 1.0250664274825283
event_sum: 0.18426142126375789
mean: 2539.157509264907
nL: 0.12762607063015974
nR: 1.5131403809427837
norm: 0.18426142126375789
sigma: 250.0
sigmaL: 356.9846404341076
sigmaR: 49.54545375301268
widthL: 356.9846404341076
widthR: 49.54545375301268
x0: 2539.157509264907
