alphaL: 1.1785155784072063
alphaR: 1.2730920495697147
event_sum: 6.855506751569919
fraction: 0.8168612017010494
mean: 1578.8654591087734
nL: 0.4023797909606423
nR: 4.492448162417471
norm: 5.299408266902901
sigma: 160.0
sigmaL: 168.88650167627995
sigmaR: 82.68297744756599
widthL: 168.88650167627995
widthR: 82.68297744756599
x0: 1578.8654591087734
