alphaL: 0.9076922360277188
alphaR: 0.9905525609522219
event_sum: 0.6894080900892732
mean: 1604.3912323707984
nL: 1.000001117213831
nR: 2.7784259166866265
norm: 0.6894080900892732
sigma: 160.0
sigmaL: 176.5086647125489
sigmaR: 53.851171421304684
widthL: 176.5086647125489
widthR: 53.851171421304684
x0: 1604.3912323707984
