alphaL: 1.1727922291115125
alphaR: 1.4613719670201246
event_sum: 0.48468381378188496
mean: 1571.0517980609873
nL: 0.9372736281676948
nR: 2.6042226670887847
norm: 0.48468381378188496
sigma: 160.0
sigmaL: 151.97035272844022
sigmaR: 87.78414931104402
widthL: 151.97035272844022
widthR: 87.78414931104402
x0: 1571.0517980609873
