alphaL: 0.9312991168461917
alphaR: 1.2013233141332513
event_sum: 5.352029922534712
fraction: 0.9031610550586153
mean: 1570.2955199015375
nL: 1.7842005983116962
nR: 4.301555374383512
norm: 4.6255419589579105
sigma: 160.0
sigmaL: 135.21046301385695
sigmaR: 82.428627584836
widthL: 135.21046301385695
widthR: 82.428627584836
x0: 1570.2955199015375
