alphaL: 0.6757442625648277
alphaR: 1.406564016277593
event_sum: 0.6264251507527661
mean: 1567.7904386792495
nL: 1.0000097257342062
nR: 3.8235643790939933
norm: 0.6264251507527661
sigma: 160.0
sigmaL: 128.77693635674845
sigmaR: 92.303562958684
widthL: 128.77693635674845
widthR: 92.303562958684
x0: 1567.7904386792495
