alphaL: 0.6919329098159194
alphaR: 1.3339846462408054
event_sum: 0.6264251507527661
mean: 1573.4315477766825
nL: 1.000005697718558
nR: 3.781183941040955
norm: 0.6264251507527661
sigma: 160.0
sigmaL: 133.97129096424356
sigmaR: 86.4361583332467
widthL: 133.97129096424356
widthR: 86.4361583332467
x0: 1573.4315477766825
