alphaL: 0.873670449881995
alphaR: 1.2327209029646173
event_sum: 0.4101915966894012
mean: 1584.0216329612492
nL: 0.20074999796773998
nR: 1.714729367797091
norm: 0.4101915966894012
sigma: 86.50451371107921
sigmaL: 141.42651407339565
sigmaR: 76.42962592845781
widthL: 141.42651407339565
widthR: 76.42962592845781
x0: 1584.0216329612492
