alphaL: 1.0892769890316625
alphaR: 1.2743703798237185
event_sum: 0.5149423428956652
mean: 1577.3834133674397
nL: 1.0003177368323266
nR: 3.933213392392681
norm: 0.5149423428956652
sigma: 160.0
sigmaL: 148.72488488879367
sigmaR: 82.84001866444216
widthL: 148.72488488879367
widthR: 82.84001866444216
x0: 1577.3834133674397
