alphaL: 0.978027392800939
alphaR: 1.2853869971432736
event_sum: 0.3808628355473047
mean: 1584.4840052822128
nL: 0.2000000392891682
nR: 1.7852932233161052
norm: 0.3808628355473047
sigma: 86.50451371107921
sigmaL: 141.66220888285912
sigmaR: 76.53254989304466
widthL: 141.66220888285912
widthR: 76.53254989304466
x0: 1584.4840052822128
