alphaL: 1.4112459733768132
alphaR: 1.3368481888940693
event_sum: 0.5702323771838564
mean: 1572.7598169518992
nL: 0.11406000218608534
nR: 4.358358972872929
norm: 0.5702323771838564
sigma: 160.0
sigmaL: 171.90908962294117
sigmaR: 86.5667458018132
widthL: 171.90908962294117
widthR: 86.5667458018132
x0: 1572.7598169518992
