alphaL: 1.1222408020464494
alphaR: 0.9360519943306952
event_sum: 0.53814680785581
mean: 1591.2947753516885
nL: 1.353231860003283
nR: 3.633357544588625
norm: 0.53814680785581
sigma: 160.0
sigmaL: 162.69969903735392
sigmaR: 60.38091031303855
widthL: 162.69969903735392
widthR: 60.38091031303855
x0: 1591.2947753516885
