alphaL: 1.1082599019095594
alphaR: 1.2630753021688252
event_sum: 0.5149423428956652
mean: 1588.5858621734105
nL: 1.0000005560950873
nR: 2.7718105746431387
norm: 0.5149423428956652
sigma: 160.0
sigmaL: 162.06777482954496
sigmaR: 71.32011552579509
widthL: 162.06777482954496
widthR: 71.32011552579509
x0: 1588.5858621734105
