alphaL: 1.0959579763858
alphaR: 2.047241919298355
event_sum: 5.2992261038239175
mean: 2892.9715412734286
nL: 4.55313927706217
nR: 2.9011833540768324
norm: 5.2992261038239175
sigma: 130.3456267627956
sigmaL: 99.17574000541292
sigmaR: 70.22517938210075
widthL: 99.17574000541292
widthR: 70.22517938210075
x0: 2892.9715412734286
