alphaL: 1.1553841141578918
alphaR: 2.107702528946855
event_sum: 7.148464155843629
fraction: 0.9991524029557444
mean: 2896.975952984887
nL: 10.0
nR: 3.113107644540911
norm: 7.147392039482727
sigma: 130.15843920791315
sigmaL: 112.14803747277362
sigmaR: 64.48785075534903
widthL: 112.14803747277362
widthR: 64.48785075534903
x0: 2896.975952984887
