alphaL: 1.1984830049357644
alphaR: 1.547963384628165
event_sum: 2.552198798914358
mean: 2906.4659915321245
nL: 5.0
nR: 3.0102940598249543
norm: 2.552198798914358
sigma: 199.95046965871472
sigmaL: 114.76881477232097
sigmaR: 65.75046231659391
widthL: 114.76881477232097
widthR: 65.75046231659391
x0: 2906.4659915321245
