alphaL: 1.4756563513541254
alphaR: 1.8901712475240802
event_sum: 5.012851233506064
mean: 2909.255410858243
nL: 4.496957916827894
nR: 2.0123358588866784
norm: 5.012851233506064
sigma: 199.95046965871472
sigmaL: 131.03659924284295
sigmaR: 61.286318409428766
widthL: 131.03659924284295
widthR: 61.286318409428766
x0: 2909.255410858243
