alphaL: 1.1103916797905684
alphaR: 1.8187981581551547
event_sum: 4.87520980108291
fraction: 0.9991944583313586
mean: 2896.802184064811
nL: 9.482024540254926
nR: 4.3124703102814195
norm: 4.875083807722889
sigma: 130.15843920791315
sigmaL: 104.68166019937036
sigmaR: 66.87315838597766
widthL: 104.68166019937036
widthR: 66.87315838597766
x0: 2896.802184064811
