alphaL: 1.29099061850716
alphaR: 1.628337718389387
event_sum: 2.555943260781678
mean: 2904.9455197614784
nL: 4.481695629062903
nR: 2.868857971584264
norm: 2.555943260781678
sigma: 199.95046965871472
sigmaL: 117.3856953366943
sigmaR: 68.5563891589242
widthL: 117.3856953366943
widthR: 68.5563891589242
x0: 2904.9455197614784
