alphaL: 1.2455059177022207
alphaR: 2.0028279286545327
event_sum: 5.006723609964557
mean: 2902.866067253102
nL: 4.9989053614167895
nR: 1.911024120206574
norm: 5.006723609964557
sigma: 199.95046965871472
sigmaL: 116.73286760789057
sigmaR: 64.72371942635982
widthL: 116.73286760789057
widthR: 64.72371942635982
x0: 2902.866067253102
