alphaL: 1.3699433487214232
alphaR: 2.0404909899029184
event_sum: 7.878910414474501
mean: 2899.68011519158
nL: 4.5000189965635276
nR: 3.308733793862838
norm: 7.878910414474501
sigma: 130.3456267627956
sigmaL: 120.03443754966014
sigmaR: 63.19428214473122
widthL: 120.03443754966014
widthR: 63.19428214473122
x0: 2899.68011519158
