alphaL: 1.0079384460551482
alphaR: 2.011283275321505
event_sum: 48.33079855165876
fraction: 0.9983099587747924
mean: 2898.8285500137736
nL: 10.0
nR: 1.9011548716765716
norm: 48.2117632277503
sigma: 199.024526298246
sigmaL: 104.9830389283987
sigmaR: 66.87253045598892
widthL: 104.9830389283987
widthR: 66.87253045598892
x0: 2898.8285500137736
