alphaL: 0.9383352661167995
alphaR: 1.7354731810359993
event_sum: 24.83347946747142
fraction: 0.9985991042824057
mean: 2896.978724678878
nL: 9.994778135759802
nR: 2.674883255622518
norm: 24.606268784229318
sigma: 199.024526298246
sigmaL: 98.41749059916289
sigmaR: 73.45807243203556
widthL: 98.41749059916289
widthR: 73.45807243203556
x0: 2896.978724678878
