alphaL: 1.3285785384055997
alphaR: 1.8699584097038986
event_sum: 5.322314277808287
mean: 2900.6628833009895
nL: 4.4907640570270955
nR: 3.6242899491709895
norm: 5.322314277808287
sigma: 130.3456267627956
sigmaL: 115.11024128791283
sigmaR: 66.21848216862041
widthL: 115.11024128791283
widthR: 66.21848216862041
x0: 2900.6628833009895
