alphaL: 1.3953032354105752
alphaR: 2.1069320366627693
event_sum: 7.8503294384753985
mean: 2901.864038405944
nL: 4.851755424656081
nR: 2.930010350532977
norm: 7.8503294384753985
sigma: 130.3456267627956
sigmaL: 128.92887755862859
sigmaR: 61.950672536060694
widthL: 128.92887755862859
widthR: 61.950672536060694
x0: 2901.864038405944
