alphaL: 0.868264672608329
alphaR: 2.072861050791474
event_sum: 4.855062057693934
mean: 2892.250479050444
nL: 21.032261228413326
nR: 2.8949171215283815
norm_2016: 4.855062057693934
norm_2017: 4.855062057693934
norm_2018: 4.855062057693934
norm_Run2: 4.855062057693934
sigma: 130.74399069744027
sigmaL: 91.53302035477418
sigmaR: 70.5514953294408
widthL: 91.53302035477418
widthR: 70.5514953294408
x0: 2892.250479050444
