alphaL: 0.8240733663232365
alphaR: 2.2980787955077475
event_sum: 7.119674620059377
mean: 2892.2701361226627
nL: 50.323378689559554
nR: 2.3791259707085874
norm_2016: 7.119674620059377
norm_2017: 7.119674620059377
norm_2018: 7.119674620059377
norm_Run2: 7.119674620059377
sigma: 130.74399069744027
sigmaL: 94.77894729250887
sigmaR: 67.3185737937188
widthL: 94.77894729250887
widthR: 67.3185737937188
x0: 2892.2701361226627
