alphaL: 0.8895439653765527
alphaR: 1.1062701158012382
event_sum: 2.9678004140984062
mean: 2839.2963593828663
nL: 0.10249757205849562
nR: 6.602566670988228
norm_2016: 0.7192279087980937
norm_2017: 0.915711659518015
norm_2018: 1.3568896268522468
norm_Run2: 2.9918291951683553
sigma: 290.0
sigmaL: 202.87641291980668
sigmaR: 129.3481340437899
widthL: 202.87641291980668
widthR: 129.3481340437899
x0: 2839.2963593828663
