alphaL: 0.9009941459453255
alphaR: 0.9951201142817016
event_sum: 2.9678004140984062
mean: 2850.040372610098
nL: 0.10041564128724591
nR: 7.238652451293399
norm_2016: 0.7192279087980937
norm_2017: 0.915711659518015
norm_2018: 1.3568896268522468
norm_Run2: 2.9678004140984062
sigma: 290.0
sigmaL: 216.19193207419332
sigmaR: 117.78265004811928
widthL: 216.19193207419332
widthR: 117.78265004811928
x0: 2850.040372610098
