alphaL: 1.037760114298742
alphaR: 1.2694736438918173
event_sum: 4.351415823523601
mean: 2851.777938890244
nL: 0.6166749010176487
nR: 5.610834749419377
norm_2016: 1.0933637895692039
norm_2017: 1.3191191199914698
norm_2018: 1.9877741107151607
norm_Run2: 4.400257020275833
sigma: 162.4
sigmaL: 167.669116334322
sigmaR: 117.20546462742868
widthL: 167.669116334322
widthR: 117.20546462742868
x0: 2851.777938890244
