alphaL: 0.7465203633560731
alphaR: 1.7994728949895102
event_sum: 24.367294235407318
mean: 2892.806577527636
nL: 18.710030793257776
nR: 2.5971085470816893
norm_2016: 6.783618147639035
norm_2017: 7.550936603200508
norm_2018: 10.679452800261037
norm_Run2: 24.367294235407318
sigma: 202.3260083104489
sigmaL: 85.47341483320734
sigmaR: 75.4182507271379
widthL: 85.47341483320734
widthR: 75.4182507271379
x0: 2892.806577527636
