alphaL: 0.7513068956321609
alphaR: 1.8037450283375838
event_sum: 24.367294235407318
mean: 2892.845674774725
nL: 17.930754109208358
nR: 2.575133495921163
norm_2016: 6.783618147639035
norm_2017: 7.550936603200508
norm_2018: 10.679452800261037
norm_Run2: 24.367294235407318
sigma: 202.3260083104489
sigmaL: 85.57392919175585
sigmaR: 75.36564626150678
widthL: 85.57392919175585
widthR: 75.36564626150678
x0: 2892.845674774725
