alphaL: 0.6842954596134035
alphaR: 2.1049743579084605
event_sum: 47.824449768483575
mean: 2893.766069735622
nL: 106.95330029435829
nR: 1.7058251876638615
norm_2016: 11.694305269727051
norm_2017: 15.329113563958067
norm_2018: 22.2015077260326
norm_Run2: 49.22492655971772
sigma: 202.3260083104489
sigmaL: 83.68051285153732
sigmaR: 69.50639621523797
widthL: 83.68051285153732
widthR: 69.50639621523797
x0: 2893.766069735622
