alphaL: 0.7508035736214076
alphaR: 1.474742596653215
event_sum: 7.870428175508975
mean: 2846.8452903054276
nL: 1.8369923574220568
nR: 3.7358537274157566
norm_2016: 1.766092099924904
norm_2017: 2.463807025403268
norm_2018: 3.7261782355432698
norm_Run2: 7.956077360871441
sigma: 162.4
sigmaL: 150.3684262720464
sigmaR: 124.44649159126783
widthL: 150.3684262720464
widthR: 124.44649159126783
x0: 2846.8452903054276
