alphaL: 1.0367288445187293
alphaR: 1.147322435623701
event_sum: 5.10328206702246
mean: 2843.258874561402
nL: 0.31012276729981364
nR: 6.342750034061088
norm_2016: 1.090424706312779
norm_2017: 1.6419746006596512
norm_2018: 2.4347441197702153
norm_Run2: 5.10328206702246
sigma: 290.0
sigmaL: 298.21947454855126
sigmaR: 130.0981871944221
widthL: 298.21947454855126
widthR: 130.0981871944221
x0: 2843.258874561402
