alphaL: 0.7855549063529685
alphaR: 1.4874639983538849
event_sum: 7.870428175508975
mean: 2851.4456451242304
nL: 1.8073941810208183
nR: 3.480263767547247
norm_2016: 1.766092099924904
norm_2017: 2.463807025403268
norm_2018: 3.7261782355432698
norm_Run2: 7.870428175508975
sigma: 162.4
sigmaL: 161.82643128443874
sigmaR: 122.48355338574306
widthL: 161.82643128443874
widthR: 122.48355338574306
x0: 2851.4456451242304
