alphaL: 0.8275491451190383
alphaR: 1.3083448307635392
event_sum: 7.292144148138814
fraction: 0.8798825688583833
mean: 1426.1017541371111
nL: 1.5240457765468753
nR: 4.489284373825702
norm: 6.108158736168083
sigma: 145.0
sigmaL: 121.46052254553206
sigmaR: 78.22884532578246
widthL: 121.46052254553206
widthR: 78.22884532578246
x0: 1426.1017541371111
