alphaL: 1.1377875627302017
alphaR: 1.4236705806543026
event_sum: 0.5016250148560452
mean: 1419.1584363647764
nL: 1.3678749273993562
nR: 2.89539446233829
norm: 0.5016250148560452
sigma: 145.0
sigmaL: 135.31878241636906
sigmaR: 81.99684549511007
widthL: 135.31878241636906
widthR: 81.99684549511007
x0: 1419.1584363647764
