alphaL: 1.31132146247724
alphaR: 1.086286887510872
event_sum: 0.5272491944238783
mean: 1437.5901815415773
nL: 0.9728940357017954
nR: 3.4472394060975544
norm: 0.5272491944238783
sigma: 145.0
sigmaL: 152.4159391011844
sigmaR: 62.93576535531654
widthL: 152.4159391011844
widthR: 62.93576535531654
x0: 1437.5901815415773
