alphaL: 0.7187394592801444
alphaR: 1.4243616093968408
event_sum: 0.7068349526573501
mean: 1419.01129995087
nL: 1.1156695344854175
nR: 3.8382331578238977
norm: 0.7068349526573501
sigma: 145.0
sigmaL: 107.81820721497729
sigmaR: 84.77776623324635
widthL: 107.81820721497729
widthR: 84.77776623324635
x0: 1419.01129995087
