alphaL: 1.0072344442425445
alphaR: 1.1808974349747188
event_sum: 5.341519160314331
fraction: 0.9272950280791913
mean: 1425.0030331023102
nL: 2.4287020821471357
nR: 4.389259690224466
norm: 4.8117411643300825
sigma: 145.0
sigmaL: 132.73816085090135
sigmaR: 72.85720602881496
widthL: 132.73816085090135
widthR: 72.85720602881496
x0: 1425.0030331023102
