alphaL: 1.1259559341034189
alphaR: 1.4953538709400733
event_sum: 0.6513267909621442
mean: 1421.2610490380612
nL: 0.6041219141844212
nR: 3.201372202280846
norm: 0.6513267909621442
sigma: 145.0
sigmaL: 129.4243434967131
sigmaR: 83.06337416226536
widthL: 129.4243434967131
widthR: 83.06337416226536
x0: 1421.2610490380612
