alphaL: 0.7198726690331823
alphaR: 1.7918989002503123
event_sum: 23.508102886789075
mean: 3040.7706692482475
nL: 16.41296313414739
nR: 2.607811513504563
norm_2016: 6.481987134183061
norm_2017: 7.385821974965226
norm_2018: 10.276726351642415
norm_Run2: 23.508102886789075
sigma: 229.50440684196826
sigmaL: 86.17015443209102
sigmaR: 78.80111781079526
widthL: 86.17015443209102
widthR: 78.80111781079526
x0: 3040.7706692482475
