alphaL: 1.073369833216794
alphaR: 1.137288163816091
event_sum: 4.185147622661349
mean: 3000.6782153158824
nL: 0.2219391420249142
nR: 5.751449946428556
norm_2016: 0.9894844896262058
norm_2017: 1.377873838814954
norm_2018: 1.8653585670578117
norm_Run2: 4.185147622661349
sigma: 305.0
sigmaL: 339.10493863611896
sigmaR: 125.74322992053777
widthL: 339.10493863611896
widthR: 125.74322992053777
x0: 3000.6782153158824
