alphaL: 0.7394449031180726
alphaR: 1.5605145328033487
event_sum: 6.460951417673249
mean: 3000.0556163689466
nL: 1.9028730418425388
nR: 3.0198572385349314
norm_2016: 1.3601384285009723
norm_2017: 2.025744749417809
norm_2018: 3.1495461849564466
norm_Run2: 6.460951417673249
sigma: 170.8
sigmaL: 169.22509466423062
sigmaR: 126.43392829817063
widthL: 169.22509466423062
widthR: 126.43392829817063
x0: 3000.0556163689466
