alphaL: 1.0957550974927837
alphaR: 1.9357235052134734
event_sum: 0.7686079630246879
mean: 2500.034328653554
nL: 3.922416910568489
nR: 1.998656808692912
norm: 0.7686079630246879
sigma: 148.8899234003833
sigmaL: 90.7395809960008
sigmaR: 62.74013130699482
widthL: 90.7395809960008
widthR: 62.74013130699482
x0: 2500.034328653554
