alphaL: 1.0793945274834045
alphaR: 2.320664870041374
event_sum: 3.5991855678316145
fraction: 0.9984385110128154
mean: 2493.0024949938465
nL: 9.874868987240328
nR: 1.9792022510886524
norm: 3.5986142392511042
sigma: 115.72831009913764
sigmaL: 94.85597395239728
sigmaR: 58.608239671432045
widthL: 94.85597395239728
widthR: 58.608239671432045
x0: 2493.0024949938465
