alphaL: 1.1076686386847558
alphaR: 2.098700399819109
event_sum: 3.784968305501892
mean: 2494.6691192223243
nL: 4.312165332133191
nR: 2.925932699091438
norm: 3.784968305501892
sigma: 115.40363336227934
sigmaL: 94.85387781539764
sigmaR: 56.87075366373121
widthL: 94.85387781539764
widthR: 56.87075366373121
x0: 2494.6691192223243
