alphaL: 1.0292673226033136
alphaR: 2.014417720327038
event_sum: 11.182901510438839
fraction: 0.9972789313561276
mean: 2499.562206284247
nL: 9.978642936662109
nR: 1.898831356148132
norm: 11.163851091858652
sigma: 148.71839985573945
sigmaL: 95.28134467667381
sigmaR: 56.23968327612534
widthL: 95.28134467667381
widthR: 56.23968327612534
x0: 2499.562206284247
