alphaL: 1.0541496115671558
alphaR: 1.9395908370466837
event_sum: 3.05029171426245
fraction: 0.9990710736183323
mean: 2493.0803457632855
nL: 9.91539351953944
nR: 3.97280696505495
norm: 3.048360381181773
sigma: 115.72831009913764
sigmaL: 87.0445945537036
sigmaR: 60.69863339828543
widthL: 87.0445945537036
widthR: 60.69863339828543
x0: 2493.0803457632855
