alphaL: 1.1335455548135724
alphaR: 1.9901387196677272
event_sum: 1.1659157945518384
mean: 2498.253951389587
nL: 4.579438855950845
nR: 1.9560231931345355
norm: 1.1659157945518384
sigma: 148.8899234003833
sigmaL: 96.1224944083127
sigmaR: 56.762164915267434
widthL: 96.1224944083127
widthR: 56.762164915267434
x0: 2498.253951389587
