alphaL: 1.321705404639605
alphaR: 1.8705522773632086
event_sum: 3.803125002900097
mean: 2501.51929243403
nL: 4.487050391515418
nR: 3.617510273988859
norm: 3.803125002900097
sigma: 115.40363336227934
sigmaL: 107.81349011085896
sigmaR: 52.65934754703009
widthL: 107.81349011085896
widthR: 52.65934754703009
x0: 2501.51929243403
