alphaL: 1.1284608924327475
alphaR: 1.6140252197921652
event_sum: 0.7706553621118126
mean: 2501.3591043472347
nL: 4.165877086321478
nR: 3.094268660032332
norm: 0.7706553621118126
sigma: 148.8899234003833
sigmaL: 89.80842438431958
sigmaR: 59.077966467724735
widthL: 89.80842438431958
widthR: 59.077966467724735
x0: 2501.3591043472347
