alphaL: 0.7910760025353933
alphaR: 1.8556709200787278
event_sum: 7.401793259283845
fraction: 0.9970712600553715
mean: 2496.5913061129177
nL: 9.831857607561831
nR: 2.2890013684614727
norm: 7.37222938869016
sigma: 148.71839985573945
sigmaL: 73.95865342192377
sigmaR: 61.89303835211557
widthL: 73.95865342192377
widthR: 61.89303835211557
x0: 2496.5913061129177
