alphaL: 1.3227302331008493
alphaR: 1.9664703638376986
event_sum: 1.1679699200692053
mean: 2504.5775279613363
nL: 4.500331876258721
nR: 1.9276055711509867
norm: 1.1679699200692053
sigma: 148.8899234003833
sigmaL: 108.03518967713154
sigmaR: 53.65206047342334
widthL: 108.03518967713154
widthR: 53.65206047342334
x0: 2504.5775279613363
