alphaL: 1.271946786775349
alphaR: 2.111534520748264
event_sum: 3.21921513298748
mean: 2493.940699881943
nL: 4.098467440956497
nR: 3.3253968185150846
norm: 3.21921513298748
sigma: 115.40363336227934
sigmaL: 92.83183202118015
sigmaR: 61.27654660645853
widthL: 92.83183202118015
widthR: 61.27654660645853
x0: 2493.940699881943
