alphaL: 1.0711600575320273
alphaR: 1.974974305999849
event_sum: 3.208044319814067
mean: 2492.629712073713
nL: 4.656414439657553
nR: 3.5347838146762904
norm: 3.208044319814067
sigma: 115.40363336227934
sigmaL: 84.23735120910152
sigmaR: 60.607506391053676
widthL: 84.23735120910152
widthR: 60.607506391053676
x0: 2492.629712073713
