alphaL: 0.9083921121422275
alphaR: 1.4310425742297368
event_sum: 1.7853971718169424
mean: 2075.207628447943
nL: 2.361992217229163
nR: 3.2000208826554952
norm: 1.7853971718169424
sigma: 117.6
sigmaL: 128.66325478376405
sigmaR: 89.271322210695
widthL: 128.66325478376405
widthR: 89.271322210695
x0: 2075.207628447943
