alphaL: 0.6521393997304165
alphaR: 1.4270505622208918
event_sum: 22.650138725176394
fraction: 0.9203776342551198
mean: 2066.871318615594
nL: 2.261536509957148
nR: 4.0697846237835735
norm: 18.458558131976105
sigma: 117.6
sigmaL: 92.16819180682658
sigmaR: 92.10611336881405
widthL: 92.16819180682658
widthR: 92.10611336881405
x0: 2066.871318615594
