alphaL: 0.871425966488657
alphaR: 1.3364824741939811
event_sum: 1.8652708973943553
mean: 2081.4499794188628
nL: 2.6894931653020278
nR: 3.5373687352320595
norm: 1.8652708973943553
sigma: 117.6
sigmaL: 131.8087272643409
sigmaR: 82.69585734113575
widthL: 131.8087272643409
widthR: 82.69585734113575
x0: 2081.4499794188628
