alphaL: 1.190444011122975
alphaR: 1.316838284181922
event_sum: 21.93095062147989
fraction: 0.84653737666246
mean: 2084.3892471725717
nL: 0.7973061084127155
nR: 4.133783114822331
norm: 14.254334963833974
sigma: 117.6
sigmaL: 149.88772725278776
sigmaR: 85.6552588276838
widthL: 149.88772725278776
widthR: 85.6552588276838
x0: 2084.3892471725717
