alphaL: 1.1374629799726756
alphaR: 1.2237801032904942
event_sum: 1.4242636581335315
mean: 2086.2145933935476
nL: 0.8254616231893988
nR: 3.9590822466306395
norm: 1.4242636581335315
sigma: 117.6
sigmaL: 148.4228181879025
sigmaR: 80.25744894897647
widthL: 148.4228181879025
widthR: 80.25744894897647
x0: 2086.2145933935476
