alphaL: 0.9922420209124071
alphaR: 1.6658308662331942
event_sum: 1.3494686746308442
mean: 2074.412739377562
nL: 0.9235797650423261
nR: 2.1528261630783887
norm: 1.3494686746308442
sigma: 117.6
sigmaL: 134.64036444454254
sigmaR: 96.40604636875557
widthL: 134.64036444454254
widthR: 96.40604636875557
x0: 2074.412739377562
