alphaL: 1.5701793430923294
alphaR: 2.4846910650278557
event_sum: 66.47880030258341
mean: 961.1043269518141
nL: 4.977057340338404
nR: 3.6528107968668015
norm: 66.47880030258341
sigma: 48.48974991965521
sigmaL: 49.18670422051966
sigmaR: 29.86271595625597
widthL: 49.18670422051966
widthR: 29.86271595625597
x0: 961.1043269518141
