alphaL: 1.5152256516677705
alphaR: 2.1566478747905897
event_sum: 1.1117273160172945
mean: 959.5229223848337
nL: 4.086496400896045
nR: 3.9833484469482756
norm: 1.1117273160172945
sigma: 49.175747812656724
sigmaL: 45.55624131747241
sigmaR: 31.50910517300699
widthL: 45.55624131747241
widthR: 31.50910517300699
x0: 959.5229223848337
