alphaL: 1.6256422543964963
alphaR: 2.4684625302638077
event_sum: 26.245241845905934
fraction: 0.9999507495117044
mean: 960.5397724199993
nL: 9.863617933537075
nR: 4.5
norm: 26.24574907137541
sigma: 48.56265038409466
sigmaL: 55.10835961146139
sigmaR: 27.956517250957873
widthL: 55.10835961146139
widthR: 27.956517250957873
x0: 960.5397724199993
