alphaL: 1.8073929572889627
alphaR: 2.4919570436883602
event_sum: 26.307549182102388
mean: 961.372101547788
nL: 4.433642291797331
nR: 4.402750251522946
norm: 26.307549182102388
sigma: 48.48974991965521
sigmaL: 56.28927351489056
sigmaR: 27.5229993033186
widthL: 56.28927351489056
widthR: 27.5229993033186
x0: 961.372101547788
