alphaL: 1.804833343768809
alphaR: 2.5417111445806113
event_sum: 66.62827555697841
mean: 961.9649872116125
nL: 4.465626154262145
nR: 3.1379681375515003
norm: 66.62827555697841
sigma: 48.48974991965521
sigmaL: 51.229886787195525
sigmaR: 29.575132646692857
widthL: 51.229886787195525
widthR: 29.575132646692857
x0: 961.9649872116125
