alphaL: 1.418219664391445
alphaR: 2.066627809607167
event_sum: 11.124860191508125
fraction: 0.9997562752894082
mean: 961.9464840121367
nL: 9.939856074860266
nR: 3.932198003321074
norm: 11.121965725714809
sigma: 49.17992098828451
sigmaL: 47.68804279775828
sigmaR: 30.3215695285937
widthL: 47.68804279775828
widthR: 30.3215695285937
x0: 961.9464840121367
