alphaL: 1.5757880400691608
alphaR: 2.499207975933948
event_sum: 66.63454226342093
fraction: 0.9997439414613519
mean: 961.1638831563613
nL: 9.970015854002154
nR: 3.452135139303164
norm: 66.63290772219716
sigma: 48.56265038409466
sigmaL: 49.97445739120923
sigmaR: 29.926721746709738
widthL: 49.97445739120923
widthR: 29.926721746709738
x0: 961.1638831563613
