alphaL: 1.5038893002832725
alphaR: 2.19781099637517
event_sum: 1.1091870283436653
mean: 962.1004406126602
nL: 3.8178742220556683
nR: 2.6392406201014844
norm: 1.1091870283436653
sigma: 49.175747812656724
sigmaL: 47.567306369576485
sigmaR: 30.39782659496977
widthL: 47.567306369576485
widthR: 30.39782659496977
x0: 962.1004406126602
