alphaL: 1.8917331041422294
alphaR: 2.2809068786086186
event_sum: 6.072601474532708
fraction: 0.9998862701388318
mean: 962.3880125541334
nL: 5.541046269691475
nR: 4.398863331574469
norm: 6.0715201059747415
sigma: 49.17992098828451
sigmaL: 57.48116872302195
sigmaR: 27.054015252667437
widthL: 57.48116872302195
widthR: 27.054015252667437
x0: 962.3880125541334
