alphaL: 1.7075326492506675
alphaR: 2.3881034966545287
event_sum: 0.6068086624401329
mean: 960.5114922973569
nL: 4.375464349220638
nR: 4.500643162988792
norm: 0.6068086624401329
sigma: 49.175747812656724
sigmaL: 54.33363573723724
sigmaR: 28.51269753499337
widthL: 54.33363573723724
widthR: 28.51269753499337
x0: 960.5114922973569
