alphaL: 1.8066152870804684
alphaR: 2.646094209973077
event_sum: 0.60561394683233
mean: 959.549815887116
nL: 2.2986212426750763
nR: 2.087296973252392
norm: 0.60561394683233
sigma: 49.175747812656724
sigmaL: 53.702796092357254
sigmaR: 28.775607959059894
widthL: 53.702796092357254
widthR: 28.775607959059894
x0: 959.549815887116
