alphaL: 1.5729832920889488
alphaR: 2.497515709402022
event_sum: 26.21861385493779
mean: 960.3278588328287
nL: 4.92067926335867
nR: 4.0324797665576355
norm: 26.21861385493779
sigma: 48.48974991965521
sigmaL: 53.982529697468436
sigmaR: 28.019560406224233
widthL: 53.982529697468436
widthR: 28.019560406224233
x0: 960.3278588328287
