event_sum: 149.0
norm: 149.0
p1:
  dijet2: -1.5556615510573836e-05
  dijet3: -0.0005896635257877187
  expow1: -4.882316947486792
  expow2: -0.0019414263927193176
  invpow2: 0.019154152237545633
  invpow3: 0.01252007460135561
p2:
  dijet2: -1.0606260738436133
  dijet3: -0.7080364166166289
  expow2: -0.4780430073177659
  invpow2: -29.906222629555966
  invpow3: -29.998097216160076
p3:
  dijet3: -0.09998796549995968
  invpow3: -0.6044409582277911
