event_sum: 6.0
norm: 6.0
p1:
  dijet2: -0.007140736422440508
  dijet3: -0.0002033869002008408
  expow1: -4.847539005874148
  expow2: -0.00021439120635440186
  invpow2: 0.01980447622632696
  invpow3: 0.011061793145736349
p2:
  dijet2: -1.0753976000240575
  dijet3: -0.7310995906285821
  expow2: -0.4986297534477782
  invpow2: -29.894016771728605
  invpow3: -29.99468810998786
p3:
  dijet3: -0.09945988881453934
  invpow3: -0.9998275352141421
