event_sum: 13.0
norm: 13.0
p1:
  dijet2: -0.5160249007352988
  dijet3: -0.11612700741242116
  expow1: -6.773736584553457
  expow2: -2.4407434260529293
  invpow2: 0.45371596853160556
  invpow3: 0.024727628878241058
p2:
  dijet2: -1.4591653162784266
  dijet3: -1.2130922508672288
  expow2: -0.4879724300270151
  invpow2: -8.395726799063862
  invpow3: -29.98822989925672
p3:
  dijet3: -0.09945159322966937
  invpow3: -0.3982904481970373
