event_sum: 193.0
norm: 193.0
p1:
  dijet2: -4.0453113406764205e-05
  dijet3: -3.183564195307232e-05
  expow1: -5.240929444936818
  expow2: -0.2649417290023912
  invpow2: 0.021593930013192084
  invpow3: 0.011832305516919763
p2:
  dijet2: -1.1550563973391137
  dijet3: -0.8099578907822638
  expow2: -0.49999982498539725
  invpow2: -29.98731014928201
  invpow3: -29.997165603038372
p3:
  dijet3: -0.09999980580551845
  invpow3: -0.9987973158182385
