event_sum: 193.0
norm: 193.0
p1:
  dijet2: -5.880246038676186e-05
  dijet3: -3.0246881396417055e-05
  expow1: -5.247304942240802
  expow2: -0.2661514874705615
  invpow2: 0.02160493275895241
  invpow3: 0.011828948150188768
p2:
  dijet2: -1.1548699579768076
  dijet3: -0.810035803681983
  expow2: -0.49994984909722523
  invpow2: -29.991695754398133
  invpow3: -29.99710738558022
p3:
  dijet3: -0.09999971790299836
  invpow3: -0.9992315064545663
