event_sum: 6.0
norm: 6.0
p1:
  dijet2: -0.0016686595577476019
  dijet3: -0.0002490043609348156
  expow1: -4.855606753034913
  expow2: -4.508476911979902e-05
  invpow2: 0.019813576334330545
  invpow3: 0.011066012227992868
p2:
  dijet2: -1.0767049467073884
  dijet3: -0.7312827264955306
  expow2: -0.49986347125590974
  invpow2: -29.89704282489539
  invpow3: -29.994719834649754
p3:
  dijet3: -0.09941992580812098
  invpow3: -0.9998254489849787
