event_sum: 149.0
norm: 149.0
p1:
  dijet2: -0.0001660369602351731
  dijet3: -0.0006187780117493475
  expow1: -4.87801150988259
  expow2: -8.991068217121742e-05
  invpow2: 0.019159411288108642
  invpow3: 0.012518420323098656
p2:
  dijet2: -1.0598203310559198
  dijet3: -0.7079107104506476
  expow2: -0.4778012038168134
  invpow2: -29.88827799665804
  invpow3: -29.998129860392073
p3:
  dijet3: -0.09998278314143959
  invpow3: -0.6046861759047941
