event_sum: 13.0
norm: 13.0
p1:
  dijet2: -0.5324973084787001
  dijet3: -0.1258183546817631
  expow1: -6.798129171768192
  expow2: -2.391043041177887
  invpow2: 0.05024145151308641
  invpow3: 0.024772380580490874
p2:
  dijet2: -1.4542668899869602
  dijet3: -1.2127880104176059
  expow2: -0.49084899643369206
  invpow2: -22.065527454943137
  invpow3: -29.986810865232247
p3:
  dijet3: -0.09963098592479948
  invpow3: -0.3954904287903082
