alphaL: 0.9805070748076262
alphaR: 1.440684643399729
event_sum: 1.3984551554021891
mean: 994.4323342204885
nL: 3.494771331074385
nR: 3.881373851284337
norm: 1.3984551554021891
sigma: 56.0
sigmaL: 65.31773353477372
sigmaR: 47.7940920321946
widthL: 65.31773353477372
widthR: 47.7940920321946
x0: 994.4323342204885
