alphaL: 1.0049382272209828
alphaR: 1.3636080922713645
event_sum: 0.7920353126246482
mean: 993.2744743030119
nL: 3.8048891986109927
nR: 3.33816152715213
norm: 0.7920353126246482
sigma: 56.0
sigmaL: 66.33160424548015
sigmaR: 42.991949615910244
widthL: 66.33160424548015
widthR: 42.991949615910244
x0: 993.2744743030119
