alphaL: 1.1179633637611153
alphaR: 1.6075119219161222
event_sum: 0.7702400962880347
mean: 992.8582966026715
nL: 2.362480725481068
nR: 1.8870002349242938
norm: 0.7702400962880347
sigma: 56.0
sigmaL: 69.93997507795193
sigmaR: 45.89824218968212
widthL: 69.93997507795193
widthR: 45.89824218968212
x0: 992.8582966026715
