alphaL: 1.140652328425587
alphaR: 1.4553057073383375
event_sum: 8.096993102692068
mean: 991.3559801034506
nL: 4.098623949830631
nR: 3.6452018541731257
norm: 8.096993102692068
sigma: 56.0
sigmaL: 69.7239927819493
sigmaR: 45.82340012391311
widthL: 69.7239927819493
widthR: 45.82340012391311
x0: 991.3559801034506
