alphaL: 0.9810186819022089
alphaR: 1.4414441451110556
event_sum: 1.3984551554021891
mean: 994.4124679331608
nL: 3.4989007470560956
nR: 3.884601433462458
norm: 1.3984551554021891
sigma: 56.0
sigmaL: 65.34135408211439
sigmaR: 47.85059809114004
widthL: 65.34135408211439
widthR: 47.85059809114004
x0: 994.4124679331608
