alphaL: 1.0947924537309173
alphaR: 1.5335415337116114
event_sum: 8.096993102692068
fraction: 0.9840551168497154
mean: 992.0416461663839
nL: 4.891136517899627
nR: 3.070260810300523
norm: 7.980182153638452
sigma: 56.0
sigmaL: 70.09136187567479
sigmaR: 45.97828748435731
widthL: 70.09136187567479
widthR: 45.97828748435731
x0: 992.0416461663839
