alphaL: 0.6265250789986759
alphaR: 1.653598994124514
event_sum: 14.349227924598381
fraction: 0.9832258857188222
mean: 982.7503079264623
nL: 4.578338371087211
nR: 4.052361951707255
norm: 14.098511741263792
sigma: 56.0
sigmaL: 42.511334399147785
sigmaR: 56.464709672061765
widthL: 42.511334399147785
widthR: 56.464709672061765
x0: 982.7503079264623
