alphaL: 0.9259319946142142
alphaR: 1.587746887510613
event_sum: 1.2527262280054856
mean: 992.9987224989334
nL: 2.2510179421022163
nR: 2.1408985159844436
norm: 1.2527262280054856
sigma: 51.30861387125126
sigmaL: 62.73800153730962
sigmaR: 49.81142361426148
widthL: 62.73800153730962
widthR: 49.81142361426148
x0: 992.9987224989334
