alphaL: 0.9624147320541725
alphaR: 1.5699474647144345
event_sum: 14.349227924598381
fraction: 0.9926704268793891
mean: 990.0092973231663
nL: 2.876516270202585
nR: 3.956230950408809
norm: 14.253784832078964
sigma: 56.0
sigmaL: 60.528597133862135
sigmaR: 52.37602285695269
widthL: 60.528597133862135
widthR: 52.37602285695269
x0: 990.0092973231663
