alphaL: 0.9347110133091181
alphaR: 1.600197565410831
event_sum: 14.349227924598381
mean: 989.512913533198
nL: 3.123427861443173
nR: 3.7902746185126364
norm: 14.349227924598381
sigma: 56.0
sigmaL: 59.629108369188764
sigmaR: 52.86502861358036
widthL: 59.629108369188764
widthR: 52.86502861358036
x0: 989.512913533198
