alphaL: 1.1001888644841737
alphaR: 1.3937524452572867
event_sum: 8.096993102692068
fraction: 0.9936212548302126
mean: 991.7949985137811
nL: 4.716267312977811
nR: 3.8120638867704706
norm: 8.035738580627367
sigma: 56.0
sigmaL: 69.12312602213345
sigmaR: 44.75975151175876
widthL: 69.12312602213345
widthR: 44.75975151175876
x0: 991.7949985137811
