alphaL: 1.1549319776742053
alphaR: 1.5016925248081698
event_sum: 0.7158232085203053
mean: 996.8030301895616
nL: 1.5510096777074667
nR: 1.8858010156674834
norm: 0.7158232085203053
sigma: 51.30861387125126
sigmaL: 74.79484615950302
sigmaR: 42.05825021487818
widthL: 74.79484615950302
widthR: 42.05825021487818
x0: 996.8030301895616
