alphaL: 1.0060888859433523
alphaR: 1.3693670485096512
event_sum: 0.7920353126246482
mean: 993.4071652442979
nL: 3.821616240954244
nR: 3.3785148951428723
norm: 0.7920353126246482
sigma: 56.0
sigmaL: 66.460733733624
sigmaR: 43.634236138450625
widthL: 66.460733733624
widthR: 43.634236138450625
x0: 993.4071652442979
