alphaL: 1.0901599954007786
alphaR: 1.6539453329583054
event_sum: 1.3528703892079648
mean: 994.8461888892334
nL: 2.0674411575792124
nR: 2.1813505172116248
norm: 1.3528703892079648
sigma: 56.0
sigmaL: 68.02408598284211
sigmaR: 49.10173608843956
widthL: 68.02408598284211
widthR: 49.10173608843956
x0: 994.8461888892334
