alphaL: 1.3175210455817445
alphaR: 2.3435103403075983
event_sum: 1.2550039713262482
fraction: 0.9991657792988564
mean: 3310.0378502716094
nL: 9.003209444086398
nR: 1.7108233210504984
norm: 1.2550863147878388
sigma: 144.40969452904446
sigmaL: 137.90665567637242
sigmaR: 68.59651838142358
widthL: 137.90665567637242
widthR: 68.59651838142358
x0: 3310.0378502716094
