alphaL: 1.3073956363446972
alphaR: 0.9765706453534958
event_sum: 0.7104138307724781
mean: 3326.227338793124
nL: 4.22432491139457
nR: 4.438600417726302
norm: 0.7104138307724781
sigma: 144.75202772078157
sigmaL: 136.46209238395537
sigmaR: 47.137490754196854
widthL: 136.46209238395537
widthR: 47.137490754196854
x0: 3326.227338793124
