alphaL: 1.263297787449136
alphaR: 1.0727895974046855
event_sum: 7.300244010868389
fraction: 0.9990355448642999
mean: 3319.4502758460003
nL: 8.543529408272105
nR: 4.5
norm: 7.1755480230659465
sigma: 288.1588706011859
sigmaL: 135.4673010481308
sigmaR: 58.96638987081794
widthL: 135.4673010481308
widthR: 58.96638987081794
x0: 3319.4502758460003
