alphaL: 1.2437904453915434
alphaR: 1.9886698659514608
event_sum: 0.7173757221071134
mean: 3291.7066161279336
nL: 4.352808756020595
nR: 1.938502278809818
norm: 0.7173757221071134
sigma: 292.0758062658923
sigmaL: 113.25188480076663
sigmaR: 87.65559470566421
widthL: 113.25188480076663
widthR: 87.65559470566421
x0: 3291.7066161279336
