alphaL: 1.3380773128128363
alphaR: 2.362968216157632
event_sum: 1.5848159442320022
mean: 3307.467762932121
nL: 4.694849713678025
nR: 1.0239668531914727
norm: 1.5848159442320022
sigma: 292.0758062658923
sigmaL: 135.79787688180102
sigmaR: 78.33545810420117
widthL: 135.79787688180102
widthR: 78.33545810420117
x0: 3307.467762932121
