alphaL: 2.552443365006396
alphaR: 1.8282878397490785
event_sum: 1.5824152942817729
mean: 3351.4773187947453
nL: 4.396903541481194
nR: 1.7391055927709111
norm: 1.5824152942817729
sigma: 292.0758062658923
sigmaL: 241.2797556452957
sigmaR: 54.49176427763083
widthL: 241.2797556452957
widthR: 54.49176427763083
x0: 3351.4773187947453
