alphaL: 3.0
alphaR: 2.0682477459426933
event_sum: 0.7150675265822768
fraction: 0.9990747709563782
mean: 3343.124305248873
nL: 7.352099286584732
nR: 1.7095077293824135
norm: 0.7146342336469682
sigma: 144.40969452904446
sigmaL: 191.302462220243
sigmaR: 56.391359769164204
widthL: 191.302462220243
widthR: 56.391359769164204
x0: 3343.124305248873
