alphaL: 0.8795127257783204
alphaR: 2.2041779076547874
event_sum: 15.867238494112446
fraction: 0.9989111999419168
mean: 3298.0339927273685
nL: 9.996556278528416
nR: 1.9220560988607458
norm: 15.80683684473647
sigma: 288.1588706011859
sigmaL: 105.91810702072425
sigmaR: 81.19336109112119
widthL: 105.91810702072425
widthR: 81.19336109112119
x0: 3298.0339927273685
