alphaL: 1.372415804761146
alphaR: 2.5976786576654343
event_sum: 1.2542728632657116
mean: 3306.9875562619895
nL: 4.482224911102143
nR: 0.8711104550084767
norm: 1.2542728632657116
sigma: 144.75202772078157
sigmaL: 133.50351130080043
sigmaR: 69.39203865168555
widthL: 133.50351130080043
widthR: 69.39203865168555
x0: 3306.9875562619895
