alphaL: 1.5575432300521481
alphaR: 1.2811695528581883
event_sum: 0.7132562055706174
mean: 3322.8627183014214
nL: 4.372064525376058
nR: 3.7543053120561374
norm: 0.7132562055706174
sigma: 144.75202772078157
sigmaL: 145.3049580485203
sigmaR: 57.04028568227474
widthL: 145.3049580485203
widthR: 57.04028568227474
x0: 3322.8627183014214
