alphaL: 1.8175694617693188
alphaR: 0.01
event_sum: 1.249455898804954
mean: 3366.8286463290015
nL: 4.319919611907932
nR: 4.828705138425269
norm: 1.249455898804954
sigma: 144.75202772078157
sigmaL: 184.146337667864
sigmaR: 5.0
widthL: 184.146337667864
widthR: 5.0
x0: 3366.8286463290015
