alphaL: 1.0706325742013183
alphaR: 2.0892448103446655
event_sum: 0.7199617696394054
mean: 3291.082172924752
nL: 4.8667132910584385
nR: 1.5532891741942576
norm: 0.7199617696394054
sigma: 292.0758062658923
sigmaL: 106.43762074382755
sigmaR: 88.38542413696779
widthL: 106.43762074382755
widthR: 88.38542413696779
x0: 3291.082172924752
