alphaL: 0.9660010451010097
alphaR: 2.270406981848616
event_sum: 22.838042875368124
mean: 2145.918614578548
nL: 116.44243529953728
nR: 2.494458741086005
norm_2016: 5.93466612544242
norm_2017: 7.705174032810604
norm_2018: 11.142854420634375
norm_Run2: 22.838042875368124
sigma: 99.02269399710751
sigmaL: 81.71719135921771
sigmaR: 53.162514857977534
widthL: 81.71719135921771
widthR: 53.162514857977534
x0: 2145.918614578548
