alphaL: 0.7747780978719602
alphaR: 1.9154104817660984
event_sum: 28.887541813614234
mean: 2147.714860283046
nL: 35.14609479542995
nR: 2.5493178875522773
norm_2016: 7.722405208328092
norm_2017: 9.108009058302269
norm_2018: 12.808737968830878
norm_Run2: 28.887541813614234
sigma: 119.29914016104578
sigmaL: 68.97254951808486
sigmaR: 59.26632068141872
widthL: 68.97254951808486
widthR: 59.26632068141872
x0: 2147.714860283046
