alphaL: 0.911694947189259
alphaR: 1.2150850373572575
event_sum: 17.51681853035032
mean: 2127.6702334246984
nL: 2.07644173164673
nR: 5.165012477570924
norm_2016: 4.292479523315051
norm_2017: 5.511582316453176
norm_2018: 8.0217254028517
norm_Run2: 17.51681853035032
sigma: 120.4
sigmaL: 130.7212783934983
sigmaR: 84.40427710545366
widthL: 130.7212783934983
widthR: 84.40427710545366
x0: 2127.6702334246984
