alphaL: 0.7426612959772054
alphaR: 2.175345922144438
event_sum: 41.6035542077815
mean: 2146.9227347839765
nL: 76.75474599832057
nR: 1.6282726224509516
norm_2016: 10.052518539402021
norm_2017: 13.120736193072544
norm_2018: 19.57792301891187
norm_Run2: 41.6035542077815
sigma: 119.29914016104578
sigmaL: 68.3074194662071
sigmaR: 54.54116610076162
widthL: 68.3074194662071
widthR: 54.54116610076162
x0: 2146.9227347839765
