alphaL: 1.1668919099105313
alphaR: 1.2787429955746128
event_sum: 12.626907860641872
mean: 2111.512696215362
nL: 0.46275523098706994
nR: 5.301839920659682
norm_2016: 2.98170234644702
norm_2017: 3.9457808806515575
norm_2018: 5.896481493603199
norm_Run2: 12.626907860641872
sigma: 215.0
sigmaL: 221.5130908523478
sigmaR: 112.39565333663639
widthL: 221.5130908523478
widthR: 112.39565333663639
x0: 2111.512696215362
