alphaL: 1.2901653850095303
alphaR: 2.132359303717479
event_sum: 0.5146376506946211
mean: 3441.385708382067
nL: 2.8753419447184996
nR: 2.487916877628492
norm: 0.5146376506946211
sigma: 155.83496748472504
sigmaL: 124.20365321343
sigmaR: 80.80508712201993
widthL: 124.20365321343
widthR: 80.80508712201993
x0: 3441.385708382067
