alphaL: 0.8857922505358956
alphaR: 1.5686144531073394
event_sum: 5.976695998736363
fraction: 0.9983220607739465
mean: 3455.0953068946433
nL: 9.62073443286603
nR: 2.724521737237225
norm: 5.840335473052417
sigma: 331.0944214620312
sigmaL: 119.48693308487574
sigmaR: 71.51643189050658
widthL: 119.48693308487574
widthR: 71.51643189050658
x0: 3455.0953068946433
