alphaL: 1.1410235874048174
alphaR: 1.8668118620745442
event_sum: 0.5162304844570913
mean: 3442.215357013327
nL: 4.799856270804908
nR: 3.2157802123380965
norm: 0.5162304844570913
sigma: 155.83496748472504
sigmaL: 120.86323682204298
sigmaR: 77.93928863291472
widthL: 120.86323682204298
widthR: 77.93928863291472
x0: 3442.215357013327
