alphaL: 1.3179077744070926
alphaR: 1.9815711828776155
event_sum: 0.6873248949226793
fraction: 0.9984297219882898
mean: 3445.9427057856656
nL: 6.823806867416964
nR: 3.554789612951687
norm: 0.6872102521185552
sigma: 155.7829681170268
sigmaL: 147.03518225182427
sigmaR: 74.32445621519001
widthL: 147.03518225182427
widthR: 74.32445621519001
x0: 3445.9427057856656
