alphaL: 0.9386932028450248
alphaR: 2.1323872364259957
event_sum: 2.68247809016039
fraction: 0.9923761635682142
mean: 3441.3839757298756
nL: 17.081487437013926
nR: 3.505157149203445
norm: 0.6860930526829907
sigma: 152.51982464849453
sigmaL: 117.22684866727593
sigmaR: 77.06523400008673
widthL: 117.22684866727593
widthR: 77.06523400008673
x0: 3441.3839757298756
