alphaL: 0.735571613399106
alphaR: 1.522603504488567
event_sum: 22.393042710809635
fraction: 0.9913951429794334
mean: 3447.453126605945
nL: 21.706116681525593
nR: 3.426641298050109
norm: 5.811094938853787
sigma: 328.45850469426125
sigmaL: 102.12337782374621
sigmaR: 79.49520726752377
widthL: 102.12337782374621
widthR: 79.49520726752377
x0: 3447.453126605945
