alphaL: 1.3712188478714316
alphaR: 0.8635848583409793
event_sum: 0.6552238965669286
mean: 3480.068964943699
nL: 5.0
nR: 3.7872671293788214
norm: 0.6552238965669286
sigma: 335.3009114141376
sigmaL: 158.27619841392487
sigmaR: 43.97887473450649
widthL: 158.27619841392487
widthR: 43.97887473450649
x0: 3480.068964943699
