alphaL: 0.9530000987450274
alphaR: 1.880815011121931
event_sum: 0.4954966645754275
fraction: 0.999178394088796
mean: 3436.4256213015137
nL: 9.937084668563916
nR: 4.293195638915509
norm: 0.4951617063842657
sigma: 155.7829681170268
sigmaL: 109.17038131645305
sigmaR: 81.23935408486527
widthL: 109.17038131645305
widthR: 81.23935408486527
x0: 3436.4256213015137
