alphaL: 1.142792318158894
alphaR: 2.2992286014796797
event_sum: 0.7038555668378603
mean: 3439.7176281374645
nL: 4.4531082281630106
nR: 2.1336519741706867
norm: 0.7038555668378603
sigma: 155.83496748472504
sigmaL: 132.57701546866434
sigmaR: 78.32682594122325
widthL: 132.57701546866434
widthR: 78.32682594122325
x0: 3439.7176281374645
