alphaL: 1.1462639956593466
alphaR: 1.6059409072094184
event_sum: 0.6585976520998669
mean: 3448.535839614771
nL: 4.413597420760332
nR: 3.3675810200923375
norm: 0.6585976520998669
sigma: 335.3009114141376
sigmaL: 126.06135048693487
sigmaR: 78.59937659132052
widthL: 126.06135048693487
widthR: 78.59937659132052
x0: 3448.535839614771
