alphaL: 1.3534439781247576
alphaR: 1.6789959080336103
event_sum: 1.2648746253876744
mean: 3454.543187009668
nL: 4.869159542857554
nR: 2.6385752925160784
norm: 1.2648746253876744
sigma: 335.3009114141376
sigmaL: 147.91159619234358
sigmaR: 68.95660900436773
widthL: 147.91159619234358
widthR: 68.95660900436773
x0: 3454.543187009668
