alphaL: 1.448662171381018
alphaR: 1.5755232724383812
event_sum: 0.7075089086793139
mean: 3460.3629607985945
nL: 4.314939859118126
nR: 4.419194296136316
norm: 0.7075089086793139
sigma: 155.83496748472504
sigmaL: 158.13603520217222
sigmaR: 61.39721956092071
widthL: 158.13603520217222
widthR: 61.39721956092071
x0: 3460.3629607985945
