alphaL: 0.8950611632311721
alphaR: 1.693601147837965
event_sum: 11.281154862990117
fraction: 0.9989764372520179
mean: 3441.8121579743506
nL: 9.988564938003478
nR: 3.0492151639682437
norm: 11.200398344714747
sigma: 331.0944214620312
sigmaL: 113.86531236846893
sigmaR: 75.97658601259893
widthL: 113.86531236846893
widthR: 75.97658601259893
x0: 3441.8121579743506
