alphaL: 1.4193561979657372
alphaR: 1.5516047895548983
event_sum: 1.2694618482255777
mean: 3456.8175877843596
nL: 4.353351533058293
nR: 2.8286156029714524
norm: 1.2694618482255777
sigma: 335.3009114141376
sigmaL: 153.1288238184477
sigmaR: 67.56875488471853
widthL: 153.1288238184477
widthR: 67.56875488471853
x0: 3456.8175877843596
