alphaL: 1.6669028005118538
alphaR: 1.712802611069379
event_sum: 25.91131749517323
mean: 2210.414970175411
nL: 2.999999041900104
nR: 2.627708964200253
norm: 25.91131749517323
sigma: 149
sigmaL: 104.74549698826371
sigmaR: 52.23085859821862
widthL: 104.74549698826371
widthR: 52.23085859821862
x0: 2210.414970175411
