alphaL: 1.9391473215207253
alphaR: 2.2253869335347938
event_sum: 30.07055340151511
mean: 2206.2929908133156
nL: 2.9972539112170296
nR: 2.1716908444892002
norm: 30.07055340151511
sigma: 136
sigmaL: 111.91785056376729
sigmaR: 48.922346917833266
widthL: 111.91785056376729
widthR: 48.922346917833266
x0: 2206.2929908133156
