alphaL: 1.7683973079709414
alphaR: 1.9127104127632548
event_sum: 37.23172797546757
mean: 2212.2147768711434
nL: 2.99993843139525
nR: 2.000924795035877
norm: 37.23172797546757
sigma: 149
sigmaL: 110.98423317011002
sigmaR: 46.67680452909694
widthL: 110.98423317011002
widthR: 46.67680452909694
x0: 2212.2147768711434
