alphaL: 0.9609921331530389
alphaR: 1.4874862948251184
event_sum: 14.245926546966157
fraction: 0.975177781017495
mean: 1142.8671760936347
nL: 2.7185773028293907
nR: 3.912138208198547
norm: 13.770132094420516
sigma: 64.4
sigmaL: 74.98454497791718
sigmaR: 54.545504573156336
widthL: 74.98454497791718
widthR: 54.545504573156336
x0: 1142.8671760936347
