alphaL: 1.1485305574665088
alphaR: 1.5493555689014586
event_sum: 0.8711003214615946
mean: 1142.0727078183734
nL: 2.2742887703669354
nR: 2.0298014810859537
norm: 0.8711003214615946
sigma: 64.4
sigmaL: 79.65248533872455
sigmaR: 51.11767224382033
widthL: 79.65248533872455
widthR: 51.11767224382033
x0: 1142.0727078183734
