alphaL: 0.896506648991539
alphaR: 1.3969890727586067
event_sum: 1.3426026496680556
mean: 1145.5402815671855
nL: 3.4533923857289137
nR: 3.6914580854760723
norm: 1.3426026496680556
sigma: 64.4
sigmaL: 74.52157687213538
sigmaR: 52.19816517113068
widthL: 74.52157687213538
widthR: 52.19816517113068
x0: 1145.5402815671855
