alphaL: 0.8798889717050606
alphaR: 1.6453451456966166
event_sum: 9.386102674844079
fraction: 0.9814390356562144
mean: 1129.6805840723264
nL: 4.101004563015532
nR: 3.2727047739526975
norm: 9.154428140927953
sigma: 64.4
sigmaL: 61.63957940499021
sigmaR: 60.64132879135016
widthL: 61.63957940499021
widthR: 60.64132879135016
x0: 1129.6805840723264
