alphaL: 1.0099126270193426
alphaR: 1.4125407976616164
event_sum: 0.8980907427777574
mean: 1140.7546235914947
nL: 3.6663459662708915
nR: 3.87565568112059
norm: 0.8980907427777574
sigma: 64.4
sigmaL: 74.26732038668641
sigmaR: 53.01323142959029
widthL: 74.26732038668641
widthR: 53.01323142959029
x0: 1140.7546235914947
