alphaL: 0.9940646399146881
alphaR: 1.4718037012705814
event_sum: 1.2964790676289017
mean: 1146.7463743354647
nL: 2.1019954869274486
nR: 2.042632179836078
norm: 1.2964790676289017
sigma: 64.4
sigmaL: 78.20401640801084
sigmaR: 50.961105668318986
widthL: 78.20401640801084
widthR: 50.961105668318986
x0: 1146.7463743354647
