alphaL: 1.2655740983862107
alphaR: 1.7475830246077093
event_sum: 2.8700535352548573
mean: 2453.7743904449953
nL: 4.449672222922032
nR: 2.6461226016990747
norm: 2.8700535352548573
sigma: 143.96414678525497
sigmaL: 98.3851066617371
sigmaR: 60.97633007762372
widthL: 98.3851066617371
widthR: 60.97633007762372
x0: 2453.7743904449953
