alphaL: 0.24127289711377933
alphaR: 2.459511063686074
event_sum: 16.273483408652936
mean: 2422.059118376231
nL: 5.0
nR: 2.397295198180373
norm: 16.273483408652936
sigma: 112.47635608131395
sigmaL: 20.85267664012455
sigmaR: 68.70353466421565
widthL: 20.85267664012455
widthR: 68.70353466421565
x0: 2422.059118376231
