alphaL: 1.0393114826035725
alphaR: 2.161233597357392
event_sum: 2.861357713404582
mean: 2443.5203356368525
nL: 4.917622288362794
nR: 1.933939560745588
norm: 2.861357713404582
sigma: 143.96414678525497
sigmaL: 84.15273934892517
sigmaR: 71.81438108029944
widthL: 84.15273934892517
widthR: 71.81438108029944
x0: 2443.5203356368525
