alphaL: 1.0999653400492488
alphaR: 2.004224111438992
event_sum: 11.966598163485038
fraction: 0.9990661108281169
mean: 2445.3968123576497
nL: 9.95456538921061
nR: 3.5198876813512983
norm: 11.961530876537003
sigma: 112.48956469164833
sigmaL: 88.7834228093054
sigmaR: 62.01819825520026
widthL: 88.7834228093054
widthR: 62.01819825520026
x0: 2445.3968123576497
