alphaL: 1.1385385980778635
alphaR: 2.006248859498048
event_sum: 4.687916851136061
mean: 2450.1807368999907
nL: 4.719600156843227
nR: 1.935545875549545
norm: 4.687916851136061
sigma: 143.96414678525497
sigmaL: 94.30429422832721
sigmaR: 57.68963260914159
widthL: 94.30429422832721
widthR: 57.68963260914159
x0: 2450.1807368999907
