alphaL: 1.1532875729339533
alphaR: 2.0513176715138837
event_sum: 13.103345139020842
mean: 2446.6001435678595
nL: 4.897091285419083
nR: 3.135752674758639
norm: 13.103345139020842
sigma: 112.47635608131395
sigmaL: 89.7965263356177
sigmaR: 61.38033451125894
widthL: 89.7965263356177
widthR: 61.38033451125894
x0: 2446.6001435678595
