alphaL: 0.9635654147672321
alphaR: 1.8735221628849261
event_sum: 27.703602071146648
fraction: 0.9975903060796216
mean: 2448.1189420473434
nL: 10.0
nR: 2.4109384510097467
norm: 27.597533263931602
sigma: 144.0557503261925
sigmaL: 84.55520384043486
sigmaR: 63.7891163609284
widthL: 84.55520384043486
widthR: 63.7891163609284
x0: 2448.1189420473434
