alphaL: 1.3597667593330058
alphaR: 1.7958210881721475
event_sum: 13.157047137574628
mean: 2451.6658485457183
nL: 4.499901633236406
nR: 4.399568136210533
norm: 13.157047137574628
sigma: 112.47635608131395
sigmaL: 99.20376521523151
sigmaR: 57.43930154442482
widthL: 99.20376521523151
widthR: 57.43930154442482
x0: 2451.6658485457183
