alphaL: 1.0488981499802583
alphaR: 1.9999900550197072
event_sum: 45.19138348909313
fraction: 0.9971945503949032
mean: 2451.2782330196346
nL: 9.99936730483802
nR: 1.9293188229946032
norm: 45.12686544798652
sigma: 144.0557503261925
sigmaL: 93.78830087408357
sigmaR: 57.19036093942557
widthL: 93.78830087408357
widthR: 57.19036093942557
x0: 2451.2782330196346
