alphaL: 1.3142145872181095
alphaR: 1.9423330046636005
event_sum: 4.698914871275025
mean: 2454.6596414823525
nL: 4.499552229221158
nR: 2.015181186126528
norm: 4.698914871275025
sigma: 143.96414678525497
sigmaL: 103.21382369828997
sigmaR: 55.291458935863524
widthL: 103.21382369828997
widthR: 55.291458935863524
x0: 2454.6596414823525
