alphaL: 0.7309768403242616
alphaR: 2.0673359246863994
event_sum: 45.19138348909313
fraction: 0.9895264057797171
mean: 2446.1847165324025
nL: 82.17937301948804
nR: 1.8750465996482883
norm: 44.83779119178876
sigma: 144.33998263673672
sigmaL: 76.5235775242397
sigmaR: 60.08989627025364
widthL: 76.5235775242397
widthR: 60.08989627025364
x0: 2446.1847165324025
