alphaL: 1.2245455190048
alphaR: 2.076880011163427
event_sum: 14.868188421044588
fraction: 0.9989373466479885
mean: 2450.4626277564203
nL: 9.982979933546924
nR: 2.904090621245874
norm: 14.865576101878462
sigma: 112.48956469164833
sigmaL: 101.82754056495068
sigmaR: 55.20099121822688
widthL: 101.82754056495068
widthR: 55.20099121822688
x0: 2450.4626277564203
