alphaL: 1.3983306978748669
alphaR: 2.1092440790794047
event_sum: 16.352192937975886
mean: 2451.7471096973914
nL: 4.499880079372781
nR: 2.738414356279677
norm: 16.352192937975886
sigma: 112.47635608131395
sigmaL: 105.98609871343163
sigmaR: 54.36333559684356
widthL: 105.98609871343163
widthR: 54.36333559684356
x0: 2451.7471096973914
