alphaL: 0.8758454235420169
alphaR: 2.0834185600961845
event_sum: 11.924263156876123
mean: 2443.380656103861
nL: 44.017705993259575
nR: 3.327170870658389
norm_2016: 3.3630268609563005
norm_2017: 3.9721142141967434
norm_2018: 5.597652310259073
norm_Run2: 11.924263156876123
sigma: 112.26607898594938
sigmaL: 80.84276775523604
sigmaR: 63.49592815442102
widthL: 80.84276775523604
widthR: 63.49592815442102
x0: 2443.380656103861
