alphaL: 0.8632552580989037
alphaR: 2.2585601980353043
event_sum: 14.81797480187414
mean: 2444.874101962024
nL: 108.01538526186712
nR: 2.4585187476048893
norm_2016: 14.81797480187414
norm_2017: 14.81797480187414
norm_2018: 14.81797480187414
norm_Run2: 14.81797480187414
sigma: 112.26607898594938
sigmaL: 84.91482543665296
sigmaR: 58.14338062955296
widthL: 84.91482543665296
widthR: 58.14338062955296
x0: 2444.874101962024
