alphaL: 0.7178655107927678
alphaR: 1.952884062058772
event_sum: 27.41647107790227
mean: 2445.308157289875
nL: 32.288055623970855
nR: 2.1897961718637005
norm_2016: 27.41647107790227
norm_2017: 27.41647107790227
norm_2018: 27.41647107790227
norm_Run2: 27.41647107790227
sigma: 144.33998263673672
sigmaL: 71.64255967536954
sigmaR: 65.52434449538643
widthL: 71.64255967536954
widthR: 65.52434449538643
x0: 2445.308157289875
