alphaL: 0.7141808812860325
alphaR: 1.94425297585438
event_sum: 27.41647107790227
mean: 2444.7213382226855
nL: 28.979608090603207
nR: 2.2483367683306983
norm_2016: 7.3381104741946075
norm_2017: 8.688112412662644
norm_2018: 12.124071095626112
norm_Run2: 27.41647107790227
sigma: 144.33998263673672
sigmaL: 71.18530815917184
sigmaR: 65.96751047994866
widthL: 71.18530815917184
widthR: 65.96751047994866
x0: 2444.7213382226855
