alphaL: 0.6594107810780949
alphaR: 1.6090644132279468
event_sum: 8.573067376057642
mean: 2392.499739019492
nL: 1.0862443099776702
nR: 4.234843068175989
norm_2016: 8.573067376057642
norm_2017: 8.573067376057642
norm_2018: 8.573067376057642
norm_Run2: 8.573067376057642
sigma: 137.2
sigmaL: 88.7542161677685
sigmaR: 120.00058494076481
widthL: 88.7542161677685
widthR: 120.00058494076481
x0: 2392.499739019492
