alphaL: 0.7115173430104109
alphaR: 1.5521090126623647
event_sum: 8.573067376057642
mean: 2400.493113501418
nL: 1.1096380800139205
nR: 4.384911615801064
norm_2016: 2.27265459542927
norm_2017: 2.7092835405416444
norm_2018: 3.711803605402453
norm_Run2: 8.573067376057642
sigma: 137.2
sigmaL: 100.80806089439392
sigmaR: 114.33726480953715
widthL: 100.80806089439392
widthR: 114.33726480953715
x0: 2400.493113501418
