alphaL: 1.0823244251464688
alphaR: 1.2248158723261293
event_sum: 6.297553914385498
mean: 2395.8983746537087
nL: 0.15125462706486126
nR: 5.714869868248477
norm_2016: 1.577664578975196
norm_2017: 2.0440585636758124
norm_2018: 2.747181813613043
norm_Run2: 6.368904956264052
sigma: 245.0
sigmaL: 257.3748439662155
sigmaR: 125.30132173369407
widthL: 257.3748439662155
widthR: 125.30132173369407
x0: 2395.8983746537087
