alphaL: 0.7972856546770688
alphaR: 1.4687163600048216
event_sum: 13.324722594562793
mean: 2401.684388053691
nL: 1.7363148255035294
nR: 4.919574755291916
norm_2016: 3.122300445947323
norm_2017: 4.197036000973537
norm_2018: 6.235335181659372
norm_Run2: 13.324722594562793
sigma: 137.2
sigmaL: 120.0107354345851
sigmaR: 111.04097614182609
widthL: 120.0107354345851
widthR: 111.04097614182609
x0: 2401.684388053691
