alphaL: 0.7359983481425143
alphaR: 2.0601302614231845
event_sum: 44.83779119178876
mean: 2446.8137669450766
nL: 67.11160357154931
nR: 1.8889716860048382
norm_2016: 10.935730064198847
norm_2017: 14.320149721775527
norm_2018: 20.875227130380704
norm_Run2: 44.83779119178876
sigma: 144.33998263673672
sigmaL: 76.76256734963401
sigmaR: 59.588879057516536
widthL: 76.76256734963401
widthR: 59.588879057516536
x0: 2446.8137669450766
