alphaL: 1.1759429144874216
alphaR: 1.1670988538854112
event_sum: 9.201257025164896
mean: 2402.8833810293117
nL: 0.3217935305544992
nR: 8.248651989166794
norm_2016: 9.201257025164896
norm_2017: 9.201257025164896
norm_2018: 9.201257025164896
norm_Run2: 9.201257025164896
sigma: 245.0
sigmaL: 263.05536441565056
sigmaR: 123.86315890450138
widthL: 263.05536441565056
widthR: 123.86315890450138
x0: 2402.8833810293117
