alphaL: 0.7070280435157648
alphaR: 1.5149696947633084
event_sum: 13.324722594562793
mean: 2395.237375583837
nL: 1.926335883090102
nR: 4.8415696502437235
norm_2016: 13.324722594562793
norm_2017: 13.324722594562793
norm_2018: 13.324722594562793
norm_Run2: 13.324722594562793
sigma: 137.2
sigmaL: 106.24681158229755
sigmaR: 115.3733018074777
widthL: 106.24681158229755
widthR: 115.3733018074777
x0: 2395.237375583837
