alphaL: 1.1473888476242504
alphaR: 1.4348872316225032
event_sum: 16.015323964637663
fraction: 0.8368059395338917
mean: 2707.116344281659
nL: 0.7734734385615587
nR: 3.787327432292456
norm: 9.608805698431366
sigma: 154.0
sigmaL: 180.33185570640626
sigmaR: 118.22253605385662
widthL: 180.33185570640626
widthR: 118.22253605385662
x0: 2707.116344281659
