alphaL: 0.9866224441563742
alphaR: 1.1674161963019907
event_sum: 0.5589381933395131
mean: 2744.5828995062866
nL: 1.011700450687668
nR: 2.745034876701736
norm: 0.5589381933395131
sigma: 154.0
sigmaL: 190.0291106430013
sigmaR: 85.04565891411329
widthL: 190.0291106430013
widthR: 85.04565891411329
x0: 2744.5828995062866
