alphaL: 0.8072042545408045
alphaR: 1.5031756676477175
event_sum: 0.9043298540645623
mean: 2699.8042336388294
nL: 1.2953415217654922
nR: 3.0904740946694056
norm: 0.9043298540645623
sigma: 154.0
sigmaL: 143.3332905582731
sigmaR: 120.01282998247922
widthL: 143.3332905582731
widthR: 120.01282998247922
x0: 2699.8042336388294
