alphaL: 1.443510684168294
alphaR: 1.1899188402290621
event_sum: 16.474611558657113
fraction: 0.7297536744966574
mean: 2737.6679340225082
nL: 0.4
nR: 3.877432015468587
norm: 5.745536710944982
sigma: 154.0
sigmaL: 231.69005823990133
sigmaR: 95.35847504047835
widthL: 231.69005823990133
widthR: 95.35847504047835
x0: 2737.6679340225082
