alphaL: 1.161218784161711
alphaR: 1.058928933258676
event_sum: 0.9547512317131656
mean: 2737.1713310155033
nL: 1.0929470214421575
nR: 3.2978482880510387
norm: 0.9547512317131656
sigma: 154.0
sigmaL: 207.45660735093855
sigmaR: 82.67725673105379
widthL: 207.45660735093855
widthR: 82.67725673105379
x0: 2737.1713310155033
