alphaL: 1.1677803850888777
alphaR: 1.4195683594338617
event_sum: 0.5243497157803347
mean: 2709.84830272622
nL: 0.1
nR: 3.9349674147056115
norm: 0.5243497157803347
sigma: 154.0
sigmaL: 175.31382319758683
sigmaR: 116.93331034045936
widthL: 175.31382319758683
widthR: 116.93331034045936
x0: 2709.84830272622
