alphaL: 0.9078755286849646
alphaR: 1.5217454648576323
event_sum: 10.058029810628582
fraction: 0.9950941996666242
mean: 947.3078802493199
nL: 4.402000198835571
nR: 3.88258518003884
norm: 10.032896576402846
sigma: 53.199999999999996
sigmaL: 56.85630320573395
sigmaR: 49.32432519447521
widthL: 56.85630320573395
widthR: 49.32432519447521
x0: 947.3078802493199
