alphaL: 1.0530352609590712
alphaR: 1.4324761146879346
event_sum: 0.993698787069417
mean: 951.7189748347216
nL: 3.2381836110862365
nR: 3.5808457411150276
norm: 0.993698787069417
sigma: 53.199999999999996
sigmaL: 63.22402699255073
sigmaR: 44.776830620464445
widthL: 63.22402699255073
widthR: 44.776830620464445
x0: 951.7189748347216
