alphaL: 1.3623954262408657
alphaR: 1.1208293003693195
event_sum: 0.5161023724658813
mean: 958.4524134253262
nL: 2.668265777120065
nR: 3.953313992441856
norm: 0.5161023724658813
sigma: 53.199999999999996
sigmaL: 77.11358515395025
sigmaR: 35.20022320489442
widthL: 77.11358515395025
widthR: 35.20022320489442
x0: 958.4524134253262
