alphaL: 1.109889360520399
alphaR: 1.4931506771166472
event_sum: 5.225411318347602
fraction: 0.9937591193069394
mean: 948.8581576706812
nL: 4.772146223162638
nR: 3.268125929367436
norm: 5.2034205133983455
sigma: 53.199999999999996
sigmaL: 66.4553061311541
sigmaR: 45.33135848387879
widthL: 66.4553061311541
widthR: 45.33135848387879
x0: 948.8581576706812
