alphaL: 1.1733573715778214
alphaR: 1.6853782816964207
event_sum: 0.5016128451918608
mean: 948.9053513154016
nL: 2.1891620847917106
nR: 2.0929701705350303
norm: 0.5016128451918608
sigma: 53.199999999999996
sigmaL: 65.27324950199528
sigmaR: 45.180810733114036
widthL: 65.27324950199528
widthR: 45.180810733114036
x0: 948.9053513154016
