alphaL: 1.1004645853825672
alphaR: 1.6205337547706362
event_sum: 0.9656678952579177
mean: 948.7761480111934
nL: 1.9697033268292214
nR: 2.382075195704028
norm: 0.9656678952579177
sigma: 53.199999999999996
sigmaL: 61.57247591611011
sigmaR: 48.350078761196855
widthL: 61.57247591611011
widthR: 48.350078761196855
x0: 948.7761480111934
