alphaL: 1.3567173327415627
alphaR: 1.4220266832941728
event_sum: 0.5670240399155787
mean: 1726.1275512291254
nL: 0.4078588585105985
nR: 2.7693402635357813
norm: 0.5670240399155787
sigma: 175.0
sigmaL: 164.06001067225492
sigmaR: 92.48512425168445
widthL: 164.06001067225492
widthR: 92.48512425168445
x0: 1726.1275512291254
