alphaL: 0.948892398840732
alphaR: 1.219675485973023
event_sum: 0.6053483479353605
mean: 1731.0814928054251
nL: 0.986468812356322
nR: 3.561071225622232
norm: 0.6053483479353605
sigma: 175.0
sigmaL: 149.74083362929582
sigmaR: 83.3379061204614
widthL: 149.74083362929582
widthR: 83.3379061204614
x0: 1731.0814928054251
