alphaL: 1.3710776236525535
alphaR: 1.9228266378265813
event_sum: 0.561317984388105
mean: 1718.7575135221698
nL: 0.1
nR: 1.5711023526705374
norm: 0.561317984388105
sigma: 175.0
sigmaL: 173.28726667078828
sigmaR: 105.84934802230678
widthL: 173.28726667078828
widthR: 105.84934802230678
x0: 1718.7575135221698
