alphaL: 0.7229206244785849
alphaR: 1.0238309287668457
event_sum: 0.6352452117062787
mean: 1759.7580601822958
nL: 1.0048173189914689
nR: 2.5815339076305497
norm: 0.6352452117062787
sigma: 175.0
sigmaL: 203.86806558516332
sigmaR: 59.83214231587982
widthL: 203.86806558516332
widthR: 59.83214231587982
x0: 1759.7580601822958
