alphaL: 1.251288462287749
alphaR: 0.9712098394726191
event_sum: 6.544059310211196
fraction: 0.8479194621588846
mean: 1743.5309244841753
nL: 0.920290255803218
nR: 4.0594773619927205
norm: 5.35725842857273
sigma: 175.0
sigmaL: 173.5890640935438
sigmaR: 65.76118775455171
widthL: 173.5890640935438
widthR: 65.76118775455171
x0: 1743.5309244841753
