alphaL: 1.129620635120579
alphaR: 1.2879475417513346
event_sum: 7.450846465648257
fraction: 0.789793728880717
mean: 1725.0502660063632
nL: 0.4
nR: 4.401820424868484
norm: 5.216729811077044
sigma: 175.0
sigmaL: 166.17451389276314
sigmaR: 91.50815063844914
widthL: 166.17451389276314
widthR: 91.50815063844914
x0: 1725.0502660063632
