alphaL: 1.1029106026760975
alphaR: 1.1908743988237012
event_sum: 5.279844687469837
mean: 2500.0038490286993
nL: 0.11577142208996266
nR: 4.929972506844405
norm_2016: 1.2760390555009025
norm_2017: 1.704739424723294
norm_2018: 2.35221524051249
norm_Run2: 5.279844687469837
sigma: 255.0
sigmaL: 266.819341942346
sigmaR: 120.63620398449387
widthL: 266.819341942346
widthR: 120.63620398449387
x0: 2500.0038490286993
