alphaL: 0.7253185175051295
alphaR: 2.1099051290860986
event_sum: 45.64084496895016
mean: 2545.524463524683
nL: 105.76888876993682
nR: 1.78718428259051
norm_2016: 11.205574986419231
norm_2017: 14.590592336498533
norm_2018: 21.221591000031008
norm_Run2: 45.64084496895016
sigma: 153.37906048591276
sigmaL: 79.4215498390501
sigmaR: 62.653287522522255
widthL: 79.4215498390501
widthR: 62.653287522522255
x0: 2545.524463524683
