alphaL: 0.5775345160534101
alphaR: 1.0118768727445637
event_sum: 0.20916050900967226
mean: 2772.8509931420003
nL: 3.6386195583854026
nR: 3.2984831127781296
norm: 0.20916050900967226
sigma: 156.79999999999998
sigmaL: 156.96885386826776
sigmaR: 78.99384019112713
widthL: 156.96885386826776
widthR: 78.99384019112713
x0: 2772.8509931420003
