alphaL: 1.1254077187529588
alphaR: 1.4607941069709094
event_sum: 7.178327849968892
fraction: 0.8335584600752991
mean: 2752.7609402842504
nL: 0.8716418259717755
nR: 3.96970330579254
norm: 4.218901475613407
sigma: 156.79999999999998
sigmaL: 191.24400106098602
sigmaR: 117.88866741708878
widthL: 191.24400106098602
widthR: 117.88866741708878
x0: 2752.7609402842504
