alphaL: 1.1750937894581879
alphaR: 1.3122978744836595
event_sum: 0.3841713118449148
mean: 2743.112892713135
nL: 0.1
nR: 2.9119080132060877
norm: 0.3841713118449148
sigma: 156.79999999999998
sigmaL: 168.06755725873293
sigmaR: 126.37097507779063
widthL: 168.06755725873293
widthR: 126.37097507779063
x0: 2743.112892713135
