alphaL: 1.3751932586195268
alphaR: 1.1583395935157135
event_sum: 7.312457453608729
fraction: 0.7118119036110536
mean: 2750.0
nL: 0.4
nR: 3.2336920131471176
norm: 2.404419891229322
sigma: 156.79999999999998
sigmaL: 181.00141080211353
sigmaR: 99.06560828887146
widthL: 181.00141080211353
widthR: 99.06560828887146
x0: 2750.0
