alphaL: 1.0355867607006803
alphaR: 1.81460687314832
event_sum: 0.22401017651173252
mean: 2726.812534437034
nL: 1.005858493968648
nR: 3.7382513074320527
norm: 0.22401017651173252
sigma: 156.79999999999998
sigmaL: 188.7075594445116
sigmaR: 141.17601817330515
widthL: 188.7075594445116
widthR: 141.17601817330515
x0: 2726.812534437034
