alphaL: 0.9730105231275269
alphaR: 1.391668364484189
event_sum: 0.4045197051676635
mean: 2753.670239168121
nL: 0.9625322357568526
nR: 3.020174793021019
norm: 0.4045197051676635
sigma: 156.79999999999998
sigmaL: 170.5333643958726
sigmaR: 112.80154301526859
widthL: 170.5333643958726
widthR: 112.80154301526859
x0: 2753.670239168121
