alphaL: 1.7608851755636625
alphaR: 2.0750198173508694
event_sum: 29.50998178022938
mean: 1608.8161486616916
nL: 2.99928143033939
nR: 2.0791953553755502
norm: 29.50998178022938
sigma: 102
sigmaL: 82.2395634156477
sigmaR: 38.01174566332131
widthL: 82.2395634156477
widthR: 38.01174566332131
x0: 1608.8161486616916
