alphaL: 1.6464698450826594
alphaR: 1.6929534121924192
event_sum: 29.797418176170176
mean: 1611.2156265077272
nL: 2.999997421579544
nR: 2.669943578865198
norm: 29.797418176170176
sigma: 102
sigmaL: 76.30805000858417
sigmaR: 38.32815562671443
widthL: 76.30805000858417
widthR: 38.32815562671443
x0: 1611.2156265077272
