alphaL: 0.7851334082926718
alphaR: 1.161258254351933
event_sum: 1.8631494212599395
mean: 3202.5656864068337
nL: 0.10000721753502453
nR: 6.785299377011149
norm_2016: 0.5573705575150658
norm_2017: 0.5750763563763881
norm_2018: 0.7580991446338923
norm_Run2: 1.8631494212599395
sigma: 325.0
sigmaL: 315.41429472509975
sigmaR: 133.36940643361953
widthL: 315.41429472509975
widthR: 133.36940643361953
x0: 3202.5656864068337
