alphaL: 0.8300357482417469
alphaR: 1.8055809402713432
event_sum: 4.837767715250477
mean: 3200.2432592890814
nL: 1.3658840089931052
nR: 2.2466359288728244
norm_2016: 0.9352552391223722
norm_2017: 1.5280418716559827
norm_2018: 2.441845879824167
norm_Run2: 4.837767715250477
sigma: 182.0
sigmaL: 181.24910272487335
sigmaR: 131.9603452101486
widthL: 181.24910272487335
widthR: 131.9603452101486
x0: 3200.2432592890814
