alphaL: 0.6029370048953446
alphaR: 2.105864303311897
event_sum: 48.880682757906925
mean: 3239.560614715155
nL: 130.54035773071087
nR: 1.764391112618691
norm_2016: 11.523327711105692
norm_2017: 15.732993141623561
norm_2018: 22.898644968836948
norm_Run2: 48.880682757906925
sigma: 278.98145576811476
sigmaL: 83.2853962725143
sigmaR: 77.49757300278657
widthL: 83.2853962725143
widthR: 77.49757300278657
x0: 3239.560614715155
