alphaL: 1.3552999796668816
alphaR: 1.9376762946472394
event_sum: 8.045345335014803
mean: 2245.5139274565163
nL: 4.498006372345452
nR: 3.8404826311232334
norm: 8.045345335014803
sigma: 102.02410145333553
sigmaL: 90.58678050776368
sigmaR: 55.52044624463064
widthL: 90.58678050776368
widthR: 55.52044624463064
x0: 2245.5139274565163
