alphaL: 1.165998451684765
alphaR: 2.0134049816213815
event_sum: 8.013721239685529
mean: 2241.025347221098
nL: 4.496895329072869
nR: 3.454709666436567
norm: 8.013721239685529
sigma: 102.02410145333553
sigmaL: 81.19832071597574
sigmaR: 57.48207552714528
widthL: 81.19832071597574
widthR: 57.48207552714528
x0: 2241.025347221098
