alphaL: 1.1304814465252302
alphaR: 1.8436648025206908
event_sum: 20.164477977417665
fraction: 0.9975753814740558
mean: 2250.5596087499666
nL: 9.996762861757835
nR: 2.3225749784729026
norm: 20.132598805661445
sigma: 125.24836639020118
sigmaL: 91.35307477178021
sigmaR: 51.06816295914279
widthL: 91.35307477178021
widthR: 51.06816295914279
x0: 2250.5596087499666
