alphaL: 0.8479677918576245
alphaR: 2.085391267607602
event_sum: 17.734009174900958
fraction: 0.994902686604435
mean: 2243.2007750879716
nL: 44.602915127718155
nR: 3.2165106694950154
norm: 8.047738214658192
sigma: 103.47267982433024
sigmaL: 72.08183926019935
sigmaR: 59.09878203166066
widthL: 72.08183926019935
widthR: 59.09878203166066
x0: 2243.2007750879716
