alphaL: 1.2036966654945223
alphaR: 2.092939715230022
event_sum: 9.64256287952813
mean: 2243.751447674958
nL: 4.939203467510949
nR: 3.2073218505352354
norm: 9.64256287952813
sigma: 102.02410145333553
sigmaL: 91.79076242276761
sigmaR: 53.28900572471852
widthL: 91.79076242276761
widthR: 53.28900572471852
x0: 2243.751447674958
