alphaL: 1.3306100367082898
alphaR: 2.0834186808919535
event_sum: 9.686440979246917
fraction: 0.999013642519875
mean: 2245.974192405916
nL: 9.908783165638761
nR: 2.912227108636059
norm: 9.684469925994712
sigma: 102.09858449123202
sigmaL: 99.42077525022438
sigmaR: 52.25664048327571
widthL: 99.42077525022438
widthR: 52.25664048327571
x0: 2245.974192405916
