alphaL: 1.1575343663339022
alphaR: 1.8230762759394208
event_sum: 1.2561576997517372
mean: 2244.908423107052
nL: 4.558867188579215
nR: 2.6390193480517756
norm: 1.2561576997517372
sigma: 125.30324056147643
sigmaL: 84.41254362058356
sigmaR: 59.748841344603456
widthL: 84.41254362058356
widthR: 59.748841344603456
x0: 2244.908423107052
