alphaL: 0.9688218555233236
alphaR: 1.8320034964840495
event_sum: 12.639449878027586
fraction: 0.9979559614580331
mean: 2243.743578836241
nL: 9.992493009903749
nR: 2.7786276238747263
norm: 12.61319855195639
sigma: 125.24836639020118
sigmaL: 78.7955710216914
sigmaR: 60.295875659859185
widthL: 78.7955710216914
widthR: 60.295875659859185
x0: 2243.743578836241
