alphaL: 1.1185468498929012
alphaR: 1.9800155771552144
event_sum: 8.070786824310737
fraction: 0.9991272566666097
mean: 2241.981064755125
nL: 10.0
nR: 3.728509403459324
norm: 8.06882192743378
sigma: 102.09858449123202
sigmaL: 83.04190875656202
sigmaR: 57.334567853980815
widthL: 83.04190875656202
widthR: 57.334567853980815
x0: 2241.981064755125
