alphaL: 1.504217207349653
alphaR: 1.9666478903141116
event_sum: 9.67899940581626
mean: 2248.738105173289
nL: 4.499111414858851
nR: 3.6967167236416056
norm: 9.67899940581626
sigma: 102.02410145333553
sigmaL: 104.04071897907167
sigmaR: 50.99679460449248
widthL: 104.04071897907167
widthR: 50.99679460449248
x0: 2248.738105173289
