alphaL: 1.3870617073281908
alphaR: 1.8120496252507945
event_sum: 2.0113878301740735
mean: 2254.051715613556
nL: 4.498784197734399
nR: 2.2938235454126388
norm: 2.0113878301740735
sigma: 125.30324056147643
sigmaL: 99.4298175288398
sigmaR: 49.510983564690186
widthL: 99.4298175288398
widthR: 49.510983564690186
x0: 2254.051715613556
