alphaL: 1.3464974851262281
alphaR: 1.6895080734162187
event_sum: 1.25938660539959
mean: 2253.632525494379
nL: 4.397666541004846
nR: 3.0229162271496435
norm: 1.25938660539959
sigma: 125.30324056147643
sigmaL: 96.29674216535281
sigmaR: 54.35782455801184
widthL: 96.29674216535281
widthR: 54.35782455801184
x0: 2253.632525494379
