alphaL: 1.3349669367201435
alphaR: 1.7343833359540457
event_sum: 2.005267357365435
mean: 2252.963718807209
nL: 3.9231307974025094
nR: 2.454021089689312
norm: 2.005267357365435
sigma: 125.30324056147643
sigmaL: 97.13339972116351
sigmaR: 48.977553390603816
widthL: 97.13339972116351
widthR: 48.977553390603816
x0: 2252.963718807209
