alphaL: 2.7703245764988504
alphaR: 2.2932910557593935
event_sum: 135.1411388903993
mean: 808.6496931174726
nL: 2.9999546465764464
nR: 2.9994194210856526
norm: 135.1411388903993
sigma: 48
sigmaL: 45.45261317365416
sigmaR: 25.868978345493137
widthL: 45.45261317365416
widthR: 25.868978345493137
x0: 808.6496931174726
