alphaL: 2.4736209522290307
alphaR: 2.116884237288415
event_sum: 9.916448329615733
mean: 809.4705148230204
nL: 5.937629832380953
nR: 5.991488425220131
norm: 9.916448329615733
sigmaL: 51.54627098235835
sigmaR: 22.90713913871645
widthL: 51.54627098235835
widthR: 22.90713913871645
x0: 809.4705148230204
