alphaL: 2.254551863533999
alphaR: 2.32179436539225
event_sum: 135.0366830166766
mean: 807.5981923771507
nL: 2.997728738692793
nR: 2.962309567114311
norm: 135.0366830166766
sigma: 48
sigmaL: 44.07223427583712
sigmaR: 26.422457947774415
widthL: 44.07223427583712
widthR: 26.422457947774415
x0: 807.5981923771507
