alphaL: 3.299120234776335
alphaR: 2.7749601199413467
event_sum: 32.66297855989752
mean: 809.7437276757679
nL: 2.5225606248106662
nR: 1.873940858833675
norm: 32.66297855989752
sigma: 60
sigmaL: 50.675785325976165
sigmaR: 25.110230354788087
widthL: 50.675785325976165
widthR: 25.110230354788087
x0: 809.7437276757679
