alphaL: 2.5354639061255675
alphaR: 2.5837834138731592
event_sum: 9.916448329615733
mean: 808.6811134453818
nL: 3.7326666102646398
nR: 3.0659394033214373
norm: 9.916448329615733
sigmaL: 51.595144006872154
sigmaR: 23.95723501302871
widthL: 51.595144006872154
widthR: 23.95723501302871
x0: 808.6811134453818
