alphaL: 3.6778982999156566
alphaR: 2.2940074208685592
event_sum: 303.3550855843991
mean: 809.2911075541001
nL: 1.1846783995679668
nR: 3.995749213160197
norm: 303.3550855843991
sigma: 48.680323076874046
sigmaL: 48.6411600483617
sigmaR: 25.39131930603418
widthL: 48.6411600483617
widthR: 25.39131930603418
x0: 809.2911075541001
