alphaL: 3.658053802113203
alphaR: 2.7404435048672005
event_sum: 100.12592984867874
mean: 806.8984215771894
nL: 1.7510605863646276
nR: 2.7928906532708475
norm: 100.12592984867874
sigma: 48
sigmaL: 52.02004374052631
sigmaR: 24.729936072345875
widthL: 52.02004374052631
widthR: 24.729936072345875
x0: 806.8984215771894
