alphaL: 2.8659772824643124
alphaR: 2.595497346484379
event_sum: 1.9556962711374175
mean: 808.0851620327238
nL: 2.0332036294415787
nR: 2.254791821957208
norm: 1.9556962711374175
sigma: 60.138904725108674
sigmaL: 51.73917279306323
sigmaR: 24.260697855085056
widthL: 51.73917279306323
widthR: 24.260697855085056
x0: 808.0851620327238
