alphaL: 2.4053248377616727
alphaR: 2.063147491382815
event_sum: 4.4097576982114886
mean: 812.1469453475343
nL: 3.8722160043624716
nR: 3.5324445047197233
norm: 4.4097576982114886
sigma: 60.138904725108674
sigmaL: 49.05386099887906
sigmaR: 24.22710078836134
widthL: 49.05386099887906
widthR: 24.22710078836134
x0: 812.1469453475343
