alphaL: 2.8579583592464406
alphaR: 2.6741016430388775
event_sum: 12.936163889521302
mean: 808.5215596805301
nL: 2.9707975011129535
nR: 2.8989125543123038
norm: 12.936163889521302
sigma: 60.11077567139245
sigmaL: 52.15341724966361
sigmaR: 24.309837972972492
widthL: 52.15341724966361
widthR: 24.309837972972492
x0: 808.5215596805301
