alphaL: 1.7217311488374574
alphaR: 2.1581258406849924
event_sum: 22.240238451658186
mean: 808.8578063480596
nL: 3.963676992561016
nR: 3.7043933836128353
norm: 22.240238451658186
sigmaL: 43.87338253592835
sigmaR: 26.315275479559556
widthL: 43.87338253592835
widthR: 26.315275479559556
x0: 808.8578063480596
