alphaL: 2.307155483783746
alphaR: 1.8673343164693446
event_sum: 22.286729977216556
mean: 812.4778365397746
nL: 5.997603509985686
nR: 4.7359380644404645
norm: 22.286729977216556
sigmaL: 48.69580206850229
sigmaR: 23.94781631104685
widthL: 48.69580206850229
widthR: 23.94781631104685
x0: 812.4778365397746
