alphaL: 2.7749293184647117
alphaR: 2.1711613430410748
event_sum: 4.4097576982114886
mean: 812.9184498478489
nL: 2.7779958204577464
nR: 2.875549678491732
norm: 4.4097576982114886
sigma: 60.138904725108674
sigmaL: 50.4453959179406
sigmaR: 24.05452626694946
widthL: 50.4453959179406
widthR: 24.05452626694946
x0: 812.9184498478489
