alphaL: 3.601361807128204
alphaR: 2.783377749505008
event_sum: 76.72631882317665
mean: 807.3096460019297
nL: 3.10100044049088
nR: 2.308142051422897
norm: 76.72631882317665
sigmaL: 52.31305061651948
sigmaR: 24.864454723986093
widthL: 52.31305061651948
widthR: 24.864454723986093
x0: 807.3096460019297
