alphaL: 3.657592012813131
alphaR: 2.7435707726537566
event_sum: 100.12592984867874
mean: 806.8435643766459
nL: 1.6220103561893597
nR: 2.755896614033701
norm: 100.12592984867874
sigma: 48.68333691403327
sigmaL: 51.99039484105256
sigmaR: 24.753090580872982
widthL: 51.99039484105256
widthR: 24.753090580872982
x0: 806.8435643766459
