alphaL: 1.2615045798101217
alphaR: 2.355999097365418
event_sum: 12.940273369912516
mean: 776.0103427639801
nL: 3.3934572646864747
nR: 3.99818263404055
norm: 12.940273369912516
sigmaL: 44.59203259597226
sigmaR: 33.68562267674691
widthL: 44.59203259597226
widthR: 33.68562267674691
x0: 776.0103427639801
