alphaL: 3.6048976584658314
alphaR: 2.3692945582495812
event_sum: 32.760009000746486
mean: 811.1460439730571
nL: 1.2100474615766204
nR: 2.931805670141388
norm: 32.760009000746486
sigma: 60
sigmaL: 51.92029424224608
sigmaR: 24.05618639635807
widthL: 51.92029424224608
widthR: 24.05618639635807
x0: 811.1460439730571
