alphaL: 3.194051125524806
alphaR: 2.484352226531287
event_sum: 303.38555474998395
mean: 808.7543249559046
nL: 2.999526836480534
nR: 2.9834385025915315
norm: 303.38555474998395
sigma: 48.68333691403327
sigmaL: 48.280401781881224
sigmaR: 25.87902119926041
widthL: 48.280401781881224
widthR: 25.87902119926041
x0: 808.7543249559046
