alphaL: 3.701322902616242
alphaR: 2.563534719155863
event_sum: 100.14692098568467
mean: 807.0641668561997
nL: 1.0503326653814646
nR: 3.97130955898608
norm: 100.14692098568467
sigma: 48.680323076874046
sigmaL: 52.109603065702736
sigmaR: 24.52543273111936
widthL: 52.109603065702736
widthR: 24.52543273111936
x0: 807.0641668561997
