alphaL: 3.6715462020685248
alphaR: 2.721654542184684
event_sum: 76.90650612148332
mean: 807.5548250053191
nL: 1.152758464333063
nR: 2.906727884014376
norm: 76.90650612148332
sigmaL: 52.58318442379375
sigmaR: 24.711591783770903
widthL: 52.58318442379375
widthR: 24.711591783770903
x0: 807.5548250053191
