alphaL: 3.2182172208537136
alphaR: 1.8731378734631638
event_sum: 13.922051655670263
mean: 815.3495698541312
nL: 2.342368965884335
nR: 2.9920770860990453
norm: 13.922051655670263
sigma: 60
sigmaL: 50.55968363869994
sigmaR: 23.556540211219605
widthL: 50.55968363869994
widthR: 23.556540211219605
x0: 815.3495698541312
