alphaL: 4.819525589890051
alphaR: 2.0917025936281988
event_sum: 29.159503619069028
mean: 813.6533400414058
nL: 2.850806407432407
nR: 2.985422331436062
norm: 29.159503619069028
sigma: 60.110930119678166
sigmaL: 51.34636460206605
sigmaR: 23.586757500416997
widthL: 51.34636460206605
widthR: 23.586757500416997
x0: 813.6533400414058
