alphaL: 3.503116376561264
alphaR: 2.089776003657765
event_sum: 302.6423946126799
mean: 779.2160449097013
nL: 3.910936901143363
nR: 3.9889205868402464
norm: 302.6423946126799
sigmaL: 52.053264661317655
sigmaR: 32.88309962660913
widthL: 52.053264661317655
widthR: 32.88309962660913
x0: 779.2160449097013
