alphaL: 3.688373680977308
alphaR: 2.739088932380336
event_sum: 100.14692098568467
mean: 806.8586668682576
nL: 2.220720627540276
nR: 2.8937052589435988
norm: 100.14692098568467
sigma: 48.680323076874046
sigmaL: 52.019341906078196
sigmaR: 24.723014236273272
widthL: 52.019341906078196
widthR: 24.723014236273272
x0: 806.8586668682576
