alphaL: 3.5111448685596445
alphaR: 2.092110727468602
event_sum: 29.159503619069028
mean: 813.5802303847752
nL: 2.968616594760909
nR: 2.9989791043897074
norm: 29.159503619069028
sigma: 60.11077567139245
sigmaL: 51.18322572204996
sigmaR: 23.59060764604943
widthL: 51.18322572204996
widthR: 23.59060764604943
x0: 813.5802303847752
