alphaL: 3.704965261159347
alphaR: 2.727731837445748
event_sum: 100.12592984867874
mean: 807.0021596085589
nL: 1.2406812752529723
nR: 2.99693802566702
norm: 100.12592984867874
sigma: 48.616424751498464
sigmaL: 52.088922019376106
sigmaR: 24.62050426207393
widthL: 52.088922019376106
widthR: 24.62050426207393
x0: 807.0021596085589
