alphaL: 3.6235280213211336
alphaR: 2.645297698849278
event_sum: 76.90650612148332
mean: 807.6656539079977
nL: 1.1481345585489533
nR: 3.3103481807542785
norm: 76.90650612148332
sigmaL: 52.682348560356736
sigmaR: 24.634953480039748
widthL: 52.682348560356736
widthR: 24.634953480039748
x0: 807.6656539079977
