alphaL: 3.7129051563926474
alphaR: 2.495111518838648
event_sum: 303.38555474998395
mean: 808.9566062410227
nL: 0.7970280414532747
nR: 2.9917971272902535
norm: 303.38555474998395
sigma: 48
sigmaL: 48.49511128197016
sigmaR: 25.75141883827664
widthL: 48.49511128197016
widthR: 25.75141883827664
x0: 808.9566062410227
