alphaL: 2.6819658252930725
alphaR: 2.3894579560706197
event_sum: 230.80317924917622
mean: 808.3032373038303
nL: 3.9999230169244404
nR: 3.9999317380926644
norm: 230.80317924917622
sigmaL: 47.3526430158802
sigmaR: 26.361342702480957
widthL: 47.3526430158802
widthR: 26.361342702480957
x0: 808.3032373038303
