alphaL: 3.7318675193503514
alphaR: 2.1668011973529175
event_sum: 99.1420343497275
mean: 777.1397102073968
nL: 0.20813700947721983
nR: 3.587144123332266
norm: 99.1420343497275
sigmaL: 53.80498245150049
sigmaR: 32.02332947799908
widthL: 53.80498245150049
widthR: 32.02332947799908
x0: 777.1397102073968
