alphaL: 2.941805168017392
alphaR: 2.55153880274668
event_sum: 230.80317924917622
mean: 808.3717729857572
nL: 2.9999580427948254
nR: 2.99854009930574
norm: 230.80317924917622
sigmaL: 47.70401666833162
sigmaR: 26.49143556577616
widthL: 47.70401666833162
widthR: 26.49143556577616
x0: 808.3717729857572
