alphaL: 1.9395407736528434
alphaR: 2.7608527707765735
event_sum: 309.4307455291579
mean: 805.4236778304912
nL: 2.999864399584615
nR: 2.940663531052012
norm: 309.4307455291579
sigma: 48
sigmaL: 46.05604976786268
sigmaR: 26.806841479764298
widthL: 46.05604976786268
widthR: 26.806841479764298
x0: 805.4236778304912
