alphaL: 3.368387378609212
alphaR: 0.10099949749767803
event_sum: 9.916448329615733
mean: 826.6328955601267
nL: 2.2111229456675034
nR: 2.9999834279614706
norm: 9.916448329615733
sigma: 60
sigmaL: 60.49294131328471
sigmaR: 0.8183268672579812
widthL: 60.49294131328471
widthR: 0.8183268672579812
x0: 826.6328955601267
