alphaL: 3.170442458578305
alphaR: 2.492576066813876
event_sum: 303.3550855843991
mean: 808.7714473787063
nL: 2.987766444129048
nR: 2.9998789928822
norm: 303.3550855843991
sigma: 48.680323076874046
sigmaL: 48.30342352491376
sigmaR: 25.863491218138904
widthL: 48.30342352491376
widthR: 25.863491218138904
x0: 808.7714473787063
