alphaL: 5.887623715373769
alphaR: 2.387594965356074
event_sum: 76.90650612148332
mean: 808.1946156675416
nL: 5.892395508732908
nR: 4.792986008464144
norm: 76.90650612148332
sigmaL: 53.016035136594496
sigmaR: 24.24497196490205
widthL: 53.016035136594496
widthR: 24.24497196490205
x0: 808.1946156675416
