alphaL: 2.8316295660708843
alphaR: 2.7849138845507495
event_sum: 9.878063158495646
mean: 808.9108953844191
nL: 3.354005012200616
nR: 2.078070800636964
norm: 9.878063158495646
sigmaL: 51.67227130689434
sigmaR: 23.72443097264601
widthL: 51.67227130689434
widthR: 23.72443097264601
x0: 808.9108953844191
