alphaL: 3.1698859961005397
alphaR: 2.4980232931036617
event_sum: 303.38555474998395
mean: 808.7324910901198
nL: 2.9999868506244693
nR: 2.9999953938349715
norm: 303.38555474998395
sigma: 48.616424751498464
sigmaL: 48.25969375227283
sigmaR: 25.891523428323126
widthL: 48.25969375227283
widthR: 25.891523428323126
x0: 808.7324910901198
