alphaL: 3.630786808263927
alphaR: 2.6501448096178586
event_sum: 309.9758911884642
mean: 808.0621112067747
nL: 1.0952626268697394
nR: 2.996529558268289
norm: 309.9758911884642
sigma: 48
sigmaL: 50.11976071840313
sigmaR: 25.553609890691973
widthL: 50.11976071840313
widthR: 25.553609890691973
x0: 808.0621112067747
