alphaL: 1.5307766515657748
alphaR: 1.7179119578646436
event_sum: 10.642844077989249
mean: 808.5086074589477
nL: 3.5845362905166365
nR: 2.1899803279078056
norm: 10.642844077989249
sigmaL: 38.199399442176535
sigmaR: 28.6506782610833
widthL: 38.199399442176535
widthR: 28.6506782610833
x0: 808.5086074589477
