alphaL: 3.975102343931089
alphaR: 1.9031966318283415
event_sum: 22.286729977216556
mean: 814.4855932441142
nL: 3.82680992550973
nR: 3.910424833268855
norm: 22.286729977216556
sigmaL: 51.563403263093136
sigmaR: 23.035083961460714
widthL: 51.563403263093136
widthR: 23.035083961460714
x0: 814.4855932441142
