alphaL: 3.3473750658677193
alphaR: 2.897430591593621
event_sum: 230.50535641712074
mean: 808.0864812713415
nL: 2.6519853895433236
nR: 1.9162065287407475
norm: 230.50535641712074
sigmaL: 47.69823616644177
sigmaR: 26.862313595409116
widthL: 47.69823616644177
widthR: 26.862313595409116
x0: 808.0864812713415
