alphaL: 2.9007139380693814
alphaR: 2.668858876381303
event_sum: 12.936163889521302
mean: 808.5558869073868
nL: 2.99889895653363
nR: 2.9764199717604476
norm: 12.936163889521302
sigma: 60.110930119678166
sigmaL: 52.16719623904716
sigmaR: 24.269918047447106
widthL: 52.16719623904716
widthR: 24.269918047447106
x0: 808.5558869073868
