alphaL: 3.984361864690099
alphaR: 2.1655243444178973
event_sum: 29.388410505609343
mean: 783.7216946993092
nL: 2.6440514019826122
nR: 2.7884128067910066
norm: 29.388410505609343
sigmaL: 52.60424693094315
sigmaR: 31.44158825448778
widthL: 52.60424693094315
widthR: 31.44158825448778
x0: 783.7216946993092
