alphaL: 3.606528843038508
alphaR: 2.072785132996697
event_sum: 22.286729977216556
mean: 814.0507712530859
nL: 2.4869514849236567
nR: 2.9912952850472925
norm: 22.286729977216556
sigmaL: 51.273952539905196
sigmaR: 23.527765598283423
widthL: 51.273952539905196
widthR: 23.527765598283423
x0: 814.0507712530859
