alphaL: 2.845596720996798
alphaR: 2.576777747900931
event_sum: 1.9556962711374175
mean: 807.9088959125153
nL: 2.230325636527555
nR: 2.4983220037763916
norm: 1.9556962711374175
sigma: 60.138904725108674
sigmaL: 51.5562233918331
sigmaR: 24.32496289977152
widthL: 51.5562233918331
widthR: 24.32496289977152
x0: 807.9088959125153
