alphaL: 2.1836394409096425
alphaR: 1.7760126354074004
event_sum: 101.24246932987634
mean: 806.6985587940021
nL: 3.872546141652292
nR: 2.3688255050255353
norm: 101.24246932987634
sigmaL: 41.254680333233026
sigmaR: 26.54922491365708
widthL: 41.254680333233026
widthR: 26.54922491365708
x0: 806.6985587940021
