alphaL: 4.914143035814809
alphaR: 2.057153003921497
event_sum: 13.904084411663236
mean: 813.6449105074852
nL: 1.4788818213864834
nR: 2.8268030578667145
norm: 13.904084411663236
sigma: 60
sigmaL: 49.45379388432726
sigmaR: 24.93457040394598
widthL: 49.45379388432726
widthR: 24.93457040394598
x0: 813.6449105074852
