alphaL: 2.606651419541129
alphaR: 2.1779807277468706
event_sum: 230.80317924917622
mean: 808.625086811531
nL: 5.997861344944696
nR: 5.9999811372113125
norm: 230.80317924917622
sigmaL: 47.4476991525802
sigmaR: 25.977316314148275
widthL: 47.4476991525802
widthR: 25.977316314148275
x0: 808.625086811531
