alphaL: 1.5723858196816194
alphaR: 2.5607510144668066
event_sum: 15.620684016597892
mean: 804.9421274405689
nL: 3.952904452250803
nR: 3.3982750658505467
norm: 15.620684016597892
sigmaL: 43.41263678804397
sigmaR: 26.327316303390724
widthL: 43.41263678804397
widthR: 26.327316303390724
x0: 804.9421274405689
