alphaL: 3.2514484139582795
alphaR: 3.0536945004837777
event_sum: 134.6322742038397
mean: 807.68203677855
nL: 3.1339188199414414
nR: 1.905220841086821
norm: 134.6322742038397
sigmaL: 51.079351929562286
sigmaR: 25.485256671970475
widthL: 51.079351929562286
widthR: 25.485256671970475
x0: 807.68203677855
