alphaL: 1.1815413233212546
alphaR: 2.72315202471038
event_sum: 14.67429396515945
fraction: 0.9999662769475712
mean: 802.3907650707682
nL: 17.142037452845404
nR: 3.6944881895524104
norm: 14.67429396515945
sigma: 40.588915126924036
sigmaL: 40.139013617737966
sigmaR: 27.034047281752994
widthL: 40.139013617737966
widthR: 27.034047281752994
x0: 802.3907650707682
