alphaL: 1.1276910549407648
alphaR: 2.481429995241424
event_sum: 14.67429396515945
fraction: 0.9999544383882755
mean: 802.8066890903997
nL: 85.25586106048793
nR: 9.220311436257253
norm: 14.670531465264503
sigma: 40.588915126924036
sigmaL: 39.76651166934725
sigmaR: 26.61838366919097
widthL: 39.76651166934725
widthR: 26.61838366919097
x0: 802.8066890903997
