alphaL: 1.6006275996371553
alphaR: 2.6105782593957243
event_sum: 222.76565333316103
fraction: 0.999902154555393
mean: 805.31004118272
nL: 19.993974304672722
nR: 3.2907120780792636
norm: 222.7331393393688
sigma: 39.525947604009644
sigmaL: 42.76878488898636
sigmaR: 27.979808295808876
widthL: 42.76878488898636
widthR: 27.979808295808876
x0: 805.31004118272
