alphaL: 1.890400046076879
alphaR: 2.4243952356688516
event_sum: 231.61440521664917
mean: 806.1353032994006
nL: 4.499995594942144
nR: 4.3570463842633185
norm: 231.61440521664917
sigma: 39.5389977164582
sigmaL: 44.15906488903384
sigmaR: 27.432124205199777
widthL: 44.15906488903384
widthR: 27.432124205199777
x0: 806.1353032994006
