alphaL: 1.8869893527824808
alphaR: 2.425023640601143
event_sum: 231.56020064931363
mean: 806.1416952183079
nL: 4.499880732422565
nR: 4.442637346256666
norm: 231.56020064931363
sigma: 39.5389977164582
sigmaL: 44.16824563631916
sigmaR: 27.432179684451363
widthL: 44.16824563631916
widthR: 27.432179684451363
x0: 806.1416952183079
