alphaL: 4.312830822680249
alphaR: 2.738636821911783
event_sum: 77.06687957886606
mean: 807.3164212042626
nL: 3.5655747813607626
nR: 2.572567744088114
norm: 77.06687957886606
sigma: 39.604804161812986
sigmaL: 52.26049152199857
sigmaR: 24.839144216722122
widthL: 52.26049152199857
widthR: 24.839144216722122
x0: 807.3164212042626
