alphaL: 1.890811678347625
alphaR: 2.415894629815779
event_sum: 231.6132808784023
mean: 806.2106431241461
nL: 4.499687734599395
nR: 4.4272515444039975
norm: 231.6132808784023
sigma: 39.604804161812986
sigmaL: 44.22161805557388
sigmaR: 27.373321897265388
widthL: 44.22161805557388
widthR: 27.373321897265388
x0: 806.2106431241461
