alphaL: 1.4535029421238546
alphaR: 2.0768304797649675
event_sum: 32.882355886220466
fraction: 0.9998773472271061
mean: 807.7525115527092
nL: 9.517985179603878
nR: 4.388038848834657
norm: 32.87837641721126
sigma: 40.588915126924036
sigmaL: 42.01487752302372
sigmaR: 26.748261373001274
widthL: 42.01487752302372
widthR: 26.748261373001274
x0: 807.7525115527092
