alphaL: 1.893840101538075
alphaR: 2.4065078805243747
event_sum: 231.61440521664917
mean: 806.1675433734409
nL: 4.49998663477621
nR: 4.499454543434219
norm: 231.61440521664917
sigma: 39.63026672417427
sigmaL: 44.182280531261796
sigmaR: 27.40199575420606
widthL: 44.182280531261796
widthR: 27.40199575420606
x0: 806.1675433734409
