alphaL: 1.5889846786158497
alphaR: 2.1415168502051225
event_sum: 3.3966518699162407
mean: 807.107754132061
nL: 4.117850659953967
nR: 4.069368051233931
norm: 3.3966518699162407
sigma: 40.59867434652875
sigmaL: 41.69831791436829
sigmaR: 27.227172369683377
widthL: 41.69831791436829
widthR: 27.227172369683377
x0: 807.107754132061
