alphaL: 1.7918584735421998
alphaR: 2.533037312527673
event_sum: 76.87869919557124
mean: 805.2001026003475
nL: 4.493434569461945
nR: 4.476859310296865
norm: 76.87869919557124
sigma: 39.604804161812986
sigmaL: 48.372337187631
sigmaR: 25.67430866501994
widthL: 48.372337187631
widthR: 25.67430866501994
x0: 805.2001026003475
