alphaL: 1.7011088861217196
alphaR: 2.4758194479606206
event_sum: 74.0829967521131
fraction: 0.9999790657236767
mean: 805.1957586320065
nL: 7.10801815385914
nR: 4.458563099148329
norm: 74.07877685362473
sigma: 39.525947604009644
sigmaL: 47.96965207970522
sigmaR: 25.63551941200889
widthL: 47.96965207970522
widthR: 25.63551941200889
x0: 805.1957586320065
