alphaL: 1.797886714783304
alphaR: 2.780948456972477
event_sum: 76.99249089183286
mean: 804.8780491252177
nL: 4.4722097631949165
nR: 2.4255225652919763
norm: 76.99249089183286
sigma: 39.5389977164582
sigmaL: 48.086655026964856
sigmaR: 25.910853795843042
widthL: 48.086655026964856
widthR: 25.910853795843042
x0: 804.8780491252177
