alphaL: 1.2615729827287208
alphaR: 1.3990972264551758
event_sum: 27.1102977488772
mean: 789.2509509082055
nL: 1.0008020394301056
nR: 4.3993103766579935
norm: 27.1102977488772
sigma: 88.05857168786203
sigmaL: 65.5130404927899
sigmaR: 53.17801931167992
widthL: 65.5130404927899
widthR: 53.17801931167992
x0: 789.2509509082055
