alphaL: 1.2792350758754307
alphaR: 2.67762360977793
event_sum: 14.67429396515945
fraction: 0.9999664226554886
mean: 803.2968667570066
nL: 9.762075381975958
nR: 3.605279362704685
norm: 14.67429396515945
sigma: 40.588915126924036
sigmaL: 41.51621759737669
sigmaR: 26.45612851596104
widthL: 41.51621759737669
widthR: 26.45612851596104
x0: 803.2968667570066
