alphaL: 1.3880251892489177
alphaR: 1.112262665224906
event_sum: 12.168204051209614
mean: 796.5621819249353
nL: 4.110729713004265
nR: 3.8466959250946884
norm: 12.168204051209614
sigma: 88.09782282463173
sigmaL: 76.8849581211157
sigmaR: 42.05849433048577
widthL: 76.8849581211157
widthR: 42.05849433048577
x0: 796.5621819249353
