alphaL: 2.0829876883705967
alphaR: 2.1181342402558943
event_sum: 3.4011236678707064
mean: 810.2103790387092
nL: 3.959079867139484
nR: 3.0633030226077107
norm: 3.4011236678707064
sigma: 40.70385097060005
sigmaL: 46.55475036442554
sigmaR: 25.66498541454041
widthL: 46.55475036442554
widthR: 25.66498541454041
x0: 810.2103790387092
