alphaL: 2.2018189028508357
alphaR: 2.8247642750802893
event_sum: 1.5210719278547913
mean: 806.6393577805273
nL: 2.4191830918099693
nR: 2.1616129624789955
norm: 1.5210719278547913
sigma: 40.70385097060005
sigmaL: 49.21541271254464
sigmaR: 24.86178060624793
widthL: 49.21541271254464
widthR: 24.86178060624793
x0: 806.6393577805273
