alphaL: 1.480234913630765
alphaR: 2.2410399824935703
event_sum: 74.0829967521131
fraction: 0.9999293763157056
mean: 804.961523027446
nL: 132.4552305888555
nR: 9.680664914442861
norm: 74.06080971937627
sigma: 39.525947604009644
sigmaL: 47.03260458307938
sigmaR: 25.631233166917426
widthL: 47.03260458307938
widthR: 25.631233166917426
x0: 804.961523027446
