alphaL: 1.5749978282492654
alphaR: 2.2679543930881705
event_sum: 1.5195847047943971
mean: 806.7202454301637
nL: 4.330828733650822
nR: 4.324236085787911
norm: 1.5195847047943971
sigma: 40.59867434652875
sigmaL: 46.15941330793599
sigmaR: 24.25039310639754
widthL: 46.15941330793599
widthR: 24.25039310639754
x0: 806.7202454301637
