alphaL: 1.5752216197794102
alphaR: 2.2671884149242763
event_sum: 1.5195847047943971
mean: 806.7057329721073
nL: 4.330479624347401
nR: 4.323922299578391
norm: 1.5195847047943971
sigma: 40.59867434652875
sigmaL: 46.15447429022565
sigmaR: 24.260422535371916
widthL: 46.15447429022565
widthR: 24.260422535371916
x0: 806.7057329721073
