alphaL: 2.3931854155746417
alphaR: 1.3203630726485132
event_sum: 27.150986880937126
mean: 795.4476506844701
nL: 3.4398409619636903
nR: 4.266510090296742
norm: 27.150986880937126
sigma: 88.05857168786203
sigmaL: 76.54548879858459
sigmaR: 49.219540314265906
widthL: 76.54548879858459
widthR: 49.219540314265906
x0: 795.4476506844701
