alphaL: 1.6944810617629384
alphaR: 2.4456544766496338
event_sum: 222.76565333316103
fraction: 0.9999630213026268
mean: 805.6877627367248
nL: 9.975993554922875
nR: 4.407978713414591
norm: 222.73735923785716
sigma: 39.525947604009644
sigmaL: 43.28675184983657
sigmaR: 27.7143271520694
widthL: 43.28675184983657
widthR: 27.7143271520694
x0: 805.6877627367248
