alphaL: 1.8077820273049443
alphaR: 2.4539426686182972
event_sum: 76.99249089183286
mean: 805.3605901499352
nL: 4.4809264425324145
nR: 4.447553934475588
norm: 76.99249089183286
sigma: 39.63026672417427
sigmaL: 48.46255505435032
sigmaR: 25.49530309322998
widthL: 48.46255505435032
widthR: 25.49530309322998
x0: 805.3605901499352
