alphaL: 0.9299702891690871
alphaR: 1.224766241403478
event_sum: 12.132318973075598
mean: 789.3753317430499
nL: 4.499974766123083
nR: 4.106282807084511
norm: 12.132318973075598
sigma: 88.05857168786203
sigmaL: 63.95255603244287
sigmaR: 48.35887367859487
widthL: 63.95255603244287
widthR: 48.35887367859487
x0: 789.3753317430499
