alphaL: 1.7872855851429998
alphaR: 2.5430478535153935
event_sum: 76.97030385909602
mean: 805.1783086919368
nL: 4.492286536964829
nR: 4.474416359212539
norm: 76.97030385909602
sigma: 39.5389977164582
sigmaL: 48.29108012578816
sigmaR: 25.680391826684478
widthL: 48.29108012578816
widthR: 25.680391826684478
x0: 805.1783086919368
