alphaL: 1.87351680168921
alphaR: 2.41569245969159
event_sum: 231.55192139465362
mean: 806.1804809049369
nL: 4.998398313847948
nR: 4.830679230534538
norm: 231.55192139465362
sigma: 39.604804161812986
sigmaL: 44.14551145091892
sigmaR: 27.374638998319355
widthL: 44.14551145091892
widthR: 27.374638998319355
x0: 806.1804809049369
