alphaL: 1.3909396382754744
alphaR: 2.079082111181549
event_sum: 32.882355886220466
fraction: 0.9998458502338826
mean: 807.7854307634858
nL: 19.077380629903637
nR: 4.37690344347842
norm: 32.877082614752
sigma: 40.588915126924036
sigmaL: 41.77307862360562
sigmaR: 26.739073598460546
widthL: 41.77307862360562
widthR: 26.739073598460546
x0: 807.7854307634858
