alphaL: 0.9092503640823786
alphaR: 1.4646526586576336
event_sum: 27.150986880937126
mean: 786.1680461713815
nL: 4.358859642548123
nR: 4.401382266999489
norm: 27.150986880937126
sigma: 88.09782282463173
sigmaL: 57.89757438629085
sigmaR: 55.621194563672624
widthL: 57.89757438629085
widthR: 55.621194563672624
x0: 786.1680461713815
