alphaL: 1.5339087836355427
alphaR: 2.474870736709975
event_sum: 74.0829967521131
fraction: 0.999978936042952
mean: 804.7898136441389
nL: 19.99612463614797
nR: 4.728783848086691
norm: 74.07033705664799
sigma: 39.525947604009644
sigmaL: 47.037490991062036
sigmaR: 25.804904366039253
widthL: 47.037490991062036
widthR: 25.804904366039253
x0: 804.7898136441389
