alphaL: 1.7929980506587655
alphaR: 2.5334511086676677
event_sum: 76.87869919557124
mean: 805.2031930564665
nL: 4.4939756206530355
nR: 4.476893158136535
norm: 76.87869919557124
sigma: 39.604804161812986
sigmaL: 48.38193218160957
sigmaR: 25.67334965419002
widthL: 48.38193218160957
widthR: 25.67334965419002
x0: 805.2031930564665
