alphaL: 1.1111978319696618
alphaR: 1.2063738005480618
event_sum: 12.168204051209614
mean: 791.4210180574299
nL: 4.009067055550562
nR: 4.0657549067367995
norm: 12.168204051209614
sigma: 88.05857168786203
sigmaL: 69.58956120537508
sigmaR: 47.220026406661134
widthL: 69.58956120537508
widthR: 47.220026406661134
x0: 791.4210180574299
