alphaL: 1.5885763193319136
alphaR: 2.1413566416989362
event_sum: 3.3966518699162407
mean: 807.1073510175007
nL: 4.117485105362612
nR: 4.06957963595579
norm: 3.3966518699162407
sigma: 40.59867434652875
sigmaL: 41.68569073441223
sigmaR: 27.230372118866786
widthL: 41.68569073441223
widthR: 27.230372118866786
x0: 807.1073510175007
