alphaL: 1.6587358582095957
alphaR: 2.1112127316098475
event_sum: 3.3954213976103347
mean: 807.9917590068378
nL: 3.5071494845934366
nR: 3.473527423611056
norm: 3.3954213976103347
sigma: 40.59867434652875
sigmaL: 43.107510021945956
sigmaR: 26.87474478769048
widthL: 43.107510021945956
widthR: 26.87474478769048
x0: 807.9917590068378
