alphaL: 1.4730051888678883
alphaR: 2.7065531529256885
event_sum: 1.519377304794034
mean: 804.2471839741357
nL: 4.0259335071476725
nR: 2.7587707854798733
norm: 1.519377304794034
sigma: 40.59867434652875
sigmaL: 43.76088273256792
sigmaR: 26.035553742714377
widthL: 43.76088273256792
widthR: 26.035553742714377
x0: 804.2471839741357
