alphaL: 1.8907950001937137
alphaR: 2.41589232679414
event_sum: 231.6132808784023
mean: 806.2106018310951
nL: 4.4996913062511075
nR: 4.427399876402945
norm: 231.6132808784023
sigma: 39.604804161812986
sigmaL: 44.221639165464694
sigmaR: 27.37328860267968
widthL: 44.221639165464694
widthR: 27.37328860267968
x0: 806.2106018310951
