alphaL: 2.3873506288162076
alphaR: 2.4064352723552056
event_sum: 231.9043544176966
mean: 807.641659279505
nL: 3.9892852655407083
nR: 3.999945794923875
norm: 231.9043544176966
sigma: 39.604804161812986
sigmaL: 46.46050361724653
sigmaR: 26.686350954178764
widthL: 46.46050361724653
widthR: 26.686350954178764
x0: 807.641659279505
