alphaL: 1.7652640635393235
alphaR: 2.488150804257426
event_sum: 76.87869919557124
mean: 805.1677662582564
nL: 4.9996374247560595
nR: 4.461069838895847
norm: 76.87869919557124
sigma: 39.604804161812986
sigmaL: 48.11908189359021
sigmaR: 25.626902503543974
widthL: 48.11908189359021
widthR: 25.626902503543974
x0: 805.1677662582564
