alphaL: 1.5281017600100555
alphaR: 2.228662169064946
event_sum: 222.64398221997544
mean: 805.6377329350561
nL: 151.8527872778009
nR: 9.993876718116733
norm_2016: 60.30224485322833
norm_2017: 71.69607531744987
norm_2018: 98.37256382964551
norm_Run2: 222.64398221997544
sigma: 39.525947604009644
sigmaL: 42.744048881596356
sigmaR: 27.565415170392438
widthL: 42.744048881596356
widthR: 27.565415170392438
x0: 805.6377329350561
