alphaL: 1.480234913630765
alphaR: 2.2410399824935703
event_sum: 74.06080971937627
mean: 804.961523027446
nL: 132.4552305888555
nR: 9.680664914442861
norm_2016: 19.60297047160566
norm_2017: 23.306499351281673
norm_2018: 33.67434299457818
norm_Run2: 74.06080971937627
sigma: 39.525947604009644
sigmaL: 47.03260458307938
sigmaR: 25.631233166917426
widthL: 47.03260458307938
widthR: 25.631233166917426
x0: 804.961523027446
