alphaL: 1.47217971996432
alphaR: 2.2254157523814793
event_sum: 74.06080971937627
mean: 804.9429909897394
nL: 131.04162630249496
nR: 9.84735833815966
norm_2016: 74.06080971937627
norm_2017: 74.06080971937627
norm_2018: 74.06080971937627
norm_Run2: 74.06080971937627
sigma: 39.525947604009644
sigmaL: 46.92617598313597
sigmaR: 25.56058562915918
widthL: 46.92617598313597
widthR: 25.56058562915918
x0: 804.9429909897394
