alphaL: 0.7987543390650922
alphaR: 1.450271015859914
event_sum: 25.909747690078802
mean: 785.1880421099502
nL: 16.420681724296138
nR: 4.671102361371852
norm_2016: 6.435454472550191
norm_2017: 8.32369928713888
norm_2018: 11.504311237018555
norm_Run2: 25.909747690078802
sigma: 80.0
sigmaL: 54.94453023936218
sigmaR: 55.97966368176597
widthL: 54.94453023936218
widthR: 55.97966368176597
x0: 785.1880421099502
