alphaL: 1.151948562823588
alphaR: 1.3544061120534667
event_sum: 29.548911282850895
mean: 801.6499851951636
nL: 47.81882243562645
nR: 4.982910018204839
norm_2016: 7.868711605260614
norm_2017: 9.272162487730384
norm_2018: 12.84649750078097
norm_norm_Run2: 29.987371593771968
sigma: 44.800000000000004
sigmaL: 57.88756711844935
sigmaR: 38.679845255027004
widthL: 57.88756711844935
widthR: 38.679845255027004
x0: 801.6499851951636
