alphaL: 1.3235266839582722
alphaR: 2.1040195255914216
event_sum: 32.852087276638485
mean: 807.3134781288952
nL: 59.73928530113742
nR: 4.2439830028184105
norm_2016: 8.40735070372466
norm_2017: 10.461255798116326
norm_2018: 14.530711913481355
norm_Run2: 32.852087276638485
sigma: 40.588915126924036
sigmaL: 41.26854882827589
sigmaR: 26.92446062186961
widthL: 41.26854882827589
widthR: 26.92446062186961
x0: 807.3134781288952
