alphaL: 1.1446291125433838
alphaR: 1.3582483113881525
event_sum: 29.548911282850895
mean: 801.5953692650614
nL: 39.54617096394303
nR: 4.873802076972871
norm_2016: 7.868711605260614
norm_2017: 9.272162487730384
norm_2018: 12.84649750078097
norm_Run2: 29.548911282850895
sigma: 44.800000000000004
sigmaL: 57.6655342263488
sigmaR: 38.69398183275145
widthL: 57.6655342263488
widthR: 38.69398183275145
x0: 801.5953692650614
