alphaL: 0.8043450919784877
alphaR: 1.4525054079529993
event_sum: 25.909747690078802
mean: 785.285845744574
nL: 16.357054403275857
nR: 4.617573351882658
norm_2016: 6.435454472550191
norm_2017: 8.32369928713888
norm_2018: 11.504311237018555
norm_Run2: 25.909747690078802
sigma: 80.0
sigmaL: 55.314347885010406
sigmaR: 55.94818531272862
widthL: 55.314347885010406
widthR: 55.94818531272862
x0: 785.285845744574
