alphaL: 1.321055324678922
alphaR: 2.122130896446347
event_sum: 32.852087276638485
mean: 807.3293251199918
nL: 63.414689936603715
nR: 3.9944342573887983
norm_2016: 32.852087276638485
norm_2017: 32.852087276638485
norm_2018: 32.852087276638485
norm_Run2: 32.852087276638485
sigma: 40.588915126924036
sigmaL: 41.405886581797425
sigmaR: 27.011866732403917
widthL: 41.405886581797425
widthR: 27.011866732403917
x0: 807.3293251199918
