alphaL: 0.8444124321597739
alphaR: 1.2561561804308874
event_sum: 11.581572082592174
mean: 787.4150852755888
nL: 15.99938452538567
nR: 4.215243308348861
norm_2016: 2.8216289670672268
norm_2017: 3.6445615098346025
norm_2018: 5.28298872616142
norm_norm_Run2: 11.74917920306325
sigma: 80.0
sigmaL: 60.255727838201146
sigmaR: 50.22337446819219
widthL: 60.255727838201146
widthR: 50.22337446819219
x0: 787.4150852755888
