alphaL: 1.1316691340473348
alphaR: 2.5402000080654044
event_sum: 14.670531465264503
mean: 802.6201090989289
nL: 95.49969140842745
nR: 9.674419666346772
norm_2016: 3.6510803863056935
norm_2017: 4.617415244225413
norm_2018: 6.6700474875979125
norm_Run2: 14.938543118129019
sigma: 40.588915126924036
sigmaL: 39.98721320009817
sigmaR: 26.754057133436017
widthL: 39.98721320009817
widthR: 26.754057133436017
x0: 802.6201090989289
