alphaL: 1.1372445554133932
alphaR: 1.403573471609009
event_sum: 13.02064222219633
mean: 798.9377080279378
nL: 42.86909749590011
nR: 3.536736926035306
norm_2016: 3.328616759565193
norm_2017: 4.0505219218321145
norm_2018: 5.819464365020394
norm_Run2: 13.198603046417702
sigma: 44.800000000000004
sigmaL: 59.00345325362059
sigmaR: 37.79396063933718
widthL: 59.00345325362059
widthR: 37.79396063933718
x0: 798.9377080279378
