alphaL: 1.131975620935922
alphaR: 1.1853679742892096
event_sum: 1.078081744603134
mean: 2627.845095116795
nL: 1.04917214015379
nR: 3.4693294553468457
norm: 1.078081744603134
sigma: 148.39999999999998
sigmaL: 182.41150887753415
sigmaR: 92.120967944715
widthL: 182.41150887753415
widthR: 92.120967944715
x0: 2627.845095116795
