alphaL: 1.1661801879514127
alphaR: 1.47830838436869
event_sum: 0.6136724771729836
mean: 2615.737737434335
nL: 0.1
nR: 3.639432082284664
norm: 0.6136724771729836
sigma: 148.39999999999998
sigmaL: 175.82313717983538
sigmaR: 113.34725201004721
widthL: 175.82313717983538
widthR: 113.34725201004721
x0: 2615.737737434335
