alphaL: 1.038993193292588
alphaR: 1.4995966917295802
event_sum: 16.993802462135356
fraction: 0.8509831043577133
mean: 2601.7566107282278
nL: 0.9394930936589028
nR: 3.804322490213818
norm: 10.83039557381849
sigma: 148.39999999999998
sigmaL: 153.3795981815912
sigmaR: 119.49974747801113
widthL: 153.3795981815912
widthR: 119.49974747801113
x0: 2601.7566107282278
