alphaL: 0.8449577167669843
alphaR: 1.498282558424946
event_sum: 1.0223711118015242
mean: 2606.977311770479
nL: 1.5517153951854423
nR: 3.057007145932361
norm: 1.0223711118015242
sigma: 148.39999999999998
sigmaL: 145.09505358658953
sigmaR: 113.41760146017387
widthL: 145.09505358658953
widthR: 113.41760146017387
x0: 2606.977311770479
