alphaL: 0.9522205708584465
alphaR: 1.1664742446998024
event_sum: 0.6532591480439239
mean: 2647.43328073768
nL: 1.0062174203949703
nR: 2.707776011877412
norm: 0.6532591480439239
sigma: 148.39999999999998
sigmaL: 176.00620460997357
sigmaR: 80.862016151695
widthL: 176.00620460997357
widthR: 80.862016151695
x0: 2647.43328073768
