alphaL: 0.7131742858120471
alphaR: 2.132011701325915
event_sum: 46.873275283460146
fraction: 0.9878589827369118
mean: 2644.7974943856825
nL: 119.33700261503256
nR: 1.72630389208556
norm: 46.331412898294616
sigma: 165.3031675604921
sigmaL: 81.04558162726
sigmaR: 64.97836816917025
widthL: 81.04558162726
widthR: 64.97836816917025
x0: 2644.7974943856825
