alphaL: 1.374505956432434
alphaR: 1.2429227133546072
event_sum: 17.096051150471997
fraction: 0.7477736833896199
mean: 2638.2018290364836
nL: 0.4
nR: 3.760045573932838
norm: 6.684350064701209
sigma: 148.39999999999998
sigmaL: 218.4352891378025
sigmaR: 93.80234931016265
widthL: 218.4352891378025
widthR: 93.80234931016265
x0: 2638.2018290364836
