alphaL: 1.709574639936828
alphaR: 2.4085561603654053
event_sum: 33.8913012156263
mean: 1200.552085484944
nL: 3.9997996523232406
nR: 3.844314941238992
norm: 33.8913012156263
sigma: 57.71290277139013
sigmaL: 62.82773693811855
sigmaR: 34.55345287210657
widthL: 62.82773693811855
widthR: 34.55345287210657
x0: 1200.552085484944
