alphaL: 1.5156793751923694
alphaR: 1.7868931771848464
event_sum: 1.5968475791451056
mean: 1208.2114281139245
nL: 4.41895034984649
nR: 3.4851301538756285
norm: 1.5968475791451056
sigma: 62.17983437048854
sigmaL: 60.51500371330247
sigmaR: 32.863170880331374
widthL: 60.51500371330247
widthR: 32.863170880331374
x0: 1208.2114281139245
