alphaL: 1.6659513068976664
alphaR: 2.3306661242500626
event_sum: 33.8913012156263
mean: 1200.2775486802245
nL: 4.4626560492922955
nR: 4.49925865778041
norm: 33.8913012156263
sigma: 57.71290277139013
sigmaL: 62.35734472275871
sigmaR: 34.66582905352636
widthL: 62.35734472275871
widthR: 34.66582905352636
x0: 1200.2775486802245
