alphaL: 1.6101158051286828
alphaR: 2.0033009901184147
event_sum: 1.1719011102977674
mean: 1204.6485287012683
nL: 4.339551505115672
nR: 3.869391275658265
norm: 1.1719011102977674
sigma: 62.17983437048854
sigmaL: 62.22113554816173
sigmaR: 31.493294676744927
widthL: 62.22113554816173
widthR: 31.493294676744927
x0: 1204.6485287012683
