alphaL: 1.4567351123907455
alphaR: 2.3882992100674008
event_sum: 33.75668371794745
mean: 1198.8253291145847
nL: 4.891273912828619
nR: 4.994474941826183
norm: 33.75668371794745
sigma: 57.71290277139013
sigmaL: 59.22252982017309
sigmaR: 35.37319552971692
widthL: 59.22252982017309
widthR: 35.37319552971692
x0: 1198.8253291145847
