alphaL: 1.4194338171735772
alphaR: 2.0862485612050983
event_sum: 63.517920104786754
mean: 1200.3643521042495
nL: 4.999880217844809
nR: 4.996437393913443
norm: 63.517920104786754
sigma: 57.71290277139013
sigmaL: 54.19958249741012
sigmaR: 35.74297613190905
widthL: 54.19958249741012
widthR: 35.74297613190905
x0: 1200.3643521042495
