alphaL: 1.612824654710576
alphaR: 2.0094955592198303
event_sum: 1.1719011102977674
mean: 1204.6597315503677
nL: 4.34350749057917
nR: 3.8368458687366918
norm: 1.1719011102977674
sigma: 62.17983437048854
sigmaL: 62.273478032237044
sigmaR: 31.488200750030032
widthL: 62.273478032237044
widthR: 31.488200750030032
x0: 1204.6597315503677
