alphaL: 1.4948160858898334
alphaR: 2.4297878122439016
event_sum: 1.1679124430811498
mean: 1202.6390875928569
nL: 3.9349030623601746
nR: 2.259650721109891
norm: 1.1679124430811498
sigma: 62.17983437048854
sigmaL: 60.672556330807964
sigmaR: 33.37016746280506
widthL: 60.672556330807964
widthR: 33.37016746280506
x0: 1202.6390875928569
