alphaL: 1.3870484112476256
alphaR: 2.150077070056879
event_sum: 63.90561849810183
fraction: 0.9994308627550478
mean: 1200.2794618468895
nL: 9.997542973307054
nR: 4.469362089457666
norm: 63.90561849810183
sigma: 57.691630029913874
sigmaL: 54.679968804427304
sigmaR: 35.89955944550277
widthL: 54.679968804427304
widthR: 35.89955944550277
x0: 1200.2794618468895
