alphaL: 1.7390017272625464
alphaR: 2.0680577041130506
event_sum: 63.90561849810183
mean: 1202.897548759786
nL: 4.49999987743045
nR: 4.496545590603867
norm: 63.90561849810183
sigma: 57.691630029913874
sigmaL: 59.347825935307675
sigmaR: 34.479791281201
widthL: 59.347825935307675
widthR: 34.479791281201
x0: 1202.897548759786
