alphaL: 1.6640081765791248
alphaR: 1.6886518584956012
event_sum: 15.994552504271269
mean: 1210.6560578594717
nL: 4.498562999732147
nR: 3.6456499533850173
norm: 15.994552504271269
sigma: 62.17983437048854
sigmaL: 64.23141740498434
sigmaR: 31.27001985901416
widthL: 64.23141740498434
widthR: 31.27001985901416
x0: 1210.6560578594717
