alphaL: 1.5782268495861511
alphaR: 2.094380912479563
event_sum: 63.7225387012586
mean: 1201.3601157319088
nL: 4.499934343232203
nR: 4.49992698711282
norm: 63.7225387012586
sigma: 57.71290277139013
sigmaL: 56.513578346505426
sigmaR: 35.318613948886394
widthL: 56.513578346505426
widthR: 35.318613948886394
x0: 1201.3601157319088
