alphaL: 1.509188390183262
alphaR: 2.503874462622742
event_sum: 33.89668591553345
fraction: 0.9991565667311249
mean: 1199.8407240139254
nL: 9.99997316930632
nR: 2.4674838302634026
norm: 33.8913012156263
sigma: 57.691630029913874
sigmaL: 61.08666351328842
sigmaR: 34.87799395904724
widthL: 61.08666351328842
widthR: 34.87799395904724
x0: 1199.8407240139254
