alphaL: 1.0969970986777975
alphaR: 2.46596105289948
event_sum: 71.47446597530507
fraction: 0.9946144127761908
mean: 1200.470570094311
nL: 141.4773278373186
nR: 4.268097157519732
norm: 33.745914318133146
sigma: 58.70768531553443
sigmaL: 54.62201154257205
sigmaR: 35.56062626408047
widthL: 54.62201154257205
widthR: 35.56062626408047
x0: 1200.470570094311
