alphaL: 1.7076966119450752
alphaR: 2.180643080864081
event_sum: 1.1720544093986973
mean: 1204.157310987327
nL: 3.190128534147518
nR: 2.7389807011654668
norm: 1.1720544093986973
sigma: 62.08959879865864
sigmaL: 62.53766508106611
sigmaR: 32.127419404816514
widthL: 62.53766508106611
widthR: 32.127419404816514
x0: 1204.157310987327
