alphaL: 1.2421031837129748
alphaR: 1.8436771862365415
event_sum: 15.994552504271269
fraction: 0.9984948945889656
mean: 1206.0589935300875
nL: 9.969123584896913
nR: 3.329685805524286
norm: 15.98688199184835
sigma: 62.17983437048854
sigmaL: 55.945934776079284
sigmaR: 34.079797415106775
widthL: 55.945934776079284
widthR: 34.079797415106775
x0: 1206.0589935300875
