alphaL: 1.0348297709492673
alphaR: 2.177292152936413
event_sum: 137.51622406835668
fraction: 0.9958782126798116
mean: 1201.485823945146
nL: 143.1244606636376
nR: 5.158707263898839
norm: 63.75484690070152
sigma: 58.70768531553443
sigmaL: 49.463536584820574
sigmaR: 37.429007988671756
widthL: 49.463536584820574
widthR: 37.429007988671756
x0: 1201.485823945146
