alphaL: 1.627521847804302
alphaR: 2.1421106319074426
event_sum: 63.7225387012586
mean: 1201.4960098959266
nL: 3.999999996504018
nR: 3.9976696295026417
norm: 63.7225387012586
sigma: 57.71290277139013
sigmaL: 56.991556307094754
sigmaR: 35.356365241578814
widthL: 56.991556307094754
widthR: 35.356365241578814
x0: 1201.4960098959266
