alphaL: 1.4176204846851699
alphaR: 2.081346334274558
event_sum: 1.5913248091528658
mean: 1205.4889444801047
nL: 3.0257382932269214
nR: 2.155000000642345
norm: 1.5913248091528658
sigma: 62.17983437048854
sigmaL: 56.8960940324215
sigmaR: 35.0891953599399
widthL: 56.8960940324215
widthR: 35.0891953599399
x0: 1205.4889444801047
