alphaL: 1.5159461277844999
alphaR: 1.7923045740636603
event_sum: 1.5968475791451056
mean: 1208.181405200289
nL: 4.421116420156651
nR: 3.4487300905064786
norm: 1.5968475791451056
sigma: 62.17983437048854
sigmaL: 60.50808609695892
sigmaR: 32.89282476243834
widthL: 60.50808609695892
widthR: 32.89282476243834
x0: 1208.181405200289
