alphaL: 1.578257273773387
alphaR: 2.094096481154958
event_sum: 63.7225387012586
mean: 1201.3616963696925
nL: 4.499933517264418
nR: 4.499832385290266
norm: 63.7225387012586
sigma: 57.71290277139013
sigmaL: 56.51471278910387
sigmaR: 35.316977783906346
widthL: 56.51471278910387
widthR: 35.316977783906346
x0: 1201.3616963696925
