alphaL: 1.5197969715684274
alphaR: 1.9922515712789846
event_sum: 1.59684742767422
mean: 1206.5652358976906
nL: 3.3950006434124584
nR: 2.4629010581789847
norm: 1.59684742767422
sigma: 62.08959879865864
sigmaL: 59.80129626016278
sigmaR: 34.524141300075435
widthL: 59.80129626016278
widthR: 34.524141300075435
x0: 1206.5652358976906
