alphaL: 1.7998997736689253
alphaR: 2.014139909140258
event_sum: 11.735884007066488
mean: 1206.4267552683402
nL: 4.488284575102513
nR: 3.220367045837624
norm: 11.735884007066488
sigma: 62.17983437048854
sigmaL: 65.51299656398024
sigmaR: 30.301792497648734
widthL: 65.51299656398024
widthR: 30.301792497648734
x0: 1206.4267552683402
