alphaL: 1.4090442096986793
alphaR: 2.4597474447354486
event_sum: 11.735884007066488
fraction: 0.9983264633082616
mean: 1202.1458485830515
nL: 9.925582458014642
nR: 1.894121884539935
norm: 11.734349904581904
sigma: 62.17983437048854
sigmaL: 59.21091654497964
sigmaR: 33.32669653287026
widthL: 59.21091654497964
widthR: 33.32669653287026
x0: 1202.1458485830515
