alphaL: 1.6675428538142958
alphaR: 2.3331539665424983
event_sum: 33.8913012156263
mean: 1200.2523777270278
nL: 4.467764965883551
nR: 4.499421552740781
norm: 33.8913012156263
sigma: 57.71290277139013
sigmaL: 62.38659080966605
sigmaR: 34.69538790972943
widthL: 62.38659080966605
widthR: 34.69538790972943
x0: 1200.2523777270278
