alphaL: 1.842904671743414
alphaR: 2.4326791356811084
event_sum: 33.89668591553345
mean: 1201.8615190729297
nL: 4.499764339034498
nR: 2.525337838463022
norm: 33.89668591553345
sigma: 57.691630029913874
sigmaL: 64.92273189780552
sigmaR: 33.93615743375072
widthL: 64.92273189780552
widthR: 33.93615743375072
x0: 1201.8615190729297
