alphaL: 1.2437757081194185
alphaR: 1.5302036680853404
event_sum: 8.007692271123414
fraction: 0.9168595356380125
mean: 1484.8818174949922
nL: 0.8442510952908451
nR: 3.3746530048398373
norm: 7.074802660263115
sigma: 84.00000000000001
sigmaL: 104.38110004190479
sigmaR: 72.39858249660827
widthL: 104.38110004190479
widthR: 72.39858249660827
x0: 1484.8818174949922
