alphaL: 1.052822228308748
alphaR: 1.4215656453587322
event_sum: 6.282112838522951
fraction: 0.9546851129724158
mean: 1484.252486632559
nL: 2.254055129021429
nR: 3.6387754105365575
norm: 5.861237408130038
sigma: 84.00000000000001
sigmaL: 99.05436499387723
sigmaR: 64.23506602993368
widthL: 99.05436499387723
widthR: 64.23506602993368
x0: 1484.252486632559
