alphaL: 0.9873558955465308
alphaR: 1.5600148146939619
event_sum: 0.6600220556332279
mean: 1494.8051628661729
nL: 2.3170964454643754
nR: 1.904227495485966
norm: 0.6600220556332279
sigma: 84.00000000000001
sigmaL: 107.27833419109412
sigmaR: 64.74349748136447
widthL: 107.27833419109412
widthR: 64.74349748136447
x0: 1494.8051628661729
