alphaL: 0.9917134127057724
alphaR: 1.6799344689859634
event_sum: 0.5559300972186482
mean: 1479.0562899787055
nL: 2.6620980754649177
nR: 2.156095929152956
norm: 0.5559300972186482
sigma: 84.00000000000001
sigmaL: 95.44187248898785
sigmaR: 69.70837128904314
widthL: 95.44187248898785
widthR: 69.70837128904314
x0: 1479.0562899787055
