alphaL: 0.8813212661021285
alphaR: 1.4726631353101425
event_sum: 0.5744868327121739
mean: 1483.5615026659725
nL: 4.1522114590672095
nR: 3.192686669160805
norm: 0.5744868327121739
sigma: 84.00000000000001
sigmaL: 93.36167248640724
sigmaR: 65.03738641542706
widthL: 93.36167248640724
widthR: 65.03738641542706
x0: 1483.5615026659725
