alphaL: 1.0833308273574627
alphaR: 1.5382740540867408
event_sum: 0.6880810568056696
mean: 1485.326622745138
nL: 1.6459170002122951
nR: 3.1955532963023496
norm: 0.6880810568056696
sigma: 84.00000000000001
sigmaL: 102.16987861014371
sigmaR: 72.24073907150662
widthL: 102.16987861014371
widthR: 72.24073907150662
x0: 1485.326622745138
