alphaL: 0.4575426223619336
alphaR: 1.405550775353231
event_sum: 1.6585783163718326
mean: 1917.788106835626
nL: 1.00863108446844
nR: 3.854836389323651
norm: 1.6585783163718326
sigma: 195.0
sigmaL: 151.73506603329855
sigmaR: 104.00114607037288
widthL: 151.73506603329855
widthR: 104.00114607037288
x0: 1917.788106835626
