alphaL: 0.9478427781760971
alphaR: 1.511683357741049
event_sum: 21.278706081922312
fraction: 0.7570160658966577
mean: 1900.763558447372
nL: 0.45082116382745985
nR: 4.425905227235265
norm: 12.886764381846477
sigma: 195.0
sigmaL: 167.8794491640746
sigmaR: 116.66944906856916
widthL: 167.8794491640746
widthR: 116.66944906856916
x0: 1900.763558447372
