alphaL: 1.565801271700556
alphaR: 1.3865990166271385
event_sum: 1.6142847378357372
mean: 1925.6248493644773
nL: 0.1
nR: 2.7261908672167285
norm: 1.6142847378357372
sigma: 195.0
sigmaL: 209.4271923023047
sigmaR: 94.50671003099157
widthL: 209.4271923023047
widthR: 94.50671003099157
x0: 1925.6248493644773
