alphaL: 0.7685221778228593
alphaR: 1.4016433325728617
event_sum: 1.7456852328740604
mean: 1900.023688511219
nL: 0.9989907139525018
nR: 3.7937557205358243
norm: 1.7456852328740604
sigma: 195.0
sigmaL: 134.97834910931766
sigmaR: 110.10613698715163
widthL: 134.97834910931766
widthR: 110.10613698715163
x0: 1900.023688511219
