alphaL: 1.2685736678777477
alphaR: 1.4102068084194075
event_sum: 1.4539279785231032
mean: 1911.4460353916297
nL: 0.12039138581080436
nR: 4.145330352952236
norm: 1.4539279785231032
sigma: 195.0
sigmaL: 198.22931243964078
sigmaR: 106.7734192035513
widthL: 198.22931243964078
widthR: 106.7734192035513
x0: 1911.4460353916297
