alphaL: 1.0829256410253936
alphaR: 1.3045862793746925
event_sum: 19.17982111537467
fraction: 0.8303238455763062
mean: 1913.0832568283795
nL: 0.7048359757382562
nR: 4.181976584136278
norm: 14.641222066991478
sigma: 195.0
sigmaL: 168.333358021836
sigmaR: 101.32069597593464
widthL: 168.333358021836
widthR: 101.32069597593464
x0: 1913.0832568283795
