alphaL: 0.7672606175269451
alphaR: 2.1243712260396004
event_sum: 39.85673154188637
fraction: 0.9885712546654748
mean: 1947.8271298655006
nL: 85.47231552792726
nR: 1.9467265461612446
norm: 39.536630734246984
sigma: 104.97246446602861
sigmaL: 64.31638145591822
sigmaR: 50.11654153059838
widthL: 64.31638145591822
widthR: 50.11654153059838
x0: 1947.8271298655006
