alphaL: 1.244780763647683
alphaR: 1.7563303470680753
event_sum: 4.81933653143227
fraction: 0.7712278902178965
mean: 2400.0
nL: 0.4
nR: 3.566862664641619
norm: 2.3654042014883143
sigma: 137.20000000000002
sigmaL: 132.02033502699535
sigmaR: 122.5064796772731
widthL: 132.02033502699535
widthR: 122.5064796772731
x0: 2400.0
