alphaL: 1.0779169405632052
alphaR: 1.8841482070341793
event_sum: 0.2427544548499095
mean: 2404.3555662363588
nL: 1.0005588924868387
nR: 3.7780306293244657
norm: 0.2427544548499095
sigma: 137.20000000000002
sigmaL: 148.33107262883698
sigmaR: 119.29150543622299
widthL: 148.33107262883698
widthR: 119.29150543622299
x0: 2404.3555662363588
