alphaL: 0.6144934680843178
alphaR: 1.9409128491087027
event_sum: 0.22687819586046643
mean: 2403.7689338888727
nL: 2.572893315066964
nR: 2.3255618197407912
norm: 0.22687819586046643
sigma: 137.20000000000002
sigmaL: 105.79980404943741
sigmaR: 121.37583065997693
widthL: 105.79980404943741
widthR: 121.37583065997693
x0: 2403.7689338888727
