alphaL: 0.7733164191619721
alphaR: 1.6364439128411978
event_sum: 4.537048559319632
fraction: 0.8835339670272603
mean: 2400.058660606201
nL: 1.6385274260550144
nR: 3.304665202653335
norm: 3.221520972679397
sigma: 137.20000000000002
sigmaL: 121.86588343004787
sigmaR: 112.47165332315848
widthL: 121.86588343004787
widthR: 112.47165332315848
x0: 2400.058660606201
