alphaL: 0.9558556403085304
alphaR: 2.431724077888619
event_sum: 0.322648268497023
mean: 2386.46674029498
nL: 3.704079250158195
nR: 2.0284672982830854
norm: 0.322648268497023
sigma: 137.20000000000002
sigmaL: 163.02377121650892
sigmaR: 140.97764854245625
widthL: 163.02377121650892
widthR: 140.97764854245625
x0: 2386.46674029498
