alphaL: 1.0689762262745865
alphaR: 1.1995270629653039
event_sum: 0.33935035789554036
mean: 2437.8276284429635
nL: 0.8932059240017935
nR: 2.8164863548514183
norm: 0.33935035789554036
sigma: 137.20000000000002
sigmaL: 150.23871853724455
sigmaR: 77.7994348896919
widthL: 150.23871853724455
widthR: 77.7994348896919
x0: 2437.8276284429635
