alphaL: 0.7141808812860325
alphaR: 1.94425297585438
event_sum: 27.703602071146648
fraction: 0.9893969217913844
mean: 2444.7213382226855
nL: 28.979608090603207
nR: 2.2483367683306983
norm: 7.3381104741946075
sigma: 144.33998263673672
sigmaL: 71.18530815917184
sigmaR: 65.96751047994866
widthL: 71.18530815917184
widthR: 65.96751047994866
x0: 2444.7213382226855
