alphaL: 0.7531610215090491
alphaR: 1.167771822154788
event_sum: 0.19339169594872224
mean: 3256.9899925678606
nL: 4.006437063797883
nR: 2.6413783534738835
norm: 0.19339169594872224
sigma: 184.8
sigmaL: 215.39978817026935
sigmaR: 106.80026676995419
widthL: 215.39978817026935
widthR: 106.80026676995419
x0: 3256.9899925678606
