alphaL: 0.4849816838304316
alphaR: 1.9947773127143755
event_sum: 0.445469118451137
mean: 3221.4960798567113
nL: 3.6361700566817854
nR: 1.2838260444581469
norm: 0.445469118451137
sigma: 184.8
sigmaL: 132.19919990764447
sigmaR: 149.62068482683247
widthL: 132.19919990764447
widthR: 149.62068482683247
x0: 3221.4960798567113
