alphaL: 0.8307614862889678
alphaR: 1.4460130748230362
event_sum: 14.3457518840175
fraction: 0.7470119351435718
mean: 3250.0
nL: 0.7282835790343252
nR: 3.9546586904612027
norm: 2.1710138333014823
sigma: 184.8
sigmaL: 165.0432313529087
sigmaR: 139.13346539638454
widthL: 165.0432313529087
widthR: 139.13346539638454
x0: 3250.0
