alphaL: 0.9058795319854918
alphaR: 2.3095490405486965
event_sum: 0.2120350283593872
mean: 3168.535417205813
nL: 0.9826173829471199
nR: 4.095752797445193
norm: 0.2120350283593872
sigma: 184.8
sigmaL: 197.786132823547
sigmaR: 211.705624033451
widthL: 197.786132823547
widthR: 211.705624033451
x0: 3168.535417205813
