alphaL: 0.5939306471089273
alphaR: 2.09948406565314
event_sum: 49.241358300450834
fraction: 0.9918068698537287
mean: 3289.0688184702467
nL: 130.29833039602664
nR: 1.7957374814918023
norm: 48.889241681784355
sigma: 291.35071799965135
sigmaL: 83.48829531843857
sigmaR: 78.54067494079067
widthL: 83.48829531843857
widthR: 78.54067494079067
x0: 3289.0688184702467
