alphaL: 1.2913872346930335
alphaR: 1.0158708612944976
event_sum: 0.4718739683614044
mean: 3305.772753093737
nL: 0.8613492843361653
nR: 2.4000106115572764
norm: 0.4718739683614044
sigma: 184.8
sigmaL: 293.4129388292544
sigmaR: 65.21964170835474
widthL: 293.4129388292544
widthR: 65.21964170835474
x0: 3305.772753093737
