alphaL: 1.5124435947794097
alphaR: 1.0975375485975145
event_sum: 12.180438133108252
fraction: 0.7550665628557776
mean: 3295.3681719548586
nL: 0.4
nR: 4.5
norm: 4.723744941215192
sigma: 184.8
sigmaL: 302.7079464408567
sigmaR: 93.61449994240837
widthL: 302.7079464408567
widthR: 93.61449994240837
x0: 3295.3681719548586
