alphaL: 1.2495480194350972
alphaR: 1.412148876576889
event_sum: 11.44438068396512
fraction: 0.9225168916459654
mean: 1728.46782230765
nL: 1.2168932464919342
nR: 3.7209132649433543
norm: 10.207300037436406
sigma: 98.0
sigmaL: 118.37784044565107
sigmaR: 76.30717023408769
widthL: 118.37784044565107
widthR: 76.30717023408769
x0: 1728.46782230765
