alphaL: 0.8482069477828781
alphaR: 1.6447179428696115
event_sum: 0.8818195023335603
mean: 1726.8628331286993
nL: 1.9224350735065476
nR: 2.829536218612456
norm: 0.8818195023335603
sigma: 98.0
sigmaL: 99.88162197598903
sigmaR: 81.8688011563025
widthL: 99.88162197598903
widthR: 81.8688011563025
x0: 1726.8628331286993
