alphaL: 1.0790983858873822
alphaR: 1.6853747566266388
event_sum: 0.9550926421231086
mean: 1727.0178502729448
nL: 2.191093192187327
nR: 2.300151804233199
norm: 0.9550926421231086
sigma: 98.0
sigmaL: 115.68439658214639
sigmaR: 76.15282141924607
widthL: 115.68439658214639
widthR: 76.15282141924607
x0: 1727.0178502729448
