alphaL: 1.0928818742043953
alphaR: 1.5142679293221708
event_sum: 11.440156371168579
fraction: 0.8933060767826562
mean: 1726.162386372518
nL: 1.0579197266907299
nR: 4.169687451323675
norm: 9.15289881997265
sigma: 98.0
sigmaL: 106.95774225675314
sigmaR: 82.2713062419576
widthL: 106.95774225675314
widthR: 82.2713062419576
x0: 1726.162386372518
