alphaL: 0.8094365007741506
alphaR: 2.5323281227748335
event_sum: 0.8411259343044488
mean: 1706.875059524174
nL: 2.2216004351331344
nR: 2.701267855069388
norm: 0.8411259343044488
sigma: 98.0
sigmaL: 94.61875054481612
sigmaR: 105.44081153754861
widthL: 94.61875054481612
widthR: 105.44081153754861
x0: 1706.875059524174
