alphaL: 0.9763706027680557
alphaR: 1.4779092238739222
event_sum: 0.992709896761596
mean: 1720.1425575748742
nL: 2.1707323898831623
nR: 3.7233051946717355
norm: 0.992709896761596
sigma: 98.0
sigmaL: 102.21011710363021
sigmaR: 81.1844931139514
widthL: 102.21011710363021
widthR: 81.1844931139514
x0: 1720.1425575748742
