alphaL: 0.6430624786259185
alphaR: 1.0637611497178872
event_sum: 0.30624974931330906
mean: 2914.6388054454555
nL: 1.0000967582095877
nR: 2.2559241732474447
norm: 0.30624974931330906
sigma: 290.0
sigmaL: 398.82750915930706
sigmaR: 78.11399437444399
widthL: 398.82750915930706
widthR: 78.11399437444399
x0: 2914.6388054454555
