alphaL: 1.019339355505678
alphaR: 0.8243533568714337
event_sum: 5.760544144759085
fraction: 0.6879395940628739
mean: 2883.632161957425
nL: 0.4038963364590653
nR: 4.048943417888847
norm: 2.4062051407151657
sigma: 290.0
sigmaL: 346.9544945354906
sigmaR: 77.80469884876814
widthL: 346.9544945354906
widthR: 77.80469884876814
x0: 2883.632161957425
