alphaL: 0.4911554694147095
alphaR: 0.6528933740816041
event_sum: 6.725384063390685
fraction: 0.6184816392291345
mean: 2869.834260938514
nL: 0.4242838008409189
nR: 4.402629692522474
norm: 1.3100336082769837
sigma: 290.0
sigmaL: 160.03724700710052
sigmaR: 70.19417047654794
widthL: 160.03724700710052
widthR: 70.19417047654794
x0: 2869.834260938514
