alphaL: 1.166720647597571
alphaR: 1.3864220116390364
event_sum: 0.2632752845877928
mean: 2855.0758503320244
nL: 0.13633172967699067
nR: 2.93706036154241
norm: 0.2632752845877928
sigma: 290.0
sigmaL: 331.6830846671669
sigmaR: 130.2910075424431
widthL: 331.6830846671669
widthR: 130.2910075424431
x0: 2855.0758503320244
