alphaL: 0.760822615850615
alphaR: 1.2704378527384799
event_sum: 0.15102230231884772
mean: 2861.843643097769
nL: 0.10399602246409409
nR: 2.3657218778528755
norm: 0.15102230231884772
sigma: 290.0
sigmaL: 193.93878752208258
sigmaR: 117.79907226901277
widthL: 193.93878752208258
widthR: 117.79907226901277
x0: 2861.843643097769
