alphaL: 0.12776323636192488
alphaR: 0.9501615809707976
event_sum: 0.19724576751230516
mean: 2938.5824256409887
nL: 1.0001104819504465
nR: 3.2008377027495842
norm: 0.19724576751230516
sigma: 290.0
sigmaL: 738.2312874870175
sigmaR: 90.65464748798149
widthL: 738.2312874870175
widthR: 90.65464748798149
x0: 2938.5824256409887
