alphaL: 1.201444862268093
alphaR: 1.3909160198813122
event_sum: 1.2806470252689905
mean: 994.395927291334
nL: 1.619654593411841
nR: 2.9655760717805264
norm: 1.2806470252689905
sigma: 100.0
sigmaL: 102.49443986565042
sigmaR: 53.07996140969023
widthL: 102.49443986565042
widthR: 53.07996140969023
x0: 994.395927291334
