alphaL: 0.78773615091204
alphaR: 1.4895329957472399
event_sum: 7.374759551836178
fraction: 0.9910700310423732
mean: 971.9887767871753
nL: 6.5155688770643145
nR: 3.314550829275441
norm: 7.322052172385156
sigma: 100.0
sigmaL: 68.34764781628753
sigmaR: 67.37958510345078
widthL: 68.34764781628753
widthR: 67.37958510345078
x0: 971.9887767871753
