alphaL: 1.274075936368118
alphaR: 1.5590576284840625
event_sum: 0.7340571881213691
mean: 980.6399821810601
nL: 2.386842038748437
nR: 2.2784549561118843
norm: 0.7340571881213691
sigma: 100.0
sigmaL: 91.5055626505339
sigmaR: 64.1941446611864
widthL: 91.5055626505339
widthR: 64.1941446611864
x0: 980.6399821810601
