alphaL: 1.272538175749251
alphaR: 1.6241518828147856
event_sum: 0.7354817120649386
mean: 977.0744663963546
nL: 4.01825595293425
nR: 3.306341752182948
norm: 0.7354817120649386
sigma: 100.0
sigmaL: 94.44171249342239
sigmaR: 68.72743924511916
widthL: 94.44171249342239
widthR: 68.72743924511916
x0: 977.0744663963546
