alphaL: 1.1209633950306552
alphaR: 1.33959768234294
event_sum: 1.282356454001274
mean: 990.8140176404023
nL: 2.0082720888705037
nR: 3.9747010456935397
norm: 1.282356454001274
sigma: 100.0
sigmaL: 97.53560223816486
sigmaR: 55.662737586311316
widthL: 97.53560223816486
widthR: 55.662737586311316
x0: 990.8140176404023
