alphaL: 0.9710173723428975
alphaR: 1.1094582918948002
event_sum: 0.6069895903492579
mean: 987.1955617137124
nL: 0.20003163274553604
nR: 1.5901809184010967
norm: 0.6069895903492579
sigma: 51.30861387125126
sigmaL: 80.75607841476098
sigmaR: 48.95762633422143
widthL: 80.75607841476098
widthR: 48.95762633422143
x0: 987.1955617137124
