alphaL: 0.618761130646273
alphaR: 1.8864220791042232
event_sum: 0.7374760455859359
mean: 952.0018070158637
nL: 3.4216106459322404
nR: 4.415472355771691
norm: 0.7374760455859359
sigma: 100.0
sigmaL: 44.23768310022429
sigmaR: 86.40751441180474
widthL: 44.23768310022429
widthR: 86.40751441180474
x0: 952.0018070158637
