alphaL: 1.0780286350734019
alphaR: 1.3816137329116576
event_sum: 12.823562968056649
fraction: 0.9864511132755643
mean: 989.6303963730873
nL: 2.3932947542827407
nR: 3.7642323132268194
norm: 12.648346544476226
sigma: 100.0
sigmaL: 96.65261845184385
sigmaR: 56.975461174381884
widthL: 96.65261845184385
widthR: 56.975461174381884
x0: 989.6303963730873
