alphaL: 1.0351999915330314
alphaR: 1.230671175507767
event_sum: 1.2806470252689905
mean: 1003.5222801482944
nL: 4.457172598900945
nR: 3.059254475688369
norm: 1.2806470252689905
sigma: 100.0
sigmaL: 108.1582521554058
sigmaR: 44.81172558516869
widthL: 108.1582521554058
widthR: 44.81172558516869
x0: 1003.5222801482944
