alphaL: 1.2682383022155868
alphaR: 1.634153114876067
event_sum: 0.7354817120649386
mean: 977.2428023707845
nL: 3.9779914134271324
nR: 3.330500621108683
norm: 0.7354817120649386
sigma: 100.0
sigmaL: 94.0204773771803
sigmaR: 69.06421134792384
widthL: 94.0204773771803
widthR: 69.06421134792384
x0: 977.2428023707845
