alphaL: 1.2872830788518521
alphaR: 1.2457090731211864
event_sum: 7.374759551836178
fraction: 0.9877873254660355
mean: 983.8129655538711
nL: 2.2266924297000172
nR: 4.488516658175217
norm: 7.269344792934135
sigma: 100.0
sigmaL: 92.75927581663002
sigmaR: 58.3021421668896
widthL: 92.75927581663002
widthR: 58.3021421668896
x0: 983.8129655538711
