alphaL: 1.0799889031934273
alphaR: 1.4318737400414812
event_sum: 12.823562968056649
fraction: 0.9941298895475185
mean: 989.3362431814566
nL: 2.2268957140737533
nR: 3.513977012306845
norm: 12.770855588605627
sigma: 100.0
sigmaL: 96.76026166889642
sigmaR: 57.87414877793247
widthL: 96.76026166889642
widthR: 57.87414877793247
x0: 989.3362431814566
