alphaL: 1.1788913308496831
alphaR: 1.4670284721448792
event_sum: 1.2786526917479932
mean: 990.3255567117125
nL: 1.7584096052887501
nR: 2.919166763358742
norm: 1.2786526917479932
sigma: 100.0
sigmaL: 99.8113988964287
sigmaR: 57.45347220554227
widthL: 99.8113988964287
widthR: 57.45347220554227
x0: 990.3255567117125
