alphaL: 1.0353117297829044
alphaR: 1.3740367788616905
event_sum: 1.032067491687485
mean: 992.9575504086487
nL: 0.20003675557522374
nR: 1.9509526617563646
norm: 1.032067491687485
sigma: 51.30861387125126
sigmaL: 103.95369350575784
sigmaR: 53.70655866059361
widthL: 103.95369350575784
widthR: 53.70655866059361
x0: 992.9575504086487
