alphaL: 0.8822191614624285
alphaR: 1.3600923809561536
event_sum: 0.814516944665229
mean: 1186.246153576495
nL: 2.269507412032639
nR: 3.424100992064352
norm: 0.814516944665229
sigma: 120.0
sigmaL: 108.90748490800694
sigmaR: 65.09619949692004
widthL: 108.90748490800694
widthR: 65.09619949692004
x0: 1186.246153576495
