alphaL: 0.9748816564481411
alphaR: 1.536103622716996
event_sum: 0.48525419252109714
mean: 1173.031897433158
nL: 1.618505867142782
nR: 3.6818272226627884
norm: 0.48525419252109714
sigma: 120.0
sigmaL: 92.74288002417995
sigmaR: 75.23754074160615
widthL: 92.74288002417995
widthR: 75.23754074160615
x0: 1173.031897433158
