alphaL: 0.8855710851458969
alphaR: 1.2668165867084362
event_sum: 8.085200003697537
fraction: 0.9402711846384886
mean: 1184.2658443252703
nL: 2.2434973094130526
nR: 4.4952275671545205
norm: 7.443712392821908
sigma: 120.0
sigmaL: 108.49182843554863
sigmaR: 63.743717118925424
widthL: 108.49182843554863
widthR: 63.743717118925424
x0: 1184.2658443252703
