alphaL: 0.7897222075807343
alphaR: 1.4755440974726577
event_sum: 4.824394742841832
fraction: 0.9519107477327271
mean: 1170.4311307523856
nL: 2.6260599000232707
nR: 4.475139089119339
norm: 4.557246891432442
sigma: 120.0
sigmaL: 82.82984303076745
sigmaR: 76.30302798595457
widthL: 82.82984303076745
widthR: 76.30302798595457
x0: 1170.4311307523856
