alphaL: 1.1425001778493484
alphaR: 1.1796542996980794
event_sum: 0.37304536618466955
mean: 1185.3552274659714
nL: 0.20000253468506055
nR: 1.6441882914027248
norm: 0.37304536618466955
sigma: 62.76005144855769
sigmaL: 102.29003516467832
sigmaR: 54.40852540686521
widthL: 102.29003516467832
widthR: 54.40852540686521
x0: 1185.3552274659714
