alphaL: 1.1347933667879877
alphaR: 1.4992744588179014
event_sum: 0.7875283375178697
mean: 1179.9521443303631
nL: 0.8686030817445717
nR: 2.575542416644971
norm: 0.7875283375178697
sigma: 120.0
sigmaL: 111.64290835806608
sigmaR: 68.89922134184873
widthL: 111.64290835806608
widthR: 68.89922134184873
x0: 1179.9521443303631
