alphaL: 1.10137285999137
alphaR: 1.492016682476618
event_sum: 0.8138634640054079
mean: 1182.8991368546706
nL: 1.0000001816620978
nR: 3.240795908605311
norm: 0.8138634640054079
sigma: 120.0
sigmaL: 116.86418772561078
sigmaR: 68.33593101190618
widthL: 116.86418772561078
widthR: 68.33593101190618
x0: 1182.8991368546706
