alphaL: 0.9121742433518314
alphaR: 1.1511800096763365
event_sum: 0.601146101798804
mean: 1187.5867323847501
nL: 0.2002541395972293
nR: 1.6596922062274584
norm: 0.601146101798804
sigma: 62.76005144855769
sigmaL: 103.1319694649843
sigmaR: 53.904149263960065
widthL: 103.1319694649843
widthR: 53.904149263960065
x0: 1187.5867323847501
