alphaL: 1.041357541337778
alphaR: 1.9067065280800237
event_sum: 0.47385845486132894
mean: 1176.270211731234
nL: 1.556670289088598
nR: 1.954648629550977
norm: 0.47385845486132894
sigma: 120.0
sigmaL: 97.28095963472144
sigmaR: 77.42424114877315
widthL: 97.28095963472144
widthR: 77.42424114877315
x0: 1176.270211731234
