alphaL: 1.0869585218836273
alphaR: 1.477710357302727
event_sum: 0.8138634640054079
mean: 1182.254329022309
nL: 1.0000002210839842
nR: 3.2159143530795413
norm: 0.8138634640054079
sigma: 120.0
sigmaL: 117.80346782683422
sigmaR: 66.99144993799074
widthL: 117.80346782683422
widthR: 66.99144993799074
x0: 1182.254329022309
