alphaL: 1.0222288977892977
alphaR: 1.2048342409882231
event_sum: 0.4861875628994312
mean: 1192.9689239874526
nL: 2.4283715069628777
nR: 3.474516348500258
norm: 0.4861875628994312
sigma: 120.0
sigmaL: 112.61787392209435
sigmaR: 57.1953498362086
widthL: 112.61787392209435
widthR: 57.1953498362086
x0: 1192.9689239874526
