alphaL: 1.0471563687499859
alphaR: 1.5033290121869125
event_sum: 0.48525419252109714
mean: 1184.7283922422416
nL: 2.242760558565109
nR: 3.189428630872072
norm: 0.48525419252109714
sigma: 120.0
sigmaL: 116.13674498851312
sigmaR: 66.79449474403525
widthL: 116.13674498851312
widthR: 66.79449474403525
x0: 1184.7283922422416
