alphaL: 1.2470804589506055
alphaR: 2.141483819601298
event_sum: 18.86798366035721
mean: 1657.7431344483027
nL: 5.0
nR: 3.424892839387029
norm: 18.86798366035721
sigma: 77.95171234122611
sigmaL: 67.05414687927141
sigmaR: 46.43340464619684
widthL: 67.05414687927141
widthR: 46.43340464619684
x0: 1657.7431344483027
