alphaL: 1.455040017962568
alphaR: 1.6582342086099118
event_sum: 1.0578721609596757
mean: 1665.256518882987
nL: 3.862440265842047
nR: 2.830069388167247
norm: 1.0578721609596757
sigma: 87.40169025762638
sigmaL: 74.87412762429109
sigmaR: 40.84898661625033
widthL: 74.87412762429109
widthR: 40.84898661625033
x0: 1665.256518882987
