alphaL: 1.291958420404104
alphaR: 1.923691365403457
event_sum: 18.97191099710821
fraction: 0.9992229100322831
mean: 1660.5726271106098
nL: 9.995818426844547
nR: 4.244744203889191
norm: 18.961414713661984
sigma: 77.95163799689755
sigmaL: 71.36439100489152
sigmaR: 44.479965447115546
widthL: 71.36439100489152
widthR: 44.479965447115546
x0: 1660.5726271106098
