alphaL: 1.4922632036429038
alphaR: 1.916611210185465
event_sum: 18.938489800517125
mean: 1661.9464706674962
nL: 4.496923615640338
nR: 4.413989563936328
norm: 18.938489800517125
sigma: 77.95171234122611
sigmaL: 75.06237930565243
sigmaR: 43.8156836827617
widthL: 75.06237930565243
widthR: 43.8156836827617
x0: 1661.9464706674962
