alphaL: 1.6674170397967074
alphaR: 2.1046733966967905
event_sum: 14.732725229995111
mean: 1660.9473520985232
nL: 4.515132626765723
nR: 3.097086059140464
norm: 14.732725229995111
sigma: 77.95171234122611
sigmaL: 81.2971086133545
sigmaR: 39.71403627121493
widthL: 81.2971086133545
widthR: 39.71403627121493
x0: 1660.9473520985232
