alphaL: 1.4555828041709304
alphaR: 1.6677203455577612
event_sum: 1.0531591950978059
mean: 1665.9477413696445
nL: 2.827753555645134
nR: 2.6743075729909624
norm: 1.0531591950978059
sigma: 87.40169025762638
sigmaL: 74.17352512220079
sigmaR: 40.643640668025036
widthL: 74.17352512220079
widthR: 40.643640668025036
x0: 1665.9477413696445
