alphaL: 1.0947675658299354
alphaR: 1.7013088928145599
event_sum: 10.605343810510844
fraction: 0.9978723899809008
mean: 1661.855594951298
nL: 9.81869249962235
nR: 3.0231556753293862
norm: 10.592779077263138
sigma: 87.43567993936223
sigmaL: 66.00042793535518
sigmaR: 42.936134936592914
widthL: 66.00042793535518
widthR: 42.936134936592914
x0: 1661.855594951298
