alphaL: 1.1062134158599055
alphaR: 2.2957562060943357
event_sum: 11.069780322511507
fraction: 0.9975860325587133
mean: 1654.7049323486049
nL: 9.822733744594299
nR: 1.9785037835374637
norm: 11.061445641136785
sigma: 87.43567993936223
sigmaL: 65.10864096566124
sigmaR: 44.97705326602668
widthL: 65.10864096566124
widthR: 44.97705326602668
x0: 1654.7049323486049
