alphaL: 1.4494008589332232
alphaR: 2.3436690501157136
event_sum: 14.681732633328453
mean: 1658.5367446712517
nL: 4.751238988926111
nR: 2.17110237068084
norm: 14.681732633328453
sigma: 77.95171234122611
sigmaL: 76.32866015379372
sigmaR: 41.28404202010766
widthL: 76.32866015379372
widthR: 41.28404202010766
x0: 1658.5367446712517
