alphaL: 1.326701233440186
alphaR: 2.363386373760648
event_sum: 1.1017687284370237
mean: 1655.9046471034644
nL: 3.438952770995855
nR: 1.6833836336277122
norm: 1.1017687284370237
sigma: 87.40169025762638
sigmaL: 70.47534111852715
sigmaR: 45.29432503521345
widthL: 70.47534111852715
widthR: 45.29432503521345
x0: 1655.9046471034644
