alphaL: 1.426104423845576
alphaR: 2.200164373453615
event_sum: 14.757211377130645
fraction: 0.9991246115237266
mean: 1658.9038383752268
nL: 9.849368109810671
nR: 2.8506040789005396
norm: 14.756193919777468
sigma: 77.95163799689755
sigmaL: 77.61010816982791
sigmaR: 40.8750926356774
widthL: 77.61010816982791
widthR: 40.8750926356774
x0: 1658.9038383752268
