alphaL: 1.033727179697722
alphaR: 2.448031803922457
event_sum: 44.55403123823159
fraction: 0.9915823272882651
mean: 1649.419330343202
nL: 102.77085535811145
nR: 2.0456304028201404
norm: 14.672281535056081
sigma: 78.29733239963164
sigmaL: 67.52779112852443
sigmaR: 42.71250531363887
widthL: 67.52779112852443
widthR: 42.71250531363887
x0: 1649.419330343202
