alphaL: 1.3332135555173383
alphaR: 2.0934478305713444
event_sum: 1.1053039199300072
mean: 1651.8957062072666
nL: 3.587615490636923
nR: 3.839497119525206
norm: 1.1053039199300072
sigma: 87.40169025762638
sigmaL: 66.06877583495822
sigmaR: 47.081690503843724
widthL: 66.06877583495822
widthR: 47.081690503843724
x0: 1651.8957062072666
