alphaL: 1.2145813329882917
alphaR: 1.9101500185646445
event_sum: 0.8860588531388203
mean: 2406.6904266581428
nL: 4.498743596561091
nR: 2.0778061694589867
norm: 0.8860588531388203
sigma: 138.8998426327965
sigmaL: 88.748351282132
sigmaR: 62.848392802269714
widthL: 88.748351282132
widthR: 62.848392802269714
x0: 2406.6904266581428
