alphaL: 0.674790991560721
alphaR: 2.0186009325403567
event_sum: 27.956141527043656
fraction: 0.9899515889241024
mean: 2392.488376338602
nL: 29.444088670519022
nR: 2.040428752101715
norm: 8.814499533036724
sigma: 139.82044371214872
sigmaL: 65.12519260942011
sigmaR: 66.11336963245186
widthL: 65.12519260942011
widthR: 66.11336963245186
x0: 2392.488376338602
