alphaL: 1.195719440527031
alphaR: 2.1537577443836655
event_sum: 1.420805164896592
mean: 2406.087897665656
nL: 4.495663878554863
nR: 1.5750411540813902
norm: 1.420805164896592
sigma: 138.8998426327965
sigmaL: 92.55929004105843
sigmaR: 61.33651590975382
widthL: 92.55929004105843
widthR: 61.33651590975382
x0: 2406.087897665656
