alphaL: 1.6883244501498644
alphaR: 0.18888508168118617
event_sum: 1.420805164896592
mean: 2446.3845493704694
nL: 3.3619477283542767
nR: 3.8910422055270186
norm: 1.420805164896592
sigma: 138.8144411482842
sigmaL: 124.86287243411968
sigmaR: 5.6378341965830465
widthL: 124.86287243411968
widthR: 5.6378341965830465
x0: 2446.3845493704694
