alphaL: 1.5326283180491471
alphaR: 1.9023428889173277
event_sum: 4.41992886699154
mean: 2411.6763872556994
nL: 4.487793146600787
nR: 3.6305390847809336
norm: 4.41992886699154
sigma: 109.35823299395308
sigmaL: 102.46048059495776
sigmaR: 57.62804883546514
widthL: 102.46048059495776
widthR: 57.62804883546514
x0: 2411.6763872556994
