alphaL: 1.283041022355223
alphaR: 2.09426733758266
event_sum: 5.442546325211879
fraction: 0.9989572063078515
mean: 2412.140810786905
nL: 9.979165051690249
nR: 2.609965361445659
norm: 5.44212875989615
sigma: 109.35823299395308
sigmaL: 103.52561494783828
sigmaR: 51.073492576320774
widthL: 103.52561494783828
widthR: 51.073492576320774
x0: 2412.140810786905
