alphaL: 1.360056643814295
alphaR: 1.9506108296557316
event_sum: 4.411160302814096
mean: 2408.0566787781277
nL: 4.370596295349305
nR: 3.8426214395176057
norm: 4.411160302814096
sigma: 109.23190417577925
sigmaL: 95.13074850098533
sigmaR: 59.549198228589866
widthL: 95.13074850098533
widthR: 59.549198228589866
x0: 2408.0566787781277
