alphaL: 0.9997477967098627
alphaR: 1.9978480568135442
event_sum: 8.898611750802957
fraction: 0.997001777072212
mean: 2405.6687414920866
nL: 9.999340379615484
nR: 1.9419536271158195
norm: 8.869806196773425
sigma: 138.8998426327965
sigmaL: 83.13489473188639
sigmaR: 63.36840573903445
widthL: 83.13489473188639
widthR: 63.36840573903445
x0: 2405.6687414920866
