alphaL: 1.2424218142614156
alphaR: 2.138336549626194
event_sum: 5.4078887809300795
mean: 2407.9731895207346
nL: 4.667309517075419
nR: 2.742630835591444
norm: 5.4078887809300795
sigma: 109.23190417577925
sigmaL: 97.34584365508287
sigmaR: 53.41780829189996
widthL: 97.34584365508287
widthR: 53.41780829189996
x0: 2407.9731895207346
