alphaL: 1.311671209292012
alphaR: 2.0301133613182962
event_sum: 1.420805164896592
mean: 2411.490510747843
nL: 4.467809723535483
nR: 1.8734673146219682
norm: 1.420805164896592
sigma: 138.8998426327965
sigmaL: 99.05252409897763
sigmaR: 57.27447757907708
widthL: 99.05252409897763
widthR: 57.27447757907708
x0: 2411.490510747843
