alphaL: 1.1734750768250715
alphaR: 1.9832437115647794
event_sum: 0.8831782976994873
mean: 2406.013409887851
nL: 3.9669756161012786
nR: 1.9654258671944342
norm: 0.8831782976994873
sigma: 138.8998426327965
sigmaL: 87.67526948541558
sigmaR: 63.175567883491894
widthL: 87.67526948541558
widthR: 63.175567883491894
x0: 2406.013409887851
