alphaL: 1.4730242151479598
alphaR: 2.1721763697054812
event_sum: 5.433360266964883
mean: 2412.849248529527
nL: 3.9687902927006036
nR: 2.231304846371103
norm: 5.433360266964883
sigma: 109.23190417577925
sigmaL: 107.29768055017732
sigmaR: 51.11686809836154
widthL: 107.29768055017732
widthR: 51.11686809836154
x0: 2412.849248529527
