alphaL: 0.909594249039071
alphaR: 1.1356727635142683
event_sum: 5.1124097291613
mean: 2395.15100511557
nL: 1.054869708223952
nR: 4.171208154576064
norm: 5.1124097291613
sigma: 684.3749772193173
sigmaL: 263.88891550901457
sigmaR: 100.89195578331599
widthL: 263.88891550901457
widthR: 100.89195578331599
x0: 2395.15100511557
