alphaL: 1.4454081924763162
alphaR: 2.318159201356088
event_sum: 5.433360266964883
mean: 2411.843902546946
nL: 4.499998252063275
nR: 1.8027385734064707
norm: 5.433360266964883
sigma: 109.23190417577925
sigmaL: 105.84397144804315
sigmaR: 51.8391853821858
widthL: 105.84397144804315
widthR: 51.8391853821858
x0: 2411.843902546946
