alphaL: 1.1873559555697677
alphaR: 2.1670241672950588
event_sum: 1.4176941650221124
mean: 2409.6900222913077
nL: 4.4602989327773965
nR: 1.359705468765316
norm: 1.4176941650221124
sigma: 138.8998426327965
sigmaL: 93.98736099126629
sigmaR: 58.64120971496189
widthL: 93.98736099126629
widthR: 58.64120971496189
x0: 2409.6900222913077
