alphaL: 1.4588116012601413
alphaR: 2.1097923574580992
event_sum: 5.433360266964883
mean: 2412.3859636209318
nL: 4.49884396405521
nR: 2.4842747639413516
norm: 5.433360266964883
sigma: 109.23190417577925
sigmaL: 106.45877082309423
sigmaR: 51.46832524307371
widthL: 106.45877082309423
widthR: 51.46832524307371
x0: 2412.3859636209318
