alphaL: 1.634741214495952
alphaR: 2.076342198268585
event_sum: 5.442546325211879
mean: 2415.498624501296
nL: 4.499895535925927
nR: 2.5653031011915477
norm: 5.442546325211879
sigma: 109.35823299395308
sigmaL: 113.18418798567158
sigmaR: 49.66827356727673
widthL: 113.18418798567158
widthR: 49.66827356727673
x0: 2415.498624501296
