alphaL: 1.2825816911623604
alphaR: 1.8422435741168124
event_sum: 0.8860588531388203
mean: 2409.6031412948596
nL: 4.467297751486984
nR: 2.302089969428102
norm: 0.8860588531388203
sigma: 138.8998426327965
sigmaL: 93.95537023262094
sigmaR: 61.23121382627579
widthL: 93.95537023262094
widthR: 61.23121382627579
x0: 2409.6031412948596
