alphaL: 0.7338060017338275
alphaR: 2.0460513224865498
event_sum: 44.65879727259744
fraction: 0.9902120203801453
mean: 2396.5148430362624
nL: 70.38461514426365
nR: 1.9189777581771776
norm: 14.143527028500102
sigma: 139.82044371214872
sigmaL: 75.0745913668345
sigmaR: 58.80820064411933
widthL: 75.0745913668345
widthR: 58.80820064411933
x0: 2396.5148430362624
