alphaL: 0.9995800175613984
alphaR: 2.115361901275181
event_sum: 14.23224813491106
fraction: 0.9970059987916287
mean: 2405.738860235618
nL: 9.999999990418049
nR: 1.7843797507460022
norm: 14.218421468976885
sigma: 138.8998426327965
sigmaL: 86.30621248733593
sigmaR: 60.55000585319517
widthL: 86.30621248733593
widthR: 60.55000585319517
x0: 2405.738860235618
