alphaL: 1.2843331578398132
alphaR: 1.882373567073736
event_sum: 0.8860588531388203
mean: 2402.3011355601157
nL: 3.982886686976299
nR: 2.488447501255528
norm: 0.8860588531388203
sigma: 138.8144411482842
sigmaL: 87.58978369930163
sigmaR: 66.32414291253926
widthL: 87.58978369930163
widthR: 66.32414291253926
x0: 2402.3011355601157
