alphaL: 1.134395827346482
alphaR: 2.047804046955753
event_sum: 4.41992886699154
fraction: 0.9991755833285966
mean: 2404.7475729924986
nL: 9.998779087280209
nR: 3.3066478171652434
norm: 4.419093736360082
sigma: 109.35823299395308
sigmaL: 87.88807721961892
sigmaR: 61.38053735931506
widthL: 87.88807721961892
widthR: 61.38053735931506
x0: 2404.7475729924986
