alphaL: 0.8079624413624465
alphaR: 2.08047322255312
event_sum: 13.208114153618226
fraction: 0.9954374386999771
mean: 2392.6633426771355
nL: 69.49198699111912
nR: 3.315060898651789
norm: 4.404061384993838
sigma: 110.69624305029808
sigmaL: 75.019817349724
sigmaR: 62.623334567321706
widthL: 75.019817349724
widthR: 62.623334567321706
x0: 2392.6633426771355
