alphaL: 1.4670859388102615
alphaR: 2.086851311797398
event_sum: 4.411160302814096
mean: 2409.8537029038457
nL: 3.9364792622767673
nR: 2.5856352967255156
norm: 4.411160302814096
sigma: 109.23190417577925
sigmaL: 99.83836599285533
sigmaR: 58.99064948109235
widthL: 99.83836599285533
widthR: 58.99064948109235
x0: 2409.8537029038457
