alphaL: 1.158027248048657
alphaR: 2.006843875825343
event_sum: 4.394457689020783
mean: 2404.1212056327813
nL: 4.581122410237421
nR: 3.8075219825675166
norm: 4.394457689020783
sigma: 109.23190417577925
sigmaL: 86.01204866026677
sigmaR: 61.701906424657466
widthL: 86.01204866026677
widthR: 61.701906424657466
x0: 2404.1212056327813
