alphaL: 3.5255095583413087
alphaR: 1.225852150873567
event_sum: 5.552558594732545
mean: 2400.6969800103775
nL: 1.0000183160699034
nR: 2.7905604296599695
norm: 5.552558594732545
sigma: 684.3749772193173
sigmaL: 512.2762257339809
sigmaR: 99.07522250747246
widthL: 512.2762257339809
widthR: 99.07522250747246
x0: 2400.6969800103775
