alphaL: 1.416991152998025
alphaR: 1.956220758728545
event_sum: 4.411160302814096
mean: 2409.4881777857845
nL: 4.415828260738402
nR: 3.862142470094716
norm: 4.411160302814096
sigma: 109.23190417577925
sigmaL: 97.95040114545893
sigmaR: 59.12187136018373
widthL: 97.95040114545893
widthR: 59.12187136018373
x0: 2409.4881777857845
