alphaL: 1.5059564214140937
alphaR: 2.5784548395293387
event_sum: 4.180023872551817
fraction: 1.0000118426356357
mean: 853.7124325260743
nL: 6.006460708984162
nR: 4.416666192979446
norm: 4.180328825598643
sigma: 43.25250952220877
sigmaL: 46.493599455467276
sigmaR: 26.836221603926987
widthL: 46.493599455467276
widthR: 26.836221603926987
x0: 853.7124325260743
