alphaL: 1.8746381540340735
alphaR: 2.556500456879062
event_sum: 21.474687336780264
mean: 855.2882037801519
nL: 4.527820960849149
nR: 4.530197420066863
norm: 21.474687336780264
sigma: 41.79361044079583
sigmaL: 51.04299287796073
sigmaR: 25.418327273611673
widthL: 51.04299287796073
widthR: 25.418327273611673
x0: 855.2882037801519
