alphaL: 1.652301669753062
alphaR: 2.5919464929121396
event_sum: 20.998588308734945
fraction: 1.0000069439322663
mean: 854.0275079681018
nL: 9.541035179324206
nR: 4.5
norm: 20.99706364954404
sigma: 41.75069843471405
sigmaL: 49.25070234431448
sigmaR: 26.04122076293621
widthL: 49.25070234431448
widthR: 26.04122076293621
x0: 854.0275079681018
