alphaL: 1.4926325264280558
alphaR: 2.562111122319029
event_sum: 0.9414979028114757
mean: 854.4658570139613
nL: 2.624000475419806
nR: 1.9106769029339383
norm: 0.9414979028114757
sigma: 43.31211201216379
sigmaL: 41.46077244638872
sigmaR: 29.12879087946892
widthL: 41.46077244638872
widthR: 29.12879087946892
x0: 854.4658570139613
