alphaL: 1.7688387017663616
alphaR: 2.413791356977791
event_sum: 60.921500928101835
fraction: 0.9999356935201591
mean: 856.6659438228859
nL: 9.968714121417726
nR: 3.6491838015763203
norm: 60.91489518450624
sigma: 41.75069843471405
sigmaL: 46.581734146992204
sigmaR: 26.719890714561668
widthL: 46.581734146992204
widthR: 26.719890714561668
x0: 856.6659438228859
