alphaL: 1.578636450757327
alphaR: 2.2919194526798545
event_sum: 0.4305803519159302
mean: 854.0729795046713
nL: 1.9586938611720426
nR: 2.093684855748295
norm: 0.4305803519159302
sigma: 43.31211201216379
sigmaL: 46.91046976924531
sigmaR: 26.44630204673778
widthL: 46.91046976924531
widthR: 26.44630204673778
x0: 854.0729795046713
