alphaL: 1.3918179478675583
alphaR: 2.46131610869463
event_sum: 79.83787910158513
fraction: 0.9985728084828545
mean: 853.5632790341424
nL: 140.64152844044526
nR: 7.095907643910788
norm: 20.99371870860191
sigma: 42.45239817302254
sigmaL: 47.43657882380394
sigmaR: 27.40376405097193
widthL: 47.43657882380394
widthR: 27.40376405097193
x0: 853.5632790341424
