alphaL: 1.3561888074884632
alphaR: 2.08016523465812
event_sum: 0.9427271247895987
mean: 856.4396394775074
nL: 4.096576288621508
nR: 4.097457735204178
norm: 0.9427271247895987
sigma: 43.31211201216379
sigmaL: 43.05036972422748
sigmaR: 27.77273403797662
widthL: 43.05036972422748
widthR: 27.77273403797662
x0: 856.4396394775074
