alphaL: 1.9587553975040133
alphaR: 2.329602588539964
event_sum: 62.24138251795656
mean: 857.3370669487653
nL: 4.415462726886188
nR: 4.495914838698721
norm: 62.24138251795656
sigma: 41.79361044079583
sigmaL: 47.90347914341313
sigmaR: 26.4769066884602
widthL: 47.90347914341313
widthR: 26.4769066884602
x0: 857.3370669487653
