alphaL: 1.838764378220481
alphaR: 2.4129470119754775
event_sum: 62.17626668989535
mean: 856.6557784628862
nL: 5.0
nR: 3.84305730963752
norm: 62.17626668989535
sigma: 41.79361044079583
sigmaL: 46.51828234349904
sigmaR: 26.707251683771638
widthL: 46.51828234349904
widthR: 26.707251683771638
x0: 856.6557784628862
