alphaL: 1.3047378425107308
alphaR: 2.3328204262571126
event_sum: 9.146496454196768
fraction: 0.9997883588605142
mean: 855.4308875828436
nL: 9.73625961515062
nR: 3.1521980543921932
norm: 9.145805875629494
sigma: 43.25250952220877
sigmaL: 41.17660279207906
sigmaR: 28.449832411669682
widthL: 41.17660279207906
widthR: 28.449832411669682
x0: 855.4308875828436
