alphaL: 1.4538209451765371
alphaR: 2.2106904368660256
event_sum: 0.4311258472165392
mean: 856.1325472795038
nL: 4.322271756682613
nR: 4.0506481847009495
norm: 0.4311258472165392
sigma: 43.31211201216379
sigmaL: 47.58980172533478
sigmaR: 24.982988555448312
widthL: 47.58980172533478
widthR: 24.982988555448312
x0: 856.1325472795038
