alphaL: 1.6694652129957406
alphaR: 2.424804909000954
event_sum: 21.44150824908542
mean: 854.6113738177613
nL: 5.0
nR: 5.0
norm: 21.44150824908542
sigma: 41.79361044079583
sigmaL: 49.115444842242006
sigmaR: 25.582940024237356
widthL: 49.115444842242006
widthR: 25.582940024237356
x0: 854.6113738177613
