alphaL: 1.0737016117909346
alphaR: 1.2312851570089867
event_sum: 9.961694948840886
mean: 2181.9835925781636
nL: 1.5321202704559433
nR: 4.493918358118465
norm: 9.961694948840886
sigma: 123.2
sigmaL: 158.27921388961786
sigmaR: 85.98213731566243
widthL: 158.27921388961786
widthR: 85.98213731566243
x0: 2181.9835925781636
