alphaL: 1.0106825778051494
alphaR: 1.6999390066610003
event_sum: 9.200524397194386
fraction: 0.8332968688176364
mean: 2150.4519232706502
nL: 0.738913924308843
nR: 3.55770400959278
norm: 5.47943080519326
sigma: 123.2
sigmaL: 105.74840266249285
sigmaR: 109.31184421496953
widthL: 105.74840266249285
widthR: 109.31184421496953
x0: 2150.4519232706502
