alphaL: 0.7352877265354828
alphaR: 1.7113635263153388
event_sum: 9.200524397194386
mean: 2151.2521932084283
nL: 1.0094921339093668
nR: 3.638577765348076
norm: 9.200524397194386
sigma: 123.2
sigmaL: 83.05748487044266
sigmaR: 107.86989918195927
widthL: 83.05748487044266
widthR: 107.86989918195927
x0: 2151.2521932084283
