alphaL: 1.4040445510224473
alphaR: 1.4065934208277444
event_sum: 0.6818958498188294
mean: 2187.470677172024
nL: 0.20092484703768954
nR: 2.0033868006015916
norm: 0.6818958498188294
sigma: 122.38954251610387
sigmaL: 167.79732567818118
sigmaR: 82.09609173973347
widthL: 167.79732567818118
widthR: 82.09609173973347
x0: 2187.470677172024
