alphaL: 1.4136396408240886
alphaR: 1.3940158330729178
event_sum: 0.4538770572398789
mean: 2191.1395523666265
nL: 0.22037215804907737
nR: 1.9338721392312426
norm: 0.4538770572398789
sigma: 122.38954251610387
sigmaL: 153.3428004242477
sigmaR: 73.29123028872144
widthL: 153.3428004242477
widthR: 73.29123028872144
x0: 2191.1395523666265
