alphaL: 0.9276741653370926
alphaR: 1.81425508937937
event_sum: 0.7320865752990358
mean: 2164.379332484705
nL: 1.9019230776521898
nR: 1.7036303607366097
norm: 0.7320865752990358
sigma: 123.2
sigmaL: 139.7652152533961
sigmaR: 104.83540213141907
widthL: 139.7652152533961
widthR: 104.83540213141907
x0: 2164.379332484705
