alphaL: 1.1797022571207885
alphaR: 1.8639055106832378
event_sum: 0.7638297162484378
mean: 2150.298595799187
nL: 1.0000000000054627
nR: 3.8693244479753477
norm: 0.7638297162484378
sigma: 123.2
sigmaL: 146.20190242503529
sigmaR: 126.23553156069742
widthL: 146.20190242503529
widthR: 126.23553156069742
x0: 2150.298595799187
