alphaL: 0.9775334959312462
alphaR: 1.1961183172831968
event_sum: 0.525839256355539
mean: 2193.9672673256086
nL: 1.0000304799862305
nR: 2.868534684624476
norm: 0.525839256355539
sigma: 123.2
sigmaL: 131.21516783960655
sigmaR: 67.16142364391638
widthL: 131.21516783960655
widthR: 67.16142364391638
x0: 2193.9672673256086
