alphaL: 1.125413443298414
alphaR: 1.2110698181347224
event_sum: 9.961694948840886
fraction: 0.9007485225694137
mean: 2184.8654008332014
nL: 1.3912548086942813
nR: 4.3003794035960965
norm: 7.90753162605688
sigma: 123.2
sigmaL: 160.72062771854857
sigmaR: 82.4404897087798
widthL: 160.72062771854857
widthR: 82.4404897087798
x0: 2184.8654008332014
