alphaL: 0.9742527614970613
alphaR: 1.4069940179543232
event_sum: 0.4944285043166019
mean: 2186.6067866075578
nL: 1.0793896919684223
nR: 2.48546393397518
norm: 0.4944285043166019
sigma: 123.2
sigmaL: 143.30330987516533
sigmaR: 83.07760492723793
widthL: 143.30330987516533
widthR: 83.07760492723793
x0: 2186.6067866075578
