alphaL: 0.9799925949779764
alphaR: 1.1955272127671375
event_sum: 0.525839256355539
mean: 2193.9420162886813
nL: 1.0000309456847765
nR: 2.9089651657360083
norm: 0.525839256355539
sigma: 123.2
sigmaL: 130.86120676722365
sigmaR: 67.15026252661634
widthL: 130.86120676722365
widthR: 67.15026252661634
x0: 2193.9420162886813
