alphaL: 1.0417572620238975
alphaR: 1.7960005080306904
event_sum: 0.7638297162484378
mean: 2151.5797150297367
nL: 1.0000000000907618
nR: 4.0226637218845855
norm: 0.7638297162484378
sigma: 123.2
sigmaL: 128.33843519883874
sigmaR: 120.59821295667632
widthL: 128.33843519883874
widthR: 120.59821295667632
x0: 2151.5797150297367
