alphaL: 1.436275055500107
alphaR: 2.0780453809756603
event_sum: 56.502961802875966
mean: 1702.4672824065055
nL: 4.499202444390326
nR: 3.322569806610037
norm: 56.502961802875966
sigma: 80.40907024918164
sigmaL: 73.60276487386996
sigmaR: 45.928816187477466
widthL: 73.60276487386996
widthR: 45.928816187477466
x0: 1702.4672824065055
