alphaL: 1.4189962633193396
alphaR: 2.4178398506709216
event_sum: 45.33457744815497
mean: 1701.5676754335673
nL: 4.983797779102448
nR: 2.0878442374789747
norm: 45.33457744815497
sigma: 80.40907024918164
sigmaL: 77.93659966606656
sigmaR: 42.79784951648821
widthL: 77.93659966606656
widthR: 42.79784951648821
x0: 1701.5676754335673
