alphaL: 1.3810998860789006
alphaR: 2.4422997368251256
event_sum: 41.87585492023267
fraction: 0.9987242794662057
mean: 1702.5652656934778
nL: 9.997099477707312
nR: 1.8574599021318192
norm: 41.863335065958836
sigma: 80.53399373702132
sigmaL: 78.74903278958338
sigmaR: 42.39434471800854
widthL: 78.74903278958338
widthR: 42.39434471800854
x0: 1702.5652656934778
