alphaL: 1.03742771710479
alphaR: 1.8488376291927833
event_sum: 33.14185784963296
fraction: 0.99768712860927
mean: 1702.9555389599168
nL: 9.990424494616839
nR: 2.719037314462711
norm: 33.100208235737234
sigma: 90.00244805029531
sigmaL: 63.745444707470746
sigmaR: 46.0892080659666
widthL: 63.745444707470746
widthR: 46.0892080659666
x0: 1702.9555389599168
