alphaL: 1.3537055234927107
alphaR: 2.2406246629188864
event_sum: 3.662418854859303
mean: 1702.4916914951532
nL: 4.505101440186856
nR: 1.6407357597415895
norm: 3.662418854859303
sigma: 90.03372936446152
sigmaL: 74.67686713959269
sigmaR: 43.65619936170968
widthL: 74.67686713959269
widthR: 43.65619936170968
x0: 1702.4916914951532
