alphaL: 1.426360778946497
alphaR: 1.023970811403433
event_sum: 3.648740915628512
mean: 1717.3589766895068
nL: 4.9831693902486185
nR: 3.5697676158023306
norm: 3.648740915628512
sigma: 90.03372936446152
sigmaL: 83.89989797074138
sigmaR: 22.93733383035666
widthL: 83.89989797074138
widthR: 22.93733383035666
x0: 1717.3589766895068
