alphaL: 1.6132343157506948
alphaR: 2.3686890457016188
event_sum: 45.50760745403772
mean: 1703.7865651206585
nL: 4.494271806647435
nR: 2.207979504101948
norm: 45.50760745403772
sigma: 80.40907024918164
sigmaL: 82.30442542415479
sigmaR: 41.73082604435393
widthL: 82.30442542415479
widthR: 41.73082604435393
x0: 1703.7865651206585
