alphaL: 1.2229025256350539
alphaR: 2.1306177355928595
event_sum: 52.11483610184258
fraction: 0.9990559177611811
mean: 1700.1186766779015
nL: 9.993393708225994
nR: 3.3792705267011156
norm: 52.09582370426082
sigma: 80.53399373702132
sigmaL: 69.05298580411186
sigmaR: 47.45041302623163
widthL: 69.05298580411186
widthR: 47.45041302623163
x0: 1700.1186766779015
