alphaL: 1.1241684873725386
alphaR: 2.2639472794050066
event_sum: 35.74104363790672
fraction: 0.9967273097978131
mean: 1699.918061758326
nL: 9.977410296522725
nR: 1.7180195955747741
norm: 35.708028454538756
sigma: 90.00244805029531
sigmaL: 69.59306540362773
sigmaR: 45.14934939724993
widthL: 69.59306540362773
widthR: 45.14934939724993
x0: 1699.918061758326
