alphaL: 1.296373745824938
alphaR: 1.7974104039423107
event_sum: 3.3864989766635225
mean: 1706.4376699717084
nL: 4.486789629534598
nR: 2.6730941133957993
norm: 3.3864989766635225
sigma: 90.03372936446152
sigmaL: 71.09655947197565
sigmaR: 43.95507862924092
widthL: 71.09655947197565
widthR: 43.95507862924092
x0: 1706.4376699717084
