alphaL: 1.255588698709455
alphaR: 2.2673768807532877
event_sum: 56.28311193975868
mean: 1699.7891519253387
nL: 4.998334334614324
nR: 2.533969993130178
norm: 56.28311193975868
sigma: 80.40907024918164
sigmaL: 68.41440021949091
sigmaR: 47.66326502624391
widthL: 68.41440021949091
widthR: 47.66326502624391
x0: 1699.7891519253387
