alphaL: 1.213028946580788
alphaR: 1.8855183003111209
event_sum: 3.3744509642286094
mean: 1705.6925669665197
nL: 4.375320831000421
nR: 2.280276469035599
norm: 3.3744509642286094
sigma: 90.03372936446152
sigmaL: 68.69263401424351
sigmaR: 43.73449174086561
widthL: 68.69263401424351
widthR: 43.73449174086561
x0: 1705.6925669665197
