alphaL: 1.0022815068112474
alphaR: 2.441177793132267
event_sum: 41.87585492023267
fraction: 0.9917172782403443
mean: 1699.3255776761716
nL: 115.07413284473607
nR: 2.0919449256435323
norm: 41.60437280398824
sigma: 80.52474323150173
sigmaL: 68.2599551185456
sigmaR: 43.806437527390855
widthL: 68.2599551185456
widthR: 43.806437527390855
x0: 1699.3255776761716
