alphaL: 0.858984865047801
alphaR: 2.359292875646446
event_sum: 51.81328571786435
mean: 1696.4501000010703
nL: 127.76308618753899
nR: 2.3311337645137273
norm_2016: 14.57915508385751
norm_2017: 17.10797280871849
norm_2018: 23.977853806571385
norm_Run2: 55.66498169914739
sigma: 80.52474323150173
sigmaL: 57.72178781125808
sigmaR: 49.29883736917773
widthL: 57.72178781125808
widthR: 49.29883736917773
x0: 1696.4501000010703
