alphaL: 1.0107944359870107
alphaR: 2.4430001799522634
event_sum: 41.60437280398824
mean: 1699.339836349805
nL: 102.65505470787397
nR: 2.1027626611175245
norm_2016: 41.60437280398824
norm_2017: 41.60437280398824
norm_2018: 41.60437280398824
norm_Run2: 41.60437280398824
sigma: 80.52474323150173
sigmaL: 68.51917125537418
sigmaR: 43.811689646927164
widthL: 68.51917125537418
widthR: 43.811689646927164
x0: 1699.339836349805
