alphaL: 0.8616298524473802
alphaR: 1.9479479091583505
event_sum: 32.80957187683077
mean: 1701.2052788421736
nL: 16.52765332735128
nR: 2.467026246783808
norm_2016: 9.095599603252893
norm_2017: 10.289233030850173
norm_2018: 14.212939633970766
norm_Run2: 33.59777226807383
sigma: 90.00591856397037
sigmaL: 58.19408231096967
sigmaR: 47.491996857114415
widthL: 58.19408231096967
widthR: 47.491996857114415
x0: 1701.2052788421736
