alphaL: 0.971856647815944
alphaR: 1.4840870736766627
event_sum: 21.857637905086815
mean: 1679.8844173981627
nL: 1.436802500423474
nR: 4.150287886136632
norm_2016: 5.979001008938149
norm_2017: 6.765565296822966
norm_2018: 9.520822946864175
norm_Run2: 21.857637905086815
sigma: 95.2
sigmaL: 102.33793506400397
sigmaR: 79.80166862547628
widthL: 102.33793506400397
widthR: 79.80166862547628
x0: 1679.8844173981627
