alphaL: 1.0419858195875735
alphaR: 1.2691431632174761
event_sum: 18.194281910909016
mean: 1660.5245659959387
nL: 0.4690595042591393
nR: 8.095051506255476
norm_2016: 18.194281910909016
norm_2017: 18.194281910909016
norm_2018: 18.194281910909016
norm_Run2: 18.194281910909016
sigma: 170.0
sigmaL: 149.38638947071365
sigmaR: 97.709911339491
widthL: 149.38638947071365
widthR: 97.709911339491
x0: 1660.5245659959387
