alphaL: 1.0791505249659719
alphaR: 1.516013390340826
event_sum: 22.70181183898818
mean: 1681.7826990964063
nL: 1.9322601209806443
nR: 3.2250278573229116
norm_2016: 22.70181183898818
norm_2017: 22.70181183898818
norm_2018: 22.70181183898818
norm_Run2: 22.70181183898818
sigma: 95.2
sigmaL: 108.73311090601686
sigmaR: 74.9137819413339
widthL: 108.73311090601686
widthR: 74.9137819413339
x0: 1681.7826990964063
