alphaL: 1.1206750789207305
alphaR: 1.4872434860138315
event_sum: 22.70181183898818
mean: 1682.6520553119553
nL: 1.7876568075444375
nR: 3.347086125033786
norm_2016: 5.833278562976633
norm_2017: 7.064896191027845
norm_2018: 10.248557289944682
norm_Run2: 22.70181183898818
sigma: 95.2
sigmaL: 111.1373909554411
sigmaR: 74.30677143765469
widthL: 111.1373909554411
widthR: 74.30677143765469
x0: 1682.6520553119553
