alphaL: 1.0033104658185852
alphaR: 1.3310334069690735
event_sum: 17.915417232635992
mean: 1662.1886745546733
nL: 1.2130270909869265
nR: 4.557945183398602
norm_2016: 4.524196906621404
norm_2017: 5.564812762949825
norm_2018: 8.119494156093873
norm_Run2: 17.915417232635992
sigma: 170.0
sigmaL: 141.35809137363555
sigmaR: 95.04640675200946
widthL: 141.35809137363555
widthR: 95.04640675200946
x0: 1662.1886745546733
