alphaL: 0.7949196064252132
alphaR: 2.363506259799938
event_sum: 35.40770878050636
mean: 1697.0958026108729
nL: 70.97104609112924
nR: 1.4690890407981767
norm_2016: 9.061057771855412
norm_2017: 11.18597107104153
norm_2018: 16.083175502520348
norm_Run2: 35.40770878050636
sigma: 90.00591856397037
sigmaL: 57.85492308245503
sigmaR: 46.25016307277755
widthL: 57.85492308245503
widthR: 46.25016307277755
x0: 1697.0958026108729
