alphaL: 1.0715204201553234
alphaR: 2.2349892591506886
event_sum: 150.89954235993255
mean: 1152.1886642169347
nL: 142.8593603884226
nR: 4.782869416359992
norm_2016: 41.49045496511625
norm_2017: 48.81185930552311
norm_2018: 70.20730904336357
norm_Run2: 150.89954235993255
sigma: 56.54356364781936
sigmaL: 48.86560330031173
sigmaR: 36.06469036285107
widthL: 48.86560330031173
widthR: 36.06469036285107
x0: 1152.1886642169347
