alphaL: 0.9181257357599674
alphaR: 1.8837946244740245
event_sum: 36.400627142503225
mean: 1154.7590035097148
nL: 76.32334971915135
nR: 4.6411952605085
norm_2016: 9.999414502309422
norm_2017: 11.295302090059765
norm_2018: 15.920704492081851
norm_Run2: 36.400627142503225
sigma: 59.75980198467559
sigmaL: 45.343108452257255
sigmaR: 35.19202625874966
widthL: 45.343108452257255
widthR: 35.19202625874966
x0: 1154.7590035097148
