alphaL: 1.1093280494920026
alphaR: 1.5488899930998639
event_sum: 0.5464751882942191
mean: 2500.3131276634062
nL: 1.037296447291392
nR: 3.194588455569765
norm: 0.5464751882942191
sigma: 142.8
sigmaL: 156.13467395769905
sigmaR: 111.62011836709588
widthL: 156.13467395769905
widthR: 111.62011836709588
x0: 2500.3131276634062
