alphaL: 0.6256643714460928
alphaR: 1.362175288730513
event_sum: 0.301458816000882
mean: 2514.8067642193205
nL: 2.992662887718073
nR: 2.7473224744181404
norm: 0.301458816000882
sigma: 142.8
sigmaL: 121.46992959462514
sigmaR: 94.13549953643349
widthL: 121.46992959462514
widthR: 94.13549953643349
x0: 2514.8067642193205
