alphaL: 1.13508583726139
alphaR: 1.4222947145260636
event_sum: 7.910665815826959
fraction: 0.7819825014477235
mean: 2508.3624968164254
nL: 0.6339842240815549
nR: 3.751755639719899
norm: 3.3723444484479077
sigma: 142.8
sigmaL: 166.22315427453177
sigmaR: 104.26107703713573
widthL: 166.22315427453177
widthR: 104.26107703713573
x0: 2508.3624968164254
