alphaL: 1.022794208919034
alphaR: 1.9436670532798497
event_sum: 0.32007192253018457
mean: 2484.696778110375
nL: 0.9959588384104965
nR: 3.952935418205257
norm: 0.32007192253018457
sigma: 142.8
sigmaL: 173.20609644890473
sigmaR: 140.11424780231377
widthL: 173.20609644890473
widthR: 140.11424780231377
x0: 2484.696778110375
