alphaL: 1.2101813684425475
alphaR: 1.324549399424312
event_sum: 8.39482201846697
fraction: 0.8511963989903361
mean: 2512.3175643461964
nL: 0.8166952602320927
nR: 4.5
norm: 5.675168711886171
sigma: 142.8
sigmaL: 165.0053494792448
sigmaR: 99.8250042726763
widthL: 165.0053494792448
widthR: 99.8250042726763
x0: 2512.3175643461964
