alphaL: 1.071675630533593
alphaR: 1.8099655888233834
event_sum: 0.5197126794576221
mean: 2494.13929629698
nL: 1.5419228883699057
nR: 3.1083104208974306
norm: 0.5197126794576221
sigma: 142.8
sigmaL: 152.50256046308274
sigmaR: 120.97101208697794
widthL: 152.50256046308274
widthR: 120.97101208697794
x0: 2494.13929629698
