alphaL: 1.2304166196498583
alphaR: 1.4647424182018203
event_sum: 0.8477667564995218
mean: 1130.7616467201785
nL: 1.7913114833934303
nR: 2.8342844493605766
norm: 0.8477667564995218
sigma: 115.0
sigmaL: 109.03123428414699
sigmaR: 66.72913873864675
widthL: 109.03123428414699
widthR: 66.72913873864675
x0: 1130.7616467201785
