alphaL: 0.7422464130748385
alphaR: 1.3605411617606242
event_sum: 12.89180881533832
fraction: 0.9570813902074425
mean: 1124.885935217735
nL: 2.577866213503416
nR: 4.382717053409905
norm: 12.126930406129484
sigma: 115.0
sigmaL: 81.87529469612767
sigmaR: 70.29621454701885
widthL: 81.87529469612767
widthR: 70.29621454701885
x0: 1124.885935217735
