alphaL: 1.3579354981014329
alphaR: 1.1714373489070267
event_sum: 8.612072224903482
fraction: 0.9625108501685139
mean: 1139.1201236068546
nL: 1.396935731230552
nR: 4.405804910140326
norm: 8.258077910907534
sigma: 115.0
sigmaL: 117.0080344028218
sigmaR: 57.24849049680609
widthL: 117.0080344028218
widthR: 57.24849049680609
x0: 1139.1201236068546
