alphaL: 1.1416459695090606
alphaR: 1.2674465043563476
event_sum: 1.2896395067313806
mean: 1145.0129888146632
nL: 1.9514900957608379
nR: 2.8379097177861268
norm: 1.2896395067313806
sigma: 115.0
sigmaL: 119.88773472552083
sigmaR: 55.192729236866064
widthL: 119.88773472552083
widthR: 55.192729236866064
x0: 1145.0129888146632
