alphaL: 1.139244063639896
alphaR: 1.4169127777982746
event_sum: 1.260830963815836
mean: 1132.7607415704051
nL: 1.0843419546939226
nR: 2.715229130776152
norm: 1.260830963815836
sigma: 115.0
sigmaL: 110.44082823598852
sigmaR: 66.06904031094831
widthL: 110.44082823598852
widthR: 66.06904031094831
x0: 1132.7607415704051
