alphaL: 1.384993521416475
alphaR: 1.3219159797415094
event_sum: 0.8606070446334757
mean: 1142.0850166566318
nL: 1.773125327663004
nR: 3.089897217074656
norm: 0.8606070446334757
sigma: 115.0
sigmaL: 121.74124685546448
sigmaR: 56.47038625726944
widthL: 121.74124685546448
widthR: 56.47038625726944
x0: 1142.0850166566318
