alphaL: 1.0650441091733216
alphaR: 1.4223109049613913
event_sum: 18.73735474818386
fraction: 0.8229436192057302
mean: 1954.5383599429504
nL: 0.6326167664975934
nR: 3.5681289174549002
norm: 4.548973092343658
sigma: 200.0
sigmaL: 165.36938189426198
sigmaR: 110.06785003293825
widthL: 165.36938189426198
widthR: 110.06785003293825
x0: 1954.5383599429504
