alphaL: 0.9032836046385675
alphaR: 1.0590388904659265
event_sum: 0.5170020902514807
mean: 2012.3086447291655
nL: 1.0000000170688956
nR: 2.609758548947898
norm: 0.5170020902514807
sigma: 200.0
sigmaL: 204.62306868282639
sigmaR: 63.883071588795026
widthL: 204.62306868282639
widthR: 63.883071588795026
x0: 2012.3086447291655
