alphaL: 1.0895656100809454
alphaR: 1.490858572143563
event_sum: 0.47471553640207276
mean: 1964.5820981616248
nL: 0.5672819413494903
nR: 2.404589464099949
norm: 0.47471553640207276
sigma: 200.0
sigmaL: 172.456032349138
sigmaR: 109.82831281403496
widthL: 172.456032349138
widthR: 109.82831281403496
x0: 1964.5820981616248
