alphaL: 0.6245169443903276
alphaR: 0.9782209780670175
event_sum: 0.4841637582430849
mean: 2032.7792508390858
nL: 1.000006468894358
nR: 2.707183684602288
norm: 0.4841637582430849
sigma: 200.0
sigmaL: 262.85127623850695
sigmaR: 56.05008833956611
widthL: 262.85127623850695
widthR: 56.05008833956611
x0: 2032.7792508390858
