alphaL: 1.1036395080068626
alphaR: 1.1562725707211368
event_sum: 5.985794127336703
fraction: 0.8077842262732341
mean: 1977.5177589930706
nL: 0.6001782139839394
nR: 4.373862867820694
norm: 4.478687540511601
sigma: 200.0
sigmaL: 179.5989171251558
sigmaR: 92.99621320553145
widthL: 179.5989171251558
widthR: 92.99621320553145
x0: 1977.5177589930706
