alphaL: 0.7963949471566335
alphaR: 1.005934861469965
event_sum: 0.6685193063603947
mean: 2011.6423283932666
nL: 1.0000011617330407
nR: 2.4718269188505353
norm: 0.6685193063603947
sigma: 200.0
sigmaL: 228.05289104648392
sigmaR: 62.98856999253912
widthL: 228.05289104648392
widthR: 62.98856999253912
x0: 2011.6423283932666
