alphaL: 1.1829723297085173
alphaR: 1.5193647082834203
event_sum: 0.4236720940170926
mean: 1974.0621365434713
nL: 0.16941058869062323
nR: 2.5385727155270748
norm: 0.4236720940170926
sigma: 200.0
sigmaL: 197.44565091023816
sigmaR: 107.99051293584822
widthL: 197.44565091023816
widthR: 107.99051293584822
x0: 1974.0621365434713
