alphaL: 1.0197234142399245
alphaR: 1.0954552476226826
event_sum: 0.5985794202933903
mean: 2001.1892127761432
nL: 1.0001162159046373
nR: 2.554397744219987
norm: 0.5985794202933903
sigma: 200.0
sigmaL: 197.49000538742428
sigmaR: 69.5093612802609
widthL: 197.49000538742428
widthR: 69.5093612802609
x0: 2001.1892127761432
