alphaL: 1.0146577282284819
alphaR: 1.343779344034156
event_sum: 0.3511973191634752
mean: 1980.5534387518078
nL: 0.20022388503535707
nR: 2.031383912610215
norm: 0.3511973191634752
sigma: 108.0633802728273
sigmaL: 181.6966233472478
sigmaR: 96.33408268408996
widthL: 181.6966233472478
widthR: 96.33408268408996
x0: 1980.5534387518078
