alphaL: 0.8336129000441882
alphaR: 1.3530880768130575
event_sum: 0.2880555439332966
mean: 1980.1856189886946
nL: 0.20000387787586132
nR: 2.2286296617081502
norm: 0.2880555439332966
sigma: 108.0633802728273
sigmaL: 182.18246521130376
sigmaR: 96.07791575800603
widthL: 182.18246521130376
widthR: 96.07791575800603
x0: 1980.1856189886946
