alphaL: 0.6226295701075512
alphaR: 0.9798847604294973
event_sum: 0.4841637582430849
mean: 2031.0918394750365
nL: 1.00000667727599
nR: 2.7353770905204677
norm: 0.4841637582430849
sigma: 200.0
sigmaL: 262.2342299855006
sigmaR: 56.31795383712159
widthL: 262.2342299855006
widthR: 56.31795383712159
x0: 2031.0918394750365
