alphaL: 0.9672472962732088
alphaR: 1.4352417555589871
event_sum: 6.685192979173735
fraction: 0.7436386494557524
mean: 1966.3154156182584
nL: 0.4001105416399133
nR: 3.596452354479071
norm: 3.896815349115059
sigma: 200.0
sigmaL: 181.6646465589824
sigmaR: 108.55269370164876
widthL: 181.6646465589824
widthR: 108.55269370164876
x0: 1966.3154156182584
