alphaL: 0.8230134485213575
alphaR: 1.295110789979928
event_sum: 0.5170020902514807
mean: 1985.7765598009214
nL: 1.000448319030885
nR: 2.946519196744728
norm: 0.5170020902514807
sigma: 200.0
sigmaL: 173.23148747276792
sigmaR: 90.24050884502229
widthL: 173.23148747276792
widthR: 90.24050884502229
x0: 1985.7765598009214
