alphaL: 1.068352347424552
alphaR: 1.1489974865608312
event_sum: 0.21981841517344933
mean: 2467.3052107419066
nL: 0.1723608844377659
nR: 1.9169503319366952
norm: 0.21981841517344933
sigma: 245.0
sigmaL: 274.7308220089943
sigmaR: 62.12222574444643
widthL: 274.7308220089943
widthR: 62.12222574444643
x0: 2467.3052107419066
