alphaL: 0.7476750717355145
alphaR: 1.0292267988234396
event_sum: 0.3609099181971039
mean: 2472.434770388119
nL: 0.9997133140877906
nR: 2.403050894956326
norm: 0.3609099181971039
sigma: 245.0
sigmaL: 306.61882515622943
sigmaR: 74.70439388603987
widthL: 306.61882515622943
widthR: 74.70439388603987
x0: 2472.434770388119
