alphaL: 0.8275134159684501
alphaR: 1.19309874859225
event_sum: 5.44111211934202
fraction: 0.6816859508141425
mean: 2428.213035705824
nL: 0.4
nR: 3.0973601187114284
norm: 1.9705941018925928
sigma: 245.0
sigmaL: 238.4419942474033
sigmaR: 100.62887214076116
widthL: 238.4419942474033
widthR: 100.62887214076116
x0: 2428.213035705824
