alphaL: 1.3210715914612527
alphaR: 2.296607305003517
event_sum: 0.32144531806389814
mean: 2390.454056893263
nL: 0.10345957512952575
nR: 2.1877944019855553
norm: 0.32144531806389814
sigma: 245.0
sigmaL: 271.10925559919787
sigmaR: 166.89622344729125
widthL: 271.10925559919787
widthR: 166.89622344729125
x0: 2390.454056893263
