alphaL: 0.4755871337279525
alphaR: 0.9296997399083067
event_sum: 0.2659090530564775
mean: 2474.4188522596
nL: 0.9999595631030023
nR: 2.24896244719962
norm: 0.2659090530564775
sigma: 245.0
sigmaL: 414.61195244836375
sigmaR: 64.15269301175381
widthL: 414.61195244836375
widthR: 64.15269301175381
x0: 2474.4188522596
