alphaL: 0.9971877750782073
alphaR: 1.2940274513593217
event_sum: 4.975762501404801
fraction: 0.7788009616811582
mean: 2430.9112351665935
nL: 0.7621851204554396
nR: 4.3593343815642305
norm: 2.9578449918714655
sigma: 245.0
sigmaL: 265.18903657132887
sigmaR: 118.19595457836998
widthL: 265.18903657132887
widthR: 118.19595457836998
x0: 2430.9112351665935
