alphaL: 1.2551076424656205
alphaR: 2.1550538840376143
event_sum: 17.22098555898558
fraction: 0.9988729457151163
mean: 2350.54817595416
nL: 10.0
nR: 2.5939494977141515
norm: 17.216674911660355
sigma: 108.51896407021283
sigmaL: 99.96818206366918
sigmaR: 53.892564702072995
widthL: 99.96818206366918
widthR: 53.892564702072995
x0: 2350.54817595416
