alphaL: 1.4259753644792643
alphaR: 2.1969424816767944
event_sum: 18.9186268527075
mean: 2351.7306422235765
nL: 4.500226063588154
nR: 2.4135877870786557
norm: 18.9186268527075
sigma: 108.46263759253736
sigmaL: 103.5215610940657
sigmaR: 53.16151078545598
widthL: 103.5215610940657
widthR: 53.16151078545598
x0: 2351.7306422235765
