alphaL: 0.914055746257067
alphaR: 1.9522110971748572
event_sum: 28.156657635319426
fraction: 0.9973749489539601
mean: 2345.612365923757
nL: 9.998043632102386
nR: 2.245876313739707
norm: 28.065786276462717
sigma: 135.55449203490159
sigmaL: 76.86814464497715
sigmaR: 63.44432491641832
widthL: 76.86814464497715
widthR: 63.44432491641832
x0: 2345.612365923757
