alphaL: 1.2330937350478655
alphaR: 1.8193435290530575
event_sum: 2.9263840559617877
mean: 2351.451632841747
nL: 4.473050227351344
nR: 2.537252751203886
norm: 2.9263840559617877
sigma: 135.54315129635205
sigmaL: 91.74664632445756
sigmaR: 60.757435578671156
widthL: 91.74664632445756
widthR: 60.757435578671156
x0: 2351.451632841747
