alphaL: 1.0666424008919508
alphaR: 1.9835820340473882
event_sum: 44.07140752588542
fraction: 0.9971695170119973
mean: 2351.842089618861
nL: 9.999533840041279
nR: 1.98739234079696
norm: 44.015369830178976
sigma: 135.55449203490159
sigmaL: 91.0722264785171
sigmaR: 54.99096678731337
widthL: 91.0722264785171
widthR: 54.99096678731337
x0: 2351.842089618861
