alphaL: 1.1702274828152084
alphaR: 2.04970479685376
event_sum: 15.921476725874516
mean: 2347.634534178157
nL: 4.945941047642512
nR: 3.043269510325488
norm: 15.921476725874516
sigma: 108.46263759253736
sigmaL: 87.5872088139167
sigmaR: 58.888597524288826
widthL: 87.5872088139167
widthR: 58.888597524288826
x0: 2347.634534178157
