alphaL: 0.3119530227859863
alphaR: 2.497054376652842
event_sum: 18.83000982440031
mean: 2324.005494908636
nL: 4.9970746481256425
nR: 2.2338746465173576
norm: 18.83000982440031
sigma: 108.46263759253736
sigmaL: 22.68127751248688
sigmaR: 66.27174228369846
widthL: 22.68127751248688
widthR: 66.27174228369846
x0: 2324.005494908636
