alphaL: 1.3710121878441044
alphaR: 1.7904434475774058
event_sum: 15.984420324014984
mean: 2352.2686950066304
nL: 4.500037907737651
nR: 4.413638765201327
norm: 15.984420324014984
sigma: 108.46263759253736
sigmaL: 95.88877154470848
sigmaR: 55.24865848475114
widthL: 95.88877154470848
widthR: 55.24865848475114
x0: 2352.2686950066304
