alphaL: 1.308448519345903
alphaR: 1.937683087019628
event_sum: 4.592653623095396
mean: 2354.132442560417
nL: 4.491224177264501
nR: 2.0486014518000486
norm: 4.592653623095396
sigma: 135.54315129635205
sigmaL: 98.37978982585501
sigmaR: 53.96569335348457
widthL: 98.37978982585501
widthR: 53.96569335348457
x0: 2354.132442560417
