alphaL: 1.1651736802732622
alphaR: 1.4731758905395735
event_sum: 2.9169779248466536
mean: 2356.8738167282772
nL: 4.928540734199152
nR: 2.8249976784779527
norm: 2.9169779248466536
sigma: 135.54315129635205
sigmaL: 91.44659271651905
sigmaR: 48.491734906089874
widthL: 91.44659271651905
widthR: 48.491734906089874
x0: 2356.8738167282772
