alphaL: 1.156030940950493
alphaR: 2.018569530266266
event_sum: 4.581497546942375
mean: 2350.479887583825
nL: 4.620817139321529
nR: 1.909959140661165
norm: 4.581497546942375
sigma: 135.54315129635205
sigmaL: 90.69815523749546
sigmaR: 55.835872348645196
widthL: 90.69815523749546
widthR: 55.835872348645196
x0: 2350.479887583825
