alphaL: 1.138558827815615
alphaR: 2.0047165189052807
event_sum: 14.568761102203549
fraction: 0.9990823788516485
mean: 2347.320270899469
nL: 10.0
nR: 3.3289177117781446
norm: 14.563560167063443
sigma: 108.51896407021283
sigmaL: 87.74579105481338
sigmaR: 59.03025029037722
widthL: 87.74579105481338
widthR: 59.03025029037722
x0: 2347.320270899469
