alphaL: 0.8212975581941725
alphaR: 2.0821125709046138
event_sum: 14.524173946719875
mean: 2342.842486814081
nL: 61.1956297033188
nR: 3.2822108222661974
norm_2016: 4.136321679474637
norm_2017: 4.894010930121617
norm_2018: 6.714525444574113
norm_Run2: 14.524173946719875
sigma: 108.28838864164213
sigmaL: 74.04049131988245
sigmaR: 61.44848372210136
widthL: 74.04049131988245
widthR: 61.44848372210136
x0: 2342.842486814081
