alphaL: 0.8655165649503089
alphaR: 2.084643174073764
event_sum: 14.524173946719875
mean: 2343.4382083592345
nL: 47.254939652392636
nR: 3.315833969448891
norm_2016: 4.136321679474637
norm_2017: 4.894010930121617
norm_2018: 6.714525444574113
norm_Run2: 15.744858054170368
sigma: 108.28838864164213
sigmaL: 77.0233326757747
sigmaR: 61.58411675517394
widthL: 77.0233326757747
widthR: 61.58411675517394
x0: 2343.4382083592345
