alphaL: 0.8868725557585395
alphaR: 2.2801907852130947
event_sum: 17.16377532317004
mean: 2345.354935868364
nL: 122.7002821229419
nR: 2.3884899636796497
norm_2016: 4.462223324849864
norm_2017: 5.834487573160468
norm_2018: 8.338876613106372
norm_Run2: 18.635587511116707
sigma: 108.28838864164213
sigmaL: 83.57646949207748
sigmaR: 56.33252746277881
widthL: 83.57646949207748
widthR: 56.33252746277881
x0: 2345.354935868364
