alphaL: 0.6979243681113845
alphaR: 1.9992162240648086
event_sum: 27.88877498963489
mean: 2344.170793321458
nL: 35.2809007866081
nR: 2.118778370570601
norm_2016: 27.88877498963489
norm_2017: 27.88877498963489
norm_2018: 27.88877498963489
norm_Run2: 27.88877498963489
sigma: 135.6150867979142
sigmaL: 66.69574054966411
sigmaR: 64.36078835744873
widthL: 66.69574054966411
widthR: 64.36078835744873
x0: 2344.170793321458
