alphaL: 1.0096038661249482
alphaR: 1.2017710478156578
event_sum: 7.384168924635976
mean: 2299.213875214676
nL: 0.27688836582418097
nR: 6.0729555224636185
norm_2016: 1.8873227283530984
norm_2017: 2.363339865136786
norm_2018: 3.2156923693464043
norm_Run2: 7.466354962836289
sigma: 235.0
sigmaL: 241.38886560227792
sigmaR: 120.08130918028212
widthL: 241.38886560227792
widthR: 120.08130918028212
x0: 2299.213875214676
