alphaL: 0.7682373437911356
alphaR: 1.6511095399604396
event_sum: 9.854045385116585
mean: 2297.3370016236977
nL: 1.0512254832332406
nR: 3.747630286851537
norm_2016: 2.6262237734428284
norm_2017: 3.116599719593773
norm_2018: 4.2538535752080024
norm_Run2: 9.854045385116585
sigma: 131.6
sigmaL: 98.78669113293184
sigmaR: 115.94612588121977
widthL: 98.78669113293184
widthR: 115.94612588121977
x0: 2297.3370016236977
