alphaL: 0.7329463168381658
alphaR: 2.081406820895308
event_sum: 43.78152018126177
mean: 2346.9794028225415
nL: 64.25785777519256
nR: 1.8251295707615662
norm_2016: 10.608332616088507
norm_2017: 13.931309240856944
norm_2018: 20.46627700713961
norm_Run2: 45.00591886408507
sigma: 135.6150867979142
sigmaL: 73.30614077173868
sigmaR: 57.69560519589787
widthL: 73.30614077173868
widthR: 57.69560519589787
x0: 2346.9794028225415
