alphaL: 1.161059955399132
alphaR: 1.0874091285396597
event_sum: 10.384536017431625
mean: 2311.7893752239065
nL: 0.40271210275813857
nR: 8.954361403044782
norm_2016: 2.4332222287300453
norm_2017: 3.3650694099219245
norm_2018: 4.742740593729586
norm_Run2: 10.384536017431625
sigma: 235.0
sigmaL: 255.45646339917332
sigmaR: 112.57580709631236
widthL: 255.45646339917332
widthR: 112.57580709631236
x0: 2311.7893752239065
