alphaL: 1.1895820301167688
alphaR: 1.1588275756023847
event_sum: 10.384536017431625
mean: 2306.7015864805235
nL: 0.35452960366311437
nR: 8.598633171036376
norm_2016: 2.4332222287300453
norm_2017: 3.3650694099219245
norm_2018: 4.742740593729586
norm_Run2: 10.541032232381557
sigma: 235.0
sigmaL: 254.31256541331783
sigmaR: 119.77563392764407
widthL: 254.31256541331783
widthR: 119.77563392764407
x0: 2306.7015864805235
