alphaL: 0.6690885534957108
alphaR: 1.4436699037854421
event_sum: 14.800487720377697
mean: 2301.148303428416
nL: 2.2340120595774176
nR: 5.116185581268294
norm_2016: 14.800487720377697
norm_2017: 14.800487720377697
norm_2018: 14.800487720377697
norm_Run2: 14.800487720377697
sigma: 131.6
sigmaL: 102.26138427083256
sigmaR: 107.81924977394766
widthL: 102.26138427083256
widthR: 107.81924977394766
x0: 2301.148303428416
