alphaL: 1.1895820301167688
alphaR: 1.1588275756023847
event_sum: 10.384536017431625
mean: 2306.7015864805235
nL: 0.35452960366311437
nR: 8.598633171036376
norm_2016: 10.384536017431625
norm_2017: 10.384536017431625
norm_2018: 10.384536017431625
norm_Run2: 10.384536017431625
sigma: 235.0
sigmaL: 254.31256541331783
sigmaR: 119.77563392764407
widthL: 254.31256541331783
widthR: 119.77563392764407
x0: 2306.7015864805235
