alphaL: 2.0144941396089635
alphaR: 2.6240716385689473
event_sum: 37.188789592083666
mean: 853.2995738523333
nL: 4.532498129241284
nR: 4.38459304354141
norm: 37.188789592083666
sigma: 42.17190485050666
sigmaL: 52.62462621296901
sigmaR: 26.569505216918447
widthL: 52.62462621296901
widthR: 26.569505216918447
x0: 853.2995738523333
