alphaL: 1.4903125238329158
alphaR: 2.905832978704045
event_sum: 0.7384766796562726
mean: 852.3620510476147
nL: 3.579259898929557
nR: 1.4424074355135397
norm: 0.7384766796562726
sigma: 43.77811411052421
sigmaL: 44.722820754120335
sigmaR: 26.443201630350085
widthL: 44.722820754120335
widthR: 26.443201630350085
x0: 852.3620510476147
