alphaL: 1.4287868783126392
alphaR: 2.302836090316129
event_sum: 223.900746554011
fraction: 0.9989557334620196
mean: 855.6268713189788
nL: 151.15596415262806
nR: 7.066884602372279
norm: 99.44419421146755
sigma: 42.45239817302254
sigmaL: 44.22570930906649
sigmaR: 28.37220626690607
widthL: 44.22570930906649
widthR: 28.37220626690607
x0: 855.6268713189788
