alphaL: 1.1865703248977582
alphaR: 2.599355548527965
event_sum: 0.7396287095537559
mean: 848.9669141156267
nL: 4.362090484818547
nR: 4.592254964498833
norm: 0.7396287095537559
sigma: 43.77811411052421
sigmaL: 40.39740155509953
sigmaR: 28.430741105703287
widthL: 40.39740155509953
widthR: 28.430741105703287
x0: 848.9669141156267
