alphaL: 1.8342348585070583
alphaR: 2.4689418799288343
event_sum: 99.58671509998065
mean: 853.868378343884
nL: 4.48146104321158
nR: 3.4673103000928847
norm: 99.58671509998065
sigma: 42.17190485050666
sigmaL: 46.215501950714334
sigmaR: 28.090584693032902
widthL: 46.215501950714334
widthR: 28.090584693032902
x0: 853.868378343884
