alphaL: 1.69201798832406
alphaR: 2.521352045539741
event_sum: 99.4717475650526
mean: 853.1494277503399
nL: 5.0
nR: 3.503848041783304
norm: 99.4717475650526
sigma: 42.17190485050666
sigmaL: 44.95643644061532
sigmaR: 28.44719948659119
widthL: 44.95643644061532
widthR: 28.44719948659119
x0: 853.1494277503399
