alphaL: 1.7583079670846464
alphaR: 2.651895784667386
event_sum: 37.21574490004918
fraction: 1.000010114593177
mean: 853.0998848548777
nL: 9.322645764666476
nR: 3.6677146786047286
norm: 37.21566933945943
sigma: 42.066694785106904
sigmaL: 51.92164963203991
sigmaR: 26.6497046325594
widthL: 51.92164963203991
widthR: 26.6497046325594
x0: 853.0998848548777
