alphaL: 1.549564497749262
alphaR: 2.150615375705721
event_sum: 1.5159144668257152
mean: 855.8600509096681
nL: 4.4166620965223755
nR: 3.222227082970798
norm: 1.5159144668257152
sigma: 43.77811411052421
sigmaL: 44.922450590225125
sigmaR: 27.88662049122819
widthL: 44.922450590225125
widthR: 27.88662049122819
x0: 855.8600509096681
