alphaL: 1.280054494992183
alphaR: 2.969565922371764
event_sum: 7.39692065234735
fraction: 1.0000120837747883
mean: 849.1850741106635
nL: 6.787126612684257
nR: 4.249904795882783
norm: 7.396950294413611
sigma: 43.78495456844941
sigmaL: 42.13341362578185
sigmaR: 28.78431786561258
widthL: 42.13341362578185
widthR: 28.78431786561258
x0: 849.1850741106635
