alphaL: 1.8108026837726223
alphaR: 2.677538481092741
event_sum: 37.12179852327479
mean: 852.9043142439127
nL: 5.0
nR: 4.496118201466642
norm: 37.12179852327479
sigma: 42.17190485050666
sigmaL: 51.5556957907892
sigmaR: 26.653502011342237
widthL: 51.5556957907892
widthR: 26.653502011342237
x0: 852.9043142439127
