alphaL: 1.6508903709100757
alphaR: 2.4642505566217667
event_sum: 99.51324853292691
fraction: 0.9998724759187761
mean: 853.483853730722
nL: 10.0
nR: 3.495117802715351
norm: 99.50854655508884
sigma: 42.066694785106904
sigmaL: 45.34588259694281
sigmaR: 28.287229213537888
widthL: 45.34588259694281
widthR: 28.287229213537888
x0: 853.483853730722
