alphaL: 1.2601379681773515
alphaR: 2.176989277186334
event_sum: 15.166100344938119
fraction: 0.9996374193691131
mean: 853.7205193763141
nL: 9.738708234520052
nR: 3.3528803382177057
norm: 15.164756642401656
sigma: 43.78495456844941
sigmaL: 40.79190682695005
sigmaR: 28.707115809569125
widthL: 40.79190682695005
widthR: 28.707115809569125
x0: 853.7205193763141
