alphaL: 1.4821530134131244
alphaR: 2.2055861190508286
event_sum: 1.5127947697002748
mean: 854.9127787416525
nL: 3.6142047232885637
nR: 2.855623272369276
norm: 1.5127947697002748
sigma: 43.77811411052421
sigmaL: 43.421398530778205
sigmaR: 28.26126835044529
widthL: 43.421398530778205
widthR: 28.26126835044529
x0: 854.9127787416525
