alphaL: 0.7886095657331623
alphaR: 2.512832815385218
event_sum: 0.6199053180171177
mean: 2326.064779361476
nL: 3.6646729142150467
nR: 2.431474595052331
norm: 0.6199053180171177
sigma: 134.4
sigmaL: 130.726192830897
sigmaR: 137.9331074314507
widthL: 130.726192830897
widthR: 137.9331074314507
x0: 2326.064779361476
