alphaL: 0.921765668592412
alphaR: 1.6896509081865954
event_sum: 8.364566345931962
mean: 2355.909409856531
nL: 1.000022003302479
nR: 3.814883298956875
norm: 8.364566345931962
sigma: 134.4
sigmaL: 135.371029817292
sigmaR: 116.66897705203134
widthL: 135.371029817292
widthR: 116.66897705203134
x0: 2355.909409856531
