alphaL: 1.1917007800462762
alphaR: 1.6588623386331824
event_sum: 0.6503189033246599
mean: 2353.1248633833475
nL: 1.000000196201959
nR: 3.473270703846051
norm: 0.6503189033246599
sigma: 134.4
sigmaL: 152.82732996955124
sigmaR: 108.92666659103716
widthL: 152.82732996955124
widthR: 108.92666659103716
x0: 2353.1248633833475
