alphaL: 1.3764432043441177
alphaR: 1.4905325868805803
event_sum: 0.34236057777889073
mean: 2378.8282961560485
nL: 0.20526634249244488
nR: 2.0853155182208587
norm: 0.34236057777889073
sigma: 136.95433615078176
sigmaL: 179.29645009931147
sigmaR: 96.56608840238938
widthL: 179.29645009931147
widthR: 96.56608840238938
x0: 2378.8282961560485
