alphaL: 0.8736961281122781
alphaR: 1.6492354510498832
event_sum: 8.364566345931962
fraction: 0.8561558999008972
mean: 2362.8212389088917
nL: 1.1909645313551087
nR: 4.495902824218374
norm: 4.098354978952557
sigma: 134.4
sigmaL: 142.90667234294258
sigmaR: 111.39528987681568
widthL: 142.90667234294258
widthR: 111.39528987681568
x0: 2362.8212389088917
