alphaL: 1.5503165917991644
alphaR: 1.3504522525197746
event_sum: 0.5851706768735312
mean: 2374.292923161032
nL: 0.20005799624861859
nR: 2.4413210965295553
norm: 0.5851706768735312
sigma: 136.95433615078176
sigmaL: 179.3148153746576
sigmaR: 87.26776923281638
widthL: 179.3148153746576
widthR: 87.26776923281638
x0: 2374.292923161032
