alphaL: 1.4531021481278543
alphaR: 1.1779174527811211
event_sum: 9.278635785682127
fraction: 0.852896049785602
mean: 2376.6348552528325
nL: 0.6095139954917133
nR: 4.426656786405628
norm: 6.73419885430485
sigma: 134.4
sigmaL: 178.94091332497837
sigmaR: 82.35915851230308
widthL: 178.94091332497837
widthR: 82.35915851230308
x0: 2376.6348552528325
