alphaL: 1.0455362878994137
alphaR: 1.9198413899493525
event_sum: 0.392883692169562
mean: 2349.4414030314665
nL: 1.000000006180997
nR: 3.894947381251055
norm: 0.392883692169562
sigma: 134.4
sigmaL: 151.03922717467887
sigmaR: 125.7775214080518
widthL: 151.03922717467887
widthR: 125.7775214080518
x0: 2349.4414030314665
