alphaL: 1.2321045509446094
alphaR: 1.3716050125313317
event_sum: 9.278635785682127
mean: 2363.9023608586
nL: 1.0269318660382505
nR: 4.485451269505821
norm: 9.278635785682127
sigma: 134.4
sigmaL: 164.11920572361845
sigmaR: 97.17790201531874
widthL: 164.11920572361845
widthR: 97.17790201531874
x0: 2363.9023608586
