alphaL: 0.777134257062109
alphaR: 1.629308373221882
event_sum: 19.141080554574728
fraction: 0.8192285113749517
mean: 2350.0000050619747
nL: 1.059730861380163
nR: 3.7807240692378
norm: 3.9637374796438962
sigma: 134.4
sigmaL: 105.32972751681935
sigmaR: 115.11478527295237
widthL: 105.32972751681935
widthR: 115.11478527295237
x0: 2350.0000050619747
