alphaL: 1.0594107169987035
alphaR: 1.843595638100478
event_sum: 0.392883692169562
mean: 2351.740087649568
nL: 1.0000000000142804
nR: 3.8363373434772434
norm: 0.392883692169562
sigma: 134.4
sigmaL: 157.52392022348496
sigmaR: 119.45770462990154
widthL: 157.52392022348496
widthR: 119.45770462990154
x0: 2351.740087649568
