alphaL: 1.0487722821074237
alphaR: 1.9201403133768022
event_sum: 0.37111221853410825
mean: 2348.419817600243
nL: 0.661159054807979
nR: 1.5197369297494234
norm: 0.37111221853410825
sigma: 134.4
sigmaL: 130.44007703487432
sigmaR: 121.8025904207651
widthL: 130.44007703487432
widthR: 121.8025904207651
x0: 2348.419817600243
