alphaL: 1.1954339918953896
alphaR: 1.7369293118473326
event_sum: 0.6503189033246599
mean: 2343.2146114764746
nL: 1.000000149396902
nR: 3.5483859222332246
norm: 0.6503189033246599
sigma: 134.4
sigmaL: 149.7334195097318
sigmaR: 117.312529614678
widthL: 149.7334195097318
widthR: 117.312529614678
x0: 2343.2146114764746
