alphaL: 1.496718909192469
alphaR: 2.0249404374357707
event_sum: 8.997028400644393
mean: 2298.9679329578457
nL: 4.499141132813131
nR: 3.3034733106971785
norm: 8.997028400644393
sigma: 105.01475208839994
sigmaL: 105.68399242939977
sigmaR: 51.89904000940577
widthL: 105.68399242939977
widthR: 51.89904000940577
x0: 2298.9679329578457
