alphaL: 1.1567327954586584
alphaR: 1.8308159640929842
event_sum: 1.2463823118013309
mean: 2294.0322252511405
nL: 4.565707832443846
nR: 2.5060608461356493
norm: 1.2463823118013309
sigma: 128.49841941668356
sigmaL: 85.22347919295252
sigmaR: 60.449005072208415
widthL: 85.22347919295252
widthR: 60.449005072208415
x0: 2294.0322252511405
