alphaL: 1.1445465839165898
alphaR: 1.9414186285136057
event_sum: 7.354885897674128
fraction: 0.9990803639733763
mean: 2294.4490702536777
nL: 10.0
nR: 3.6487280626702296
norm: 7.352662804855695
sigma: 105.14594725627049
sigmaL: 87.86408944072981
sigmaR: 56.89664519520295
widthL: 87.86408944072981
widthR: 56.89664519520295
x0: 2294.4490702536777
