alphaL: 1.2140663380087617
alphaR: 2.1336965688959455
event_sum: 8.960532412212734
mean: 2294.4438800175258
nL: 4.95495650927785
nR: 2.931087558209383
norm: 8.960532412212734
sigma: 105.01475208839994
sigmaL: 94.28374734429381
sigmaR: 54.021572908096495
widthL: 94.28374734429381
widthR: 54.021572908096495
x0: 2294.4438800175258
