alphaL: 1.084668849227207
alphaR: 1.887540033908783
event_sum: 20.389382369746375
fraction: 0.9974335507820854
mean: 2299.2169263056658
nL: 9.994378936222448
nR: 2.21063097602132
norm: 20.358992501589796
sigma: 128.33900596764573
sigmaL: 89.75134408813545
sigmaR: 52.176646145006714
widthL: 89.75134408813545
widthR: 52.176646145006714
x0: 2299.2169263056658
