alphaL: 1.2833961809319356
alphaR: 1.7592654886394328
event_sum: 2.027812277990693
mean: 2301.468285259269
nL: 4.130625837731234
nR: 2.4295309410795483
norm: 2.027812277990693
sigma: 128.49841941668356
sigmaL: 95.88437930486668
sigmaR: 50.22664430902044
widthL: 95.88437930486668
widthR: 50.22664430902044
x0: 2301.468285259269
