alphaL: 1.1772362565719598
alphaR: 2.036544736144428
event_sum: 7.306926673514323
mean: 2292.646488948326
nL: 4.48279455778937
nR: 3.1599083034925135
norm: 7.306926673514323
sigma: 105.01475208839994
sigmaL: 84.5507504736033
sigmaR: 57.513283861248205
widthL: 84.5507504736033
widthR: 57.513283861248205
x0: 2292.646488948326
