alphaL: 1.3095853698538769
alphaR: 2.0956250928507067
event_sum: 9.002131429880073
fraction: 0.9990026786665608
mean: 2295.873668777791
nL: 9.89366379216559
nR: 2.895475324545916
norm: 8.999883818624992
sigma: 105.14594725627049
sigmaL: 100.3370122119021
sigmaR: 53.56352174836902
widthL: 100.3370122119021
widthR: 53.56352174836902
x0: 2295.873668777791
