alphaL: 1.3418649172554458
alphaR: 1.80647600360727
event_sum: 2.033919341146351
mean: 2303.272177553232
nL: 4.497042789732338
nR: 2.330274762266109
norm: 2.033919341146351
sigma: 128.49841941668356
sigmaL: 98.5588039864821
sigmaR: 50.03185034203383
widthL: 98.5588039864821
widthR: 50.03185034203383
x0: 2303.272177553232
