alphaL: 1.3720629777811688
alphaR: 1.8976367396965683
event_sum: 7.3369230046729985
mean: 2297.589549816975
nL: 4.497412527648596
nR: 3.8035847581706297
norm: 7.3369230046729985
sigma: 105.01475208839994
sigmaL: 94.81826912778584
sigmaR: 55.24819758333367
widthL: 94.81826912778584
widthR: 55.24819758333367
x0: 2297.589549816975
