alphaL: 0.7225755969792937
alphaR: 1.9650156625962119
event_sum: 28.337711415693256
fraction: 0.9901702014903617
mean: 2294.821135933312
nL: 33.68488296286816
nR: 2.290811241749494
norm: 12.440475363524733
sigma: 131.40972988367963
sigmaL: 67.7420363550664
sigmaR: 63.37575337957735
widthL: 67.7420363550664
widthR: 63.37575337957735
x0: 2294.821135933312
