alphaL: 1.3170887037564354
alphaR: 1.68603312159202
event_sum: 1.2497136762984602
mean: 2302.6246000409137
nL: 4.449669281669095
nR: 2.9634583964367494
norm: 1.2497136762984602
sigma: 128.49841941668356
sigmaL: 96.22610997495211
sigmaR: 55.15624253251357
widthL: 96.22610997495211
widthR: 55.15624253251357
x0: 2302.6246000409137
