alphaL: 0.9931474234336075
alphaR: 1.7699417447958388
event_sum: 12.545899252142707
fraction: 0.998131690461947
mean: 2294.778420233319
nL: 9.98320136373279
nR: 2.9400928788452996
norm: 12.51561237197043
sigma: 128.33900596764573
sigmaL: 82.09456592356975
sigmaR: 59.82333282127604
widthL: 82.09456592356975
widthR: 59.82333282127604
x0: 2294.778420233319
