alphaL: 1.1439850341526463
alphaR: 1.452679701464753
event_sum: 0.24670970288761854
mean: 2288.586393119138
nL: 0.1358963634512095
nR: 1.8555018522628806
norm: 0.24670970288761854
sigma: 230.0
sigmaL: 319.4071376397662
sigmaR: 95.47393688631955
widthL: 319.4071376397662
widthR: 95.47393688631955
x0: 2288.586393119138
