alphaL: 0.9441193239588443
alphaR: 1.4404030182443364
event_sum: 3.9296695070771492
fraction: 0.7390887360089964
mean: 2252.836916846883
nL: 0.4628800391161668
nR: 4.214800534678522
norm: 2.566671768268777
sigma: 230.0
sigmaL: 199.72957861215008
sigmaR: 126.29716415336232
widthL: 199.72957861215008
widthR: 126.29716415336232
x0: 2252.836916846883
