alphaL: 1.0769806829936883
alphaR: 0.8877750591376603
event_sum: 4.670074067945924
fraction: 0.7339692596744585
mean: 2289.795277125349
nL: 0.44151420949709924
nR: 4.373886748521404
norm: 1.9942778813091242
sigma: 230.0
sigmaL: 320.059013030732
sigmaR: 78.74920415303612
widthL: 320.059013030732
widthR: 78.74920415303612
x0: 2289.795277125349
