alphaL: 0.7613159282815036
alphaR: 0.9317426042148268
event_sum: 0.3432639057617701
mean: 2318.2670456834153
nL: 0.9997589655573423
nR: 2.402314806331369
norm: 0.3432639057617701
sigma: 230.0
sigmaL: 276.6896103917745
sigmaR: 61.729978268486974
widthL: 276.6896103917745
widthR: 61.729978268486974
x0: 2318.2670456834153
