alphaL: 1.2260163390597691
alphaR: 1.3022080958490123
event_sum: 0.3096299511960825
mean: 2286.089028843112
nL: 0.25132514578826104
nR: 2.7578390268446134
norm: 0.3096299511960825
sigma: 230.0
sigmaL: 265.333761877186
sigmaR: 98.78909827182376
widthL: 265.333761877186
widthR: 98.78909827182376
x0: 2286.089028843112
