alphaL: 0.488956152368255
alphaR: 0.9817372615067588
event_sum: 0.29543662505836
mean: 2332.527249717111
nL: 1.0006268145908084
nR: 2.6225666898259767
norm: 0.29543662505836
sigma: 230.0
sigmaL: 369.89700887239354
sigmaR: 59.74776947529962
widthL: 369.89700887239354
widthR: 59.74776947529962
x0: 2332.527249717111
