alphaL: 2.140321196615898
alphaR: 2.3451788918878402
event_sum: 268.44623367533006
mean: 1008.3452165085816
nL: 2.999999971746428
nR: 2.9980248382346577
norm: 268.44623367533006
sigma: 61.45785460078919
sigmaL: 56.625457147592215
sigmaR: 29.668404708664532
widthL: 56.625457147592215
widthR: 29.668404708664532
x0: 1008.3452165085816
