alphaL: 1.5655041824715243
alphaR: 1.882292435673289
event_sum: 12.023758424450232
mean: 1008.2023459847186
nL: 3.9945071231044476
nR: 2.2070459656189043
norm: 12.023758424450232
sigmaL: 46.00190930106872
sigmaR: 33.62945539748884
widthL: 46.00190930106872
widthR: 33.62945539748884
x0: 1008.2023459847186
