alphaL: 1.9081924810765796
alphaR: 1.9028273497571124
event_sum: 24.117210457077874
mean: 1010.8262633181665
nL: 3.9999910482501875
nR: 3.82316883979568
norm: 24.117210457077874
sigmaL: 55.52225309925857
sigmaR: 29.47493916394677
widthL: 55.52225309925857
widthR: 29.47493916394677
x0: 1010.8262633181665
