alphaL: 1.8507879102504887
alphaR: 2.461864967548113
event_sum: 138.63618855870808
mean: 1006.9637630176125
nL: 3.999936383204795
nR: 3.8228982583880557
norm: 138.63618855870808
sigmaL: 56.835822086551524
sigmaR: 29.05103279813049
widthL: 56.835822086551524
widthR: 29.05103279813049
x0: 1006.9637630176125
