alphaL: 3.876492160954496
alphaR: 1.701719444845474
event_sum: 18.394517579120148
mean: 988.0551697067364
nL: 3.4407767388604955
nR: 3.9409373269021515
norm: 18.394517579120148
sigmaL: 76.91245271790997
sigmaR: 31.75652003863287
widthL: 76.91245271790997
widthR: 31.75652003863287
x0: 988.0551697067364
