alphaL: 1.8671660990846919
alphaR: 1.9579342810801204
event_sum: 4.7919392235116325
mean: 1010.5614875615653
nL: 3.987152857931687
nR: 3.381982373867203
norm: 4.7919392235116325
sigma: 69.04609906092607
sigmaL: 55.122525954335664
sigmaR: 29.354959021961264
widthL: 55.122525954335664
widthR: 29.354959021961264
x0: 1010.5614875615653
