alphaL: 1.804785442475125
alphaR: 2.4806479694607693
event_sum: 85.58737598743595
mean: 1006.0007001140928
nL: 3.999933065107157
nR: 3.9652348743015713
norm: 85.58737598743595
sigmaL: 57.05851727652575
sigmaR: 28.895147076605408
widthL: 57.05851727652575
widthR: 28.895147076605408
x0: 1006.0007001140928
