alphaL: 2.085331936362906
alphaR: 1.9830809591106668
event_sum: 31.7129369189003
mean: 1011.7466993617819
nL: 2.9999966966775995
nR: 2.994408903224228
norm: 31.7129369189003
sigma: 69.02968104919115
sigmaL: 57.35098320029089
sigmaR: 28.98723188862318
widthL: 57.35098320029089
widthR: 28.98723188862318
x0: 1011.7466993617819
