alphaL: 2.0746446722581746
alphaR: 2.141193675041702
event_sum: 18.07799748004017
mean: 1009.0200603613953
nL: 2.9999630714882914
nR: 2.9979000266556253
norm: 18.07799748004017
sigma: 69.09854105928672
sigmaL: 59.921595712357565
sigmaR: 26.731165553045326
widthL: 59.921595712357565
widthR: 26.731165553045326
x0: 1009.0200603613953
