alphaL: 2.0871477180092044
alphaR: 1.9817914676687325
event_sum: 31.7129369189003
mean: 1011.7733749364057
nL: 2.9999982418340827
nR: 2.9764388601957696
norm: 31.7129369189003
sigma: 69
sigmaL: 57.374671717173165
sigmaR: 28.968303905869163
widthL: 57.374671717173165
widthR: 28.968303905869163
x0: 1011.7733749364057
