alphaL: 2.065006705654855
alphaR: 2.150507597087665
event_sum: 18.07706634045548
mean: 1008.9005279086
nL: 2.999880098763153
nR: 2.907820829794612
norm: 18.07706634045548
sigma: 69.02968104919115
sigmaL: 59.786113792265326
sigmaR: 26.832641860112897
widthL: 59.786113792265326
widthR: 26.832641860112897
x0: 1008.9005279086
