alphaL: 1.8107475860930913
alphaR: 2.275017938789234
event_sum: 20.37822144910744
mean: 1006.8372658598719
nL: 3.9999165725385053
nR: 3.0276464543761663
norm: 20.37822144910744
sigmaL: 54.89929799575536
sigmaR: 29.408179948300784
widthL: 54.89929799575536
widthR: 29.408179948300784
x0: 1006.8372658598719
