alphaL: 1.8995364007967894
alphaR: 2.600135646111823
event_sum: 111.0814352531971
mean: 1006.231278105572
nL: 2.9999997919784582
nR: 2.9974775370931424
norm: 111.0814352531971
sigma: 61.32904114472955
sigmaL: 58.07090215221508
sigmaR: 28.411122567828375
widthL: 58.07090215221508
widthR: 28.411122567828375
x0: 1006.231278105572
