alphaL: 1.7650416590690832
alphaR: 2.54959011223431
event_sum: 111.19378061276936
mean: 1005.6186387615352
nL: 3.9998473081416415
nR: 3.5009425363802484
norm: 111.19378061276936
sigma: 61.45785460078919
sigmaL: 56.889613254381835
sigmaR: 28.663039496670905
widthL: 56.889613254381835
widthR: 28.663039496670905
x0: 1005.6186387615352
