alphaL: 2.090624065599887
alphaR: 1.9977597888244432
event_sum: 31.7129369189003
mean: 1011.7329857898466
nL: 2.9999880728964445
nR: 2.9998941354489865
norm: 31.7129369189003
sigma: 69.09854105928672
sigmaL: 57.37684161203209
sigmaR: 29.020866325464365
widthL: 57.37684161203209
widthR: 29.020866325464365
x0: 1011.7329857898466
