alphaL: 2.0883820326564164
alphaR: 1.9802434794737267
event_sum: 24.11346066837442
mean: 1011.5692403382442
nL: 2.99982658909682
nR: 2.997573907607384
norm: 24.11346066837442
sigmaL: 57.04822328554507
sigmaR: 29.317820022041353
widthL: 57.04822328554507
widthR: 29.317820022041353
x0: 1011.5692403382442
