alphaL: 1.8967472980596585
alphaR: 2.5996668056006955
event_sum: 111.0814352531971
mean: 1006.1627954767449
nL: 2.999918254695952
nR: 2.8826990641715633
norm: 111.0814352531971
sigma: 61
sigmaL: 58.010310169725756
sigmaR: 28.44708038385568
widthL: 58.010310169725756
widthR: 28.44708038385568
x0: 1006.1627954767449
