alphaL: 2.1276565363850932
alphaR: 2.4661685334310763
event_sum: 294.8223252962433
mean: 1007.7483934813799
nL: 2.9999881813297145
nR: 2.99925348139592
norm: 294.8223252962433
sigma: 61
sigmaL: 58.55914893889923
sigmaR: 29.11901379881467
widthL: 58.55914893889923
widthR: 29.11901379881467
x0: 1007.7483934813799
