alphaL: 2.056723541414802
alphaR: 2.1177302835827647
event_sum: 39.6579673127216
mean: 1009.4900899119951
nL: 2.99991963915934
nR: 2.9495413637698937
norm: 39.6579673127216
sigma: 69
sigmaL: 58.220370878497235
sigmaR: 28.469498111336044
widthL: 58.220370878497235
widthR: 28.469498111336044
x0: 1009.4900899119951
