alphaL: 2.0941721242661004
alphaR: 1.8526300013127939
event_sum: 15.235656014727507
mean: 1013.1771542290146
nL: 2.999932240726304
nR: 2.9876722310014365
norm: 15.235656014727507
sigma: 69
sigmaL: 55.89409336067072
sigmaR: 29.077888294600314
widthL: 55.89409336067072
widthR: 29.077888294600314
x0: 1013.1771542290146
