alphaL: 2.144019021411865
alphaR: 2.3599887210904096
event_sum: 268.3441691168861
mean: 1008.1932926952172
nL: 2.9999854354194384
nR: 2.9999607055612585
norm: 268.3441691168861
sigma: 61.32904114472955
sigmaL: 56.61257655634276
sigmaR: 29.746705459331416
widthL: 56.61257655634276
widthR: 29.746705459331416
x0: 1008.1932926952172
