alphaL: 2.0603670053385006
alphaR: 2.0373386544734644
event_sum: 4.7919392235116325
mean: 1011.3152391291482
nL: 2.999523365207757
nR: 2.8318164379107245
norm: 4.7919392235116325
sigma: 69.04609906092607
sigmaL: 56.88596027751904
sigmaR: 29.256794095532147
widthL: 56.88596027751904
widthR: 29.256794095532147
x0: 1011.3152391291482
