alphaL: 1.6908437207206883
alphaR: 2.4623274202423246
event_sum: 85.59188330876928
mean: 1005.5509895284698
nL: 5.999496284851811
nR: 4.3373989303895435
norm: 85.59188330876928
sigmaL: 56.22564250648916
sigmaR: 29.099740815198185
widthL: 56.22564250648916
widthR: 29.099740815198185
x0: 1005.5509895284698
