alphaL: 2.066576140952007
alphaR: 2.1291089273159858
event_sum: 39.66521546198729
mean: 1009.6118549647891
nL: 2.999555357394528
nR: 2.95532748082212
norm: 39.66521546198729
sigma: 69
sigmaL: 58.216567512987616
sigmaR: 28.298516146558907
widthL: 58.216567512987616
widthR: 28.298516146558907
x0: 1009.6118549647891
