alphaL: 2.0748682760704487
alphaR: 1.8992439907768437
event_sum: 15.240413083940775
mean: 1012.9379743140801
nL: 2.999264301910639
nR: 2.991503388787454
norm: 15.240413083940775
sigma: 69
sigmaL: 55.59621073304469
sigmaR: 29.313238850857594
widthL: 55.59621073304469
widthR: 29.313238850857594
x0: 1012.9379743140801
