alphaL: 1.9026924711108617
alphaR: 2.6065092538210863
event_sum: 111.19378061276936
mean: 1006.1542134716786
nL: 2.999994867635562
nR: 2.8989641343329478
norm: 111.19378061276936
sigma: 61.45785460078919
sigmaL: 58.05386591310985
sigmaR: 28.432099138227333
widthL: 58.05386591310985
widthR: 28.432099138227333
x0: 1006.1542134716786
