alphaL: 1.8961285598869981
alphaR: 2.595468280815731
event_sum: 111.0814352531971
mean: 1006.1163093249462
nL: 2.9999933421454728
nR: 2.9037267680363312
norm: 111.0814352531971
sigma: 61.3122661603982
sigmaL: 57.95642390994627
sigmaR: 28.45996071406645
widthL: 57.95642390994627
widthR: 28.45996071406645
x0: 1006.1163093249462
