alphaL: 2.144018995344113
alphaR: 2.3599887624923905
event_sum: 268.3441691168861
mean: 1008.1932923485549
nL: 2.9999854339789813
nR: 2.999960700671382
norm: 268.3441691168861
sigma: 61.32904114472955
sigmaL: 56.61257614681383
sigmaR: 29.746705665385832
widthL: 56.61257614681383
widthR: 29.746705665385832
x0: 1008.1932923485549
