alphaL: 1.8156716599607055
alphaR: 2.2673205874205538
event_sum: 13.949882257891293
mean: 1007.1756410586484
nL: 3.9947224030817376
nR: 3.005871590896148
norm: 13.949882257891293
sigmaL: 56.180113761763955
sigmaR: 28.539419360239197
widthL: 56.180113761763955
widthR: 28.539419360239197
x0: 1007.1756410586484
