alphaL: 1.9553852323069199
alphaR: 2.3670309904916524
event_sum: 204.8325546883619
mean: 1007.656382205182
nL: 3.999919534301301
nR: 3.195439213795323
norm: 204.8325546883619
sigmaL: 54.989432638511666
sigmaR: 30.469253164816045
widthL: 54.989432638511666
widthR: 30.469253164816045
x0: 1007.656382205182
