alphaL: 1.6696814913016966
alphaR: 2.269629780379161
event_sum: 13.949882257891293
mean: 1006.54099561319
nL: 5.992822434978348
nR: 3.1441179205140473
norm: 13.949882257891293
sigmaL: 54.74937681702313
sigmaR: 28.75190237631692
widthL: 54.74937681702313
widthR: 28.75190237631692
x0: 1006.54099561319
