alphaL: 1.9434347675880361
alphaR: 2.1187683596876408
event_sum: 2.733299033674794
mean: 1008.2321289193209
nL: 3.5059723839145107
nR: 3.174805212254839
norm: 2.733299033674794
sigma: 69.04609906092607
sigmaL: 58.697188551563144
sigmaR: 27.370027438083245
widthL: 58.697188551563144
widthR: 27.370027438083245
x0: 1008.2321289193209
