alphaL: 1.8995351488091987
alphaR: 2.6001366141704363
event_sum: 111.0814352531971
mean: 1006.2312633588976
nL: 2.9999997957568594
nR: 2.9974782798924395
norm: 111.0814352531971
sigma: 61.32904114472955
sigmaL: 58.07088539071619
sigmaR: 28.41112725005001
widthL: 58.07088539071619
widthR: 28.41112725005001
x0: 1006.2312633588976
