alphaL: 2.1214117584583807
alphaR: 2.403927781515722
event_sum: 204.8325546883619
mean: 1008.4761183999544
nL: 2.999802862465754
nR: 2.8848733893201697
norm: 204.8325546883619
sigma: 61
sigmaL: 56.29790555258661
sigmaR: 30.090729403051046
widthL: 56.29790555258661
widthR: 30.090729403051046
x0: 1008.4761183999544
