alphaL: 2.1476810579468837
alphaR: 2.3574039748358646
event_sum: 268.3441691168861
mean: 1008.2512768826226
nL: 2.999971073626251
nR: 2.9953261104615763
norm: 268.3441691168861
sigma: 61.3122661603982
sigmaL: 56.676551872011615
sigmaR: 29.70746758685962
widthL: 56.676551872011615
widthR: 29.70746758685962
x0: 1008.2512768826226
