alphaL: 2.159602082216851
alphaR: 2.374675914268583
event_sum: 123.33684677306854
mean: 1008.0481001973934
nL: 2.999995803860143
nR: 2.774952743346305
norm: 123.33684677306854
sigma: 61
sigmaL: 54.34819725062105
sigmaR: 30.147697055733758
widthL: 54.34819725062105
widthR: 30.147697055733758
x0: 1008.0481001973934
