alphaL: 1.7176239841571692
alphaR: 2.5420811985159224
event_sum: 85.57935477876929
mean: 1005.3694555602373
nL: 3.999974558466695
nR: 3.6648662191177848
norm: 85.57935477876929
sigmaL: 55.73462150215034
sigmaR: 29.18131221726367
widthL: 55.73462150215034
widthR: 29.18131221726367
x0: 1005.3694555602373
