alphaL: 1.8825850199492091
alphaR: 1.9840013445517868
event_sum: 275.25516069192474
mean: 975.4711288965586
nL: 3.999950340363482
nR: 3.9832415318945467
norm: 275.25516069192474
sigmaL: 61.305067511372336
sigmaR: 40.17930884467651
widthL: 61.305067511372336
widthR: 40.17930884467651
x0: 975.4711288965586
