alphaL: 1.9256075254065275
alphaR: 1.9601743942518286
event_sum: 91.17614547937772
mean: 1006.1393430750362
nL: 3.999988144303951
nR: 2.3833586485473495
norm: 91.17614547937772
sigmaL: 49.066411490782194
sigmaR: 31.249103439726447
widthL: 49.066411490782194
widthR: 31.249103439726447
x0: 1006.1393430750362
