alphaL: 2.521641441298082
alphaR: 1.5319350176784192
event_sum: 32.47567785995525
mean: 990.0708627747948
nL: 2.7482229305751265
nR: 3.99415358160893
norm: 32.47567785995525
sigmaL: 73.77321797974899
sigmaR: 32.090274704236656
widthL: 73.77321797974899
widthR: 32.090274704236656
x0: 990.0708627747948
