alphaL: 2.14573915567176
alphaR: 2.3508700281892514
event_sum: 268.3441691168861
mean: 1008.2241127027829
nL: 2.9999998077549876
nR: 2.987880791789624
norm: 268.3441691168861
sigma: 61
sigmaL: 56.64029531635293
sigmaR: 29.722243477570682
widthL: 56.64029531635293
widthR: 29.722243477570682
x0: 1008.2241127027829
