alphaL: 2.639034010526549
alphaR: 1.5354122496274507
event_sum: 112.68976489926644
mean: 987.7754602241511
nL: 2.4965426245787214
nR: 3.4347402232748516
norm: 112.68976489926644
sigmaL: 78.94779656377459
sigmaR: 29.628863873318156
widthL: 78.94779656377459
widthR: 29.628863873318156
x0: 987.7754602241511
