alphaL: 2.228503863668094
alphaR: 2.3369925517793004
event_sum: 123.36150511012953
mean: 1008.2911795176745
nL: 2.9996345963578195
nR: 2.9774897765490373
norm: 123.36150511012953
sigma: 61
sigmaL: 54.83192352359942
sigmaR: 30.055248169255158
widthL: 54.83192352359942
widthR: 30.055248169255158
x0: 1008.2911795176745
