alphaL: 1.9807314503124027
alphaR: 2.2714511966235205
event_sum: 268.44623367533006
mean: 1007.7897269254775
nL: 3.9998638166824008
nR: 3.6319872475793002
norm: 268.44623367533006
sigma: 61.45785460078919
sigmaL: 55.53784276964619
sigmaR: 29.834935082268665
widthL: 55.53784276964619
widthR: 29.834935082268665
x0: 1007.7897269254775
