alphaL: 2.0331105855806926
alphaR: 2.4601034422263734
event_sum: 294.792168968728
mean: 1007.285231620809
nL: 2.9999999651919342
nR: 2.9913349916141323
norm: 294.792168968728
sigma: 61
sigmaL: 57.624430592248885
sigmaR: 29.293270077318613
widthL: 57.624430592248885
widthR: 29.293270077318613
x0: 1007.285231620809
