alphaL: 1.9095309574867787
alphaR: 1.8671108386260316
event_sum: 24.11346066837442
mean: 1010.9043649478442
nL: 3.99991577044888
nR: 3.774367384347794
norm: 24.11346066837442
sigmaL: 55.60573535803568
sigmaR: 29.406299902935434
widthL: 55.60573535803568
widthR: 29.406299902935434
x0: 1010.9043649478442
