alphaL: 2.059385575869644
alphaR: 2.192792819761974
event_sum: 2.733299033674794
mean: 1008.3398350583147
nL: 2.726367097911687
nR: 2.7356594608081526
norm: 2.733299033674794
sigma: 69.04609906092607
sigmaL: 59.671057023105085
sigmaR: 27.39339813808627
widthL: 59.671057023105085
widthR: 27.39339813808627
x0: 1008.3398350583147
