alphaL: 1.8047172393544604
alphaR: 2.3098929400737096
event_sum: 13.951017981607569
mean: 1007.0370518745921
nL: 3.998490869479386
nR: 2.7704337175986806
norm: 13.951017981607569
sigmaL: 55.99692326284979
sigmaR: 28.722231313582157
widthL: 55.99692326284979
widthR: 28.722231313582157
x0: 1007.0370518745921
