alphaL: 1.7731147993053027
alphaR: 1.6558323316351111
event_sum: 24.115055710251553
mean: 1011.1687814998419
nL: 5.981168685050405
nR: 5.769533481140975
norm: 24.115055710251553
sigmaL: 55.02869209984513
sigmaR: 28.469458538757273
widthL: 55.02869209984513
widthR: 28.469458538757273
x0: 1011.1687814998419
