alphaL: 1.8609729717862886
alphaR: 2.334841474160351
event_sum: 204.859606934073
mean: 1007.3880472443026
nL: 5.998880574872744
nR: 3.4611090598244303
norm: 204.859606934073
sigmaL: 54.556368181612804
sigmaR: 30.56164385764582
widthL: 54.556368181612804
widthR: 30.56164385764582
x0: 1007.3880472443026
