alphaL: 1.8812682515811416
alphaR: 2.6033214040435535
event_sum: 85.57935477876929
mean: 1006.2474269500864
nL: 2.999999810210183
nR: 2.9985169603995505
norm: 85.57935477876929
sigma: 61
sigmaL: 57.514005261186554
sigmaR: 28.817708414358833
widthL: 57.514005261186554
widthR: 28.817708414358833
x0: 1006.2474269500864
