alphaL: 2.0208302846691337
alphaR: 2.3298920803494108
event_sum: 204.85563571936171
mean: 1008.1461013149996
nL: 3.9998890269544645
nR: 3.470626565189786
norm: 204.85563571936171
sigmaL: 55.72366731652009
sigmaR: 30.2079633251409
widthL: 55.72366731652009
widthR: 30.2079633251409
x0: 1008.1461013149996
