alphaL: 1.758915897584006
alphaR: 2.4135376712527092
event_sum: 206.1990291979164
mean: 1006.5978716348963
nL: 4.499075711975284
nR: 2.995118631401466
norm: 206.1990291979164
sigma: 49.926343463189134
sigmaL: 53.10530713918243
sigmaR: 30.949233237966798
widthL: 53.10530713918243
widthR: 30.949233237966798
x0: 1006.5978716348963
