alphaL: 1.7553946111077712
alphaR: 2.4369972284767707
event_sum: 13250.0
mean: 1006.9943880773228
nL: 4.499999965095326
nR: 4.483078187657091
norm: 13250.0
sigma: 50.04842721477453
sigmaL: 57.473836158807735
sigmaR: 28.475526372953308
widthL: 57.473836158807735
widthR: 28.475526372953308
x0: 1006.9943880773228
