alphaL: 1.195516053694184
alphaR: 1.3029350643778306
event_sum: 16.74081556708552
mean: 984.1277547984078
nL: 2.684021323515847
nR: 4.27849214891699
norm: 16.74081556708552
sigma: 129.33784188046604
sigmaL: 90.71728017689814
sigmaR: 61.25763904320018
widthL: 90.71728017689814
widthR: 61.25763904320018
x0: 984.1277547984078
