alphaL: 1.64381090906937
alphaR: 2.026190437565492
event_sum: 2.1342950758044026
mean: 1007.6995987192402
nL: 4.24205441671789
nR: 4.2616772364486835
norm: 2.1342950758044026
sigma: 51.592088411841665
sigmaL: 55.165802776770754
sigmaR: 27.56924721328365
widthL: 55.165802776770754
widthR: 27.56924721328365
x0: 1007.6995987192402
