alphaL: 1.3888204491960234
alphaR: 2.508993345409467
event_sum: 81.0571765806526
fraction: 0.9997268882944481
mean: 1004.1413004235919
nL: 9.960484536848659
nR: 4.326583297000808
norm: 81.0571765806526
sigma: 50.05119864467416
sigmaL: 52.46242925597918
sigmaR: 29.834055631662945
widthL: 52.46242925597918
widthR: 29.834055631662945
x0: 1004.1413004235919
