alphaL: 1.71106095226348
alphaR: 2.4465850847707573
event_sum: 86.11319155991077
mean: 1005.6064730333053
nL: 4.49442920239337
nR: 4.387476500805125
norm: 86.11319155991077
sigma: 49.926343463189134
sigmaL: 56.0193536570758
sigmaR: 29.07800983748157
widthL: 56.0193536570758
widthR: 29.07800983748157
x0: 1005.6064730333053
