alphaL: 1.629182307199558
alphaR: 1.9323453304446065
event_sum: 3.6798954244950437
mean: 1009.2719293546306
nL: 3.978585714223269
nR: 3.771103767765301
norm: 3.6798954244950437
sigma: 51.6373052919934
sigmaL: 52.107031700893394
sigmaR: 30.255456285657125
widthL: 52.107031700893394
widthR: 30.255456285657125
x0: 1009.2719293546306
