alphaL: 1.0445905313685333
alphaR: 1.3010113697083228
event_sum: 30.587807605217677
mean: 994.0161471004535
nL: 2.245546846176004
nR: 4.148292326405499
norm: 30.587807605217677
sigma: 129.33784188046604
sigmaL: 95.82506411462425
sigmaR: 54.89202293892603
widthL: 95.82506411462425
widthR: 54.89202293892603
x0: 994.0161471004535
