alphaL: 1.4419430639344626
alphaR: 2.433014809685744
event_sum: 193.5873060002923
fraction: 0.9998639644334311
mean: 1005.7956793082078
nL: 19.999827882938316
nR: 3.047699830758497
norm: 193.57405082788318
sigma: 50.05119864467416
sigmaL: 50.787777896667215
sigmaR: 31.323752013699586
widthL: 50.787777896667215
widthR: 31.323752013699586
x0: 1005.7956793082078
