alphaL: 1.9414040226550915
alphaR: 2.282723893352586
event_sum: 31817.0
mean: 1008.8140509509147
nL: 4.499999999418988
nR: 3.603976145345283
norm: 31817.0
sigma: 50.04842721477453
sigmaL: 55.51964295450473
sigmaR: 29.825717718726036
widthL: 55.51964295450473
widthR: 29.825717718726036
x0: 1008.8140509509147
