alphaL: 1.644286415778861
alphaR: 2.0270603575303383
event_sum: 2.1342950758044026
mean: 1007.7322838672101
nL: 4.242905883356912
nR: 4.262076668599665
norm: 2.1342950758044026
sigma: 51.592088411841665
sigmaL: 55.174792066021276
sigmaR: 27.55770914881079
widthL: 55.174792066021276
widthR: 27.55770914881079
x0: 1007.7322838672101
