alphaL: 1.325401481783241
alphaR: 2.584539193588312
event_sum: 85.78063639905304
mean: 1003.0768490237965
nL: 4.996531091192708
nR: 3.590308218469529
norm: 85.78063639905304
sigma: 49.94075641080154
sigmaL: 50.09055084196232
sigmaR: 30.23026158036611
widthL: 50.09055084196232
widthR: 30.23026158036611
x0: 1003.0768490237965
