alphaL: 1.2822977415125396
alphaR: 2.2955643230988834
event_sum: 20.918672041443642
fraction: 0.9998546905026535
mean: 1004.4750269827706
nL: 19.934762456792868
nR: 3.1635944876654016
norm: 20.91596308205044
sigma: 51.633331124246844
sigmaL: 50.27010186601792
sigmaR: 29.402306919605653
widthL: 50.27010186601792
widthR: 29.402306919605653
x0: 1004.4750269827706
