alphaL: 1.6136134832349807
alphaR: 2.2124597607322536
event_sum: 193.5873060002923
fraction: 0.9998390047960853
mean: 1006.9973277666311
nL: 9.999992298953096
nR: 4.481904995590366
norm: 193.56954350695014
sigma: 50.05119864467416
sigmaL: 52.770319220322385
sigmaR: 30.546421827045673
widthL: 52.770319220322385
widthR: 30.546421827045673
x0: 1006.9973277666311
