alphaL: 1.4692261169772292
alphaR: 2.3370005210820857
event_sum: 2.1267477263099863
mean: 1005.2309300587287
nL: 3.7871411908451003
nR: 2.6867391295553333
norm: 2.1267477263099863
sigma: 51.592088411841665
sigmaL: 52.23114853895202
sigmaR: 29.117067302100224
widthL: 52.23114853895202
widthR: 29.117067302100224
x0: 1005.2309300587287
