alphaL: 1.6007983282797893
alphaR: 1.967717386931413
event_sum: 3.6851180662415572
mean: 1007.1047977370957
nL: 4.117049443920741
nR: 4.111604457732389
norm: 3.6851180662415572
sigma: 51.592088411841665
sigmaL: 50.303668362045066
sigmaR: 31.596522437009043
widthL: 50.303668362045066
widthR: 31.596522437009043
x0: 1007.1047977370957
