alphaL: 1.4436429942406672
alphaR: 2.1901890881024793
event_sum: 20.918672041443642
fraction: 0.9996881241352781
mean: 1005.4516201382075
nL: 9.915773356116317
nR: 3.710659813956658
norm: 20.915102411876433
sigma: 51.633331124246844
sigmaL: 52.522490194535855
sigmaR: 28.92641353890794
widthL: 52.522490194535855
widthR: 28.92641353890794
x0: 1005.4516201382075
