alphaL: 0.9961382529913565
alphaR: 1.3406916427657474
event_sum: 27742.0
mean: 992.8737897199549
nL: 2.442695106688608
nR: 3.8677307114618746
norm: 27742.0
sigma: 129.39940315619253
sigmaL: 92.48085460319605
sigmaR: 56.039021883321965
widthL: 92.48085460319605
widthR: 56.039021883321965
x0: 992.8737897199549
