alphaL: 1.4575682246580164
alphaR: 1.887448817905827
event_sum: 36.09278792544501
fraction: 0.9996855135571925
mean: 1008.4536586592233
nL: 9.99939730677751
nR: 4.481334968905246
norm: 36.08469082682859
sigma: 51.633331124246844
sigmaL: 50.83880376966893
sigmaR: 30.83045857728937
widthL: 50.83880376966893
widthR: 30.83045857728937
x0: 1008.4536586592233
