alphaL: 1.5082150699938555
alphaR: 2.5024081303086767
event_sum: 86.18284512404352
mean: 1004.2962606069187
nL: 4.493875324734484
nR: 4.4789151592159815
norm: 86.18284512404352
sigma: 49.94075641080154
sigmaL: 52.97341928826225
sigmaR: 29.678491301334258
widthL: 52.97341928826225
widthR: 29.678491301334258
x0: 1004.2962606069187
