alphaL: 1.928823291756776
alphaR: 2.254896810762748
event_sum: 206.31106737349182
mean: 1007.7375186624397
nL: 4.498868286918289
nR: 3.886426263394937
norm: 206.31106737349182
sigma: 49.926343463189134
sigmaL: 54.98268971429803
sigmaR: 30.27852074902506
widthL: 54.98268971429803
widthR: 30.27852074902506
x0: 1007.7375186624397
