alphaL: 1.5086890087347322
alphaR: 2.504139317512599
event_sum: 86.18284512404352
mean: 1004.3212622005964
nL: 4.4937962727141185
nR: 4.479492060558384
norm: 86.18284512404352
sigma: 49.94075641080154
sigmaL: 52.986763096661946
sigmaR: 29.660534035665314
widthL: 52.986763096661946
widthR: 29.660534035665314
x0: 1004.3212622005964
