alphaL: 1.5625119935870793
alphaR: 2.3750074125619336
event_sum: 205.65559868048877
mean: 1005.6219898303286
nL: 4.999966949484398
nR: 3.568188553512375
norm: 205.65559868048877
sigma: 49.94075641080154
sigmaL: 50.86756740152623
sigmaR: 31.41908325301336
widthL: 50.86756740152623
widthR: 31.41908325301336
x0: 1005.6219898303286
