alphaL: 1.062742762093694
alphaR: 2.324025698757237
event_sum: 20.918672041443642
fraction: 0.9915007712789541
mean: 1003.0855639394466
nL: 58.596263889617035
nR: 3.125923608794954
norm: 20.80199966643704
sigma: 51.633331124246844
sigmaL: 46.305462767624334
sigmaR: 29.973193797996455
widthL: 46.305462767624334
widthR: 29.973193797996455
x0: 1003.0855639394466
