alphaL: 1.8046082805651367
alphaR: 2.3964815124062997
event_sum: 206.2174530411139
mean: 1006.8419189575072
nL: 3.999976332506184
nR: 3.01303888781648
norm: 206.2174530411139
sigma: 49.94075641080154
sigmaL: 53.38980652700442
sigmaR: 30.859878483589135
widthL: 53.38980652700442
widthR: 30.859878483589135
x0: 1006.8419189575072
