alphaL: 1.2468065646662938
alphaR: 2.470161318634101
event_sum: 81.0571765806526
fraction: 0.9999928366188601
mean: 1003.4030798821505
nL: 19.999532591764705
nR: 5.049557990728236
norm: 81.0571765806526
sigma: 50.05119864467416
sigmaL: 50.48527994660086
sigmaR: 30.141307053273227
widthL: 50.48527994660086
widthR: 30.141307053273227
x0: 1003.4030798821505
