alphaL: 1.4987506819355887
alphaR: 2.5050341998054333
event_sum: 86.07145124301314
mean: 1004.1031617678209
nL: 4.498128679007233
nR: 4.482433116502367
norm: 86.07145124301314
sigma: 49.926343463189134
sigmaL: 52.750610874837975
sigmaR: 29.81763355836966
widthL: 52.750610874837975
widthR: 29.81763355836966
x0: 1004.1031617678209
