alphaL: 1.0739019446706746
alphaR: 1.3255172448699715
event_sum: 15038.0
mean: 983.1042908672694
nL: 4.46352686972415
nR: 4.499904589990211
norm: 15038.0
sigma: 129.39940315619253
sigmaL: 87.91302488902815
sigmaR: 62.27862169504857
widthL: 87.91302488902815
widthR: 62.27862169504857
x0: 983.1042908672694
