alphaL: 1.3079285379871703
alphaR: 1.8638026079924532
event_sum: 36.09278792544501
fraction: 0.9999037367989115
mean: 1007.630362383882
nL: 19.999721868369758
nR: 4.945818906384533
norm: 36.08611535059754
sigma: 51.633331124246844
sigmaL: 48.948755583864695
sigmaR: 31.132608037600296
widthL: 48.948755583864695
widthR: 31.132608037600296
x0: 1007.630362383882
