alphaL: 1.5460981322571368
alphaR: 2.558663158187634
event_sum: 86.18284512404352
mean: 1004.4476348029583
nL: 3.999121369113036
nR: 3.419711590968967
norm: 86.18284512404352
sigma: 49.94075641080154
sigmaL: 53.32309044992257
sigmaR: 29.6055734334458
widthL: 53.32309044992257
widthR: 29.6055734334458
x0: 1004.4476348029583
