alphaL: 1.1787752214370035
alphaR: 1.311664999255354
event_sum: 16.757517757476307
mean: 984.2861393151793
nL: 2.946733654373396
nR: 4.499935876667671
norm: 16.757517757476307
sigma: 129.33784188046604
sigmaL: 90.66988196589178
sigmaR: 61.2673858532059
widthL: 90.66988196589178
widthR: 61.2673858532059
x0: 984.2861393151793
