alphaL: 1.4727865402044082
alphaR: 1.8536599361186663
event_sum: 3.673931723787973
mean: 1008.1921710738973
nL: 4.596696518919879
nR: 4.5840281399399485
norm: 3.673931723787973
sigma: 51.592088411841665
sigmaL: 50.22212347037882
sigmaR: 30.648054674975022
widthL: 50.22212347037882
widthR: 30.648054674975022
x0: 1008.1921710738973
