alphaL: 1.6425036445585224
alphaR: 2.366878855306927
event_sum: 2.132824065964087
mean: 1005.9183752237965
nL: 3.404836904224546
nR: 2.611709205146109
norm: 2.132824065964087
sigma: 51.6373052919934
sigmaL: 54.19488817395874
sigmaR: 29.025594337522122
widthL: 54.19488817395874
widthR: 29.025594337522122
x0: 1005.9183752237965
