alphaL: 1.6047784480685927
alphaR: 1.9704328069667303
event_sum: 3.6851180662415572
mean: 1007.0942978206112
nL: 4.126708124657025
nR: 4.116270183847285
norm: 3.6851180662415572
sigma: 51.592088411841665
sigmaL: 50.42121546650162
sigmaR: 31.606302684257308
widthL: 50.42121546650162
widthR: 31.606302684257308
x0: 1007.0942978206112
