alphaL: 1.046151588235379
alphaR: 1.3033050961155765
event_sum: 30.569950956327375
mean: 993.7865928256098
nL: 2.1491939669211604
nR: 4.381081286879994
norm: 30.569950956327375
sigma: 129.33784188046604
sigmaL: 95.34318262748978
sigmaR: 55.22139176013647
widthL: 95.34318262748978
widthR: 55.22139176013647
x0: 993.7865928256098
