alphaL: 1.7606346271229028
alphaR: 2.378491220301751
event_sum: 206.2174530411139
mean: 1006.7879923247345
nL: 4.498975809512271
nR: 3.1996153623665124
norm: 206.2174530411139
sigma: 49.94075641080154
sigmaL: 53.17547514017742
sigmaR: 30.86038148741934
widthL: 53.17547514017742
widthR: 30.86038148741934
x0: 1006.7879923247345
