alphaL: 1.7649774579874709
alphaR: 2.3213110957980834
event_sum: 206.2174530411139
mean: 1006.8180570670527
nL: 4.498600793737596
nR: 3.585839367048253
norm: 206.2174530411139
sigma: 49.94075641080154
sigmaL: 53.17680094942939
sigmaR: 30.790671430452193
widthL: 53.17680094942939
widthR: 30.790671430452193
x0: 1006.8180570670527
