alphaL: 1.1815923677734914
alphaR: 2.4080805777935153
event_sum: 192.93113276269287
mean: 1004.2971850323014
nL: 142.0640595627777
nR: 3.655355873743449
norm_2016: 52.772567990235984
norm_2017: 62.556649865582585
norm_2018: 88.68249100446701
norm_Run2: 192.93113276269287
sigma: 50.05119864467416
sigmaL: 47.0718034467852
sigmaR: 31.971737485389014
widthL: 47.0718034467852
widthR: 31.971737485389014
x0: 1004.2971850323014
