alphaL: 1.18006238233228
alphaR: 2.4019106070294116
event_sum: 192.93113276269287
mean: 1004.2343822188287
nL: 146.3171115643313
nR: 3.7294617328893724
norm_2016: 52.772567990235984
norm_2017: 62.556649865582585
norm_2018: 88.68249100446701
sigma: 50.05119864467416
sigmaL: 47.03208825822485
sigmaR: 32.01611171416173
widthL: 47.03208825822485
widthR: 32.01611171416173
x0: 1004.2343822188287
