alphaL: 1.0206523010245334
alphaR: 2.616338008550073
event_sum: 80.6378964772448
mean: 1002.2971977003785
nL: 61.5661388859022
nR: 3.17454745877072
norm_2016: 21.029673133976758
norm_2017: 26.231639916077256
norm_2018: 37.86812952533364
norm_norm_Run2: 85.12944257538766
sigma: 50.05119864467416
sigmaL: 46.38980429710854
sigmaR: 30.632275271731206
widthL: 46.38980429710854
widthR: 30.632275271731206
x0: 1002.2971977003785
