alphaL: 0.8441113632406717
alphaR: 1.544402316695983
event_sum: 32.353867954050656
mean: 990.6349064696842
nL: 4.25509235524775
nR: 4.3132185299484735
norm_2016: 32.353867954050656
norm_2017: 32.353867954050656
norm_2018: 32.353867954050656
norm_Run2: 32.353867954050656
sigma: 107.02965329025464
sigmaL: 56.42895694303541
sigmaR: 52.6238755115693
widthL: 56.42895694303541
widthR: 52.6238755115693
x0: 990.6349064696842
