alphaL: 1.0816528517356925
alphaR: 1.8191505383011612
event_sum: 35.93893196666613
mean: 1006.0983495423883
nL: 65.87855908020981
nR: 6.979717193169822
norm_2016: 9.803728849859908
norm_2017: 11.14528092497494
norm_2018: 15.721044314093888
norm_Run2: 36.67005408892874
sigma: 51.633331124246844
sigmaL: 44.95890173305675
sigmaR: 31.925311982093678
widthL: 44.95890173305675
widthR: 31.925311982093678
x0: 1006.0983495423883
