alphaL: 0.7866448486979117
alphaR: 1.581087084631684
event_sum: 32.353867954050656
mean: 988.7236905607652
nL: 4.610245107932356
nR: 4.261817517394614
norm_2016: 8.696522889018524
norm_2017: 10.112231403705664
norm_2018: 14.098511741263792
norm_Run2: 32.90726603398798
sigma: 56.0
sigmaL: 53.052535338360386
sigmaR: 54.08219514342888
widthL: 53.052535338360386
widthR: 54.08219514342888
x0: 988.7236905607652
