alphaL: 0.9979638280545953
alphaR: 1.3509999531520602
event_sum: 29.932048904011026
mean: 992.497599047016
nL: 2.4324313671384425
nR: 3.8389107782604306
norm_2016: 29.932048904011026
norm_2017: 29.932048904011026
norm_2018: 29.932048904011026
norm_Run2: 29.932048904011026
sigma: 129.4053430901878
sigmaL: 92.76893075505501
sigmaR: 56.2185540269374
widthL: 92.76893075505501
widthR: 56.2185540269374
x0: 992.497599047016
