alphaL: 0.9910259461783045
alphaR: 1.3624598185361636
event_sum: 29.932048904011026
mean: 992.5079427990335
nL: 2.4788340921704655
nR: 3.7675245172549605
norm_2016: 8.13770451513119
norm_2017: 9.533486643224023
norm_2018: 12.770855588605627
sigma: 100.0
sigmaL: 92.55000730653533
sigmaR: 56.47421714082298
widthL: 92.55000730653533
widthR: 56.47421714082298
x0: 992.5079427990335
