alphaL: 1.1189383395094825
alphaR: 1.4703718345002994
event_sum: 17.74576096999226
mean: 994.4917505763631
nL: 4.237994104400785
nR: 3.760788661973471
norm_2016: 17.74576096999226
norm_2017: 17.74576096999226
norm_2018: 17.74576096999226
norm_Run2: 17.74576096999226
sigma: 107.02965329025464
sigmaL: 70.56430234368652
sigmaR: 46.620531335896935
widthL: 70.56430234368652
widthR: 46.620531335896935
x0: 994.4917505763631
