alphaL: 1.085754438874931
alphaR: 1.4364657981427174
event_sum: 17.74576096999226
mean: 995.2766873750326
nL: 4.877457418924612
nR: 3.886615462361903
norm_2016: 4.667735962255392
norm_2017: 5.467459034174681
norm_2018: 7.980182153638452
norm_norm_Run2: 18.115377150068525
sigma: 56.0
sigmaL: 70.65886902898501
sigmaR: 45.80915936558405
widthL: 70.65886902898501
widthR: 45.80915936558405
x0: 995.2766873750326
