alphaL: 1.0581038508176943
alphaR: 1.3683763879578903
event_sum: 16.349048067990225
mean: 982.038734262596
nL: 4.114872455717796
nR: 3.8299691587217026
norm_2016: 4.092789233953226
norm_2017: 5.213640939560719
norm_2018: 7.322052172385156
norm_norm_Run2: 16.6284823458991
sigma: 100.0
sigmaL: 86.47087242601525
sigmaR: 62.850544710879575
widthL: 86.47087242601525
widthR: 62.850544710879575
x0: 982.038734262596
