alphaL: 1.0845973966237188
alphaR: 1.363991786800807
event_sum: 16.349048067990225
mean: 982.0708459832065
nL: 3.925309990445365
nR: 3.9468116991115094
norm_2016: 16.349048067990225
norm_2017: 16.349048067990225
norm_2018: 16.349048067990225
norm_Run2: 16.349048067990225
sigma: 129.4053430901878
sigmaL: 87.41735701758248
sigmaR: 62.967098787184696
widthL: 87.41735701758248
widthR: 62.967098787184696
x0: 982.0708459832065
