alphaL: 1.0628632256985076
alphaR: 2.322817158431183
event_sum: 20.80199966643704
mean: 1003.090253178563
nL: 58.54357262198011
nR: 3.133320849088231
norm_2016: 5.278381132695358
norm_2017: 6.398783793789335
norm_2018: 9.537186633097008
sigma: 51.633331124246844
sigmaL: 46.3100058902701
sigmaR: 29.969395314380453
widthL: 46.3100058902701
widthR: 29.969395314380453
x0: 1003.090253178563
