alphaL: 0.8679662039755281
alphaR: 2.3758122578036143
event_sum: 63.2316446066834
mean: 1596.6032258014855
nL: 138.1715674010909
nR: 2.1534428668362726
norm_2016: 17.847112070652656
norm_2017: 20.847558086388744
norm_2018: 29.17324396315962
norm_Run2: 63.2316446066834
sigma: 76.06992156776154
sigmaL: 55.31232668873901
sigmaR: 47.5202408816278
widthL: 55.31232668873901
widthR: 47.5202408816278
x0: 1596.6032258014855
