alphaL: 1.065172852584197
alphaR: 2.4548858147126467
event_sum: 47.02692958584521
mean: 1599.5130830102328
nL: 90.46757787148681
nR: 1.9993158799967483
norm_2016: 12.4816720392555
norm_2017: 15.545390799525194
norm_2018: 22.49353151069954
norm_Run2: 47.02692958584521
sigma: 76.06992156776154
sigmaL: 66.79562713850326
sigmaR: 41.61857309988688
widthL: 66.79562713850326
widthR: 41.61857309988688
x0: 1599.5130830102328
