alphaL: 0.868241283902604
alphaR: 1.9647481747665814
event_sum: 33.49664601881523
mean: 1601.1317943346562
nL: 17.582758023141988
nR: 2.225137488633605
norm_2016: 9.261545819230378
norm_2017: 10.66035943524912
norm_2018: 14.39742464828305
norm_Run2: 33.49664601881523
sigma: 84.72051669948057
sigmaL: 55.33055200530547
sigmaR: 45.315454969880264
widthL: 55.33055200530547
widthR: 45.315454969880264
x0: 1601.1317943346562
