alphaL: 0.8114478199111838
alphaR: 2.5077427020542156
event_sum: 33.75372180121485
mean: 1597.358949879393
nL: 63.76987971911998
nR: 1.1927245769331765
norm_2016: 8.589620498707518
norm_2017: 10.735253875725903
norm_2018: 15.293212699238211
norm_Run2: 33.75372180121485
sigma: 84.72051669948057
sigmaL: 55.90547136614428
sigmaR: 44.46278374179343
widthL: 55.90547136614428
widthR: 44.46278374179343
x0: 1597.358949879393
