alphaL: 0.9212682640871112
alphaR: 1.271435454339842
event_sum: 7.0248959927788235
fraction: 0.9152287448704691
mean: 2132.8128326355672
nL: 1.7905379614458137
nR: 4.1228737962411515
norm: 5.620597191759742
sigma: 120.4
sigmaL: 128.1709739677939
sigmaR: 87.79008574149431
widthL: 128.1709739677939
widthR: 87.79008574149431
x0: 2132.8128326355672
