alphaL: 1.162057250237532
alphaR: 1.49330258929229
event_sum: 6.855109385566896
fraction: 0.8302606002337481
mean: 2136.0514143044434
nL: 0.6739304125336846
nR: 3.4081029586305114
norm: 4.2550821467951465
sigma: 120.4
sigmaL: 144.0025111062805
sigmaR: 96.44644037766963
widthL: 144.0025111062805
widthR: 96.44644037766963
x0: 2136.0514143044434
