alphaL: 1.007990523656141
alphaR: 1.255872103788818
event_sum: 0.4038920752581276
mean: 2152.168100721888
nL: 0.8799162269407128
nR: 3.3606751324227884
norm: 0.4038920752581276
sigma: 120.4
sigmaL: 135.0749300807903
sigmaR: 78.5549725403844
widthL: 135.0749300807903
widthR: 78.5549725403844
x0: 2152.168100721888
