alphaL: 0.8572648854653402
alphaR: 1.2279800921442514
event_sum: 0.5466657345811732
mean: 2135.3494620720676
nL: 2.0580925693167518
nR: 3.7340200547979143
norm: 0.5466657345811732
sigma: 120.4
sigmaL: 129.24124851568905
sigmaR: 83.87812614046103
widthL: 129.24124851568905
widthR: 83.87812614046103
x0: 2135.3494620720676
