alphaL: 0.7901619030535305
alphaR: 1.600291676917812
event_sum: 0.5213189933738698
mean: 2131.731128280992
nL: 3.137688776239753
nR: 1.8805974952175906
norm: 0.5213189933738698
sigma: 120.4
sigmaL: 124.68249384297837
sigmaR: 93.61899441974235
widthL: 124.68249384297837
widthR: 93.61899441974235
x0: 2131.731128280992
