alphaL: 1.1928132443160213
alphaR: 1.5550014911387207
event_sum: 0.3831428261097691
mean: 2151.53505280886
nL: 0.619025121873287
nR: 1.6700657380541675
norm: 0.3831428261097691
sigma: 120.4
sigmaL: 157.2090651743737
sigmaR: 83.87133711503931
widthL: 157.2090651743737
widthR: 83.87133711503931
x0: 2151.53505280886
