alphaL: 1.0172737832713292
alphaR: 1.2895437496716222
event_sum: 19.8798189575524
fraction: 0.7359350732763833
mean: 2061.5609194460117
nL: 0.4
nR: 4.438464542107916
norm: 10.40027941752738
sigma: 210.0
sigmaL: 207.97350207364562
sigmaR: 105.76949825380741
widthL: 207.97350207364562
widthR: 105.76949825380741
x0: 2061.5609194460117
