alphaL: 1.1434743464732788
alphaR: 1.2134711120335315
event_sum: 18.253226702936683
fraction: 0.8003618270576848
mean: 2072.4962578835703
nL: 0.5994487303565751
nR: 4.242030927688362
norm: 13.007518879245271
sigma: 210.0
sigmaL: 215.38081789506336
sigmaR: 99.6572475512416
widthL: 215.38081789506336
widthR: 99.6572475512416
x0: 2072.4962578835703
