alphaL: 1.2577498265183655
alphaR: 1.651526757218376
event_sum: 1.1897540825491417
mean: 2046.2394520378239
nL: 0.10417029358950602
nR: 3.2718067972739235
norm: 1.1897540825491417
sigma: 210.0
sigmaL: 214.2324744648249
sigmaR: 129.33457960999084
widthL: 214.2324744648249
widthR: 129.33457960999084
x0: 2046.2394520378239
