alphaL: 0.4390716410199514
alphaR: 1.2516061793467423
event_sum: 1.3861403501565928
mean: 2079.256534427964
nL: 1.002273758569069
nR: 3.585276815151145
norm: 1.3861403501565928
sigma: 210.0
sigmaL: 187.33122799814345
sigmaR: 96.63415074994823
widthL: 187.33122799814345
widthR: 96.63415074994823
x0: 2079.256534427964
