alphaL: 1.4134284493059757
alphaR: 1.4332036609258276
event_sum: 1.4508813496641702
mean: 2069.8784903668916
nL: 0.1830449957711891
nR: 2.8630918611924563
norm: 1.4508813496641702
sigma: 210.0
sigmaL: 228.3933046301845
sigmaR: 105.03953766686779
widthL: 228.3933046301845
widthR: 105.03953766686779
x0: 2069.8784903668916
