alphaL: 0.6942880153681026
alphaR: 1.4193879439868995
event_sum: 1.586675073641604
mean: 2053.7525209729747
nL: 1.0003627287747592
nR: 3.712292474011686
norm: 1.586675073641604
sigma: 210.0
sigmaL: 156.93495838230785
sigmaR: 116.41330003584729
widthL: 156.93495838230785
widthR: 116.41330003584729
x0: 2053.7525209729747
