alphaL: 2.26862976119996
alphaR: 2.7454541837082234
event_sum: 112.12083274697412
mean: 906.3032380123971
nL: 2.999943583068411
nR: 2.99865971669267
norm: 112.12083274697412
sigma: 54.38029503794958
sigmaL: 56.043643316868504
sigmaR: 26.954132774131626
widthL: 56.043643316868504
widthR: 26.954132774131626
x0: 906.3032380123971
