alphaL: 1.0894218222962797
alphaR: 1.750651464929869
event_sum: 10.128732718032609
mean: 909.2227890739542
nL: 0.20000000034899224
nR: 2.0400184569965565
norm: 10.128732718032609
sigmaL: 32.88085788322176
sigmaR: 30.22856527654933
widthL: 32.88085788322176
widthR: 30.22856527654933
x0: 909.2227890739542
