alphaL: 0.4780174870502008
alphaR: 2.7654362938056325
event_sum: 13.522234102341013
mean: 904.2601850421914
nL: 2.999994215633967
nR: 2.231320227385989
norm: 13.522234102341013
sigma: 114
sigmaL: 30.3814547416598
sigmaR: 28.236360305843686
widthL: 30.3814547416598
widthR: 28.236360305843686
x0: 904.2601850421914
