alphaL: 1.9897653988508965
alphaR: 2.4408214550010428
event_sum: 143.00343552422171
mean: 906.1292781895313
nL: 3.999988476229364
nR: 3.9752229618749677
norm: 143.00343552422171
sigmaL: 53.24860429237575
sigmaR: 27.559941876862894
widthL: 53.24860429237575
widthR: 27.559941876862894
x0: 906.1292781895313
