alphaL: 3.9521878961999133
alphaR: 2.0244839432753876
event_sum: 113.67324213492869
mean: 881.0402093480013
nL: 1.187564785731738
nR: 3.672755217492687
norm: 113.67324213492869
sigmaL: 66.02887325873768
sigmaR: 33.3023186951564
widthL: 66.02887325873768
widthR: 33.3023186951564
x0: 881.0402093480013
