alphaL: 0.35512218004860546
alphaR: 2.688937514901149
event_sum: 33.39377990788424
mean: 903.9505419390738
nL: 2.9998632573186153
nR: 2.343544270236311
norm: 33.39377990788424
sigma: 114
sigmaL: 23.318611483868203
sigmaR: 30.241864174325915
widthL: 23.318611483868203
widthR: 30.241864174325915
x0: 903.9505419390738
