alphaL: 0.4700561654924018
alphaR: 2.45707214988026
event_sum: 4.408827277873059
mean: 904.4247635284684
nL: 1.404080512300731
nR: 2.6379363449776916
norm: 4.408827277873059
sigma: 114.35640359233781
sigmaL: 22.90132093723869
sigmaR: 31.354755799359317
widthL: 22.90132093723869
widthR: 31.354755799359317
x0: 904.4247635284684
