alphaL: 2.1308005962997236
alphaR: 2.5737508028888665
event_sum: 112.19464891607015
mean: 906.0908178371224
nL: 3.9999618392447243
nR: 3.9861449686401635
norm: 112.19464891607015
sigma: 54.38213028934742
sigmaL: 55.45537098585257
sigmaR: 26.956097862925237
widthL: 55.45537098585257
widthR: 26.956097862925237
x0: 906.0908178371224
