alphaL: 0.1956733358121643
alphaR: 2.67672051685436
event_sum: 20.9227504986283
mean: 886.6535950717894
nL: 0.20000165477713006
nR: 3.22584758837926
norm: 20.9227504986283
sigmaL: 0.35955984966965343
sigmaR: 40.42607770291227
widthL: 0.35955984966965343
widthR: 40.42607770291227
x0: 886.6535950717894
