alphaL: 2.0446202865556424
alphaR: 1.7697817883941707
event_sum: 100.72289244118254
mean: 906.911358401844
nL: 3.9837086742069223
nR: 2.7683087771485764
norm: 100.72289244118254
sigmaL: 46.035708298087954
sigmaR: 28.588271768669284
widthL: 46.035708298087954
widthR: 28.588271768669284
x0: 906.911358401844
