alphaL: 2.2270673312046076
alphaR: 2.4822388621808087
event_sum: 296.2439187893979
mean: 908.4449701901901
nL: 2.9999976242262933
nR: 2.9993037150166937
norm: 296.2439187893979
sigma: 54.38029503794958
sigmaL: 51.95827063130681
sigmaR: 27.734732726702095
widthL: 51.95827063130681
widthR: 27.734732726702095
x0: 908.4449701901901
