alphaL: 0.4539182989050167
alphaR: 2.5121912450619663
event_sum: 4.408827277873059
mean: 904.4430301870583
nL: 1.4325746430322852
nR: 2.647908176231672
norm: 4.408827277873059
sigma: 114.35640359233781
sigmaL: 22.597333666053416
sigmaR: 31.692341885376056
widthL: 22.597333666053416
widthR: 31.692341885376056
x0: 904.4430301870583
