alphaL: 1.0701046581029825
alphaR: 2.7187008170529565
event_sum: 15.008431180401065
mean: 902.3835180813825
nL: 0.20000044370119374
nR: 2.3748377984281293
norm: 15.008431180401065
sigmaL: 33.47261002952034
sigmaR: 30.36933519267605
widthL: 33.47261002952034
widthR: 30.36933519267605
x0: 902.3835180813825
