alphaL: 2.140814924462755
alphaR: 2.5166838559682687
event_sum: 85.43197515507332
mean: 906.3594109193043
nL: 5.998123167546198
nR: 4.661613682130907
norm: 85.43197515507332
sigmaL: 55.60891075496641
sigmaR: 27.126076084296365
widthL: 55.60891075496641
widthR: 27.126076084296365
x0: 906.3594109193043
