alphaL: 2.221233726818299
alphaR: 2.5747277706551652
event_sum: 315.2053722532915
mean: 907.3734610687892
nL: 2.999947090130284
nR: 2.9986982116900167
norm: 315.2053722532915
sigma: 54
sigmaL: 53.57500294625124
sigmaR: 27.481594436338785
widthL: 53.57500294625124
widthR: 27.481594436338785
x0: 907.3734610687892
