alphaL: 0.253336567056938
alphaR: 2.1305764456667395
event_sum: 21.702865760972536
mean: 910.7430892339266
nL: 3.999527337442205
nR: 3.4632829507797758
norm: 21.702865760972536
sigmaL: 25.611624123464637
sigmaR: 28.671647242034098
widthL: 25.611624123464637
widthR: 28.671647242034098
x0: 910.7430892339266
