alphaL: 2.1276704339590764
alphaR: 2.6237447679756505
event_sum: 315.2192961159745
mean: 906.883312211453
nL: 2.999987703847475
nR: 2.9945556357325227
norm: 315.2192961159745
sigma: 54
sigmaL: 52.85273149948854
sigmaR: 27.75911726929815
widthL: 52.85273149948854
widthR: 27.75911726929815
x0: 906.883312211453
