alphaL: 0.29477432796500225
alphaR: 2.0645755397166297
event_sum: 13.815383101875184
mean: 910.1480602334805
nL: 2.999982736910261
nR: 2.825758029189258
norm: 13.815383101875184
sigma: 114
sigmaL: 19.195858740099034
sigmaR: 28.525145681515774
widthL: 19.195858740099034
widthR: 28.525145681515774
x0: 910.1480602334805
