alphaL: 2.2280946958570103
alphaR: 2.469349896350136
event_sum: 296.2439187893979
mean: 908.4968260681678
nL: 2.9999983354059547
nR: 2.995690431252743
norm: 296.2439187893979
sigma: 54.35414305448025
sigmaL: 51.98927842695699
sigmaR: 27.68769338595816
widthL: 51.98927842695699
widthR: 27.68769338595816
x0: 908.4968260681678
