alphaL: 0.44327080017516446
alphaR: 2.5769350352214393
event_sum: 9.999381236710155
mean: 907.7949450028993
nL: 2.9994934558002884
nR: 2.403495723388001
norm: 9.999381236710155
sigma: 112
sigmaL: 37.264183856429646
sigmaR: 26.853287483860534
widthL: 37.264183856429646
widthR: 26.853287483860534
x0: 907.7949450028993
