alphaL: 0.2674227911613437
alphaR: 2.2556240892257544
event_sum: 21.702865760972536
mean: 909.5056859901199
nL: 2.999684052296491
nR: 2.886562552304774
norm: 21.702865760972536
sigmaL: 24.16510212835994
sigmaR: 29.365328971537963
widthL: 24.16510212835994
widthR: 29.365328971537963
x0: 909.5056859901199
