alphaL: 2.2287664660965176
alphaR: 2.5261376247739187
event_sum: 135.17738572490978
mean: 907.9164048715513
nL: 2.9995734115205837
nR: 2.3699551839052884
norm: 135.17738572490978
sigma: 54
sigmaL: 49.73803768170001
sigmaR: 28.691496327417813
widthL: 49.73803768170001
widthR: 28.691496327417813
x0: 907.9164048715513
