alphaL: 0.49297422489451337
alphaR: 2.7640542884253194
event_sum: 13.522234102341013
mean: 905.2162115316353
nL: 2.0463410247781884
nR: 2.4684787533747516
norm: 13.522234102341013
sigma: 114.35554017922394
sigmaL: 29.909794428362215
sigmaR: 27.754636570079875
widthL: 29.909794428362215
widthR: 27.754636570079875
x0: 905.2162115316353
