alphaL: 0.557368228284706
alphaR: 2.6937781991972556
event_sum: 2.0442861872727445
mean: 905.9427708814901
nL: 2.0260011672975766
nR: 2.634688140584458
norm: 2.0442861872727445
sigma: 114.35640359233781
sigmaL: 33.59545243194924
sigmaR: 27.46883770450864
widthL: 33.59545243194924
widthR: 27.46883770450864
x0: 905.9427708814901
