alphaL: 5.963579939431006
alphaR: 1.7596197235665076
event_sum: 21.702865760972536
mean: 925.8074568278431
nL: 0.21044334606405374
nR: 3.768484898110901
norm: 21.702865760972536
sigmaL: 160.68864855701128
sigmaR: 22.86464185303367
widthL: 160.68864855701128
widthR: 22.86464185303367
x0: 925.8074568278431
