alphaL: 2.264031710006874
alphaR: 2.75666903800786
event_sum: 112.12083274697412
mean: 906.2240801258263
nL: 2.999999304270262
nR: 2.9997845703016814
norm: 112.12083274697412
sigma: 54.35414305448025
sigmaL: 55.97872530905055
sigmaR: 27.017953186008373
widthL: 55.97872530905055
widthR: 27.017953186008373
x0: 906.2240801258263
