alphaL: 2.152115769896499
alphaR: 2.4262895932178727
event_sum: 135.21366404871856
mean: 907.6169120737972
nL: 2.998552591571783
nR: 2.9851609136359407
norm: 135.21366404871856
sigma: 54
sigmaL: 49.18448160732505
sigmaR: 28.79729635713671
widthL: 49.18448160732505
widthR: 28.79729635713671
x0: 907.6169120737972
