alphaL: 1.26342075652807
alphaR: 2.2233978841425555
event_sum: 12.65260213169872
mean: 876.6653370487326
nL: 0.20000788573732334
nR: 3.1384562674344947
norm: 12.65260213169872
sigmaL: 47.453669957333844
sigmaR: 36.4835827170831
widthL: 47.453669957333844
widthR: 36.4835827170831
x0: 876.6653370487326
