alphaL: 3.7570993517161013
alphaR: 1.8774803920459102
event_sum: 302.3354540582073
mean: 884.0934436873794
nL: 3.316722290992587
nR: 3.8560037460167393
norm: 302.3354540582073
sigmaL: 64.38246614543775
sigmaR: 32.44144289674872
widthL: 64.38246614543775
widthR: 32.44144289674872
x0: 884.0934436873794
