alphaL: 1.3162524427727562
alphaR: 2.6337702973473003
event_sum: 32.41235299253348
mean: 903.1014598870848
nL: 0.20000000471952326
nR: 2.5704860444672732
norm: 32.41235299253348
sigma: 114
sigmaL: 37.537888473861386
sigmaR: 30.534694598214323
widthL: 37.537888473861386
widthR: 30.534694598214323
x0: 903.1014598870848
