alphaL: 1.984945298927692
alphaR: 2.1575803923597747
event_sum: 225.6402480761251
mean: 908.2191743615186
nL: 5.999897521996173
nR: 5.978862959831678
norm: 225.6402480761251
sigmaL: 50.92624249950331
sigmaR: 27.80597830911193
widthL: 50.92624249950331
widthR: 27.80597830911193
x0: 908.2191743615186
