alphaL: 0.26047336178077274
alphaR: 2.3981274040950047
event_sum: 29.17275354333837
mean: 903.4963345031879
nL: 1.5241128655645948
nR: 2.9878934785469964
norm: 29.17275354333837
sigma: 114.35554017922394
sigmaL: 13.111296473544094
sigmaR: 31.713097848563944
widthL: 13.111296473544094
widthR: 31.713097848563944
x0: 903.4963345031879
