alphaL: 2.254190332607824
alphaR: 2.7638304140565344
event_sum: 112.12083274697412
mean: 906.1634319085729
nL: 2.9988644245993585
nR: 2.9673585880171354
norm: 112.12083274697412
sigma: 54
sigmaL: 55.83221640758969
sigmaR: 27.020362046374608
widthL: 55.83221640758969
widthR: 27.020362046374608
x0: 906.1634319085729
