alphaL: 1.3386872362131057
alphaR: 2.1027812989946457
event_sum: 13.5104469747114
mean: 908.7816163544659
nL: 0.20000002287102567
nR: 2.6462491579016842
norm: 13.5104469747114
sigma: 114
sigmaL: 37.33021843969428
sigmaR: 29.354837205647677
widthL: 37.33021843969428
widthR: 29.354837205647677
x0: 908.7816163544659
