alphaL: 2.1830375631036762
alphaR: 2.4684771580908085
event_sum: 225.63502498224756
mean: 908.2044136210836
nL: 2.9999874579040013
nR: 2.9919582902294772
norm: 225.63502498224756
sigma: 54
sigmaL: 51.501210896054886
sigmaR: 28.15113253641992
widthL: 51.501210896054886
widthR: 28.15113253641992
x0: 908.2044136210836
