alphaL: 2.257987363528623
alphaR: 2.7674329066551793
event_sum: 112.19464891607015
mean: 906.1444964681433
nL: 2.996977561973779
nR: 2.966917392777103
norm: 112.19464891607015
sigma: 54.38213028934742
sigmaL: 55.86549442051878
sigmaR: 27.08902380333218
widthL: 55.86549442051878
widthR: 27.08902380333218
x0: 906.1444964681433
