alphaL: 2.073450910079926
alphaR: 2.3592449376821154
event_sum: 296.4294199794983
mean: 908.0955220662735
nL: 3.9996482311387314
nR: 3.9322669135875072
norm: 296.4294199794983
sigma: 54.38213028934742
sigmaL: 51.21658493610898
sigmaR: 27.81014827410683
widthL: 51.21658493610898
widthR: 27.81014827410683
x0: 908.0955220662735
