alphaL: 2.2330184960778166
alphaR: 2.460177824355174
event_sum: 296.2439187893979
mean: 908.5838661612875
nL: 2.999999513609504
nR: 2.990963015939848
norm: 296.2439187893979
sigma: 54
sigmaL: 52.060601193684604
sigmaR: 27.631764764603368
widthL: 52.060601193684604
widthR: 27.631764764603368
x0: 908.5838661612875
