alphaL: 0.49556507021533
alphaR: 2.555835154448103
event_sum: 2.0442861872727445
mean: 907.6147797978429
nL: 2.4980491842400743
nR: 2.799132740265991
norm: 2.0442861872727445
sigma: 114.35640359233781
sigmaL: 34.120660282357115
sigmaR: 26.35601628327929
widthL: 34.120660282357115
widthR: 26.35601628327929
x0: 907.6147797978429
