alphaL: 2.2926661336830296
alphaR: 2.7492211796419257
event_sum: 85.43197515507332
mean: 906.4292521534653
nL: 2.9984829213893285
nR: 2.9134779073827306
norm: 85.43197515507332
sigma: 54
sigmaL: 55.913596094571176
sigmaR: 27.20391252083101
widthL: 55.913596094571176
widthR: 27.20391252083101
x0: 906.4292521534653
