alphaL: 2.0400429907533892
alphaR: 2.337900054660136
event_sum: 225.63502498224756
mean: 907.9275154540214
nL: 3.9994861923939076
nR: 3.9989521846279668
norm: 225.63502498224756
sigmaL: 50.805547405592506
sigmaR: 28.157953506826143
widthL: 50.805547405592506
widthR: 28.157953506826143
x0: 907.9275154540214
