alphaL: 1.1699979410674457
alphaR: 2.089710975110584
event_sum: 27.360221448028135
mean: 876.1060178456767
nL: 0.20000001435233558
nR: 3.6143913532045575
norm: 27.360221448028135
sigmaL: 40.87347056442666
sigmaR: 39.04584610901137
widthL: 40.87347056442666
widthR: 39.04584610901137
x0: 876.1060178456767
