alphaL: 0.32484461152264843
alphaR: 2.4031498512308738
event_sum: 29.17275354333837
mean: 903.6361549213458
nL: 1.482151543801235
nR: 2.811643697122346
norm: 29.17275354333837
sigma: 114.34289730138518
sigmaL: 16.121570828371013
sigmaR: 31.633223006875188
widthL: 16.121570828371013
widthR: 31.633223006875188
x0: 903.6361549213458
