alphaL: 0.4036119918509908
alphaR: 2.4549428413005008
event_sum: 9.999381236710155
mean: 907.5914527523281
nL: 5.999996124419695
nR: 2.941462442123851
norm: 9.999381236710155
sigmaL: 37.7898285495834
sigmaR: 26.78301135137166
widthL: 37.7898285495834
widthR: 26.78301135137166
x0: 907.5914527523281
