alphaL: 1.9741810090315675
alphaR: 2.3622119943623856
event_sum: 225.67452644293994
mean: 907.6129064095863
nL: 3.999045756938985
nR: 3.6489449841932817
norm: 225.67452644293994
sigmaL: 50.28266017458398
sigmaR: 28.307102707021382
widthL: 50.28266017458398
widthR: 28.307102707021382
x0: 907.6129064095863
