alphaL: 0.36093827808242285
alphaR: 2.3958496919308865
event_sum: 9.999381236710155
mean: 908.706134728685
nL: 3.9987097918331096
nR: 2.9877204547769467
norm: 9.999381236710155
sigmaL: 33.771836363916904
sigmaR: 26.21433874240732
widthL: 33.771836363916904
widthR: 26.21433874240732
x0: 908.706134728685
