alphaL: 0.49880387431669854
alphaR: 2.7861163332589536
event_sum: 13.522234102341013
mean: 905.3245147811721
nL: 2.058547393485155
nR: 2.4764457929829358
norm: 13.522234102341013
sigma: 114.34289730138518
sigmaL: 30.301997542463372
sigmaR: 27.78874897917395
widthL: 30.301997542463372
widthR: 27.78874897917395
x0: 905.3245147811721
