alphaL: 1.1163064613774756
alphaR: 2.6084472587623475
event_sum: 9.571239712099938
mean: 904.7583858483966
nL: 0.20000009072707745
nR: 2.6436983932787474
norm: 9.571239712099938
sigmaL: 38.921449466616565
sigmaR: 28.123881448780978
widthL: 38.921449466616565
widthR: 28.123881448780978
x0: 904.7583858483966
