alphaL: 2.229869193789936
alphaR: 2.477341743487606
event_sum: 296.4294199794983
mean: 908.4815664373468
nL: 2.9999999608443932
nR: 2.994418068075982
norm: 296.4294199794983
sigma: 54.38213028934742
sigmaL: 51.999822753505114
sigmaR: 27.723045959938926
widthL: 51.999822753505114
widthR: 27.723045959938926
x0: 908.4815664373468
