alphaL: 2.1314529477813675
alphaR: 2.646868224729149
event_sum: 85.43197515507332
mean: 906.0112680293524
nL: 3.997231342155786
nR: 3.6629758138677198
norm: 85.43197515507332
sigmaL: 55.064453801708005
sigmaR: 27.33912194415786
widthL: 55.064453801708005
widthR: 27.33912194415786
x0: 906.0112680293524
