alphaL: 2.0687309374676004
alphaR: 2.6132213131030713
event_sum: 85.43197515507332
mean: 905.8112586046822
nL: 3.9997601297897876
nR: 3.9069697897432
norm: 85.43197515507332
sigmaL: 54.7137828512987
sigmaR: 27.42846527923036
widthL: 54.7137828512987
widthR: 27.42846527923036
x0: 905.8112586046822
