alphaL: 1.9739591219036619
alphaR: 2.625868735806406
event_sum: 86.61064798431471
mean: 905.3318622974247
nL: 4.499930649828382
nR: 4.484092182546021
norm: 86.61064798431471
sigma: 45.37216759403985
sigmaL: 54.048073484498865
sigmaR: 27.77159732545346
widthL: 54.048073484498865
widthR: 27.77159732545346
x0: 905.3318622974247
