alphaL: 1.744742055008799
alphaR: 2.5814275767005705
event_sum: 18.401340737764258
mean: 906.5887628757317
nL: 4.475368726511472
nR: 2.486842762152117
norm: 18.401340737764258
sigma: 46.70392561960655
sigmaL: 52.25156771526998
sigmaR: 26.82824060267775
widthL: 52.25156771526998
widthR: 26.82824060267775
x0: 906.5887628757317
