alphaL: 1.8701837802794665
alphaR: 2.3033803490692994
event_sum: 227.10153972054832
mean: 907.5269208118327
nL: 4.499977198275409
nR: 4.458841302086947
norm: 227.10153972054832
sigma: 45.287995522743
sigmaL: 49.7398707667208
sigmaR: 28.237341728144152
widthL: 49.7398707667208
widthR: 28.237341728144152
x0: 907.5269208118327
