alphaL: 1.6941121855086667
alphaR: 2.4419160251669907
event_sum: 18.05414773884695
fraction: 0.9999744201788157
mean: 906.4313570571691
nL: 6.442588585969004
nR: 4.140370821216444
norm: 18.053225961106364
sigma: 46.710164012732626
sigmaL: 52.28181811304573
sigmaR: 26.779637537979973
widthL: 52.28181811304573
widthR: 26.779637537979973
x0: 906.4313570571691
