alphaL: 1.9071548891116672
alphaR: 2.5972431394337807
event_sum: 86.6242031545844
mean: 905.1678544180384
nL: 4.498516360527469
nR: 4.49783333602442
norm: 86.6242031545844
sigma: 45.287995522743
sigmaL: 53.675615120215646
sigmaR: 27.77666576846231
widthL: 53.675615120215646
widthR: 27.77666576846231
x0: 905.1678544180384
