alphaL: 1.3079818901049163
alphaR: 2.1046089755704833
event_sum: 35.496264475164935
fraction: 0.9998209821894863
mean: 906.0816105736359
nL: 9.999945894819577
nR: 3.9178491423815665
norm: 35.49136629427085
sigma: 46.710164012732626
sigmaL: 43.042124172350945
sigmaR: 29.886713551332118
widthL: 43.042124172350945
widthR: 29.886713551332118
x0: 906.0816105736359
