alphaL: 1.9650103814439301
alphaR: 2.273395640140435
event_sum: 227.03899985621683
mean: 908.1696076693478
nL: 4.499991091451168
nR: 4.346644770889881
norm: 227.03899985621683
sigma: 45.326571475192715
sigmaL: 50.630971628104795
sigmaR: 27.89654126649545
widthL: 50.630971628104795
widthR: 27.89654126649545
x0: 908.1696076693478
