alphaL: 1.6470713156447525
alphaR: 2.0070161490625384
event_sum: 36.19342501828214
mean: 908.3901467148235
nL: 4.499926072619951
nR: 4.196731626557252
norm: 36.19342501828214
sigma: 46.570299470722674
sigmaL: 47.355164189317954
sigmaR: 28.621688528701544
widthL: 47.355164189317954
widthR: 28.621688528701544
x0: 908.3901467148235
