alphaL: 1.9648130457710855
alphaR: 2.282241936707826
event_sum: 227.03899985621683
mean: 908.1418106953424
nL: 4.499999887869141
nR: 4.287899597392858
norm: 227.03899985621683
sigma: 45.37216759403985
sigmaL: 50.61360405265458
sigmaR: 27.92033431821199
widthL: 50.61360405265458
widthR: 27.92033431821199
x0: 908.1418106953424
