alphaL: 1.6959593934148578
alphaR: 2.410897857093056
event_sum: 1.8401342159559135
mean: 905.8540022138878
nL: 4.458175094649558
nR: 3.6147791145458803
norm: 1.8401342159559135
sigma: 46.72536983645091
sigmaL: 51.17590347226357
sigmaR: 27.16357379188892
widthL: 51.17590347226357
widthR: 27.16357379188892
x0: 905.8540022138878
