alphaL: 1.9060862451145686
alphaR: 2.60143166475817
event_sum: 86.56513809738681
mean: 905.1606746324317
nL: 4.498679181247344
nR: 4.497477185759848
norm: 86.56513809738681
sigma: 45.326571475192715
sigmaL: 53.611176076601836
sigmaR: 27.82266595361608
widthL: 53.611176076601836
widthR: 27.82266595361608
x0: 905.1606746324317
