alphaL: 1.6860133516984888
alphaR: 2.6660567139987905
event_sum: 82.01514180982485
fraction: 0.9999907136456151
mean: 903.8578047480862
nL: 9.951233930555391
nR: 4.499989744211385
norm: 82.01237600483
sigma: 45.37884874203543
sigmaL: 51.773760334487285
sigmaR: 28.467311241452755
widthL: 51.773760334487285
widthR: 28.467311241452755
x0: 903.8578047480862
