alphaL: 1.3190640037910932
alphaR: 2.1962625754854224
event_sum: 3.6081902696969337
mean: 905.9567823961272
nL: 4.843411040289436
nR: 3.0970404340167175
norm: 3.6081902696969337
sigma: 46.72536983645091
sigmaL: 42.307452396187436
sigmaR: 30.11404828154874
widthL: 42.307452396187436
widthR: 30.11404828154874
x0: 905.9567823961272
