alphaL: 0.2155375059940631
alphaR: 2.597944276542539
event_sum: 1.535532596783014
mean: 910.0624407953964
nL: 3.9723380205405086
nR: 2.484597218743315
norm: 1.535532596783014
sigma: 105.38687713706946
sigmaL: 23.76561244096944
sigmaR: 26.519331268284795
widthL: 23.76561244096944
widthR: 26.519331268284795
x0: 910.0624407953964
