alphaL: 0.2600490364176362
alphaR: 2.3021512746833452
event_sum: 3.323999928230478
mean: 913.9221688522679
nL: 3.999331406501425
nR: 2.3125949070857486
norm: 3.323999928230478
sigma: 105.38687713706946
sigmaL: 32.26065619633117
sigmaR: 28.3691876974004
widthL: 32.26065619633117
widthR: 28.3691876974004
x0: 913.9221688522679
