alphaL: 1.8103244121732192
alphaR: 2.4569619199713926
event_sum: 18.406238918658346
mean: 906.9787817042358
nL: 4.492924673887143
nR: 3.05720551568525
norm: 18.406238918658346
sigma: 46.70392561960655
sigmaL: 53.038346409878244
sigmaR: 26.610966399230097
widthL: 53.038346409878244
widthR: 26.610966399230097
x0: 906.9787817042358
