alphaL: 1.96602278209881
alphaR: 2.5917283575485843
event_sum: 86.61064798431471
mean: 905.4334072508633
nL: 4.496631535298546
nR: 4.481384846685343
norm: 86.61064798431471
sigma: 45.326571475192715
sigmaL: 54.1064008319137
sigmaR: 27.69466694022625
widthL: 54.1064008319137
widthR: 27.69466694022625
x0: 905.4334072508633
