alphaL: 1.5573828979172886
alphaR: 2.5525741479534325
event_sum: 82.01514180982485
fraction: 0.9999965494082151
mean: 903.5623237456149
nL: 19.997873142203197
nR: 5.944425947418152
norm: 82.01237600483
sigma: 45.37884874203543
sigmaL: 50.883238564281434
sigmaR: 28.511393717559972
widthL: 50.883238564281434
widthR: 28.511393717559972
x0: 903.5623237456149
