alphaL: 1.9440351289675748
alphaR: 2.7300318979638973
event_sum: 86.6242031545844
mean: 905.0324350994506
nL: 3.997008234023067
nR: 3.573756900135979
norm: 86.6242031545844
sigma: 45.287995522743
sigmaL: 53.69911012086777
sigmaR: 27.911681816640062
widthL: 53.69911012086777
widthR: 27.911681816640062
x0: 905.0324350994506
