alphaL: 1.6063112240049586
alphaR: 2.6580793540862273
event_sum: 86.40834381454624
mean: 903.6060500589294
nL: 4.99696892988031
nR: 4.956751219731277
norm: 86.40834381454624
sigma: 45.287995522743
sigmaL: 50.707280974476
sigmaR: 28.546246409734497
widthL: 50.707280974476
widthR: 28.546246409734497
x0: 903.6060500589294
