alphaL: 1.652657510786291
alphaR: 2.3497921285328696
event_sum: 226.6655913637951
mean: 906.4890598265108
nL: 4.999099976895736
nR: 4.305137331610848
norm: 226.6655913637951
sigma: 45.287995522743
sigmaL: 47.79668791843448
sigmaR: 28.738885043264137
widthL: 47.79668791843448
widthR: 28.738885043264137
x0: 906.4890598265108
