alphaL: 1.8819321313460398
alphaR: 2.2859834057498825
event_sum: 226.97602598858066
mean: 907.7503269001791
nL: 4.499969517903066
nR: 4.470393103083156
norm: 226.97602598858066
sigma: 45.326571475192715
sigmaL: 49.9269815943932
sigmaR: 28.11254197939066
widthL: 49.9269815943932
widthR: 28.11254197939066
x0: 907.7503269001791
