alphaL: 1.5284136914847701
alphaR: 2.350774691967612
event_sum: 215.72067625983618
fraction: 0.9999400651438843
mean: 906.5893769902337
nL: 19.996198254017354
nR: 3.9753418740552124
norm: 215.70581809384748
sigma: 45.37884874203543
sigmaL: 47.690247924567984
sigmaR: 28.674690588274828
widthL: 47.690247924567984
widthR: 28.674690588274828
x0: 906.5893769902337
