alphaL: 1.8183258961794708
alphaR: 2.66449341120304
event_sum: 18.406238918658346
mean: 906.7339205443727
nL: 4.499999408535706
nR: 2.282938966881053
norm: 18.406238918658346
sigma: 46.570299470722674
sigmaL: 52.8889055827401
sigmaR: 26.793043850236025
widthL: 52.8889055827401
widthR: 26.793043850236025
x0: 906.7339205443727
