alphaL: 1.9072089228744196
alphaR: 2.59722173590669
event_sum: 86.6242031545844
mean: 905.1679816051035
nL: 4.498501879705391
nR: 4.49782094339634
norm: 86.6242031545844
sigma: 45.287995522743
sigmaL: 53.67601254085744
sigmaR: 27.77697657373411
widthL: 53.67601254085744
widthR: 27.77697657373411
x0: 905.1679816051035
