alphaL: 1.6182800059419735
alphaR: 2.034458903111046
event_sum: 36.19342501828214
mean: 907.8792207527442
nL: 4.496574074114318
nR: 4.233498133497446
norm: 36.19342501828214
sigma: 46.70392561960655
sigmaL: 46.775055288907495
sigmaR: 28.98856816864504
widthL: 46.775055288907495
widthR: 28.98856816864504
x0: 907.8792207527442
