alphaL: 1.693404758298406
alphaR: 2.4129992758527266
event_sum: 1.8401342159559135
mean: 905.8341923559792
nL: 4.4567577882933715
nR: 3.638267603284032
norm: 1.8401342159559135
sigma: 46.72536983645091
sigmaL: 51.134406807992384
sigmaR: 27.188945283423745
widthL: 51.134406807992384
widthR: 27.188945283423745
x0: 905.8341923559792
