alphaL: 1.5803145006282964
alphaR: 2.1213771119654425
event_sum: 3.617456501000561
mean: 907.5050745508921
nL: 4.4991404901577186
nR: 3.4542793069189224
norm: 3.617456501000561
sigma: 46.72536983645091
sigmaL: 46.2010282411565
sigmaR: 29.303547538470987
widthL: 46.2010282411565
widthR: 29.303547538470987
x0: 907.5050745508921
