alphaL: 1.6485151517952918
alphaR: 2.291525454358394
event_sum: 215.72067625983618
fraction: 0.9999599280623458
mean: 906.9247445868912
nL: 9.99843001218456
nR: 4.493645117314927
norm: 215.70581809384748
sigma: 45.37884874203543
sigmaL: 48.44936208587022
sigmaR: 28.49586789935891
widthL: 48.44936208587022
widthR: 28.49586789935891
x0: 906.9247445868912
