alphaL: 1.91478038925648
alphaR: 2.351327701564426
event_sum: 227.10153972054832
mean: 907.5740684316994
nL: 3.999944076807062
nR: 3.953707588635107
norm: 227.10153972054832
sigma: 45.287995522743
sigmaL: 49.942235972022225
sigmaR: 28.272066392018186
widthL: 49.942235972022225
widthR: 28.272066392018186
x0: 907.5740684316994
