alphaL: 1.1553366372069025
alphaR: 2.1900586439824097
event_sum: 35.496264475164935
fraction: 0.9997589802954124
mean: 905.1375106445292
nL: 19.993275088918914
nR: 3.4820658737921857
norm: 35.49136629427085
sigma: 46.710164012732626
sigmaL: 40.90494798349756
sigmaR: 30.387163706630894
widthL: 40.90494798349756
widthR: 30.387163706630894
x0: 905.1375106445292
