alphaL: 1.5818814398913448
alphaR: 2.1551224647231004
event_sum: 36.17323266179301
mean: 907.4357884437462
nL: 4.499987111890204
nR: 3.250559057427612
norm: 36.17323266179301
sigma: 46.70392561960655
sigmaL: 46.1010099295409
sigmaR: 29.327678582340766
widthL: 46.1010099295409
widthR: 29.327678582340766
x0: 907.4357884437462
