alphaL: 1.8702541054785142
alphaR: 2.3033457393376784
event_sum: 227.10153972054832
mean: 907.5274962096275
nL: 4.49997866504838
nR: 4.458956621048758
norm: 227.10153972054832
sigma: 45.287995522743
sigmaL: 49.740645048082925
sigmaR: 28.236967140735285
widthL: 49.740645048082925
widthR: 28.236967140735285
x0: 907.5274962096275
