alphaL: 1.3438990011908638
alphaR: 2.7108767078497285
event_sum: 18.05414773884695
fraction: 0.999809199782699
mean: 904.131644299223
nL: 19.999828422575234
nR: 2.3610612923144756
norm: 18.053225961106364
sigma: 46.710164012732626
sigmaL: 47.8358182793304
sigmaR: 27.933172794600257
widthL: 47.8358182793304
widthR: 27.933172794600257
x0: 904.131644299223
