alphaL: 1.3850512005848974
alphaR: 2.804064111927495
event_sum: 1.8359381882473826
mean: 903.9174723080874
nL: 4.266440704318382
nR: 2.0660527838954525
norm: 1.8359381882473826
sigma: 46.72536983645091
sigmaL: 47.04062601707463
sigmaR: 28.16286970583186
widthL: 47.04062601707463
widthR: 28.16286970583186
x0: 903.9174723080874
