alphaL: 1.5841346615215834
alphaR: 2.1367347759852007
event_sum: 3.617456501000561
mean: 907.3974118327537
nL: 4.498920216001785
nR: 3.3633975553531856
norm: 3.617456501000561
sigma: 46.72536983645091
sigmaL: 46.09991228174001
sigmaR: 29.345154220320737
widthL: 46.09991228174001
widthR: 29.345154220320737
x0: 907.3974118327537
