alphaL: 1.3317476376235473
alphaR: 2.3559830114449167
event_sum: 215.48966139205731
mean: 905.6741111925312
nL: 149.3326343396601
nR: 4.226336104457829
norm_2016: 215.48966139205731
norm_2017: 215.48966139205731
norm_2018: 215.48966139205731
norm_Run2: 215.48966139205731
sigma: 45.37884874203543
sigmaL: 45.75409356761416
sigmaR: 29.1127901269609
widthL: 45.75409356761416
widthR: 29.1127901269609
x0: 905.6741111925312
