alphaL: 1.3019704969436234
alphaR: 2.6768933093583525
event_sum: 81.90080646472052
mean: 902.1787114410668
nL: 148.1946129362576
nR: 4.527849599743374
norm_2016: 21.416740607935935
norm_2017: 25.765520503744483
norm_2018: 38.76086790114641
norm_norm_Run2: 85.94312901282683
sigma: 45.37884874203543
sigmaL: 47.8393113043107
sigmaR: 29.177612242705173
widthL: 47.8393113043107
widthR: 29.177612242705173
x0: 902.1787114410668
