alphaL: 0.9875905301126854
alphaR: 2.2522444637421057
event_sum: 35.43018959189067
mean: 904.1824891298976
nL: 131.97045319185526
nR: 3.117972388444243
norm_2016: 9.628143037843984
norm_2017: 11.024461777415127
norm_2018: 15.424173650681041
norm_norm_Run2: 36.07677846594015
sigma: 46.710164012732626
sigmaL: 38.140548348826094
sigmaR: 30.834081483712644
widthL: 38.140548348826094
widthR: 30.834081483712644
x0: 904.1824891298976
