alphaL: 0.7717385161178927
alphaR: 1.4492279902817715
event_sum: 29.35775658133207
mean: 883.5542658658093
nL: 6.745717844771947
nR: 4.941076495994773
norm_2016: 7.87477430421859
norm_2017: 9.157010144088417
norm_2018: 12.76639215531759
norm_norm_Run2: 29.798176603624597
sigma: 90.0
sigmaL: 65.28143132121738
sigmaR: 60.70975090466944
widthL: 65.28143132121738
widthR: 60.70975090466944
x0: 883.5542658658093
