alphaL: 1.1217403550079506
alphaR: 1.4618523614904755
event_sum: 31.78666219220031
mean: 896.9277131552034
nL: 3.9710947263999308
nR: 4.212236838725679
norm_2016: 31.78666219220031
norm_2017: 31.78666219220031
norm_2018: 31.78666219220031
norm_Run2: 31.78666219220031
sigma: 50.4
sigmaL: 60.965251402367365
sigmaR: 44.57059954674396
widthL: 60.965251402367365
widthR: 44.57059954674396
x0: 896.9277131552034
