alphaL: 1.0673771126866098
alphaR: 1.5055338438131787
event_sum: 31.78666219220031
mean: 895.4154448266437
nL: 4.283413742498581
nR: 3.9883191088858765
norm_2016: 8.565836144145578
norm_2017: 9.787348060053773
norm_2018: 13.94703746191226
norm_Run2: 31.78666219220031
sigma: 50.4
sigmaL: 58.63262648622798
sigmaR: 45.65168487834377
widthL: 58.63262648622798
widthR: 45.65168487834377
x0: 895.4154448266437
