alphaL: 0.7717385161178927
alphaR: 1.4492279902817715
event_sum: 29.35775658133207
mean: 883.5542658658093
nL: 6.745717844771947
nR: 4.941076495994773
norm_2016: 29.35775658133207
norm_2017: 29.35775658133207
norm_2018: 29.35775658133207
norm_Run2: 29.35775658133207
sigma: 90.0
sigmaL: 65.28143132121738
sigmaR: 60.70975090466944
widthL: 65.28143132121738
widthR: 60.70975090466944
x0: 883.5542658658093
