alphaL: 0.7696984437247625
alphaR: 1.5927560716871982
event_sum: 14.299520380562171
mean: 876.2589520707384
nL: 60.04889309758115
nR: 2.897781651461955
norm_2016: 3.7502327143447474
norm_2017: 4.403901065059472
norm_2018: 6.396491632913239
norm_norm_Run2: 14.550625412317459
sigma: 90.0
sigmaL: 62.86464267398539
sigmaR: 63.54470200281406
widthL: 62.86464267398539
widthR: 63.54470200281406
x0: 876.2589520707384
