alphaL: 0.9954710401277179
alphaR: 1.4478526491248778
event_sum: 15.97329840308521
mean: 897.1312969350398
nL: 70.14583151349574
nR: 3.2603324508390803
norm_2016: 15.97329840308521
norm_2017: 15.97329840308521
norm_2018: 15.97329840308521
norm_Run2: 15.97329840308521
sigma: 50.4
sigmaL: 62.81844654215847
sigmaR: 41.214992374676
widthL: 62.81844654215847
widthR: 41.214992374676
x0: 897.1312969350398
