alphaL: 1.0922214831446662
alphaR: 3.2974690827051765
event_sum: 18.02449342882028
mean: 902.2279703032788
nL: 126.32263543839407
nR: 0.657548397480623
norm_2016: 18.02449342882028
norm_2017: 18.02449342882028
norm_2018: 18.02449342882028
norm_Run2: 18.02449342882028
sigma: 46.710164012732626
sigmaL: 43.48487668413667
sigmaR: 29.01050248660616
widthL: 43.48487668413667
widthR: 29.01050248660616
x0: 902.2279703032788
