alphaL: 3.1614304226056924
alphaR: 0.16169775217125307
event_sum: 21.06621266493098
mean: 701.3733875584421
nL: 2.999242835284366
nR: 2.999925892582133
norm: 21.06621266493098
sigmaL: 37.51429516033735
sigmaR: 17.248963095023004
widthL: 37.51429516033735
widthR: 17.248963095023004
x0: 701.3733875584421
