alphaL: 3.3918840902470877
alphaR: 2.5259805781229407
event_sum: 177.682439765454
mean: 705.1892884398054
nL: 3.8127018374574093
nR: 3.772071145229181
norm: 177.682439765454
sigmaL: 38.64877078157869
sigmaR: 25.99747033019573
widthL: 38.64877078157869
widthR: 25.99747033019573
x0: 705.1892884398054
