alphaL: 1.215492982189727
alphaR: 2.465344747419706
event_sum: 94.56209723950963
mean: 703.2338720656766
nL: 0.2714172126828476
nR: 2.9741370091204415
norm: 94.56209723950963
sigma: 44
sigmaL: 32.484208734784076
sigmaR: 26.73955156967716
widthL: 32.484208734784076
widthR: 26.73955156967716
x0: 703.2338720656766
