alphaL: 4.1732437005719545
alphaR: 3.1526091147826447
event_sum: 67.97755746752786
mean: 702.8305586228738
nL: 2.355408041044885
nR: 3.8272940956234445
norm: 67.97755746752786
sigma: 44.141474296364954
sigmaL: 41.80557231259358
sigmaR: 25.495321352474885
widthL: 41.80557231259358
widthR: 25.495321352474885
x0: 702.8305586228738
