alphaL: 2.631137663163789
alphaR: 0.3075856852857936
event_sum: 1.7742293513473153
mean: 695.7840059212818
nL: 2.468711049665528
nR: 2.9999985525566046
norm: 1.7742293513473153
sigma: 100.27749571854402
sigmaL: 38.476847085934004
sigmaR: 29.974672298195003
widthL: 38.476847085934004
widthR: 29.974672298195003
x0: 695.7840059212818
