alphaL: 3.5057142830451977
alphaR: 2.649934144291292
event_sum: 233.11277665354356
mean: 705.2090464010801
nL: 2.9841750827598594
nR: 2.9999510687893776
norm: 233.11277665354356
sigma: 44.1491749025137
sigmaL: 38.811381087018006
sigmaR: 25.71226183677074
widthL: 38.811381087018006
widthR: 25.71226183677074
x0: 705.2090464010801
