alphaL: 1.0789196940354115
alphaR: 2.2973114035204985
event_sum: 20.161749227647434
mean: 899.95404183576
nL: 1.0
nR: 3.91861801280029
norm: 20.161749227647434
sigmaL: 581.5948065452559
sigmaR: 37.40470586723666
widthL: 581.5948065452559
widthR: 37.40470586723666
x0: 899.95404183576
