alphaL: 3.5122125186207915
alphaR: 2.6482855976067388
event_sum: 233.223277216368
mean: 705.2096348559422
nL: 2.994418052903817
nR: 2.9864334560503507
norm: 233.223277216368
sigma: 44.141474296364954
sigmaL: 38.77015177572675
sigmaR: 25.67569003644484
widthL: 38.77015177572675
widthR: 25.67569003644484
x0: 705.2096348559422
