alphaL: 2.8469730680650147
alphaR: 0.17669847140403547
event_sum: 12.805786947182545
mean: 702.5810778133365
nL: 2.980906133656831
nR: 2.999326332263311
norm: 12.805786947182545
sigma: 100
sigmaL: 36.51860001226362
sigmaR: 13.189770111341005
widthL: 36.51860001226362
widthR: 13.189770111341005
x0: 702.5810778133365
