alphaL: 3.0055181281093883
alphaR: 1.729317216004559
event_sum: 76.54456874980995
mean: 702.3205297322941
nL: 3.8366785193433395
nR: 2.248047415765833
norm: 76.54456874980995
sigmaL: 32.79963738788369
sigmaR: 27.005211633363526
widthL: 32.79963738788369
widthR: 27.005211633363526
x0: 702.3205297322941
