alphaL: 4.040401220975998
alphaR: 3.251856224818334
event_sum: 67.97755746752786
mean: 702.7028539646088
nL: 2.9729383085528474
nR: 2.9993679300721032
norm: 67.97755746752786
sigma: 44.141474296364954
sigmaL: 41.76140320220936
sigmaR: 25.56644352196593
widthL: 41.76140320220936
widthR: 25.56644352196593
x0: 702.7028539646088
