alphaL: 3.945723516256114
alphaR: 0.18366871256871975
event_sum: 21.06621266493098
mean: 700.706559672845
nL: 2.5345913274248097
nR: 5.999966510814452
norm: 21.06621266493098
sigmaL: 37.58440578253098
sigmaR: 23.0890239336475
widthL: 37.58440578253098
widthR: 23.0890239336475
x0: 700.706559672845
