alphaL: 2.73167753110959
alphaR: 0.10046959113622032
event_sum: 27.1118253235547
mean: 701.0610322324995
nL: 2.995738392225158
nR: 2.99973533709416
norm: 27.1118253235547
sigma: 100.29414689844393
sigmaL: 36.85556885784451
sigmaR: 7.515259906415283
widthL: 36.85556885784451
widthR: 7.515259906415283
x0: 701.0610322324995
