alphaL: 2.7801316898957436
alphaR: 0.20780563337596542
event_sum: 1.7742293513473153
mean: 695.341743614514
nL: 3.247903761777448
nR: 3.999367571754017
norm: 1.7742293513473153
sigma: 100.27749571854402
sigmaL: 38.92674720564984
sigmaR: 22.04695817296158
widthL: 38.92674720564984
widthR: 22.04695817296158
x0: 695.341743614514
