alphaL: 1.0604703016275847
alphaR: 2.8143050767672797
event_sum: 14.339270143708914
mean: 899.9990391833062
nL: 1.0030766088359344
nR: 2.272250701249986
norm: 14.339270143708914
sigmaL: 552.4711960296692
sigmaR: 35.938458336728715
widthL: 552.4711960296692
widthR: 35.938458336728715
x0: 899.9990391833062
