alphaL: 3.394134766681605
alphaR: 2.540108081411928
event_sum: 233.223277216368
mean: 705.2653769348526
nL: 3.99726461345953
nR: 3.8990683655495526
norm: 233.223277216368
sigma: 44.141474296364954
sigmaL: 38.79247149816788
sigmaR: 25.619175195143203
widthL: 38.79247149816788
widthR: 25.619175195143203
x0: 705.2653769348526
