alphaL: 1.0952964939299579
alphaR: 3.0766673027575573
event_sum: 204.33306995127379
mean: 702.1293659742129
nL: 1.6820565165029733
nR: 2.1223397623041227
norm: 204.33306995127379
sigma: 44
sigmaL: 35.23581168707905
sigmaR: 26.787486436166052
widthL: 35.23581168707905
widthR: 26.787486436166052
x0: 702.1293659742129
