alphaL: 2.714860550187914
alphaR: 0.15828765439065792
event_sum: 4.10143506897206
mean: 699.4548806251752
nL: 3.0858505730405894
nR: 3.8994331650652305
norm: 4.10143506897206
sigma: 100.27749571854402
sigmaL: 36.30317277946926
sigmaR: 13.375783867945724
widthL: 36.30317277946926
widthR: 13.375783867945724
x0: 699.4548806251752
