alphaL: 3.278444442558604
alphaR: 2.33257953087035
event_sum: 163.06334986962662
mean: 676.2858889604348
nL: 1.0
nR: 3.3927914957754575
norm: 163.06334986962662
sigmaL: 40.14374459355937
sigmaR: 31.478567622976485
widthL: 40.14374459355937
widthR: 31.478567622976485
x0: 676.2858889604348
