alphaL: 2.6696367274935233
alphaR: 0.19551439896896142
event_sum: 4.10143506897206
mean: 700.793298963162
nL: 2.9964938990455026
nR: 2.9999846442176628
norm: 4.10143506897206
sigma: 100.27749571854402
sigmaL: 36.706631748269224
sigmaR: 14.56755456635083
widthL: 36.706631748269224
widthR: 14.56755456635083
x0: 700.793298963162
