alphaL: 0.10819107386741243
alphaR: 0.4994240438967079
event_sum: 28.4555508369356
mean: 689.8069964370892
nL: 2.733225645938966
nR: 2.9999999902686265
norm: 28.4555508369356
sigma: 100
sigmaL: 3.4031413803324906
sigmaR: 32.27844669752636
widthL: 3.4031413803324906
widthR: 32.27844669752636
x0: 689.8069964370892
