alphaL: 2.6708038252378214
alphaR: 3.1557081128839473
event_sum: 45.70053632240325
mean: 702.0144792974808
nL: 0.6981229807652406
nR: 2.212915761922207
norm: 45.70053632240325
sigmaL: 38.74399987711085
sigmaR: 25.799369890910143
widthL: 38.74399987711085
widthR: 25.799369890910143
x0: 702.0144792974808
