alphaL: 0.4038881368840418
alphaR: 0.3902676553943038
event_sum: 23.357604741706105
mean: 671.0107867331714
nL: 0.7060949753838319
nR: 3.9999717826096046
norm: 23.357604741706105
sigmaL: 16.351943006192343
sigmaR: 28.69361972717936
widthL: 16.351943006192343
widthR: 28.69361972717936
x0: 671.0107867331714
