alphaL: 3.8191286247417593
alphaR: 3.015089262576805
event_sum: 85.88995450385647
mean: 702.677235958641
nL: 2.8732054431536795
nR: 2.2657253290406425
norm: 85.88995450385647
sigmaL: 37.87486182214546
sigmaR: 25.934717912618172
widthL: 37.87486182214546
widthR: 25.934717912618172
x0: 702.677235958641
