alphaL: 4.393636060536728
alphaR: 2.8697296643012136
event_sum: 228.86078175678642
mean: 704.1589970901294
nL: 2.838687836233819
nR: 2.942964723138424
norm: 228.86078175678642
sigma: 44
sigmaL: 39.954301300117564
sigmaR: 25.872262946650704
widthL: 39.954301300117564
widthR: 25.872262946650704
x0: 704.1589970901294
