alphaL: 4.469352212220898
alphaR: 3.2305255504287893
event_sum: 67.9807357129803
mean: 702.8675303753108
nL: 1.0294326699237055
nR: 2.993929467794551
norm: 67.9807357129803
sigma: 44.1491749025137
sigmaL: 41.79987226336205
sigmaR: 25.508618946400958
widthL: 41.79987226336205
widthR: 25.508618946400958
x0: 702.8675303753108
