alphaL: 2.8620463882378306
alphaR: 0.1780973364165202
event_sum: 11.733503051334583
mean: 696.6301334949886
nL: 2.6396587670109315
nR: 2.999967058614717
norm: 11.733503051334583
sigma: 100.29414689844393
sigmaL: 39.50444526544428
sigmaR: 16.966043274758245
widthL: 39.50444526544428
widthR: 16.966043274758245
x0: 696.6301334949886
