alphaL: 1.7675046278910245
alphaR: 2.9592315562606277
event_sum: 9.05694721045843
mean: 899.9626462585215
nL: 1.0276120842397525
nR: 3.6645454288177777
norm: 9.05694721045843
sigmaL: 477.4986000612147
sigmaR: 34.91328612112316
widthL: 477.4986000612147
widthR: 34.91328612112316
x0: 899.9626462585215
