alphaL: 4.189222398107179
alphaR: 3.188719503279716
event_sum: 67.9807357129803
mean: 702.8934404152856
nL: 2.640858955753933
nR: 2.9274600531545585
norm: 67.9807357129803
sigma: 44
sigmaL: 41.82345830370441
sigmaR: 25.491282186104836
widthL: 41.82345830370441
widthR: 25.491282186104836
x0: 702.8934404152856
