alphaL: 4.387167714004231
alphaR: 3.28944205054456
event_sum: 52.43769338241416
mean: 702.9373667700571
nL: 3.226277424102625
nR: 2.712341547420372
norm: 52.43769338241416
sigmaL: 41.68512898227204
sigmaR: 25.462647605056357
widthL: 41.68512898227204
widthR: 25.462647605056357
x0: 702.9373667700571
