alphaL: 3.030670812726121
alphaR: 0.1742223269826502
event_sum: 11.734036514467777
mean: 696.7894678441675
nL: 2.9984874559693036
nR: 2.9999998699631565
norm: 11.734036514467777
sigma: 100
sigmaL: 39.69188904882732
sigmaR: 16.670778381479835
widthL: 39.69188904882732
widthR: 16.670778381479835
x0: 696.7894678441675
