alphaL: 3.046049676679949
alphaR: 0.1627093893701054
event_sum: 21.06621266493098
mean: 700.8654833660008
nL: 3.707140563164358
nR: 3.999999773242642
norm: 21.06621266493098
sigmaL: 37.31379134833303
sigmaR: 18.83634764784423
widthL: 37.31379134833303
widthR: 18.83634764784423
x0: 700.8654833660008
