alphaL: 2.4396574020724358
alphaR: 0.6269758803230406
event_sum: 12.217402640522605
mean: 695.6146335917723
nL: 0.2195464750459527
nR: 2.9998387930266905
norm: 12.217402640522605
sigma: 100
sigmaL: 26.410967951647944
sigmaR: 39.32904462862532
widthL: 26.410967951647944
widthR: 39.32904462862532
x0: 695.6146335917723
