alphaL: 2.8048822838863368
alphaR: 0.1367454261821312
event_sum: 11.733503051334583
mean: 696.5258601577297
nL: 2.9997801013754786
nR: 2.999590028200587
norm: 11.733503051334583
sigma: 100.33232579822645
sigmaL: 39.21477220972674
sigmaR: 13.128209931380269
widthL: 39.21477220972674
widthR: 13.128209931380269
x0: 696.5258601577297
