alphaL: 3.947285532874156
alphaR: 3.2202665055043993
event_sum: 52.43769338241416
mean: 703.0971164451861
nL: 1.867006216410158
nR: 3.1968169199488856
norm: 52.43769338241416
sigmaL: 41.860252922632164
sigmaR: 25.37795639749525
widthL: 41.860252922632164
widthR: 25.37795639749525
x0: 703.0971164451861
