alphaL: 4.1615354570780605
alphaR: 3.2050889203403585
event_sum: 52.43769338241416
mean: 702.9866484875556
nL: 2.5590927721134245
nR: 2.8760643013423555
norm: 52.43769338241416
sigma: 44
sigmaL: 41.7319044638259
sigmaR: 25.429937951006384
widthL: 41.7319044638259
widthR: 25.429937951006384
x0: 702.9866484875556
