alphaL: 3.2705156484829683
alphaR: 2.482667019364665
event_sum: 177.682439765454
mean: 705.3474610995174
nL: 5.348805115705946
nR: 4.101665486614905
norm: 177.682439765454
sigmaL: 38.71994765877971
sigmaR: 25.862350076508232
widthL: 38.71994765877971
widthR: 25.862350076508232
x0: 705.3474610995174
