alphaL: 2.9367861441450347
alphaR: 0.1516427786950808
event_sum: 30.22450916729153
mean: 699.1567972479203
nL: 2.972905417755536
nR: 2.999967244911622
norm: 30.22450916729153
sigma: 100
sigmaL: 38.32200046528646
sigmaR: 12.552267036424503
widthL: 38.32200046528646
widthR: 12.552267036424503
x0: 699.1567972479203
