alphaL: 3.41342053589349
alphaR: 2.4129759620248823
event_sum: 103.50463097145415
mean: 705.8664544506177
nL: 2.9960255682537276
nR: 2.9786045481126555
norm: 103.50463097145415
sigma: 44
sigmaL: 38.1401958079959
sigmaR: 25.542001334774486
widthL: 38.1401958079959
widthR: 25.542001334774486
x0: 705.8664544506177
