alphaL: 0.23403811536380034
alphaR: 2.957219155389483
event_sum: 9.914560330094623
mean: 678.3209088495581
nL: 1.0117226270108697
nR: 2.242757651421803
norm: 9.914560330094623
sigmaL: 4.008206321421779
sigmaR: 170.45011202854892
widthL: 4.008206321421779
widthR: 170.45011202854892
x0: 678.3209088495581
