alphaL: 4.080332287886676
alphaR: 3.2515703986624183
event_sum: 67.9807357129803
mean: 702.74490617334
nL: 2.9618614078379473
nR: 2.9994510639870193
norm: 67.9807357129803
sigma: 44.11211050502983
sigmaL: 41.78576038500458
sigmaR: 25.57333807122419
widthL: 41.78576038500458
widthR: 25.57333807122419
x0: 702.74490617334
