alphaL: 1.0
alphaR: 3.8001855458844154
event_sum: 10.065141820106684
mean: 663.3481221448186
nL: 1.0
nR: 1.2747956460530108
norm: 10.065141820106684
sigmaL: 54.96273418422727
sigmaR: 153.90223898825997
widthL: 54.96273418422727
widthR: 153.90223898825997
x0: 663.3481221448186
