alphaL: 3.211814003782895
alphaR: 3.0348987324432386
event_sum: 9.534784232417842
mean: 702.561259304538
nL: 3.6419718998256663
nR: 3.821774759893409
norm: 9.534784232417842
sigmaL: 45.08674997824035
sigmaR: 159.44845109356507
widthL: 45.08674997824035
widthR: 159.44845109356507
x0: 702.561259304538
