alphaL: 3.1184792120882783
alphaR: 2.9617080154810917
event_sum: 9.534784232417842
mean: 701.7336108397951
nL: 2.8125141964678075
nR: 1.7110708285928795
norm: 9.534784232417842
sigma: 97
sigmaL: 44.01063117403244
sigmaR: 160.18988979289185
widthL: 44.01063117403244
widthR: 160.18988979289185
x0: 701.7336108397951
