alphaL: 0.9092115003841932
alphaR: 2.4819308898645596
event_sum: 44.74289100018219
mean: 678.0608542592082
nL: 1.0
nR: 2.9861891570046732
norm: 44.74289100018219
sigmaL: 552.0303054628089
sigmaR: 30.198725207767286
widthL: 552.0303054628089
widthR: 30.198725207767286
x0: 678.0608542592082
