alphaL: 3.0576444694073746
alphaR: 0.2067671462147014
event_sum: 9.534784232417842
mean: 699.9091292211689
nL: 3.889638171830984
nR: 5.997888709414135
norm: 9.534784232417842
sigmaL: 40.51145405536568
sigmaR: 31.014564042203553
widthL: 40.51145405536568
widthR: 31.014564042203553
x0: 699.9091292211689
