alphaL: 3.5373531815987453
alphaR: 2.6419807728635094
event_sum: 233.11277665354356
mean: 705.276278757006
nL: 2.9732266529349816
nR: 2.956528160599282
norm: 233.11277665354356
sigma: 44
sigmaL: 38.842801787049865
sigmaR: 25.653800891187664
widthL: 38.842801787049865
widthR: 25.653800891187664
x0: 705.276278757006
