alphaL: 3.5144931915168316
alphaR: 2.6442832055202463
event_sum: 233.11277665354356
mean: 705.2084117884884
nL: 2.9931150965518105
nR: 2.987906615517653
norm: 233.11277665354356
sigma: 44.11211050502983
sigmaL: 38.79277614825173
sigmaR: 25.6932442402015
widthL: 38.79277614825173
widthR: 25.6932442402015
x0: 705.2084117884884
