alphaL: 3.6595520158122796
alphaR: 2.857020299113515
event_sum: 161.04826833861986
mean: 703.2670861020578
nL: 1.3584290145025981
nR: 2.3892977675408016
norm: 161.04826833861986
sigmaL: 35.055114253292885
sigmaR: 27.016042176595914
widthL: 35.055114253292885
widthR: 27.016042176595914
x0: 703.2670861020578
