alphaL: 2.748917024175505
alphaR: 0.10862869356052271
event_sum: 27.1118253235547
mean: 701.0228641947517
nL: 2.955457440712692
nR: 2.999595138746352
norm: 27.1118253235547
sigma: 100.33232579822645
sigmaL: 36.7713692806719
sigmaR: 8.135340191929224
widthL: 36.7713692806719
widthR: 8.135340191929224
x0: 701.0228641947517
