alphaL: 0.9415192275495023
alphaR: 3.1315831741520186
event_sum: 45.87925461679697
mean: 701.3065210112306
nL: 3.9757071012627963
nR: 4.470060397249749
norm: 45.87925461679697
sigma: 36.00708186100401
sigmaL: 37.1908904212988
sigmaR: 26.16575335322987
widthL: 37.1908904212988
widthR: 26.16575335322987
x0: 701.3065210112306
