alphaL: 1.7465830704484697
alphaR: 2.5149562441227657
event_sum: 161.95232392894104
mean: 703.7287716260765
nL: 1.7523208347850419
nR: 4.233998569080478
norm: 161.95232392894104
sigma: 35.93022776815271
sigmaL: 35.33602762583855
sigmaR: 26.557440542071213
widthL: 35.33602762583855
widthR: 26.557440542071213
x0: 703.7287716260765
