alphaL: 1.2616662625561859
alphaR: 2.997823206201307
event_sum: 44.96520488290116
fraction: 0.9999931204400706
mean: 701.9651990206584
nL: 1.4294615909847619
nR: 4.452644550284821
norm: 44.95439867768437
sigma: 35.978064682222005
sigmaL: 38.83283325022989
sigmaR: 26.0750085566954
widthL: 38.83283325022989
widthR: 26.0750085566954
x0: 701.9651990206584
