alphaL: 0.9687863131567698
alphaR: 2.7099843950167877
event_sum: 36707.0
mean: 703.2970639068169
nL: 5.999747108082641
nR: 3.110977013892561
norm: 36707.0
sigma: 36.092029712511014
sigmaL: 33.16831317373112
sigmaR: 26.90922082387307
widthL: 33.16831317373112
widthR: 26.90922082387307
x0: 703.2970639068169
