alphaL: 0.4029887957947669
alphaR: 2.4319860082912608
event_sum: 9.86774456774583
fraction: 0.9999555628517137
mean: 700.4122181603767
nL: 7.9914385096572245
nR: 4.476149720308046
norm: 9.866678143909667
sigma: 34.41848132076964
sigmaL: 19.856371825994223
sigmaR: 24.70714196959751
widthL: 19.856371825994223
widthR: 24.70714196959751
x0: 700.4122181603767
