alphaL: 3.060335015558
alphaR: 2.013234376872375
event_sum: 2.667161927878624
mean: 708.4140318747947
nL: 4.223036592337714
nR: 3.872672306458442
norm: 2.667161927878624
sigma: 34.52076330303001
sigmaL: 36.66401148053943
sigmaR: 23.508926086170437
widthL: 36.66401148053943
widthR: 23.508926086170437
x0: 708.4140318747947
