alphaL: 0.8723015093982425
alphaR: 2.464005200921685
event_sum: 9.86774456774583
fraction: 0.9999872983461974
mean: 702.7939537927392
nL: 12.734687660198865
nR: 5.1696541577629995
norm: 9.867342921672389
sigma: 34.41848132076964
sigmaL: 34.10886221448529
sigmaR: 23.912624859443632
widthL: 34.10886221448529
widthR: 23.912624859443632
x0: 702.7939537927392
