alphaL: 1.079665148849136
alphaR: 2.9929633257368558
event_sum: 44.96520488290116
fraction: 0.9999984003476683
mean: 701.9063316528811
nL: 19.821077118700778
nR: 5.6418090703251496
norm: 44.95439867768437
sigma: 35.978064682222005
sigmaL: 38.5234446222014
sigmaR: 26.058645508596854
widthL: 38.5234446222014
widthR: 26.058645508596854
x0: 701.9063316528811
