alphaL: 0.80166421371548
alphaR: 2.303831925208551
event_sum: 1.0070560362983088
mean: 702.8769430585481
nL: 3.9232671162832835
nR: 4.298859298662521
norm: 1.0070560362983088
sigma: 34.52076330303001
sigmaL: 33.55929165655762
sigmaR: 24.104158061577092
widthL: 33.55929165655762
widthR: 24.104158061577092
x0: 702.8769430585481
