alphaL: 1.8839134603578398
alphaR: 2.8864965387100665
event_sum: 161.99462564010173
mean: 703.2873091942829
nL: 3.732559939749337
nR: 2.155202760166865
norm: 161.99462564010173
sigma: 36.00708186100401
sigmaL: 34.96742741338142
sigmaR: 26.944961615667786
widthL: 34.96742741338142
widthR: 26.944961615667786
x0: 703.2873091942829
