alphaL: 2.724719562309318
alphaR: 2.1661818478486707
event_sum: 26.06394225131953
fraction: 0.9998323993644229
mean: 706.4102201618174
nL: 1.3506065994649
nR: 4.147923479564017
norm: 26.059647863759892
sigma: 34.41848132076964
sigmaL: 34.71715792399242
sigmaR: 25.005606643193108
widthL: 34.71715792399242
widthR: 25.005606643193108
x0: 706.4102201618174
