alphaL: 1.012048454553016
alphaR: 2.5484912970359703
event_sum: 158.1500366399996
fraction: 0.9999581823020613
mean: 703.0136463547093
nL: 9.262242930523072
nR: 4.494576540760221
norm: 158.12963891029358
sigma: 35.978064682222005
sigmaL: 33.396987940144335
sigmaR: 26.97131846685842
widthL: 33.396987940144335
widthR: 26.97131846685842
x0: 703.0136463547093
