alphaL: 2.486681387707799
alphaR: 0.1825890550992819
event_sum: 3.2247735706514504
mean: 699.358704725503
nL: 3.4863659704192713
nR: 3.9952711624880295
norm: 3.2247735706514504
sigma: 90.43756252373696
sigmaL: 36.69413787760975
sigmaR: 22.2598068877351
widthL: 36.69413787760975
widthR: 22.2598068877351
x0: 699.358704725503
