alphaL: 0.9773366188037892
alphaR: 3.1323814149208915
event_sum: 45.941037179436535
mean: 701.635737057091
nL: 4.4984539943819355
nR: 4.470828976894423
norm: 45.941037179436535
sigma: 35.93022776815271
sigmaL: 37.6863220190878
sigmaR: 26.11373182113668
widthL: 37.6863220190878
widthR: 26.11373182113668
x0: 701.635737057091
