alphaL: 1.6693369656360777
alphaR: 1.2148262238123706
event_sum: 13877.0
mean: 693.3214302196735
nL: 1.0165341076203318
nR: 4.383613307733469
norm: 13877.0
sigma: 73.52164404751574
sigmaL: 60.63434690141782
sigmaR: 43.87108504281931
widthL: 60.63434690141782
widthR: 43.87108504281931
x0: 693.3214302196735
