alphaL: 0.15293046901119353
alphaR: 2.7302280871176534
event_sum: 1.0069722246880701
mean: 698.6658414860357
nL: 1.5460713170663996
nR: 2.109243335422845
norm: 1.0069722246880701
sigma: 34.52076330303001
sigmaL: 6.838914322178961
sigmaR: 25.794962959241282
widthL: 6.838914322178961
widthR: 25.794962959241282
x0: 698.6658414860357
