alphaL: 3.028211327668392
alphaR: 3.0500082081877156
event_sum: 45.93023097421974
mean: 701.8252181320865
nL: 3.7154749397502713
nR: 4.483291993814373
norm: 45.93023097421974
sigma: 35.93022776815271
sigmaL: 38.828129900226756
sigmaR: 26.015364062442192
widthL: 38.828129900226756
widthR: 26.015364062442192
x0: 701.8252181320865
