alphaL: 1.6750989531911324
alphaR: 2.5814539822085276
event_sum: 162.01947309728712
mean: 703.7785146208956
nL: 1.7518501528223842
nR: 4.384111257836055
norm: 162.01947309728712
sigma: 36.00708186100401
sigmaL: 35.490424837623515
sigmaR: 26.660914602782476
widthL: 35.490424837623515
widthR: 26.660914602782476
x0: 703.7785146208956
