alphaL: 3.3483322299415734
alphaR: 3.164797056598849
event_sum: 52.64048758754507
mean: 702.7629137369905
nL: 2.9197761440226024
nR: 2.8730779266293585
norm: 52.64048758754507
sigma: 36.00708186100401
sigmaL: 41.61009872116623
sigmaR: 25.59741351936482
widthL: 41.61009872116623
widthR: 25.59741351936482
x0: 702.7629137369905
