alphaL: 3.2488822298860445
alphaR: 2.5317240011831443
event_sum: 178.70446685375646
mean: 705.2689427733131
nL: 3.975419910913715
nR: 3.9717006496997995
norm: 178.70446685375646
sigma: 36.00708186100401
sigmaL: 38.65299022178684
sigmaR: 25.91366940744212
widthL: 38.65299022178684
widthR: 25.91366940744212
x0: 705.2689427733131
