alphaL: 0.9890150527958214
alphaR: 2.469103504423808
event_sum: 158.1500366399996
fraction: 0.9998855319394507
mean: 703.0652217570149
nL: 12.377796591092618
nR: 6.935184046365425
norm: 158.0773016223684
sigma: 35.978064682222005
sigmaL: 33.44910689122906
sigmaR: 26.922041354050805
widthL: 33.44910689122906
widthR: 26.922041354050805
x0: 703.0652217570149
