alphaL: 1.5990810954504084
alphaR: 2.5744887851769755
event_sum: 161.89484484121203
mean: 703.6747730543383
nL: 2.301861580398701
nR: 4.378899786103337
norm: 161.89484484121203
sigma: 35.93022776815271
sigmaL: 35.44393218685741
sigmaR: 26.638162413129386
widthL: 35.44393218685741
widthR: 26.638162413129386
x0: 703.6747730543383
