alphaL: 1.1880754580699315
alphaR: 1.4171693933738965
event_sum: 18.97438578022411
mean: 690.599159270064
nL: 2.0
nR: 4.348078220138746
norm: 18.97438578022411
sigma: 73.39655661090154
sigmaL: 47.25285021697773
sigmaR: 49.56528231750413
widthL: 47.25285021697773
widthR: 49.56528231750413
x0: 690.599159270064
