alphaL: 0.09158211522393153
alphaR: 3.309318875278786
event_sum: 45.87925461679697
mean: 697.3858981519853
nL: 4.976472694180755
nR: 2.9077353943888045
norm: 45.87925461679697
sigma: 36.00708186100401
sigmaL: 5.086649227314092
sigmaR: 27.69343394248241
widthL: 5.086649227314092
widthR: 27.69343394248241
x0: 697.3858981519853
