alphaL: 0.9997310459291598
alphaR: 1.4888906273307971
event_sum: 7.185020825389074
mean: 685.9610435708919
nL: 2.0
nR: 3.258263792225821
norm: 7.185020825389074
sigma: 73.39655661090154
sigmaL: 82.54831784748916
sigmaR: 52.07999377479986
widthL: 82.54831784748916
widthR: 52.07999377479986
x0: 685.9610435708919
