alphaL: 2.0966108195356012
alphaR: 0.1913407439854684
event_sum: 1.4470675635639054
mean: 695.3011820638022
nL: 3.997618246202905
nR: 3.9990554621318855
norm: 1.4470675635639054
sigma: 90.43756252373696
sigmaL: 37.1760920552654
sigmaR: 28.78915032623381
widthL: 37.1760920552654
widthR: 28.78915032623381
x0: 695.3011820638022
