alphaL: 1.2347189263547915
alphaR: 2.9999990783247656
event_sum: 10380.0
mean: 702.5131773180951
nL: 0.40013839509704197
nR: 4.4999629518235045
norm: 10380.0
sigma: 36.092029712511014
sigmaL: 39.10742119825487
sigmaR: 25.806641714484847
widthL: 39.10742119825487
widthR: 25.806641714484847
x0: 702.5131773180951
