alphaL: 0.47711938174581625
alphaR: 1.4569192373651771
event_sum: 37230.0
mean: 690.0957244722197
nL: 5.999972731639855
nR: 3.7939067102255457
norm: 37230.0
sigma: 73.52164404751574
sigmaL: 42.417166463583364
sigmaR: 50.13128141157452
widthL: 42.417166463583364
widthR: 50.13128141157452
x0: 690.0957244722197
