alphaL: 1.1581416091079337
alphaR: 1.413015431243108
event_sum: 19.036998493014835
mean: 691.7915329897029
nL: 2.0
nR: 4.290568839826828
norm: 19.036998493014835
sigma: 73.39655661090154
sigmaL: 51.00407139855378
sigmaR: 49.17447869865793
widthL: 51.00407139855378
widthR: 49.17447869865793
x0: 691.7915329897029
