alphaL: 0.9779937843784416
alphaR: 3.125416974959544
event_sum: 45.87925461679697
mean: 701.2499572088919
nL: 4.311251123071489
nR: 4.448221201416705
norm: 45.87925461679697
sigma: 36.00708186100401
sigmaL: 37.15533276647655
sigmaR: 26.23556391376955
widthL: 37.15533276647655
widthR: 26.23556391376955
x0: 701.2499572088919
