alphaL: 1.6730478527692532
alphaR: 2.576838971696707
event_sum: 162.01947309728712
mean: 703.7893633464988
nL: 1.759410425221604
nR: 4.382317649704639
norm: 162.01947309728712
sigma: 36.00708186100401
sigmaL: 35.508466658056754
sigmaR: 26.65232451479546
widthL: 35.508466658056754
widthR: 26.65232451479546
x0: 703.7893633464988
