alphaL: 1.1308334428941864
alphaR: 2.0871476685219394
event_sum: 26.06394225131953
fraction: 0.9999270097394433
mean: 706.089579547808
nL: 9.88370643524145
nR: 5.09836710886307
norm: 26.060773530392908
sigma: 34.41848132076964
sigmaL: 33.65675139929304
sigmaR: 25.149794116584765
widthL: 33.65675139929304
widthR: 25.149794116584765
x0: 706.089579547808
