alphaL: 0.8389023464629545
alphaR: 2.285064917324798
event_sum: 1.0070560362983088
mean: 703.1780771532578
nL: 3.84901209398384
nR: 4.293246084281714
norm: 1.0070560362983088
sigma: 34.52076330303001
sigmaL: 34.80953130082155
sigmaR: 23.93973898786576
widthL: 34.80953130082155
widthR: 23.93973898786576
x0: 703.1780771532578
