alphaL: 2.676800297015653
alphaR: 2.3774243020440458
event_sum: 2.6659786119053024
mean: 706.6288975891963
nL: 4.9988223523597
nR: 1.8248340821580893
norm: 2.6659786119053024
sigma: 34.52076330303001
sigmaL: 34.859626369534986
sigmaR: 24.88888251998609
widthL: 34.859626369534986
widthR: 24.88888251998609
x0: 706.6288975891963
