alphaL: 3.06182011356805
alphaR: 2.0121256370714744
event_sum: 2.667161927878624
mean: 708.4362387627722
nL: 4.227921608860007
nR: 3.871541063261662
norm: 2.667161927878624
sigma: 34.52076330303001
sigmaL: 36.680224009194376
sigmaR: 23.493783568975914
widthL: 36.680224009194376
widthR: 23.493783568975914
x0: 708.4362387627722
