alphaL: 1.006646661524536
alphaR: 1.2451606672510367
event_sum: 7.137871494429419
mean: 696.8484697779706
nL: 2.0
nR: 3.3873708468547714
norm: 7.137871494429419
sigma: 73.39655661090154
sigmaL: 85.04010940718263
sigmaR: 42.475102918240104
widthL: 85.04010940718263
widthR: 42.475102918240104
x0: 696.8484697779706
