alphaL: 0.9826305165946966
alphaR: 2.6095623291528423
event_sum: 158.1500366399996
fraction: 0.9999462937835434
mean: 703.0604157114373
nL: 14.021846162916935
nR: 3.8141242263322375
norm: 158.12963891029358
sigma: 35.978064682222005
sigmaL: 33.410295110783004
sigmaR: 26.912377538681884
widthL: 33.410295110783004
widthR: 26.912377538681884
x0: 703.0604157114373
