alphaL: 0.990773957819515
alphaR: 2.467187730875745
event_sum: 158.0773016223684
mean: 703.104316233836
nL: 12.634284450869899
nR: 6.94651034173375
norm_2016: 42.353827082552016
norm_2017: 50.49882420152426
norm_2018: 68.8168613621965
norm_Run2: 161.66951264627278
sigma: 35.978064682222005
sigmaL: 33.50466973152965
sigmaR: 26.900627820592742
widthL: 33.50466973152965
widthR: 26.900627820592742
x0: 703.104316233836
