alphaL: 0.9890150527958214
alphaR: 2.469103504423808
event_sum: 158.0773016223684
mean: 703.0652217570149
nL: 12.377796591092618
nR: 6.935184046365425
norm_2016: 42.353827082552016
norm_2017: 50.49882420152426
norm_2018: 68.8168613621965
norm_Run2: 158.0773016223684
sigma: 35.978064682222005
sigmaL: 33.44910689122906
sigmaR: 26.922041354050805
widthL: 33.44910689122906
widthR: 26.922041354050805
x0: 703.0652217570149
