alphaL: 1.0871399187502626
alphaR: 3.0790841689940773
event_sum: 44.95439867768437
mean: 701.8853834465738
nL: 102.98450597414805
nR: 3.5491632432322495
norm_2016: 11.791988205164671
norm_2017: 14.011960864067078
norm_2018: 20.068988378159702
norm_Run2: 45.87293744739145
sigma: 35.978064682222005
sigmaL: 38.430482023008494
sigmaR: 26.01585623444669
widthL: 38.430482023008494
widthR: 26.01585623444669
x0: 701.8853834465738
