alphaL: 1.0871399187502626
alphaR: 3.0790841689940773
event_sum: 44.95439867768437
mean: 701.8853834465738
nL: 102.98450597414805
nR: 3.5491632432322495
norm_2016: 44.95439867768437
norm_2017: 44.95439867768437
norm_2018: 44.95439867768437
norm_Run2: 44.95439867768437
sigma: 35.978064682222005
sigmaL: 38.430482023008494
sigmaR: 26.01585623444669
widthL: 38.430482023008494
widthR: 26.01585623444669
x0: 701.8853834465738
