alphaL: 0.6792233082822247
alphaR: 1.367934608590569
event_sum: 21.13462638447527
mean: 699.0437062989307
nL: 13.038983950096048
nR: 6.024296560786736
norm_2016: 21.13462638447527
norm_2017: 21.13462638447527
norm_2018: 21.13462638447527
norm_Run2: 21.13462638447527
sigma: 39.2
sigmaL: 40.1588293947006
sigmaR: 37.56404051293463
widthL: 40.1588293947006
widthR: 37.56404051293463
x0: 699.0437062989307
