alphaL: 1.1219171726197124
alphaR: 2.0427236046527595
event_sum: 26.048891417041887
mean: 706.2273426802439
nL: 12.201898231728908
nR: 5.507666118536764
norm_2016: 6.807555443781894
norm_2017: 8.284016554651316
norm_2018: 11.319170965871308
norm_norm_Run2: 26.410742964304518
sigma: 34.41848132076964
sigmaL: 33.56116379447091
sigmaR: 24.960612523841345
widthL: 33.56116379447091
widthR: 24.960612523841345
x0: 706.2273426802439
