alphaL: 1.1002006988250848
alphaR: 1.2768751648277086
event_sum: 18.20489952270873
mean: 693.6883617360833
nL: 0.5896870887585643
nR: 5.178282208885144
norm_2016: 4.605719823855907
norm_2017: 5.893846873310395
norm_2018: 7.900883709953632
norm_norm_Run2: 18.400450407119934
sigma: 70.0
sigmaL: 52.95023708858666
sigmaR: 46.38012499628632
widthL: 52.95023708858666
widthR: 46.38012499628632
x0: 693.6883617360833
