alphaL: 0.884338721877874
alphaR: 1.2302517894479912
event_sum: 6.818136687885271
mean: 697.4036098253432
nL: 0.7437439615008294
nR: 3.251149095409674
norm_2016: 1.6006479559000582
norm_2017: 2.1896830227633473
norm_2018: 3.1151485961163417
norm_Run2: 6.818136687885271
sigma: 70.0
sigmaL: 75.15405379043328
sigmaR: 40.90096364951356
widthL: 75.15405379043328
widthR: 40.90096364951356
x0: 697.4036098253432
