alphaL: 0.8396675387608818
alphaR: 2.4208237297077213
event_sum: 9.866300916706678
mean: 702.8365900008378
nL: 25.978013966925698
nR: 5.896390148392176
norm_2016: 2.478590361191891
norm_2017: 3.1063909857766703
norm_2018: 4.396175344882067
norm_norm_Run2: 9.981156691850629
sigma: 34.41848132076964
sigmaL: 33.63756133430972
sigmaR: 23.81162742720865
widthL: 33.63756133430972
widthR: 23.81162742720865
x0: 702.8365900008378
