alphaL: 0.6302596413984588
alphaR: 1.2490223754653287
event_sum: 6.818136687885271
mean: 692.4477014093771
nL: 48.00417410745621
nR: 3.939745305670165
norm_2016: 1.6006479559000582
norm_2017: 2.1896830227633473
norm_2018: 3.1151485961163417
norm_Run2: 6.818136687885271
sigma: 70.0
sigmaL: 57.58338941709173
sigmaR: 44.67988233614501
widthL: 57.58338941709173
widthR: 44.67988233614501
x0: 692.4477014093771
