alphaL: 0.7970371794255058
alphaR: 1.3837880366580018
event_sum: 7.996407021419145
mean: 697.1176386817415
nL: 0.10014881074862099
nR: 4.185408600676281
norm_2016: 1.8991695378208533
norm_2017: 2.5422630085377023
norm_2018: 3.6582720282603987
norm_Run2: 7.996407021419145
sigma: 39.2
sigmaL: 47.83187742496211
sigmaR: 36.05617922408513
widthL: 47.83187742496211
widthR: 36.05617922408513
x0: 697.1176386817415
