alphaL: 1.0458799112341124
alphaR: 1.424401530412127
event_sum: 0.35008762061749243
mean: 2304.5577983767607
nL: 0.15510596908036722
nR: 2.7531927214074714
norm: 0.35008762061749243
sigma: 235.0
sigmaL: 247.4647326065852
sigmaR: 121.92254449574519
widthL: 247.4647326065852
widthR: 121.92254449574519
x0: 2304.5577983767607
