alphaL: 0.9439531064859398
alphaR: 1.0495828109974736
event_sum: 7.965132977065447
fraction: 0.7164273198378087
mean: 2331.3386265888976
nL: 0.4854902594497742
nR: 4.295803820795637
norm: 3.1420428080986764
sigma: 235.0
sigmaL: 308.2135107007432
sigmaR: 94.2214585826369
widthL: 308.2135107007432
widthR: 94.2214585826369
x0: 2331.3386265888976
