alphaL: 0.7918785255666513
alphaR: 0.6924844825565564
event_sum: 0.5584878567660594
mean: 2343.1946530569226
nL: 1.0003112883332455
nR: 3.8973189952617147
norm: 0.5584878567660594
sigma: 235.0
sigmaL: 267.2373805042651
sigmaR: 59.77888399370718
widthL: 267.2373805042651
widthR: 59.77888399370718
x0: 2343.1946530569226
