alphaL: 0.46721634309261234
alphaR: 0.8958448354051609
event_sum: 0.41668905868630995
mean: 2383.1789696436135
nL: 1.0003471697160486
nR: 2.8529352675606603
norm: 0.41668905868630995
sigma: 235.0
sigmaL: 383.9198941394293
sigmaR: 59.050195628050304
widthL: 383.9198941394293
widthR: 59.050195628050304
x0: 2383.1789696436135
