alphaL: 1.3781898356514914
alphaR: 1.7102975329322054
event_sum: 0.502476673717448
mean: 2282.2909176624225
nL: 0.14276023504724514
nR: 1.9173912489364566
norm: 0.502476673717448
sigma: 235.0
sigmaL: 257.6205003135878
sigmaR: 136.42456813204646
widthL: 257.6205003135878
widthR: 136.42456813204646
x0: 2282.2909176624225
