alphaL: 1.2278289396569113
alphaR: 1.1476310026473335
event_sum: 7.432928040187305
fraction: 0.778023863212231
mean: 2312.27755961122
nL: 0.48182334476230476
nR: 4.252229325877115
norm: 4.640298796900683
sigma: 235.0
sigmaL: 274.09722108427815
sigmaR: 104.02990992047812
widthL: 274.09722108427815
widthR: 104.02990992047812
x0: 2312.27755961122
