alphaL: 0.8522987568268132
alphaR: 2.259047544923704
event_sum: 10.771357426465705
mean: 2642.883571130868
nL: 56.82592491775521
nR: 2.5461162010211655
norm_2016: 2.785478357931004
norm_2017: 3.6311734557406017
norm_2018: 5.347692173454597
norm_Run2: 10.771357426465705
sigma: 119.27032077699276
sigmaL: 88.86720363577184
sigmaR: 62.941690569342775
widthL: 88.86720363577184
widthR: 62.941690569342775
x0: 2642.883571130868
