alphaL: 1.0737868199418248
alphaR: 1.1751360036964726
event_sum: 4.414099256201802
mean: 2600.00674748462
nL: 0.10142051327732585
nR: 4.622318461999019
norm_2016: 1.0326540443229235
norm_2017: 1.4044401591103581
norm_2018: 2.0143039543456527
norm_Run2: 4.414099256201802
sigma: 265.0
sigmaL: 261.92498251015013
sigmaR: 120.57311944769359
widthL: 261.92498251015013
widthR: 120.57311944769359
x0: 2600.00674748462
