alphaL: 1.2042901616637662
alphaR: 1.1712498883924345
event_sum: 2.9479764969379323
mean: 3050.3502247113
nL: 0.4154374100132979
nR: 6.887049559128222
norm_2016: 0.6744556900949363
norm_2017: 0.9607639356615482
norm_2018: 1.3517436239013574
norm_Run2: 2.9479764969379323
sigma: 173.6
sigmaL: 200.9304935205568
sigmaR: 120.09963069405862
widthL: 200.9304935205568
widthR: 120.09963069405862
x0: 3050.3502247113
