alphaL: 1.145918276299852
alphaR: 1.562841359422976
event_sum: 3.7127129705622792
fraction: 0.7238977313581899
mean: 2964.4653130898587
nL: 0.401330768037055
nR: 3.329362847064961
norm: 0.90104479144793
sigma: 168.0
sigmaL: 194.06927919794387
sigmaR: 117.85069505363408
widthL: 194.06927919794387
widthR: 117.85069505363408
x0: 2964.4653130898587
