alphaL: 0.8544592428948661
alphaR: 1.2741868027918763
event_sum: 0.0967196853889618
mean: 2992.8449514065437
nL: 1.000090879089671
nR: 3.132468730026827
norm: 0.0967196853889618
sigma: 168.0
sigmaL: 190.69474788094473
sigmaR: 91.09695865834628
widthL: 190.69474788094473
widthR: 91.09695865834628
x0: 2992.8449514065437
