alphaL: 1.5566545198666049
alphaR: 1.526371384901756
event_sum: 0.15704985569027485
mean: 2963.8684519462395
nL: 0.10065495901380263
nR: 2.3873367690144267
norm: 0.15704985569027485
sigma: 168.0
sigmaL: 262.88724473807946
sigmaR: 119.87522459077161
widthL: 262.88724473807946
widthR: 119.87522459077161
x0: 2963.8684519462395
