alphaL: 1.0285202594174085
alphaR: 1.6248759448268935
event_sum: 3.684156064875424
mean: 2950.4600160731648
nL: 1.006105742740242
nR: 2.306131159471806
norm: 3.684156064875424
sigma: 168.0
sigmaL: 223.013509728675
sigmaR: 128.28337575409708
widthL: 223.013509728675
widthR: 128.28337575409708
x0: 2950.4600160731648
