alphaL: 4.048726566974668
alphaR: 2.8884923752230653
event_sum: 0.16698428750532912
mean: 2960.2365694140326
nL: 1.0005481862310983
nR: 3.680321416548054
norm: 0.16698428750532912
sigma: 168.0
sigmaL: 387.388633009691
sigmaR: 183.60372728994315
widthL: 387.388633009691
widthR: 183.60372728994315
x0: 2960.2365694140326
