alphaL: 1.3902637731281782
alphaR: 1.5195357161945828
event_sum: 3.1930906326160766
fraction: 0.778358520716046
mean: 2955.855930384086
nL: 0.4002673484500049
nR: 2.692100341767065
norm: 1.5354608799680136
sigma: 168.0
sigmaL: 256.43690664248794
sigmaR: 129.24130666549448
widthL: 256.43690664248794
widthR: 129.24130666549448
x0: 2955.855930384086
