alphaL: 1.3515343592723497
alphaR: 1.5182926509818533
event_sum: 0.09036195394583046
mean: 3015.388759946607
nL: 0.10012338164007775
nR: 1.7670921089117844
norm: 0.09036195394583046
sigma: 168.0
sigmaL: 283.8597174176041
sigmaR: 91.5451692604877
widthL: 283.8597174176041
widthR: 91.5451692604877
x0: 3015.388759946607
