alphaL: 0.9994521835272582
alphaR: 1.2236698780678663
event_sum: 0.09146899040206335
mean: 3024.3640794444036
nL: 1.1157457493678644
nR: 1.6196771352804074
norm: 0.09146899040206335
sigma: 223.83779344807496
sigmaL: 232.25284276991823
sigmaR: 61.418272370412225
widthL: 232.25284276991823
widthR: 61.418272370412225
x0: 3024.3640794444036
