alphaL: 0.783323513244712
alphaR: 1.5603244788997177
event_sum: 0.0967196853889618
mean: 2953.6195889389546
nL: 1.0048201555645087
nR: 4.069724243947276
norm: 0.0967196853889618
sigma: 168.0
sigmaL: 169.82960669468065
sigmaR: 124.35968192814255
widthL: 169.82960669468065
widthR: 124.35968192814255
x0: 2953.6195889389546
