alphaL: 0.7877664984801109
alphaR: 1.236187094907563
event_sum: 4.2661708717932925
mean: 2999.440009573409
nL: 1.0000060941555677
nR: 2.9828270070359277
norm: 4.2661708717932925
sigma: 168.0
sigmaL: 203.39647783652717
sigmaR: 83.727082825553
widthL: 203.39647783652717
widthR: 83.727082825553
x0: 2999.440009573409
