alphaL: 1.5006439065103194
alphaR: 1.7532153002160464
event_sum: 0.15859719084983226
mean: 2956.53188517564
nL: 0.22239282659438867
nR: 1.6800332643480331
norm: 0.15859719084983226
sigma: 223.83779344807496
sigmaL: 254.5607928963715
sigmaR: 127.09106515423875
widthL: 254.5607928963715
widthR: 127.09106515423875
x0: 2956.53188517564
