alphaL: 0.9772909137071005
alphaR: 1.4282731877424764
event_sum: 0.16698428750532912
mean: 2953.447478433808
nL: 1.0001043127738014
nR: 3.0305170809558857
norm: 0.16698428750532912
sigma: 168.0
sigmaL: 191.01423692755998
sigmaR: 120.50704692950606
widthL: 191.01423692755998
widthR: 120.50704692950606
x0: 2953.447478433808
