alphaL: 0.8962773387595632
alphaR: 2.188359140761664
event_sum: 0.16032146693146526
mean: 3329.212023428386
nL: 0.9920821223226899
nR: 4.059594222811533
norm: 0.16032146693146526
sigma: 193.2
sigmaL: 236.7880599310794
sigmaR: 213.32689895831254
widthL: 236.7880599310794
widthR: 213.32689895831254
x0: 3329.212023428386
