alphaL: 0.8869302507721947
alphaR: 1.8853131061889807
event_sum: 0.3329601101142188
mean: 3392.0012223818517
nL: 1.759628511499884
nR: 1.6431317745999545
norm: 0.3329601101142188
sigma: 193.2
sigmaL: 188.11876581721503
sigmaR: 142.85124288178582
widthL: 188.11876581721503
widthR: 142.85124288178582
x0: 3392.0012223818517
