alphaL: 1.042516830052581
alphaR: 1.210070594701019
event_sum: 0.3580940266964018
mean: 3441.286870557764
nL: 0.9368942447188185
nR: 2.7434143017336696
norm: 0.3580940266964018
sigma: 193.2
sigmaL: 242.66556786121
sigmaR: 86.7047857955448
widthL: 242.66556786121
widthR: 86.7047857955448
x0: 3441.286870557764
