alphaL: 1.1038192343938833
alphaR: 0.9385844795879908
event_sum: 0.1466113816763578
mean: 3428.7042274836776
nL: 1.7975496407703284
nR: 3.327309565044815
norm: 0.1466113816763578
sigma: 193.2
sigmaL: 277.02693281114904
sigmaR: 91.60149845650217
widthL: 277.02693281114904
widthR: 91.60149845650217
x0: 3428.7042274836776
