alphaL: 0.9945874161294594
alphaR: 1.18474735547654
event_sum: 13.989095197961147
fraction: 0.721896694959701
mean: 3410.3507881657415
nL: 0.5572238376123198
nR: 3.6566690808348117
norm: 1.65801747970933
sigma: 193.2
sigmaL: 235.14545012695072
sigmaR: 117.12226703337576
widthL: 235.14545012695072
widthR: 117.12226703337576
x0: 3410.3507881657415
