alphaL: 1.3149403067403542
alphaR: 1.1236920415258302
event_sum: 11.351425621277695
fraction: 0.7252077367545734
mean: 3443.8726750260525
nL: 0.4
nR: 4.5
norm: 3.6482352957165323
sigma: 193.2
sigmaL: 270.3179879243492
sigmaR: 93.7259366283737
widthL: 270.3179879243492
widthR: 93.7259366283737
x0: 3443.8726750260525
