alphaL: 1.5761889202612556
alphaR: 1.9897888583516847
event_sum: 9.451939544289186
mean: 1855.970442304299
nL: 4.499224114932053
nR: 3.4137015131349386
norm: 9.451939544289186
sigma: 88.94853626059432
sigmaL: 92.344444863092
sigmaR: 41.271643241088725
widthL: 92.344444863092
widthR: 41.271643241088725
x0: 1855.970442304299
