alphaL: 1.3577657544761088
alphaR: 2.1452801719560264
event_sum: 8.967783077721709
fraction: 0.9987874250162883
mean: 1853.1477920421382
nL: 9.797329821350909
nR: 2.630695751049271
norm: 8.960245583073664
sigma: 88.20536023426916
sigmaL: 87.51701793015621
sigmaR: 43.10365341174006
widthL: 87.51701793015621
widthR: 43.10365341174006
x0: 1853.1477920421382
