alphaL: 1.3627765513954901
alphaR: 2.075752118598622
event_sum: 9.4192276675416
mean: 1852.9803683960956
nL: 4.701832817400872
nR: 3.118808548737866
norm: 9.4192276675416
sigma: 88.94853626059432
sigmaL: 86.04436352275036
sigmaR: 43.0027126531703
widthL: 86.04436352275036
widthR: 43.0027126531703
x0: 1852.9803683960956
