alphaL: 1.1932591559798895
alphaR: 2.1128055955692795
event_sum: 11.267643770705316
mean: 1848.9124236044313
nL: 4.966766981801355
nR: 3.278926051987232
norm: 11.267643770705316
sigma: 88.94853626059432
sigmaL: 72.4056754683362
sigmaR: 47.456261112113594
widthL: 72.4056754683362
widthR: 47.456261112113594
x0: 1848.9124236044313
