alphaL: 1.2955655177446126
alphaR: 1.9929266844956335
event_sum: 0.9880686389858244
mean: 1845.5863907584705
nL: 3.7822383721984445
nR: 3.388554015661794
norm: 0.9880686389858244
sigma: 96.6174532678103
sigmaL: 75.66149456537539
sigmaR: 48.65137156686845
widthL: 75.66149456537539
widthR: 48.65137156686845
x0: 1845.5863907584705
