alphaL: 1.0689357243903814
alphaR: 1.8058720370143118
event_sum: 8.813350247356409
fraction: 0.9979286074670862
mean: 1854.9074419977264
nL: 9.965594857092384
nR: 2.8924634935790614
norm: 8.806592981379579
sigma: 96.7178335623822
sigmaL: 73.23435920748047
sigmaR: 45.882272510697234
widthL: 73.23435920748047
widthR: 45.882272510697234
x0: 1854.9074419977264
