alphaL: 1.3437190651346669
alphaR: 2.0852849756567173
event_sum: 11.315528458786225
mean: 1850.5718281703062
nL: 4.50175168549094
nR: 3.070403847406639
norm: 11.315528458786225
sigma: 88.94853626059432
sigmaL: 76.90890858268823
sigmaR: 46.691174609430206
widthL: 76.90890858268823
widthR: 46.691174609430206
x0: 1850.5718281703062
