alphaL: 1.2415975847390088
alphaR: 1.8393261204632094
event_sum: 0.894927900103261
mean: 1855.59528153247
nL: 4.507992766039865
nR: 2.649486770082251
norm: 0.894927900103261
sigma: 96.6174532678103
sigmaL: 76.59063774652782
sigmaR: 46.47046981626215
widthL: 76.59063774652782
widthR: 46.47046981626215
x0: 1855.59528153247
