alphaL: 1.2328506403028272
alphaR: 1.8232128693239655
event_sum: 0.891515821261178
mean: 1855.4566939594868
nL: 3.843924320712521
nR: 2.85936270328985
norm: 0.891515821261178
sigma: 96.6174532678103
sigmaL: 74.49043949913693
sigmaR: 45.999377162935
widthL: 74.49043949913693
widthR: 45.999377162935
x0: 1855.4566939594868
