alphaL: 1.146494498397077
alphaR: 2.222814064514728
event_sum: 10.768282083520551
fraction: 0.9987304595711557
mean: 1848.3814262852588
nL: 9.915532891215044
nR: 2.62529161643163
norm: 10.765778523635328
sigma: 88.20536023426916
sigmaL: 72.47500599175739
sigmaR: 47.800148674633974
widthL: 72.47500599175739
widthR: 47.800148674633974
x0: 1848.3814262852588
