alphaL: 0.8359520862303759
alphaR: 2.132935084130376
event_sum: 9.733776033958028
fraction: 0.9968313282969405
mean: 1844.6399078627333
nL: 10.0
nR: 1.9356108671058097
norm: 9.727830756280914
sigma: 96.7178335623822
sigmaL: 67.1827287178769
sigmaR: 48.23489047869086
widthL: 67.1827287178769
widthR: 48.23489047869086
x0: 1844.6399078627333
