alphaL: 1.275717040932226
alphaR: 2.145684914127224
event_sum: 0.9838456026810495
mean: 1848.3093763269267
nL: 3.379844776474632
nR: 1.8480249057216522
norm: 0.9838456026810495
sigma: 96.6174532678103
sigmaL: 78.16054745165444
sigmaR: 47.102740146455545
widthL: 78.16054745165444
widthR: 47.102740146455545
x0: 1848.3093763269267
