alphaL: 0.8930594052653397
alphaR: 1.3097787613048077
event_sum: 0.7952404682873748
mean: 1391.8865890405816
nL: 0.20014354555656186
nR: 1.80856291127192
norm: 0.7952404682873748
sigma: 71.8173303506837
sigmaL: 125.44930920377483
sigmaR: 67.79341186484783
widthL: 125.44930920377483
widthR: 67.79341186484783
x0: 1391.8865890405816
