alphaL: 0.8885648417392348
alphaR: 1.2197648514397688
event_sum: 1.1746624095831066
mean: 1398.7649703846323
nL: 1.0005401347679244
nR: 4.087449879076006
norm: 1.1746624095831066
sigma: 140.0
sigmaL: 140.8568197542943
sigmaR: 60.48905605498444
widthL: 140.8568197542943
widthR: 60.48905605498444
x0: 1398.7649703846323
