alphaL: 0.9148595343853104
alphaR: 1.111789381571319
event_sum: 0.6852197389234789
mean: 1381.3971668647348
nL: 0.20022577237682415
nR: 1.652403358801028
norm: 0.6852197389234789
sigma: 71.8173303506837
sigmaL: 118.93482384298363
sigmaR: 60.57709592585935
widthL: 118.93482384298363
widthR: 60.57709592585935
x0: 1381.3971668647348
