alphaL: 1.138228876312852
alphaR: 1.2108337232669009
event_sum: 0.9471422003698535
mean: 1378.301277162818
nL: 1.6245419943108834
nR: 3.816033568287605
norm: 0.9471422003698535
sigma: 140.0
sigmaL: 138.03765520415146
sigmaR: 71.49805971544976
widthL: 138.03765520415146
widthR: 71.49805971544976
x0: 1378.301277162818
