alphaL: 0.8866373848534114
alphaR: 1.4170232056615402
event_sum: 1.1746624095831066
mean: 1391.5013781657026
nL: 1.0000868302489128
nR: 4.156545620233745
norm: 1.1746624095831066
sigma: 140.0
sigmaL: 137.72586832687355
sigmaR: 71.2738131258028
widthL: 137.72586832687355
widthR: 71.2738131258028
x0: 1391.5013781657026
