alphaL: 1.253769822509569
alphaR: 1.1478290243864784
event_sum: 0.9331818661303259
mean: 1382.1511660985234
nL: 1.0275708628730553
nR: 3.86651470867606
norm: 0.9331818661303259
sigma: 140.0
sigmaL: 141.4923377168413
sigmaR: 66.85092097822854
widthL: 141.4923377168413
widthR: 66.85092097822854
x0: 1382.1511660985234
