alphaL: 1.1431682186075776
alphaR: 1.950774344040552
event_sum: 1.0865793483098969
mean: 1377.1664298502665
nL: 0.5442139444463787
nR: 1.6913656701805198
norm: 1.0865793483098969
sigma: 140.0
sigmaL: 138.0728278458341
sigmaR: 83.1737744631632
widthL: 138.0728278458341
widthR: 83.1737744631632
x0: 1377.1664298502665
