alphaL: 1.248141357428864
alphaR: 1.1700125368357823
event_sum: 0.9331818661303259
mean: 1380.6482138799977
nL: 1.0277441856660983
nR: 3.8580917965385924
norm: 0.9331818661303259
sigma: 140.0
sigmaL: 140.33790497478876
sigmaR: 68.39585606013415
widthL: 140.33790497478876
widthR: 68.39585606013415
x0: 1380.6482138799977
