alphaL: 1.2179730887367723
alphaR: 1.318823847431291
event_sum: 12.042449382599443
fraction: 0.8638720140222464
mean: 1391.9366025839547
nL: 0.489438136605587
nR: 4.437752508176469
norm: 10.290759947150946
sigma: 140.0
sigmaL: 153.1898394730819
sigmaR: 68.35505273969308
widthL: 153.1898394730819
widthR: 68.35505273969308
x0: 1391.9366025839547
