alphaL: 0.9754183507093849
alphaR: 1.1484910796721646
event_sum: 1.2042450226144865
mean: 1409.374963431331
nL: 1.0000100551840674
nR: 3.1608207200822354
norm: 1.2042450226144865
sigma: 140.0
sigmaL: 153.69402762370828
sigmaR: 52.090836505187454
widthL: 153.69402762370828
widthR: 52.090836505187454
x0: 1409.374963431331
