alphaL: 1.2353918984280974
alphaR: 1.3106886086047471
event_sum: 0.8884755576727912
mean: 1376.1331395956727
nL: 1.2173936548998106
nR: 3.529837883031058
norm: 0.8884755576727912
sigma: 140.0
sigmaL: 138.78872364468532
sigmaR: 75.64035783501174
widthL: 138.78872364468532
widthR: 75.64035783501174
x0: 1376.1331395956727
