alphaL: 1.105691725195227
alphaR: 1.0420034210663067
event_sum: 9.471421340247616
fraction: 0.9271265488352183
mean: 1382.8025317972126
nL: 1.9622501053541077
nR: 4.4930916308998095
norm: 8.578957178164274
sigma: 140.0
sigmaL: 140.18731900156487
sigmaR: 63.89132808740645
widthL: 140.18731900156487
widthR: 63.89132808740645
x0: 1382.8025317972126
