alphaL: 0.8151462658404266
alphaR: 1.2807771398393732
event_sum: 7.82532170027193
fraction: 0.9244989576103788
mean: 1280.6575803978194
nL: 1.9376843824122616
nR: 4.5
norm: 6.945036480420267
sigma: 130.0
sigmaL: 107.169344936934
sigmaR: 69.13241355589605
widthL: 107.169344936934
widthR: 69.13241355589605
x0: 1280.6575803978194
