alphaL: 1.1299036515211591
alphaR: 1.6686274057586585
event_sum: 0.49422110202318964
mean: 1278.503005906487
nL: 1.5748323073310815
nR: 2.0281766559765355
norm: 0.49422110202318964
sigma: 130.0
sigmaL: 119.84768709147298
sigmaR: 75.58846886004024
widthL: 119.84768709147298
widthR: 75.58846886004024
x0: 1278.503005906487
