alphaL: 0.8309141980593493
alphaR: 1.3677498087758038
event_sum: 5.1326789098016725
fraction: 0.9405367300954879
mean: 1269.959388897284
nL: 2.282678250638125
nR: 4.5
norm: 4.750563617337487
sigma: 130.0
sigmaL: 99.87946793686407
sigmaR: 75.96484718957726
widthL: 99.87946793686407
widthR: 75.96484718957726
x0: 1269.959388897284
