alphaL: 1.0175900795675246
alphaR: 1.4775553163928254
event_sum: 0.7807082478302745
mean: 1277.2934394634958
nL: 0.5538423120435022
nR: 3.2145200708103707
norm: 0.7807082478302745
sigma: 130.0
sigmaL: 114.67847367220864
sigmaR: 73.5743397351323
widthL: 114.67847367220864
widthR: 73.5743397351323
x0: 1277.2934394634958
