alphaL: 1.035793698069447
alphaR: 1.5047195802941575
event_sum: 0.7383415107696206
mean: 1276.8802264161488
nL: 0.5556252465578477
nR: 2.56882092264679
norm: 0.7383415107696206
sigma: 130.0
sigmaL: 113.69187939503996
sigmaR: 73.80551123143151
widthL: 113.69187939503996
widthR: 73.80551123143151
x0: 1276.8802264161488
