alphaL: 1.147886675056496
alphaR: 1.2320119803643328
event_sum: 0.5123263035314196
mean: 1287.877222961538
nL: 1.4697266908277302
nR: 3.457261193435119
norm: 0.5123263035314196
sigma: 130.0
sigmaL: 131.67838717370037
sigmaR: 60.20919763340135
widthL: 131.67838717370037
widthR: 60.20919763340135
x0: 1287.877222961538
