alphaL: 1.323682370111333
alphaR: 2.3452326551999514
event_sum: 0.35579377921467203
mean: 2285.983484081122
nL: 0.1556344468830076
nR: 2.272340813643119
norm: 0.35579377921467203
sigma: 235.0
sigmaL: 258.7945535983336
sigmaR: 171.4152395899568
widthL: 258.7945535983336
widthR: 171.4152395899568
x0: 2285.983484081122
