alphaL: 0.8753117371929907
alphaR: 0.9372064661505013
event_sum: 5.669953416813871
fraction: 0.6946291683121897
mean: 2338.1207054175457
nL: 0.40604919842571013
nR: 3.513643325486028
norm: 2.2943452442238206
sigma: 235.0
sigmaL: 227.47756378415048
sigmaR: 78.34230206890562
widthL: 227.47756378415048
widthR: 78.34230206890562
x0: 2338.1207054175457
