alphaL: 0.9192246587289891
alphaR: 1.3054263604439176
event_sum: 5.260944684793881
fraction: 0.8038908208920788
mean: 2328.391714603359
nL: 0.927097450758643
nR: 4.347728952330081
norm: 3.2893357769693004
sigma: 235.0
sigmaL: 240.3945606591488
sigmaR: 117.52835234577118
widthL: 240.3945606591488
widthR: 117.52835234577118
x0: 2328.391714603359
