alphaL: 0.5327923364154745
alphaR: 0.9080239247833763
event_sum: 0.30499259443623905
mean: 2368.907104256906
nL: 0.9999537550117613
nR: 2.2002681499714383
norm: 0.30499259443623905
sigma: 235.0
sigmaL: 367.67104289422684
sigmaR: 59.124217301291196
widthL: 367.67104289422684
widthR: 59.124217301291196
x0: 2368.907104256906
