alphaL: 0.7371257782660885
alphaR: 1.0931037634672653
event_sum: 0.3964241901593867
mean: 2359.560532627543
nL: 1.0005931573379712
nR: 3.035288761253863
norm: 0.3964241901593867
sigma: 235.0
sigmaL: 259.44051340675855
sigmaR: 86.11269286420836
widthL: 259.44051340675855
widthR: 86.11269286420836
x0: 2359.560532627543
