alphaL: 1.0539770792143115
alphaR: 1.269916905938686
event_sum: 0.2535490210645902
mean: 2360.651245908784
nL: 0.2231753306449417
nR: 1.3748721184530228
norm: 0.2535490210645902
sigma: 235.0
sigmaL: 249.03478290851206
sigmaR: 65.6749169975369
widthL: 249.03478290851206
widthR: 65.6749169975369
x0: 2360.651245908784
