alphaL: 1.054625903908867
alphaR: 1.2942352809802882
event_sum: 11.329181478993346
mean: 2003.599067012873
nL: 0.3176596921024478
nR: 7.312562901716902
norm_2016: 2.851825077414186
norm_2017: 3.6836351238758303
norm_2018: 4.953909536060181
norm_Run2: 11.329181478993346
sigma: 205.0
sigmaL: 195.41047976590383
sigmaR: 113.12813800124685
widthL: 195.41047976590383
widthR: 113.12813800124685
x0: 2003.599067012873
