alphaL: 0.8647335262278422
alphaR: 1.3170231408363373
event_sum: 18.62582744030513
mean: 2024.9850085057474
nL: 2.3413243590759723
nR: 4.761245242843128
norm_2016: 4.4185641433856615
norm_2017: 5.915187693703418
norm_2018: 8.659229538980968
norm_Run2: 18.62582744030513
sigma: 114.8
sigmaL: 118.05399896292168
sigmaR: 84.61231380632105
widthL: 118.05399896292168
widthR: 84.61231380632105
x0: 2024.9850085057474
