alphaL: 0.9757665225865138
alphaR: 0.9800274745032367
event_sum: 0.09557072589183596
mean: 2935.0935222503376
nL: 0.10568127635014987
nR: 1.386050737618708
norm: 0.09557072589183596
sigma: 290.0
sigmaL: 332.43590452748765
sigmaR: 52.269046838838946
widthL: 332.43590452748765
widthR: 52.269046838838946
x0: 2935.0935222503376
