alphaL: 0.6665989343944645
alphaR: 2.1361215515257475
event_sum: 48.33079855165876
fraction: 0.9898060865293105
mean: 2892.813281209979
nL: 128.20378246438932
nR: 1.6415577322052566
norm: 11.694305269727051
sigma: 202.3260083104489
sigmaL: 81.92080978128355
sigmaR: 70.19529327173868
widthL: 81.92080978128355
widthR: 70.19529327173868
x0: 2892.813281209979
