alphaL: 0.6285778962464932
alphaR: 0.6189330871717764
event_sum: 3.6963622768981703
fraction: 0.6276883768346231
mean: 2890.743772633801
nL: 0.4060630911321951
nR: 4.033962832873216
norm: 0.7052712827838541
sigma: 290.0
sigmaL: 284.3205443203821
sigmaR: 77.91841640136391
widthL: 284.3205443203821
widthR: 77.91841640136391
x0: 2890.743772633801
