alphaL: 1.1460714424645957
alphaR: 0.6919162501280437
event_sum: 2.7747215902145124
fraction: 0.7180076409569234
mean: 2904.185341363453
nL: 0.4433025879176331
nR: 2.9850694283658283
norm: 1.0774086149592024
sigma: 290.0
sigmaL: 407.97354414625545
sigmaR: 63.63250574949078
widthL: 407.97354414625545
widthR: 63.63250574949078
x0: 2904.185341363453
