alphaL: 0.17685225693700288
alphaR: 0.778061930702133
event_sum: 0.12352376272486414
mean: 2978.394367767483
nL: 1.0005357851066106
nR: 3.544625932355487
norm: 0.12352376272486414
sigma: 290.0
sigmaL: 762.1828220883857
sigmaR: 69.64430445963634
widthL: 762.1828220883857
widthR: 69.64430445963634
x0: 2978.394367767483
