alphaL: 0.6250934362198384
alphaR: 0.8463165501509803
event_sum: 0.16074388065348819
mean: 2906.8835823903087
nL: 0.9999617396849285
nR: 1.8639838566885887
norm: 0.16074388065348819
sigma: 290.0
sigmaL: 421.9519525398033
sigmaR: 62.838580349424326
widthL: 421.9519525398033
widthR: 62.838580349424326
x0: 2906.8835823903087
