alphaL: 1.2089899786386578
alphaR: 1.0063147238566938
event_sum: 0.13668210576634582
mean: 2902.422248029712
nL: 0.181957338312785
nR: 1.6880684607754044
norm: 0.13668210576634582
sigma: 290.0
sigmaL: 352.4884163268346
sigmaR: 68.01057378376267
widthL: 352.4884163268346
widthR: 68.01057378376267
x0: 2902.422248029712
