alphaL: 1.1028371439438267
alphaR: 1.479233978087998
event_sum: 1.0258169842268199
mean: 3103.504676641984
nL: 4.57531782209068
nR: 2.833660123136795
norm: 1.0258169842268199
sigma: 227.66287507105687
sigmaL: 114.85289859420007
sigmaR: 65.40691079872974
widthL: 114.85289859420007
widthR: 65.40691079872974
x0: 3103.504676641984
