alphaL: 1.1069957143663047
alphaR: 1.960267220079052
event_sum: 1.5523366316696694
fraction: 0.998966879797117
mean: 3094.077420274079
nL: 8.816520950075294
nR: 3.0851463563718817
norm: 1.5518826905054788
sigma: 138.682355654757
sigmaL: 113.86740221768481
sigmaR: 71.32444955621158
widthL: 113.86740221768481
widthR: 71.32444955621158
x0: 3094.077420274079
