alphaL: 0.8902415179183523
alphaR: 1.8566127340510203
event_sum: 22.81692596784146
fraction: 0.9990179578484144
mean: 3093.591183915687
nL: 9.999225337086378
nR: 2.3346681222051404
norm: 22.760401035480037
sigma: 226.6899010117642
sigmaL: 100.75286928765811
sigmaR: 68.65772747225681
widthL: 100.75286928765811
widthR: 68.65772747225681
x0: 3093.591183915687
