alphaL: 0.8847424044767936
alphaR: 1.696051733296441
event_sum: 1.0222755042569045
mean: 3085.163317925312
nL: 4.755061531663625
nR: 2.956200775005925
norm: 1.0222755042569045
sigma: 227.66287507105687
sigmaL: 90.96049240506626
sigmaR: 78.27641297552152
widthL: 90.96049240506626
widthR: 78.27641297552152
x0: 3085.163317925312
