alphaL: 0.6644211625381697
alphaR: 1.749080740472991
event_sum: 10.395117400620707
fraction: 0.9984321308295634
mean: 3082.9532705770325
nL: 9.99202129542983
nR: 2.61044915525956
norm: 10.251798124884887
sigma: 226.6899010117642
sigmaL: 78.55576425528561
sigmaR: 79.76421073155649
widthL: 78.55576425528561
widthR: 79.76421073155649
x0: 3082.9532705770325
