alphaL: 1.2317359506000782
alphaR: 2.1854884244009263
event_sum: 2.442538331341323
mean: 3095.319859772428
nL: 4.766612498389579
nR: 3.3447349127927004
norm: 2.442538331341323
sigma: 137.647538055378
sigmaL: 121.7923751646642
sigmaR: 67.75441434092366
widthL: 121.7923751646642
widthR: 67.75441434092366
x0: 3095.319859772428
