alphaL: 1.210124875730985
alphaR: 2.097107144480602
event_sum: 1.5365839060457165
mean: 3090.7564437672218
nL: 3.3574876110980107
nR: 2.2156913434220757
norm: 1.5365839060457165
sigma: 137.647538055378
sigmaL: 107.60377357043956
sigmaR: 73.69125383490736
widthL: 107.60377357043956
widthR: 73.69125383490736
x0: 3090.7564437672218
