alphaL: 1.4238736523708249
alphaR: 1.5497633892841107
event_sum: 2.2769576729325625
mean: 3111.1463187390473
nL: 4.413198209873889
nR: 2.950176879040857
norm: 2.2769576729325625
sigma: 227.66287507105687
sigmaL: 137.83682914703525
sigmaR: 58.093923036387736
widthL: 137.83682914703525
widthR: 58.093923036387736
x0: 3111.1463187390473
