alphaL: 1.2217126869616854
alphaR: 1.9405068279289681
event_sum: 1.545960534887311
mean: 3095.133191723216
nL: 4.103260775530184
nR: 2.9757460191552614
norm: 1.545960534887311
sigma: 137.647538055378
sigmaL: 112.68272716607072
sigmaR: 70.79922231547361
widthL: 112.68272716607072
widthR: 70.79922231547361
x0: 3095.133191723216
