alphaL: 0.8555689232802569
alphaR: 2.268878793357188
event_sum: 5.1002979464101195
fraction: 0.9934259572242529
mean: 3091.2237364633324
nL: 42.1328317765378
nR: 2.624610726573535
norm: 2.4514981541237235
sigma: 139.15265110625822
sigmaL: 101.79914419625518
sigmaR: 71.38721557270144
widthL: 101.79914419625518
widthR: 71.38721557270144
x0: 3091.2237364633324
