alphaL: 1.2733164422092218
alphaR: 2.1664796917730023
event_sum: 2.4555381778502103
fraction: 0.9992164894919248
mean: 3096.3321322830834
nL: 9.77521604537751
nR: 2.843086870822511
norm: 2.454859755242093
sigma: 138.682355654757
sigmaL: 128.81540696213756
sigmaR: 67.66064707954057
widthL: 128.81540696213756
widthR: 67.66064707954057
x0: 3096.3321322830834
