alphaL: 1.1688456733314014
alphaR: 1.567823622059333
event_sum: 2.2751891001150315
mean: 3102.036449094226
nL: 5.0
nR: 3.044859125559847
norm: 2.2751891001150315
sigma: 227.66287507105687
sigmaL: 119.11235696041456
sigmaR: 62.43240148316465
widthL: 119.11235696041456
widthR: 62.43240148316465
x0: 3102.036449094226
