alphaL: 1.5106941386476247
alphaR: 2.1437202646764977
event_sum: 2.4539704892120775
mean: 3103.3152398686416
nL: 4.4333904477899075
nR: 2.723273005597944
norm: 2.4539704892120775
sigma: 137.647538055378
sigmaL: 140.01979113330356
sigmaR: 64.16558758512461
widthL: 140.01979113330356
widthR: 64.16558758512461
x0: 3103.3152398686416
