alphaL: 1.2640558853383337
alphaR: 1.6007995793164562
event_sum: 0.927109286414235
mean: 1142.3071564937782
nL: 0.817937322621844
nR: 2.308440899270566
norm: 0.927109286414235
sigma: 115.0
sigmaL: 114.8007333405961
sigmaR: 67.29240068589345
widthL: 114.8007333405961
widthR: 67.29240068589345
x0: 1142.3071564937782
