alphaL: 1.2440472098968711
alphaR: 1.1700052065308917
event_sum: 0.9470449708262456
mean: 1156.451192120566
nL: 0.7630460657139104
nR: 3.7631706682284567
norm: 0.9470449708262456
sigma: 115.0
sigmaL: 130.54232395560234
sigmaR: 53.11261913794588
widthL: 130.54232395560234
widthR: 53.11261913794588
x0: 1156.451192120566
