alphaL: 1.2371078858562097
alphaR: 1.7882685994916183
event_sum: 0.5871063625762639
mean: 1136.9974380535832
nL: 1.567790187274528
nR: 1.7689675590742528
norm: 0.5871063625762639
sigma: 115.0
sigmaL: 108.6640761206042
sigmaR: 73.17831344897361
widthL: 108.6640761206042
widthR: 73.17831344897361
x0: 1136.9974380535832
