alphaL: 1.0914819359055228
alphaR: 1.2897244279481694
event_sum: 5.964935164835697
fraction: 0.9612745550780204
mean: 1134.296855616326
nL: 1.2558637039441694
nR: 4.5
norm: 5.710141558878937
sigma: 115.0
sigmaL: 97.00289741594425
sigmaR: 69.40035719271972
widthL: 97.00289741594425
widthR: 69.40035719271972
x0: 1134.296855616326
