alphaL: 1.0417555600858572
alphaR: 1.416078664428984
event_sum: 9.470866903160992
fraction: 0.9526337313819162
mean: 1141.7287031355565
nL: 1.0685081911210164
nR: 3.9626991617411047
norm: 8.928483728557941
sigma: 115.0
sigmaL: 109.02243375349434
sigmaR: 66.91861580958073
widthL: 109.02243375349434
widthR: 66.91861580958073
x0: 1141.7287031355565
