alphaL: 1.0092774873431645
alphaR: 1.4267285558483138
event_sum: 0.5957498221918754
mean: 1137.2399075728208
nL: 1.911408063843881
nR: 3.3909716567142985
norm: 0.5957498221918754
sigma: 115.0
sigmaL: 94.69942163600606
sigmaR: 69.44135231437991
widthL: 94.69942163600606
widthR: 69.44135231437991
x0: 1137.2399075728208
