alphaL: 1.8853609711459272
alphaR: 2.0408740622687533
event_sum: 50.009335487639234
mean: 2206.4352807067353
nL: 2.9999960092677345
nR: 2.780913871226031
norm: 50.009335487639234
sigma: 136
sigmaL: 108.73302574305262
sigmaR: 49.35073717881385
widthL: 108.73302574305262
widthR: 49.35073717881385
x0: 2206.4352807067353
