alphaL: 1.6316714732332382
alphaR: 1.7942934208841093
event_sum: 3.917545518641391
mean: 2209.546472712261
nL: 2.9797949566727935
nR: 2.326323266070449
norm: 3.917545518641391
sigma: 149.1853487711815
sigmaL: 103.1552176814843
sigmaR: 53.661024533495585
widthL: 103.1552176814843
widthR: 53.661024533495585
x0: 2209.546472712261
