alphaL: 1.1732230197860185
alphaR: 1.8388590669288016
event_sum: 19.742088412776425
mean: 2201.490631570935
nL: 5.997567929893651
nR: 2.4565375350719445
norm: 19.742088412776425
sigmaL: 86.42421559833926
sigmaR: 57.92763863643964
widthL: 86.42421559833926
widthR: 57.92763863643964
x0: 2201.490631570935
