alphaL: 1.928185138203565
alphaR: 2.006003133471132
event_sum: 23.28678353068041
mean: 2207.2487018642264
nL: 3.9988411323269557
nR: 3.1379227856553977
norm: 23.28678353068041
sigmaL: 112.09022890841122
sigmaR: 48.38355862501165
widthL: 112.09022890841122
widthR: 48.38355862501165
x0: 2207.2487018642264
