alphaL: 1.8188254353043818
alphaR: 1.801605981773437
event_sum: 26.38476603546429
mean: 2161.205819328869
nL: 3.0899860645428276
nR: 3.6143135698454563
norm: 26.38476603546429
sigmaL: 139.55857626551474
sigmaR: 99.35476417419542
widthL: 139.55857626551474
widthR: 99.35476417419542
x0: 2161.205819328869
