alphaL: 1.5571074027351748
alphaR: 1.6996675308612317
event_sum: 11.560106857141855
mean: 2208.7994350347562
nL: 2.9991455123669217
nR: 2.7992487633459517
norm: 11.560106857141855
sigma: 149
sigmaL: 99.91335512610043
sigmaR: 54.45740361155567
widthL: 99.91335512610043
widthR: 54.45740361155567
x0: 2208.7994350347562
