alphaL: 1.4211237090388509
alphaR: 1.7867653621935613
event_sum: 19.7099017920367
mean: 2206.5161326405473
nL: 3.9998828827054496
nR: 2.5200851436942915
norm: 19.7099017920367
sigmaL: 96.46470293133288
sigmaR: 55.16843328576466
widthL: 96.46470293133288
widthR: 55.16843328576466
x0: 2206.5161326405473
