alphaL: 1.738097259983752
alphaR: 1.9812341956213293
event_sum: 28.27002162589151
mean: 2205.619229509806
nL: 2.9999999553699457
nR: 2.913795489172966
norm: 28.27002162589151
sigma: 136.13724738013786
sigmaL: 100.19808445209168
sigmaR: 51.11142693250992
widthL: 100.19808445209168
widthR: 51.11142693250992
x0: 2205.619229509806
