alphaL: 1.5721708593231742
alphaR: 1.8876165187899876
event_sum: 28.81407626423289
mean: 2210.426966951362
nL: 3.998983198988171
nR: 2.1544246604725887
norm: 28.81407626423289
sigmaL: 105.05691177958604
sigmaR: 48.051944771810156
widthL: 105.05691177958604
widthR: 48.051944771810156
x0: 2210.426966951362
