alphaL: 1.7775032013177294
alphaR: 1.8138949170112046
event_sum: 21.436226137142498
mean: 2208.9005011281884
nL: 3.999999187281811
nR: 3.675279859298403
norm: 21.436226137142498
sigmaL: 103.28105285003909
sigmaR: 49.32221119443921
widthL: 103.28105285003909
widthR: 49.32221119443921
x0: 2208.9005011281884
