alphaL: 1.9058178800483685
alphaR: 1.984247917136097
event_sum: 29.657116580025825
mean: 2207.0926583579976
nL: 3.999912222454102
nR: 3.164648801650269
norm: 29.657116580025825
sigmaL: 110.65151323701777
sigmaR: 48.873975496509146
widthL: 110.65151323701777
widthR: 48.873975496509146
x0: 2207.0926583579976
