alphaL: 1.7397687890189235
alphaR: 1.9774239299873244
event_sum: 28.28941717995804
mean: 2205.7512708796635
nL: 2.9999979873871037
nR: 2.9789062219094733
norm: 28.28941717995804
sigma: 136.05662440681
sigmaL: 100.36867300131624
sigmaR: 51.00920282923308
widthL: 100.36867300131624
widthR: 51.00920282923308
x0: 2205.7512708796635
