alphaL: 1.7415769694047996
alphaR: 1.857466776851314
event_sum: 55.64223842168077
mean: 2211.910855084195
nL: 2.9999395250182577
nR: 2.117212986908263
norm: 55.64223842168077
sigma: 149
sigmaL: 109.3597907363158
sigmaR: 48.28158188632928
widthL: 109.3597907363158
widthR: 48.28158188632928
x0: 2211.910855084195
