alphaL: 1.629701619867275
alphaR: 2.1482243227904334
event_sum: 23.28455983125184
mean: 2203.338369593881
nL: 5.9997729067706995
nR: 2.6100072483405987
norm: 23.28455983125184
sigmaL: 105.19410206551058
sigmaR: 50.4787647595264
widthL: 105.19410206551058
widthR: 50.4787647595264
x0: 2203.338369593881
