alphaL: 1.7805851081769846
alphaR: 1.8526146998091249
event_sum: 37.23172797546757
mean: 2212.8832196311782
nL: 2.999972291285991
nR: 2.1504554651152854
norm: 37.23172797546757
sigma: 149.2539233884913
sigmaL: 111.6175340788497
sigmaR: 46.06590362537074
widthL: 111.6175340788497
widthR: 46.06590362537074
x0: 2212.8832196311782
