alphaL: 1.5425624624253278
alphaR: 1.9970684880277072
event_sum: 28.27002162589151
mean: 2203.2564442885555
nL: 3.9976550111023945
nR: 3.046815760654616
norm: 28.27002162589151
sigma: 136.13724738013786
sigmaL: 95.52176429952631
sigmaR: 52.23244093748089
widthL: 95.52176429952631
widthR: 52.23244093748089
x0: 2203.2564442885555
