alphaL: 1.5445559091054768
alphaR: 1.6302211413551866
event_sum: 19.75467784852318
mean: 2210.900263361772
nL: 3.9999953474470216
nR: 2.984317890569477
norm: 19.75467784852318
sigmaL: 103.07662355532524
sigmaR: 51.85934143813929
widthL: 103.07662355532524
widthR: 51.85934143813929
x0: 2210.900263361772
