alphaL: 1.76516210749758
alphaR: 1.8973281618981321
event_sum: 28.81407626423289
mean: 2212.7806863211986
nL: 2.9999999658489602
nR: 2.0651014047118146
norm: 28.81407626423289
sigma: 148
sigmaL: 110.22921359455113
sigmaR: 46.95240840741123
widthL: 110.22921359455113
widthR: 46.95240840741123
x0: 2212.7806863211986
