alphaL: 1.7406422725101276
alphaR: 1.8776819228952089
event_sum: 12.777225749030487
mean: 2210.107262360717
nL: 2.9951751432819242
nR: 2.936042473752828
norm: 12.777225749030487
sigma: 136
sigmaL: 99.50266891424046
sigmaR: 49.33661119924388
widthL: 99.50266891424046
widthR: 49.33661119924388
x0: 2210.107262360717
