alphaL: 1.4023646250553652
alphaR: 1.9026986586765025
event_sum: 28.832663793514854
mean: 2208.0843303501024
nL: 5.998440135171536
nR: 2.160658600451791
norm: 28.832663793514854
sigmaL: 100.39632974599226
sigmaR: 49.322997599457665
widthL: 100.39632974599226
widthR: 49.322997599457665
x0: 2208.0843303501024
