alphaL: 1.790216042435449
alphaR: 1.9588647616780854
event_sum: 21.4279074302133
mean: 2207.10295097316
nL: 2.9959144575881353
nR: 2.9168442254394393
norm: 21.4279074302133
sigma: 135
sigmaL: 101.5500221441007
sigmaR: 51.01130870272588
widthL: 101.5500221441007
widthR: 51.01130870272588
x0: 2207.10295097316
