alphaL: 2.0533296467767856
alphaR: 2.1174726442305545
event_sum: 30.342663792530544
mean: 2149.5025064732818
nL: 2.5729283139834696
nR: 2.8889295148829843
norm: 30.342663792530544
sigmaL: 138.50914558634037
sigmaR: 102.92498783141583
widthL: 138.50914558634037
widthR: 102.92498783141583
x0: 2149.5025064732818
