alphaL: 1.5985430659997617
alphaR: 1.985593768550666
event_sum: 21.4279074302133
mean: 2204.877257058888
nL: 3.999945205026361
nR: 3.0341828235082104
norm: 21.4279074302133
sigmaL: 96.84634250917023
sigmaR: 51.96717849639467
widthL: 96.84634250917023
widthR: 51.96717849639467
x0: 2204.877257058888
