alphaL: 1.8434857888769656
alphaR: 1.893183546653887
event_sum: 37.517166108021556
mean: 2157.8063197056113
nL: 3.4182937211006634
nR: 3.5866089205611034
norm: 37.517166108021556
sigmaL: 139.62840995418074
sigmaR: 101.18936951491824
widthL: 139.62840995418074
widthR: 101.18936951491824
x0: 2157.8063197056113
