alphaL: 1.9365084388373575
alphaR: 2.219891409525698
event_sum: 30.06871283735439
mean: 2206.3715801287826
nL: 2.997913504840908
nR: 2.1708554815871843
norm: 30.06871283735439
sigma: 136.13724738013786
sigmaL: 112.10784283539579
sigmaR: 48.88630543221413
widthL: 112.10784283539579
widthR: 48.88630543221413
x0: 2206.3715801287826
