alphaL: 1.95586988768551
alphaR: 1.8827168770286795
event_sum: 12.781593224237358
mean: 2212.7839425702277
nL: 2.999847454867725
nR: 2.999905445589788
norm: 12.781593224237358
sigma: 136
sigmaL: 105.36984827981473
sigmaR: 48.44524064485564
widthL: 105.36984827981473
widthR: 48.44524064485564
x0: 2212.7839425702277
