alphaL: 1.7065215426744782
alphaR: 1.6653417150906957
event_sum: 35.1329393580274
mean: 2214.166902457177
nL: 3.9999919383685376
nR: 2.7458936844589514
norm: 35.1329393580274
sigmaL: 110.45239513070038
sigmaR: 45.65420939994312
widthL: 110.45239513070038
widthR: 45.65420939994312
x0: 2214.166902457177
