alphaL: 1.560397714219466
alphaR: 1.9247458327430984
event_sum: 5.626527375341875
mean: 2209.814918208681
nL: 3.9028424125804193
nR: 2.049667170395798
norm: 5.626527375341875
sigma: 149.1853487711815
sigmaL: 104.19864229752562
sigmaR: 47.68291453123873
widthL: 104.19864229752562
widthR: 47.68291453123873
x0: 2209.814918208681
