alphaL: 1.9415776176271227
alphaR: 2.225894214552286
event_sum: 30.07055340151511
mean: 2206.271209820988
nL: 2.9993297350333186
nR: 2.1877684651310325
norm: 30.07055340151511
sigma: 136.05662440681
sigmaL: 111.8501082777748
sigmaR: 48.937176903580436
widthL: 111.8501082777748
widthR: 48.937176903580436
x0: 2206.271209820988
