alphaL: 1.6465078619993612
alphaR: 1.760069921953752
event_sum: 19.7099017920367
mean: 2210.964852152709
nL: 2.999986832232528
nR: 2.4308178241246194
norm: 19.7099017920367
sigma: 148
sigmaL: 104.6809426175033
sigmaR: 52.700600031310266
widthL: 104.6809426175033
widthR: 52.700600031310266
x0: 2210.964852152709
