alphaL: 1.7671655984299701
alphaR: 1.9086061694011396
event_sum: 37.23172797546757
mean: 2212.455203531623
nL: 2.9996413705746705
nR: 2.02380353444524
norm: 37.23172797546757
sigma: 149.0981655210439
sigmaL: 110.83387728618231
sigmaR: 46.49411125829038
widthL: 110.83387728618231
widthR: 46.49411125829038
x0: 2212.455203531623
