alphaL: 1.9297954123508088
alphaR: 2.214908852758093
event_sum: 30.07055340151511
mean: 2206.419013308682
nL: 2.9986826338373973
nR: 2.1813732366425644
norm: 30.07055340151511
sigma: 136.02866474821153
sigmaL: 111.9832271062262
sigmaR: 48.770520392207175
widthL: 111.9832271062262
widthR: 48.770520392207175
x0: 2206.419013308682
