alphaL: 1.7136790318359907
alphaR: 1.6900357050521075
event_sum: 28.846743544307266
mean: 2214.0073592209546
nL: 3.9966682146224524
nR: 2.686530850744475
norm: 28.846743544307266
sigmaL: 110.70877077245183
sigmaR: 45.245093458336136
widthL: 110.70877077245183
widthR: 45.245093458336136
x0: 2214.0073592209546
