alphaL: 1.397149286478512
alphaR: 1.7258416543247874
event_sum: 3.917545518641391
mean: 2205.4280903889403
nL: 3.9596175703517735
nR: 2.7485367598671777
norm: 3.917545518641391
sigma: 149.1853487711815
sigmaL: 94.51543613568582
sigmaR: 54.94505121025377
widthL: 94.51543613568582
widthR: 54.94505121025377
x0: 2205.4280903889403
