alphaL: 1.7343184507125595
alphaR: 2.0187154058542705
event_sum: 28.28941717995804
mean: 2205.468845234766
nL: 2.999995506717787
nR: 2.8066279512532555
norm: 28.28941717995804
sigma: 136
sigmaL: 100.14806521129758
sigmaR: 51.31151288001778
widthL: 100.14806521129758
widthR: 51.31151288001778
x0: 2205.468845234766
