alphaL: 1.478910572794966
alphaR: 1.919292974519149
event_sum: 21.43178609543947
mean: 2204.2699730886357
nL: 5.999982724368574
nR: 3.458659513484538
norm: 21.43178609543947
sigmaL: 94.97432697917841
sigmaR: 51.95480512017535
widthL: 94.97432697917841
widthR: 51.95480512017535
x0: 2204.2699730886357
