alphaL: 1.6788434197827562
alphaR: 1.7731040636894888
event_sum: 25.91131749517323
mean: 2209.7488925251832
nL: 2.9926748659774103
nR: 2.4525178401057564
norm: 25.91131749517323
sigma: 149.0981655210439
sigmaL: 104.77933395273625
sigmaR: 53.21353097927648
widthL: 104.77933395273625
widthR: 53.21353097927648
x0: 2209.7488925251832
