alphaL: 1.9286190300092574
alphaR: 1.9249142967212889
event_sum: 28.80127293653987
mean: 2154.737877071836
nL: 2.7573902938864476
nR: 3.7730120094624766
norm: 28.80127293653987
sigmaL: 136.83551437359486
sigmaR: 100.64290075607539
widthL: 136.83551437359486
widthR: 100.64290075607539
x0: 2154.737877071836
