alphaL: 1.9291156915404382
alphaR: 1.6403672550011488
event_sum: 55.72376189911617
mean: 2216.755802465496
nL: 2.9999347339623705
nR: 2.6579636009100747
norm: 55.72376189911617
sigma: 149
sigmaL: 116.52440409888727
sigmaR: 44.53154507050155
widthL: 116.52440409888727
widthR: 44.53154507050155
x0: 2216.755802465496
