alphaL: 1.732135760372154
alphaR: 2.022850685708686
event_sum: 28.28941717995804
mean: 2205.42856814038
nL: 2.9999136030600795
nR: 2.8154573174893365
norm: 28.28941717995804
sigma: 136.02866474821153
sigmaL: 100.11648624796497
sigmaR: 51.354212242812984
widthL: 100.11648624796497
widthR: 51.354212242812984
x0: 2205.42856814038
