alphaL: 1.2367958531939574
alphaR: 1.8605918715286882
event_sum: 11.278839696057526
mean: 2203.257413149168
nL: 3.443111747442645
nR: 1.9498085082400767
norm: 11.278839696057526
sigmaL: 79.90767778268551
sigmaR: 60.080414931291145
widthL: 79.90767778268551
widthR: 60.080414931291145
x0: 2203.257413149168
