alphaL: 1.665698013335255
alphaR: 1.719394476015586
event_sum: 25.91131749517323
mean: 2210.2669258877286
nL: 2.999837858336595
nR: 2.5969259983089796
norm: 25.91131749517323
sigma: 149.2539233884913
sigmaL: 104.6086835005833
sigmaR: 52.4041720230086
widthL: 104.6086835005833
widthR: 52.4041720230086
x0: 2210.2669258877286
