alphaL: 1.6843293533235195
alphaR: 1.6498363875705662
event_sum: 11.59192055461782
mean: 2211.2102200928084
nL: 2.9997101510944604
nR: 2.952103425496857
norm: 11.59192055461782
sigma: 149
sigmaL: 104.97171778320717
sigmaR: 53.21942455770948
widthL: 104.97171778320717
widthR: 53.21942455770948
x0: 2211.2102200928084
