alphaL: 1.6514454193941384
alphaR: 1.7679231346902107
event_sum: 11.699359627875145
mean: 2206.436403518468
nL: 3.9986899527669406
nR: 3.5543447804206845
norm: 11.699359627875145
sigmaL: 89.84059973380643
sigmaR: 51.67666712701714
widthL: 89.84059973380643
widthR: 51.67666712701714
x0: 2206.436403518468
