alphaL: 1.7574246499305308
alphaR: 2.1303008770446725
event_sum: 23.27596991845718
mean: 2204.6411694977905
nL: 3.9935976985366306
nR: 2.608430043401375
norm: 23.27596991845718
sigmaL: 107.64132327073054
sigmaR: 49.89821265553781
widthL: 107.64132327073054
widthR: 49.89821265553781
x0: 2204.6411694977905
