alphaL: 1.7530634887325174
alphaR: 1.8545913210896747
event_sum: 5.626527375341875
mean: 2213.1438955919166
nL: 2.989870268010756
nR: 2.0929514130634703
norm: 5.626527375341875
sigma: 149.1853487711815
sigmaL: 110.62498861360429
sigmaR: 45.759710942833756
widthL: 110.62498861360429
widthR: 45.759710942833756
x0: 2213.1438955919166
