alphaL: 2.1201897004823835
alphaR: 1.9637767201467906
event_sum: 50.030173166492105
mean: 2210.040893286635
nL: 2.999995967934295
nR: 2.9360347807172453
norm: 50.030173166492105
sigma: 136
sigmaL: 114.92487946640668
sigmaR: 47.271562977957764
widthL: 114.92487946640668
widthR: 47.271562977957764
x0: 2210.040893286635
