alphaL: 1.7653862834219687
alphaR: 2.1974563805254443
event_sum: 30.06871283735439
mean: 2204.5591452579
nL: 3.995279338969944
nR: 2.369187332283033
norm: 30.06871283735439
sigma: 136.13724738013786
sigmaL: 108.26879495568815
sigmaR: 49.73073495191839
widthL: 108.26879495568815
widthR: 49.73073495191839
x0: 2204.5591452579
