alphaL: 1.5257710413750007
alphaR: 1.8624720279336342
event_sum: 21.450688641285524
mean: 2203.898582421183
nL: 4.499989292793724
nR: 3.8232840145103473
norm: 21.450688641285524
sigma: 101.38988085882632
sigmaL: 94.80333786197228
sigmaR: 51.85394020461447
widthL: 94.80333786197228
widthR: 51.85394020461447
x0: 2203.898582421183
