alphaL: 1.3705619166375198
alphaR: 1.9849613408531872
event_sum: 4.420830323448172
mean: 2204.851833907626
nL: 4.4782802058476925
nR: 1.9376095007433356
norm: 4.420830323448172
sigma: 123.25134855984206
sigmaL: 96.30737111380627
sigmaR: 51.80441290564885
widthL: 96.30737111380627
widthR: 51.80441290564885
x0: 2204.851833907626
