alphaL: 1.3767388258617763
alphaR: 1.8094956736264125
event_sum: 30.129751953703817
mean: 2206.0379019972165
nL: 4.499982671680181
nR: 2.47046273086229
norm: 30.129751953703817
sigma: 123.1861285824011
sigmaL: 95.32920100110202
sigmaR: 55.78988584365043
widthL: 95.32920100110202
widthR: 55.78988584365043
x0: 2206.0379019972165
