alphaL: 1.7078862314055971
alphaR: 2.1428637597689235
event_sum: 23.451677566568833
mean: 2204.7091607682237
nL: 4.4997909903612445
nR: 2.503296488388099
norm: 23.451677566568833
sigma: 101.38988085882632
sigmaL: 106.90181415360098
sigmaR: 49.588062447284386
widthL: 106.90181415360098
widthR: 49.588062447284386
x0: 2204.7091607682237
