alphaL: 1.4865065951222902
alphaR: 2.221854481048186
event_sum: 23.40509313880466
mean: 2201.165855680843
nL: 4.499999973042773
nR: 2.4435718843445393
norm: 23.40509313880466
sigma: 101.10172573995312
sigmaL: 99.4870137076567
sigmaR: 51.44231014698106
widthL: 99.4870137076567
widthR: 51.44231014698106
x0: 2201.165855680843
