alphaL: 1.1095807533688635
alphaR: 2.030609029068904
event_sum: 42.34813423483865
fraction: 0.9970131987859803
mean: 2202.5298339565375
nL: 9.999262169024455
nR: 1.9250323379212833
norm: 42.294106527173426
sigma: 122.99901605521056
sigmaL: 88.41081364793949
sigmaR: 52.26636307426777
widthL: 88.41081364793949
widthR: 52.26636307426777
x0: 2202.5298339565375
