alphaL: 0.8293676090243773
alphaR: 1.9151047617254424
event_sum: 28.811106804816518
fraction: 0.9980842090033806
mean: 2197.318744758089
nL: 19.78561790095129
nR: 2.41487035097491
norm: 28.74354098906042
sigma: 122.99901605521056
sigmaL: 72.20457273018987
sigmaR: 60.465192038130134
widthL: 72.20457273018987
widthR: 60.465192038130134
x0: 2197.318744758089
