alphaL: 1.2180174172590743
alphaR: 1.901371886229824
event_sum: 19.58596285735257
fraction: 0.9992225457381465
mean: 2200.467231938005
nL: 9.989186585116753
nR: 3.861703893073943
norm: 19.58308948163176
sigma: 101.06482541567429
sigmaL: 86.64221164559862
sigmaR: 53.784963089248755
widthL: 86.64221164559862
widthR: 53.784963089248755
x0: 2200.467231938005
