alphaL: 0.9580141008645146
alphaR: 2.0388428272028993
event_sum: 42.34813423483865
fraction: 0.997855182392517
mean: 2200.482039432664
nL: 19.998265205749384
nR: 1.9763730426861772
norm: 42.29664604924619
sigma: 122.99901605521056
sigmaL: 82.30616825582919
sigmaR: 53.34003580324677
widthL: 82.30616825582919
widthR: 53.34003580324677
x0: 2200.482039432664
