alphaL: 0.9972034879152464
alphaR: 2.0452263187055295
event_sum: 19.58596285735257
fraction: 0.9995547231372949
mean: 2195.7915164387896
nL: 19.999492793079618
nR: 3.4219053504213868
norm: 19.58308948163176
sigma: 101.06482541567429
sigmaL: 77.18416245863324
sigmaR: 56.63877338273146
widthL: 77.18416245863324
widthR: 56.63877338273146
x0: 2195.7915164387896
