alphaL: 1.3117086329394445
alphaR: 1.5963982609252074
event_sum: 3.0010314803221263
mean: 2206.221641804777
nL: 4.469192860059764
nR: 3.4544124059454075
norm: 3.0010314803221263
sigma: 123.25134855984206
sigmaL: 93.15257454290611
sigmaR: 53.9572429334977
widthL: 93.15257454290611
widthR: 53.9572429334977
x0: 2206.221641804777
