alphaL: 1.4177100760911177
alphaR: 1.8978718146335125
event_sum: 4.420830323448172
mean: 2206.875554958089
nL: 4.49971901872642
nR: 2.1902467237702674
norm: 4.420830323448172
sigma: 123.25134855984206
sigmaL: 99.36979966233216
sigmaR: 50.3549315639529
widthL: 99.36979966233216
widthR: 50.3549315639529
x0: 2206.875554958089
