alphaL: 1.4865638518285653
alphaR: 1.9149126903709315
event_sum: 44.305430779699236
mean: 2208.5364346205893
nL: 4.499976893074676
nR: 2.0850118295147544
norm: 44.305430779699236
sigma: 123.1861285824011
sigmaL: 101.98066767621502
sigmaR: 48.88219698196278
widthL: 101.98066767621502
widthR: 48.88219698196278
x0: 2208.5364346205893
