alphaL: 1.3088028197530557
alphaR: 1.7922720647909969
event_sum: 3.0010314803221263
mean: 2205.0054043840864
nL: 4.498607106052968
nR: 2.6632502070064343
norm: 3.0010314803221263
sigma: 123.25134855984206
sigmaL: 92.39514350864127
sigmaR: 56.121840114882005
widthL: 92.39514350864127
widthR: 56.121840114882005
x0: 2205.0054043840864
