alphaL: 1.2445114509845543
alphaR: 2.0416680863713976
event_sum: 4.407730820203142
mean: 2203.3365943678455
nL: 4.593265181114472
nR: 1.8258967842599751
norm: 4.407730820203142
sigma: 123.25134855984206
sigmaL: 90.69056045573481
sigmaR: 51.744144531579686
widthL: 90.69056045573481
widthR: 51.744144531579686
x0: 2203.3365943678455
