alphaL: 1.4133241660015998
alphaR: 1.9700469155702445
event_sum: 44.208301074104384
mean: 2207.0585916682103
nL: 4.499999994394112
nR: 1.9369243435813202
norm: 44.208301074104384
sigma: 123.06801043438705
sigmaL: 99.00104118658189
sigmaR: 49.820969819494294
widthL: 99.00104118658189
widthR: 49.820969819494294
x0: 2207.0585916682103
