alphaL: 1.52928254639881
alphaR: 1.9228308891183443
event_sum: 21.450688641285524
mean: 2202.9388016644402
nL: 4.494515965582394
nR: 3.6129041524849446
norm: 21.450688641285524
sigma: 101.10172573995312
sigmaL: 94.46024601251462
sigmaR: 52.69410052977626
widthL: 94.46024601251462
widthR: 52.69410052977626
x0: 2202.9388016644402
