alphaL: 1.5075382383971403
alphaR: 2.2701752738071006
event_sum: 23.416292995971162
mean: 2200.7807950303504
nL: 3.987673076993362
nR: 2.288874869044725
norm: 23.416292995971162
sigma: 101.14930352318274
sigmaL: 99.29355542342947
sigmaR: 51.79677312211931
widthL: 99.29355542342947
widthR: 51.79677312211931
x0: 2200.7807950303504
