alphaL: 1.473735270858524
alphaR: 1.9944979201798825
event_sum: 4.422406283018063
mean: 2207.800428543405
nL: 3.9999998346000867
nR: 1.8550245515372314
norm: 4.422406283018063
sigma: 123.28843197153483
sigmaL: 100.90007935147297
sigmaR: 49.7895831677864
widthL: 100.90007935147297
widthR: 49.7895831677864
x0: 2207.800428543405
