alphaL: 1.1952359362321894
alphaR: 2.074302965593028
event_sum: 21.317670197575353
mean: 2196.9250927062176
nL: 4.976782591987419
nR: 3.0664248869817303
norm: 21.317670197575353
sigma: 101.14930352318274
sigmaL: 82.10942584630342
sigmaR: 56.21264419357437
widthL: 82.10942584630342
widthR: 56.21264419357437
x0: 2196.9250927062176
