alphaL: 1.4906911016845947
alphaR: 2.2149129175863966
event_sum: 23.416292995971162
mean: 2201.446343168582
nL: 4.499997570464279
nR: 2.4851299838558885
norm: 23.416292995971162
sigma: 101.14930352318274
sigmaL: 99.71828810656473
sigmaR: 51.29464427503327
widthL: 99.71828810656473
widthR: 51.29464427503327
x0: 2201.446343168582
