alphaL: 1.295679891507588
alphaR: 2.275164071864196
event_sum: 21.322816787287593
fraction: 0.9988500615533397
mean: 2199.0581032185746
nL: 9.990902422135646
nR: 2.3147308638375845
norm: 21.31664696376538
sigma: 101.06482541567429
sigmaL: 94.80585397190573
sigmaR: 52.73158932115056
widthL: 94.80585397190573
widthR: 52.73158932115056
x0: 2199.0581032185746
