alphaL: 1.4892248754065869
alphaR: 0.15459854847433105
event_sum: 2.9919167385887704
mean: 2237.0846044838086
nL: 4.997700634084873
nR: 4.548735241800682
norm: 2.9919167385887704
sigma: 123.25134855984206
sigmaL: 115.35322616035953
sigmaR: 5.079322985270754
widthL: 115.35322616035953
widthR: 5.079322985270754
x0: 2237.0846044838086
