alphaL: 1.2988914188496312
alphaR: 1.8143479313489874
event_sum: 30.010313351638615
mean: 2204.4413392702695
nL: 4.499977153459813
nR: 2.542867637139548
norm: 30.010313351638615
sigma: 123.06801043438705
sigmaL: 91.66774565801096
sigmaR: 56.55498053617583
widthL: 91.66774565801096
widthR: 56.55498053617583
x0: 2204.4413392702695
