alphaL: 1.4867350256310197
alphaR: 2.2096336003085697
event_sum: 23.416292995971162
mean: 2201.5926477728804
nL: 4.499999724803526
nR: 2.5107845649764235
norm: 23.416292995971162
sigma: 101.14930352318274
sigmaL: 99.59466038315092
sigmaR: 51.19272988556087
widthL: 99.59466038315092
widthR: 51.19272988556087
x0: 2201.5926477728804
