alphaL: 1.3801437856601353
alphaR: 1.8970974364413002
event_sum: 21.395170845498797
mean: 2201.1389457722116
nL: 4.499991309002591
nR: 3.9934529584656064
norm: 21.395170845498797
sigma: 101.14930352318274
sigmaL: 89.43955806285133
sigmaR: 53.47402403696328
widthL: 89.43955806285133
widthR: 53.47402403696328
x0: 2201.1389457722116
