alphaL: 1.3777220483385821
alphaR: 1.900729462273422
event_sum: 21.395170845498797
mean: 2201.0005998707293
nL: 4.499989493654106
nR: 3.9469403540245094
norm: 21.395170845498797
sigma: 101.14930352318274
sigmaL: 89.26919701534256
sigmaR: 53.54960429586939
widthL: 89.26919701534256
widthR: 53.54960429586939
x0: 2201.0005998707293
