alphaL: 0.7703602023978665
alphaR: 1.9114303926520668
event_sum: 28.811106804816518
fraction: 0.990388814056621
mean: 2197.153895528022
nL: 37.925677255217295
nR: 2.541193731397273
norm: 28.52416760410415
sigma: 122.99901605521056
sigmaL: 70.35888010071271
sigmaR: 60.63813712670282
widthL: 70.35888010071271
widthR: 60.63813712670282
x0: 2197.153895528022
