alphaL: 1.0977109898455433
alphaR: 2.3637113199570305
event_sum: 21.322816787287593
fraction: 0.9992027856442488
mean: 2196.0726553111554
nL: 19.964639167385922
nR: 2.136487274492856
norm: 21.317806451697834
sigma: 101.06482541567429
sigmaL: 87.11948923918686
sigmaR: 54.28308297649951
widthL: 87.11948923918686
widthR: 54.28308297649951
x0: 2196.0726553111554
