alphaL: 1.45441354672828
alphaR: 1.91058910918416
event_sum: 44.305430779699236
mean: 2207.7275401082416
nL: 4.499979052496254
nR: 2.0941408738874747
norm: 44.305430779699236
sigma: 123.06801043438705
sigmaL: 100.06524522269423
sigmaR: 49.19681175641826
widthL: 100.06524522269423
widthR: 49.19681175641826
x0: 2207.7275401082416
