alphaL: 1.3868497129591244
alphaR: 1.7668664425357175
event_sum: 30.129751953703817
mean: 2206.8030265270568
nL: 4.499846542195234
nR: 2.5893750293249047
norm: 30.129751953703817
sigma: 123.06801043438705
sigmaL: 96.17027769859011
sigmaR: 55.22322326524251
widthL: 96.17027769859011
widthR: 55.22322326524251
x0: 2206.8030265270568
