alphaL: 1.4098841986165318
alphaR: 2.042621244811198
event_sum: 21.395170845498797
mean: 2200.6552000610654
nL: 3.998440650463355
nR: 3.1456811089630383
norm: 21.395170845498797
sigma: 101.14930352318274
sigmaL: 89.46605774346783
sigmaR: 54.25067887927124
widthL: 89.46605774346783
widthR: 54.25067887927124
x0: 2200.6552000610654
