alphaL: 1.3203231857702529
alphaR: 1.758644072448071
event_sum: 3.0048572294181213
mean: 2205.6371913451935
nL: 3.916000512477581
nR: 2.703250451856884
norm: 3.0048572294181213
sigma: 123.28843197153483
sigmaL: 92.20342695992872
sigmaR: 55.4370432955969
widthL: 92.20342695992872
widthR: 55.4370432955969
x0: 2205.6371913451935
