alphaL: 1.3719515749245856
alphaR: 1.9017143067503541
event_sum: 21.40550979762338
mean: 2200.8801123395224
nL: 4.499996150999419
nR: 3.8789474956272527
norm: 21.40550979762338
sigma: 101.10172573995312
sigmaL: 88.9693621472431
sigmaR: 53.61131344158351
widthL: 88.9693621472431
widthR: 53.61131344158351
x0: 2200.8801123395224
