alphaL: 1.257480998682514
alphaR: 2.271133431049047
event_sum: 23.313875310588628
mean: 2197.7504745003484
nL: 4.995079610444926
nR: 2.4558067413887152
norm: 23.313875310588628
sigma: 101.14930352318274
sigmaL: 91.1058676148481
sigmaR: 53.13159213245602
widthL: 91.1058676148481
widthR: 53.13159213245602
x0: 2197.7504745003484
