alphaL: 1.7115261497802077
alphaR: 2.1624309416058374
event_sum: 23.451677566568833
mean: 2204.7278504327837
nL: 4.499992746396351
nR: 2.454943753720282
norm: 23.451677566568833
sigma: 101.10172573995312
sigmaL: 107.06064283102283
sigmaR: 49.63495944673342
widthL: 107.06064283102283
widthR: 49.63495944673342
x0: 2204.7278504327837
