alphaL: 0.951203435435344
alphaR: 1.9070447661434788
event_sum: 28.811106804816518
fraction: 0.997346608257999
mean: 2198.3899411321536
nL: 9.99110366108767
nR: 2.4261883275496023
norm: 28.73741826292826
sigma: 122.99901605521056
sigmaL: 76.70900612852826
sigmaR: 59.79536210412862
widthL: 76.70900612852826
widthR: 59.79536210412862
x0: 2198.3899411321536
