alphaL: 0.8414229665404643
alphaR: 2.0984674763132345
event_sum: 19.531632814265322
mean: 2192.854700682627
nL: 40.00736524461311
nR: 3.1459248692464636
norm_2016: 5.622670978191309
norm_2017: 6.583572208299302
norm_2018: 8.90155426855199
norm_Run2: 19.531632814265322
sigma: 101.06482541567429
sigmaL: 69.80412033567328
sigmaR: 58.22663840801466
widthL: 69.80412033567328
widthR: 58.22663840801466
x0: 2192.854700682627
