alphaL: 0.9341848376005898
alphaR: 2.3145013546196256
event_sum: 21.241365930531174
mean: 2194.395501950304
nL: 117.72294014469885
nR: 2.3936138016803588
norm_2016: 5.4909645492443815
norm_2017: 7.191635763738304
norm_2018: 10.38083888712572
norm_Run2: 21.241365930531174
sigma: 101.06482541567429
sigmaL: 81.28846645018989
sigmaR: 54.73222739123598
widthL: 81.28846645018989
widthR: 54.73222739123598
x0: 2194.395501950304
