alphaL: 0.9506764939963095
alphaR: 2.338860500394919
event_sum: 21.241365930531174
mean: 2194.922967252299
nL: 112.01052778721507
nR: 2.2890116837718435
norm_2016: 5.4909645492443815
norm_2017: 7.191635763738304
norm_2018: 10.38083888712572
norm_Run2: 23.063439200108405
sigma: 101.06482541567429
sigmaL: 82.23490559681535
sigmaR: 54.81758742582064
widthL: 82.23490559681535
widthR: 54.81758742582064
x0: 2194.922967252299
