alphaL: 0.8031079588489477
alphaR: 1.3815396003104599
event_sum: 9.14861769892741
mean: 2140.3770613053553
nL: 0.6120598730063481
nR: 4.93480863528633
norm_2016: 2.3318025942426175
norm_2017: 2.889773180242628
norm_2018: 4.026891368208453
norm_Run2: 9.14861769892741
sigma: 220.0
sigmaL: 187.4176358180926
sigmaR: 123.38040234577898
widthL: 187.4176358180926
widthR: 123.38040234577898
x0: 2140.3770613053553
