alphaL: 0.7696563843624407
alphaR: 1.9161481439086223
event_sum: 28.52416760410415
mean: 2197.0520628031913
nL: 37.514241892097964
nR: 2.5251230623190724
norm_2016: 28.52416760410415
norm_2017: 28.52416760410415
norm_2018: 28.52416760410415
norm_Run2: 28.52416760410415
sigma: 122.99901605521056
sigmaL: 70.25168546489206
sigmaR: 60.71870284164464
widthL: 70.25168546489206
widthR: 60.71870284164464
x0: 2197.0520628031913
