alphaL: 0.9566283641707862
alphaR: 1.635643031647773
event_sum: 12.166976838780101
mean: 2164.8535145621995
nL: 1.024985611610825
nR: 2.990353837006144
norm_2016: 3.2215467894566245
norm_2017: 3.8150075756711885
norm_2018: 5.3099124727305025
norm_Run2: 12.166976838780101
sigma: 123.2
sigmaL: 123.24360258118956
sigmaR: 103.03552287852601
widthL: 123.24360258118956
widthR: 103.03552287852601
x0: 2164.8535145621995
