alphaL: 0.8841579399249545
alphaR: 1.3051029847718036
event_sum: 9.14861769892741
mean: 2151.2165048148795
nL: 0.5320485240984885
nR: 4.805816596558666
norm_2016: 2.3318025942426175
norm_2017: 2.889773180242628
norm_2018: 4.026891368208453
norm_Run2: 9.14861769892741
sigma: 220.0
sigmaL: 210.2681007248733
sigmaR: 114.775685298306
widthL: 210.2681007248733
widthR: 114.775685298306
x0: 2151.2165048148795
