alphaL: 1.2074891172542621
alphaR: 1.1765374473653023
event_sum: 12.11348154838197
mean: 2164.971046623732
nL: 0.40094470468285315
nR: 6.5737784888361075
norm_2016: 2.885452331858687
norm_2017: 3.779288688674569
norm_2018: 5.638977471040562
norm_Run2: 12.303718491573818
sigma: 220.0
sigmaL: 242.1748637427809
sigmaR: 110.62997017026328
widthL: 242.1748637427809
widthR: 110.62997017026328
x0: 2164.971046623732
