alphaL: 0.7382705990194472
alphaR: 2.200271876103032
event_sum: 42.05131517449627
mean: 2196.5644490377827
nL: 67.74188756862007
nR: 1.507425418321826
norm_2016: 10.147472916927654
norm_2017: 13.277055963291787
norm_2018: 19.79209628724493
norm_Run2: 42.05131517449627
sigma: 122.99901605521056
sigmaL: 69.21639280792338
sigmaR: 55.74167810622689
widthL: 69.21639280792338
widthR: 55.74167810622689
x0: 2196.5644490377827
