alphaL: 0.894060531484435
alphaR: 1.1345332044945797
event_sum: 16.922871654562186
mean: 2181.0134345451693
nL: 2.251748152495316
nR: 5.428703971683482
norm_2016: 16.922871654562186
norm_2017: 16.922871654562186
norm_2018: 16.922871654562186
norm_Run2: 16.922871654562186
sigma: 123.2
sigmaL: 136.83204644776654
sigmaR: 82.20799061394004
widthL: 136.83204644776654
widthR: 82.20799061394004
x0: 2181.0134345451693
