alphaL: 0.9351756576699674
alphaR: 1.1641159856177175
event_sum: 16.922871654562186
mean: 2179.012845884174
nL: 1.9440004179321089
nR: 5.3668960949348214
norm_2016: 4.195929751324002
norm_2017: 5.301374163595028
norm_2018: 7.709760238183662
norm_Run2: 16.922871654562186
sigma: 123.2
sigmaL: 137.0549181087866
sigmaR: 84.30025875501997
widthL: 137.0549181087866
widthR: 84.30025875501997
x0: 2179.012845884174
