alphaL: 1.2074891172542621
alphaR: 1.1765374473653023
event_sum: 12.11348154838197
mean: 2164.971046623732
nL: 0.40094470468285315
nR: 6.5737784888361075
norm_2016: 12.11348154838197
norm_2017: 12.11348154838197
norm_2018: 12.11348154838197
norm_Run2: 12.11348154838197
sigma: 220.0
sigmaL: 242.1748637427809
sigmaR: 110.62997017026328
widthL: 242.1748637427809
widthR: 110.62997017026328
x0: 2164.971046623732
