alphaL: 0.6209497204681794
alphaR: 2.1186247786294103
event_sum: 48.744166223573
mean: 3140.5442072049723
nL: 131.02441240007934
nR: 1.7016983748724688
norm_2016: 11.635584700385609
norm_2017: 15.672178071903021
norm_2018: 22.728414044569117
norm_Run2: 48.744166223573
sigma: 254.2429313050415
sigmaL: 82.87959818066578
sigmaR: 75.41136912677835
widthL: 82.87959818066578
widthR: 75.41136912677835
x0: 3140.5442072049723
