alphaL: 0.9337085979290394
alphaR: 1.6203719614222032
event_sum: 3.1023235694911504
mean: 1092.9135373683555
nL: 3.2259664349526203
nR: 2.800970370070049
norm: 3.1023235694911504
sigma: 61.6
sigmaL: 68.99390108152538
sigmaR: 54.76750082840757
widthL: 68.99390108152538
widthR: 54.76750082840757
x0: 1092.9135373683555
