alphaL: 0.915790520938987
alphaR: 1.4248791918463246
event_sum: 3.205442667254386
mean: 1096.8819836569132
nL: 3.569087748762562
nR: 3.7889906887300926
norm: 3.205442667254386
sigma: 61.6
sigmaL: 70.5908702905253
sigmaR: 50.306351356505054
widthL: 70.5908702905253
widthR: 50.306351356505054
x0: 1096.8819836569132
