alphaL: 1.0651075308826043
alphaR: 1.5356537701000517
event_sum: 19.90892507929694
fraction: 0.9850660632167746
mean: 1091.0007358397243
nL: 3.8153787211845596
nR: 3.6526726829712883
norm: 19.551903473189554
sigma: 61.6
sigmaL: 72.97267663867154
sigmaR: 52.989465832702436
widthL: 72.97267663867154
widthR: 52.989465832702436
x0: 1091.0007358397243
