alphaL: 0.8659517557677833
alphaR: 1.536233759218231
event_sum: 33.034421240045376
fraction: 0.9832477259593513
mean: 1090.9215703023197
nL: 2.926287895602393
nR: 4.243628159547771
norm: 32.302787723752786
sigma: 61.6
sigmaL: 63.06828044451621
sigmaR: 55.78450518957192
widthL: 63.06828044451621
widthR: 55.78450518957192
x0: 1090.9215703023197
