alphaL: 1.1438311624824158
alphaR: 1.664889256121773
event_sum: 1.9093235469228595
mean: 1093.4110944697
nL: 2.237597412747957
nR: 2.1417519361495487
norm: 1.9093235469228595
sigma: 61.6
sigmaL: 77.44113040150869
sigmaR: 51.815912798658026
widthL: 77.44113040150869
widthR: 51.815912798658026
x0: 1093.4110944697
