alphaL: 1.0464499628669444
alphaR: 1.415799458864055
event_sum: 1.961452582927091
mean: 1092.5536219221622
nL: 3.996841031303459
nR: 3.892037335259507
norm: 1.961452582927091
sigma: 61.6
sigmaL: 73.99023183966118
sigmaR: 50.142073155617396
widthL: 73.99023183966118
widthR: 50.142073155617396
x0: 1092.5536219221622
