alphaL: 1.123221296671014
alphaR: 1.4864205572894638
event_sum: 0.7218218403249921
mean: 788.4562702131486
nL: 1.0000074090008375
nR: 3.640767111236223
norm: 0.7218218403249921
sigma: 80.0
sigmaL: 64.56763848988155
sigmaR: 53.979723776877854
widthL: 64.56763848988155
widthR: 53.979723776877854
x0: 788.4562702131486
