alphaL: 2.2095091836005927
alphaR: 1.94466327195012
event_sum: 0.31467745911868406
mean: 785.1731267529916
nL: 2.6566786744169724
nR: 1.8056097118336687
norm: 0.31467745911868406
sigma: 80.0
sigmaL: 75.25434972784947
sigmaR: 60.011280216187245
widthL: 75.25434972784947
widthR: 60.011280216187245
x0: 785.1731267529916
