alphaL: 1.2396684398544993
alphaR: 1.2851228361272329
event_sum: 0.6542648300564906
mean: 792.9713762014355
nL: 0.20012067120704222
nR: 2.0867956535402508
norm: 0.6542648300564906
sigma: 40.02442708188001
sigmaL: 69.67810865839014
sigmaR: 49.313769591824446
widthL: 69.67810865839014
widthR: 49.313769591824446
x0: 792.9713762014355
