alphaL: 1.1976732298543782
alphaR: 1.0723616644439593
event_sum: 0.31588090629156795
mean: 797.5128779267884
nL: 3.8501116167041896
nR: 3.160104753450626
norm: 0.31588090629156795
sigma: 80.0
sigmaL: 75.44480174194044
sigmaR: 38.42904644873861
widthL: 75.44480174194044
widthR: 38.42904644873861
x0: 797.5128779267884
