alphaL: 1.0018214452427916
alphaR: 1.1043766625821638
event_sum: 0.28586225482285954
mean: 793.8693447422546
nL: 0.20022844100625703
nR: 1.4832017701508171
norm: 0.28586225482285954
sigma: 40.02442708188001
sigmaL: 72.8384425962602
sigmaR: 39.57209975124782
widthL: 72.8384425962602
widthR: 39.57209975124782
x0: 793.8693447422546
