alphaL: 0.8398829830590525
alphaR: 1.2534245860230298
event_sum: 11.677032292936929
fraction: 0.9918542060985225
mean: 787.3063056755609
nL: 15.99711624192617
nR: 4.273264128839123
norm: 2.8216289670672268
sigma: 80.0
sigmaL: 59.96997088182483
sigmaR: 50.269807213559524
widthL: 59.96997088182483
widthR: 50.269807213559524
x0: 787.3063056755609
