alphaL: 1.186176004032206
alphaR: 1.4455646249911542
event_sum: 6.467874289373867
fraction: 0.99296544383643
mean: 786.6608208942115
nL: 0.7594176558150068
nR: 4.465651659616635
norm: 6.42171515832888
sigma: 80.0
sigmaL: 62.04591807712583
sigmaR: 54.121681078904714
widthL: 62.04591807712583
widthR: 54.121681078904714
x0: 786.6608208942115
