alphaL: 1.5886294911154506
alphaR: 1.684945552276194
event_sum: 0.3168691440623661
mean: 782.8496027525355
nL: 1.0339551826804538
nR: 3.5151331641605323
norm: 0.3168691440623661
sigma: 80.0
sigmaL: 73.06642877899229
sigmaR: 62.024222337421406
widthL: 73.06642877899229
widthR: 62.024222337421406
x0: 782.8496027525355
