alphaL: 1.1421213418917557
alphaR: 1.1732394927669219
event_sum: 0.31588090629156795
mean: 794.716706286999
nL: 3.858288761640356
nR: 2.9404409446955624
norm: 0.31588090629156795
sigma: 80.0
sigmaL: 72.05393842330369
sigmaR: 41.71517484682307
widthL: 72.05393842330369
widthR: 41.71517484682307
x0: 794.716706286999
