alphaL: 4.420864244749622
alphaR: 1.5995808227073998
event_sum: 0.7189779639702465
mean: 792.8096900139545
nL: 0.46407570197447007
nR: 2.424971959736714
norm: 0.7189779639702465
sigma: 80.0
sigmaL: 77.68116877733144
sigmaR: 51.88899724628748
widthL: 77.68116877733144
widthR: 51.88899724628748
x0: 792.8096900139545
