alphaL: 0.8975506536369168
alphaR: 1.4627654055178811
event_sum: 0.7203518955248001
mean: 785.1109304569511
nL: 2.506987417757456
nR: 4.478371032560636
norm: 0.7203518955248001
sigma: 80.0
sigmaL: 56.29323886045283
sigmaR: 54.75154092752941
widthL: 56.29323886045283
widthR: 54.75154092752941
x0: 785.1109304569511
