alphaL: 1.1031075194074387
alphaR: 1.6438269838906925
event_sum: 0.7203518955248001
mean: 786.3705957958796
nL: 1.0000092887887388
nR: 2.86242780488555
norm: 0.7203518955248001
sigma: 80.0
sigmaL: 60.372000610357404
sigmaR: 56.41198322871017
widthL: 60.372000610357404
widthR: 56.41198322871017
x0: 786.3705957958796
