alphaL: 1.4671533114090891
alphaR: 1.2299333491805011
event_sum: 2.8451265395851806
fraction: 0.9809683604002692
mean: 795.8753017939993
nL: 2.9323598523689043
nR: 2.7884193983541063
norm: 2.8135591443860903
sigma: 80.0
sigmaL: 77.71581804728196
sigmaR: 42.665970465856674
widthL: 77.71581804728196
widthR: 42.665970465856674
x0: 795.8753017939993
