alphaL: 0.9812345477190276
alphaR: 1.6894023219861949
event_sum: 0.7770910922596429
mean: 1444.8953069536442
nL: 2.0880141444485005
nR: 2.221820614960627
norm: 0.7770910922596429
sigma: 81.2
sigmaL: 97.83394822413702
sigmaR: 69.92832502446399
widthL: 97.83394822413702
widthR: 69.92832502446399
x0: 1444.8953069536442
