alphaL: 1.1403683505943207
alphaR: 1.4601505607009517
event_sum: 7.706334564078522
fraction: 0.9579322578927917
mean: 1441.7202573678924
nL: 2.2109180938603203
nR: 3.422882571235703
norm: 7.247619183330717
sigma: 81.2
sigmaL: 99.36416928313666
sigmaR: 64.11695264798122
widthL: 99.36416928313666
widthR: 64.11695264798122
x0: 1441.7202573678924
