alphaL: 0.9776530157575802
alphaR: 1.3635516182315381
event_sum: 0.7092309459843198
mean: 1444.174020053766
nL: 3.144753910081308
nR: 3.4731078703894998
norm: 0.7092309459843198
sigma: 81.2
sigmaL: 92.8685724198853
sigmaR: 61.461719702943235
widthL: 92.8685724198853
widthR: 61.461719702943235
x0: 1444.174020053766
