alphaL: 1.0077146520220208
alphaR: 1.6003212181125237
event_sum: 9.327431723893273
fraction: 0.9329110417182453
mean: 1440.739244294582
nL: 1.5925035768259754
nR: 3.6698127132793465
norm: 8.36512389976586
sigma: 81.2
sigmaL: 90.7219905986684
sigmaR: 71.7662472697575
widthL: 90.7219905986684
widthR: 71.7662472697575
x0: 1440.739244294582
