alphaL: 1.1084722942910363
alphaR: 1.6161261243130447
event_sum: 0.686341904331682
mean: 1442.5119961006349
nL: 2.118733618894389
nR: 2.1302189996019623
norm: 0.686341904331682
sigma: 81.2
sigmaL: 98.48013591456323
sigmaR: 63.54473206202886
widthL: 98.48013591456323
widthR: 63.54473206202886
x0: 1442.5119961006349
