alphaL: 0.6372896317212635
alphaR: 1.7214739412071727
event_sum: 0.8106959794703913
mean: 1429.4025132417667
nL: 2.9134630392908027
nR: 3.32987730631403
norm: 0.8106959794703913
sigma: 81.2
sigmaL: 62.45887407106543
sigmaR: 79.4031599870103
widthL: 62.45887407106543
widthR: 79.4031599870103
x0: 1429.4025132417667
