alphaL: 1.5513079646186345
alphaR: 2.1965499576245313
event_sum: 1.1176884899105062
mean: 1011.1548590967157
nL: 4.187590978576227
nR: 3.9775714940402636
norm: 1.1176884899105062
sigma: 52.002744917592715
sigmaL: 49.04304362542607
sigmaR: 32.6607454934133
widthL: 49.04304362542607
widthR: 32.6607454934133
x0: 1011.1548590967157
