alphaL: 1.617371584173463
alphaR: 2.548634977686321
event_sum: 26.487606732174754
mean: 1011.8580239200617
nL: 3.999972952104944
nR: 3.04619132607814
norm: 26.487606732174754
sigma: 50.18050444616347
sigmaL: 56.8986518436257
sigmaR: 27.61319759691731
widthL: 56.8986518436257
widthR: 27.61319759691731
x0: 1011.8580239200617
