alphaL: 1.658243994860335
alphaR: 2.6791706529691672
event_sum: 62.791312566027045
mean: 1011.4133681211285
nL: 4.499993009543824
nR: 1.8471139966935786
norm: 62.791312566027045
sigma: 50.18050444616347
sigmaL: 51.39054245398344
sigmaR: 31.010314442018153
widthL: 51.39054245398344
widthR: 31.010314442018153
x0: 1011.4133681211285
