alphaL: 1.1701958480931327
alphaR: 2.627886798693772
event_sum: 62.795776538550854
fraction: 0.9952465495386158
mean: 1009.3035462615231
nL: 130.56278002109522
nR: 2.546703461966099
norm: 62.556649865582585
sigma: 50.241183357031744
sigmaL: 46.519658123527
sigmaR: 31.826148945874824
widthL: 46.519658123527
widthR: 31.826148945874824
x0: 1009.3035462615231
