alphaL: 1.8103161467922437
alphaR: 2.579515158769792
event_sum: 0.6406684840549133
mean: 1009.4193236242184
nL: 2.1338784401108355
nR: 2.1300145655254634
norm: 0.6406684840549133
sigma: 52.002744917592715
sigmaL: 55.09459168199917
sigmaR: 30.311578028613443
widthL: 55.09459168199917
widthR: 30.311578028613443
x0: 1009.4193236242184
