alphaL: 1.219188974733736
alphaR: 2.5275321068026226
event_sum: 26.365105966106057
fraction: 0.9912276176513969
mean: 1010.7095252811594
nL: 36.42069441491247
nR: 3.1452402245972295
norm: 26.231639916077256
sigma: 50.241183357031744
sigmaL: 53.49579222283491
sigmaR: 27.991577689571212
widthL: 53.49579222283491
widthR: 27.991577689571212
x0: 1010.7095252811594
