alphaL: 1.4628239422773288
alphaR: 2.5451463122309788
event_sum: 26.358370238915086
mean: 1011.3884777188817
nL: 4.998354576155437
nR: 2.9497511262250757
norm: 26.358370238915086
sigma: 50.18050444616347
sigmaL: 55.384609036240924
sigmaR: 27.78543454337431
widthL: 55.384609036240924
widthR: 27.78543454337431
x0: 1011.3884777188817
