alphaL: 1.2772767727058396
alphaR: 1.2061973973862956
event_sum: 5.248207606142387
mean: 991.5698135071816
nL: 2.1765842090116023
nR: 4.49796280563014
norm: 5.248207606142387
sigma: 132.2709851557992
sigmaL: 93.95914822838687
sigmaR: 57.36918037161649
widthL: 93.95914822838687
widthR: 57.36918037161649
x0: 991.5698135071816
