alphaL: 1.480477778546077
alphaR: 2.6601769297962283
event_sum: 62.60920659825206
mean: 1010.266449589874
nL: 4.999530129022372
nR: 2.2218539276357236
norm: 62.60920659825206
sigma: 50.18050444616347
sigmaL: 49.03650816748139
sigmaR: 31.500840511470287
widthL: 49.03650816748139
widthR: 31.500840511470287
x0: 1010.266449589874
