alphaL: 1.6619291143009594
alphaR: 2.2612797038636216
event_sum: 0.6425449602684239
mean: 1010.2433615648999
nL: 4.169897542870612
nR: 4.314550424568902
norm: 0.6425449602684239
sigma: 52.002744917592715
sigmaL: 54.737056265699934
sigmaR: 29.580603851429075
widthL: 54.737056265699934
widthR: 29.580603851429075
x0: 1010.2433615648999
