alphaL: 1.816941843250802
alphaR: 2.228033997681517
event_sum: 6.430387603235431
fraction: 0.9997097761462324
mean: 1011.8404538946111
nL: 5.221534593126716
nR: 4.311733030541875
norm: 6.4293999841902405
sigma: 52.002744917592715
sigmaL: 58.150162386159536
sigmaR: 29.002608713951457
widthL: 58.150162386159536
widthR: 29.002608713951457
x0: 1011.8404538946111
