alphaL: 1.491816612928162
alphaR: 2.6319146961539546
event_sum: 62.795776538550854
fraction: 0.9994704531161376
mean: 1010.5378035975014
nL: 9.999992219293093
nR: 2.168366360936629
norm: 62.795776538550854
sigma: 50.241183357031744
sigmaL: 50.26955821662592
sigmaR: 31.391474165669095
widthL: 50.26955821662592
widthR: 31.391474165669095
x0: 1010.5378035975014
