alphaL: 1.7250796767373506
alphaR: 2.1913942518369636
event_sum: 1.1176884899105062
mean: 1013.8235956106267
nL: 3.1906485856926583
nR: 2.6286979392282186
norm: 1.1176884899105062
sigma: 52.024142502549665
sigmaL: 52.631759238828224
sigmaR: 31.11949209644462
widthL: 52.631759238828224
widthR: 31.11949209644462
x0: 1013.8235956106267
