alphaL: 1.5913279353192666
alphaR: 2.4150170045296266
event_sum: 26.487606732174754
mean: 1012.0647896368513
nL: 4.499126140084285
nR: 4.341306608165743
norm: 26.487606732174754
sigma: 50.18050444616347
sigmaL: 57.061280473597336
sigmaR: 27.46386130881805
widthL: 57.061280473597336
widthR: 27.46386130881805
x0: 1012.0647896368513
