alphaL: 1.8301833797244944
alphaR: 2.5979599989302624
event_sum: 62.795776538550854
mean: 1012.3643665817794
nL: 4.498411495608259
nR: 2.1849136319667806
norm: 62.795776538550854
sigma: 50.241183357031744
sigmaL: 53.63453774561793
sigmaR: 30.466916940722008
widthL: 53.63453774561793
widthR: 30.466916940722008
x0: 1012.3643665817794
