alphaL: 1.7700605861379277
alphaR: 2.3777922198020254
event_sum: 26.365105966106057
mean: 1012.7476578413717
nL: 4.499877165516028
nR: 4.432923451909545
norm: 26.365105966106057
sigma: 50.241183357031744
sigmaL: 59.00851413127772
sigmaR: 27.142085758548458
widthL: 59.00851413127772
widthR: 27.142085758548458
x0: 1012.7476578413717
