alphaL: 1.5903993704096138
alphaR: 2.4298443842263153
event_sum: 26.487606732174754
mean: 1011.957324616398
nL: 4.497190534712408
nR: 4.293213104124543
norm: 26.487606732174754
sigma: 50.18050444616347
sigmaL: 56.98000349483708
sigmaR: 27.560729409423523
widthL: 56.98000349483708
widthR: 27.560729409423523
x0: 1011.957324616398
