alphaL: 1.712813282433971
alphaR: 2.670674748974271
event_sum: 62.791312566027045
mean: 1011.5559596620525
nL: 3.997588757172435
nR: 1.8524124694272677
norm: 62.791312566027045
sigma: 50.18050444616347
sigmaL: 51.82214836142344
sigmaR: 30.949761475751988
widthL: 51.82214836142344
widthR: 30.949761475751988
x0: 1011.5559596620525
