alphaL: 1.8651819496484436
alphaR: 2.5882191117827626
event_sum: 0.6425449602684239
mean: 1007.6680358168102
nL: 1.9573314738816041
nR: 1.9836457333144046
norm: 0.6425449602684239
sigma: 52.024142502549665
sigmaL: 55.30573557430672
sigmaR: 31.48862846174993
widthL: 55.30573557430672
widthR: 31.48862846174993
x0: 1007.6680358168102
