alphaL: 1.5518900610007549
alphaR: 2.1975410562751247
event_sum: 1.1176884899105062
mean: 1011.2309784822148
nL: 4.189409356027728
nR: 3.978424512644661
norm: 1.1176884899105062
sigma: 52.002744917592715
sigmaL: 49.117345431153005
sigmaR: 32.63623966063396
widthL: 49.117345431153005
widthR: 32.63623966063396
x0: 1011.2309784822148
