alphaL: 1.6617675142718011
alphaR: 2.2620165411725233
event_sum: 0.6425449602684239
mean: 1010.2403088817556
nL: 4.169713874612258
nR: 4.314699761422345
norm: 0.6425449602684239
sigma: 52.002744917592715
sigmaL: 54.73114487741384
sigmaR: 29.585510945806362
widthL: 54.73114487741384
widthR: 29.585510945806362
x0: 1010.2403088817556
