alphaL: 1.6614860744481117
alphaR: 2.641175167232323
event_sum: 62.791312566027045
mean: 1011.5164862173352
nL: 4.495795507287715
nR: 1.9960126425689622
norm: 62.791312566027045
sigma: 50.18050444616347
sigmaL: 51.48649328079674
sigmaR: 30.913293460478783
widthL: 51.48649328079674
widthR: 30.913293460478783
x0: 1011.5164862173352
