alphaL: 1.5734098397680185
alphaR: 2.1621290948869896
event_sum: 1.1151206803551759
mean: 1013.6463724711214
nL: 3.2120395010053673
nR: 2.8512897035577063
norm: 1.1151206803551759
sigma: 52.002744917592715
sigmaL: 50.949559106364184
sigmaR: 31.16975821161482
widthL: 50.949559106364184
widthR: 31.16975821161482
x0: 1013.6463724711214
