alphaL: 1.1783354033250157
alphaR: 2.262248489350737
event_sum: 11.187748543918133
fraction: 0.9913488268575154
mean: 1011.4082173597498
nL: 16.333947175409158
nR: 2.3740836678446806
norm: 11.14528092497494
sigma: 52.002744917592715
sigmaL: 46.29540716566249
sigmaR: 32.04162970408082
widthL: 46.29540716566249
widthR: 32.04162970408082
x0: 1011.4082173597498
