alphaL: 1.080781044372893
alphaR: 1.230245847380376
event_sum: 9.575954262167215
mean: 1008.1225567982323
nL: 2.137592806831539
nR: 2.934921940446495
norm: 9.575954262167215
sigma: 132.2709851557992
sigmaL: 103.62592297594831
sigmaR: 46.62381629116442
widthL: 103.62592297594831
widthR: 46.62381629116442
x0: 1008.1225567982323
