alphaL: 1.4758201996574416
alphaR: 2.005185389795003
event_sum: 11.187748543918133
fraction: 0.9996857438334782
mean: 1013.9929866649097
nL: 9.826894375015016
nR: 4.069619108120627
norm: 11.184785686782561
sigma: 52.002744917592715
sigmaL: 51.75161185197284
sigmaR: 30.53881751010903
widthL: 51.75161185197284
widthR: 30.53881751010903
x0: 1013.9929866649097
