alphaL: 1.2502380270242233
alphaR: 2.7494165812306632
event_sum: 6.430387603235431
fraction: 0.99055571618011
mean: 1007.8993609855522
nL: 25.792108289784593
nR: 1.4206736770193653
norm: 6.398783793789335
sigma: 52.002744917592715
sigmaL: 50.950431629323155
sigmaR: 31.17196352841968
widthL: 50.950431629323155
widthR: 31.17196352841968
x0: 1007.8993609855522
