alphaL: 1.4854743448132388
alphaR: 2.4025005907955412
event_sum: 26.365105966106057
fraction: 0.9997500354593842
mean: 1011.5089746392315
nL: 9.98753309088072
nR: 4.499553045646152
norm: 26.365105966106057
sigma: 50.241183357031744
sigmaL: 56.292620658582344
sigmaR: 27.710302363284423
widthL: 56.292620658582344
widthR: 27.710302363284423
x0: 1011.5089746392315
