alphaL: 1.1815923677734914
alphaR: 2.4080805777935153
event_sum: 193.5873060002923
fraction: 0.9948921732740628
mean: 1004.2971850323014
nL: 142.0640595627777
nR: 3.655355873743449
norm: 62.556649865582585
sigma: 50.05119864467416
sigmaL: 47.0718034467852
sigmaR: 31.971737485389014
widthL: 47.0718034467852
widthR: 31.971737485389014
x0: 1004.2971850323014
