alphaL: 1.1928144185678107
alphaR: 2.094129599552144
event_sum: 5.552687752101988
fraction: 0.9991647977603062
mean: 3049.0192231061037
nL: 9.95001038060933
nR: 2.982275997889376
norm: 5.551552401955274
sigma: 137.90942314209653
sigmaL: 121.43632703874408
sigmaR: 66.16070897254507
widthL: 121.43632703874408
widthR: 66.16070897254507
x0: 3049.0192231061037
