alphaL: 1.3414006993188117
alphaR: 1.735035987447101
event_sum: 4.023479591518667
mean: 3053.8470906114876
nL: 4.482608121142261
nR: 4.074285046710581
norm: 4.023479591518667
sigma: 137.92280449176482
sigmaL: 123.12712467357574
sigmaR: 66.42522247222394
widthL: 123.12712467357574
widthR: 66.42522247222394
x0: 3053.8470906114876
