alphaL: 1.223022099219972
alphaR: 1.9037175804284232
event_sum: 5.080346650664776
mean: 3052.552401643218
nL: 4.950105600548429
nR: 2.228265939161623
norm: 5.080346650664776
sigma: 228.4454550872414
sigmaL: 119.29931021876617
sigmaR: 67.01022167421341
widthL: 119.29931021876617
widthR: 67.01022167421341
x0: 3052.552401643218
