alphaL: 0.9688150646429619
alphaR: 1.8952316749113411
event_sum: 48.88100174034629
fraction: 0.9989443218318156
mean: 3048.238063146939
nL: 9.997118888876848
nR: 2.294640281507359
norm: 48.74871876812582
sigma: 227.01738315248028
sigmaL: 106.26814619107579
sigmaR: 69.04476101277366
widthL: 106.26814619107579
widthR: 69.04476101277366
x0: 3048.238063146939
