alphaL: 1.128694068499656
alphaR: 1.7482503283589064
event_sum: 2.4784014487626314
mean: 3046.0039086061606
nL: 4.501621735584156
nR: 2.6348629105099355
norm: 2.4784014487626314
sigma: 228.4454550872414
sigmaL: 108.80752442098763
sigmaR: 76.40261409259323
widthL: 108.80752442098763
widthR: 76.40261409259323
x0: 3046.0039086061606
