alphaL: 0.7791654700272769
alphaR: 1.8885608009691552
event_sum: 24.002515290123917
fraction: 0.9985979943244271
mean: 3038.1926919537796
nL: 9.998928015590993
nR: 2.2459959665279223
norm: 23.714440669774845
sigma: 227.01738315248028
sigmaL: 87.42585137117597
sigmaR: 80.31170847656477
widthL: 87.42585137117597
widthR: 80.31170847656477
x0: 3038.1926919537796
