alphaL: 1.36976701322705
alphaR: 2.1329801350738897
event_sum: 6.067767054902263
mean: 3050.180311171968
nL: 4.499457996666609
nR: 2.8679216782316885
norm: 6.067767054902263
sigma: 137.92280449176482
sigmaL: 126.69805202327564
sigmaR: 66.10061510983347
widthL: 126.69805202327564
widthR: 66.10061510983347
x0: 3050.180311171968
