alphaL: 1.1288367238938082
alphaR: 1.8560988714336777
event_sum: 3.670845811591265
fraction: 0.9991518015375009
mean: 3049.164125850122
nL: 9.43549969819207
nR: 3.554535609968866
norm: 3.669571312709222
sigma: 137.90942314209653
sigmaL: 112.22511011423504
sigmaR: 67.77701151399964
widthL: 112.22511011423504
widthR: 67.77701151399964
x0: 3049.164125850122
