alphaL: 1.4450745198655086
alphaR: 1.779060909151287
event_sum: 5.083849755949959
mean: 3059.3996050904557
nL: 4.497505651965376
nR: 2.311424988433438
norm: 5.083849755949959
sigma: 228.4454550872414
sigmaL: 134.39690442590015
sigmaR: 63.003981384399715
widthL: 134.39690442590015
widthR: 63.003981384399715
x0: 3059.3996050904557
