alphaL: 0.9646108697931459
alphaR: 2.2510722687251885
event_sum: 6.04397042916729
mean: 3041.8131087972806
nL: 4.741835436215505
nR: 2.71992875027373
norm: 6.04397042916729
sigma: 137.92280449176482
sigmaL: 99.65359541563545
sigmaR: 68.7816433881381
widthL: 99.65359541563545
widthR: 68.7816433881381
x0: 3041.8131087972806
