alphaL: 1.0703919735819418
alphaR: 1.6857893852948582
event_sum: 2.4734061487487624
mean: 3047.7417307705487
nL: 4.971697079368933
nR: 3.046273625394118
norm: 2.4734061487487624
sigma: 228.4454550872414
sigmaL: 107.78772732266225
sigmaR: 74.4085017053111
widthL: 107.78772732266225
widthR: 74.4085017053111
x0: 3047.7417307705487
