alphaL: 1.0955874832776051
alphaR: 1.957257044252661
event_sum: 4.003525220586985
mean: 3045.755950078205
nL: 4.489957942391712
nR: 2.983999847265384
norm: 4.003525220586985
sigma: 137.92280449176482
sigmaL: 106.23232447093798
sigmaR: 70.6462269483511
widthL: 106.23232447093798
widthR: 70.6462269483511
x0: 3045.755950078205
