alphaL: 0.8810239467155132
alphaR: 2.045802193489222
event_sum: 3.6582824177730697
mean: 3042.2157399859016
nL: 18.161843985268426
nR: 2.8688160493398467
norm_2016: 3.6582824177730697
norm_2017: 3.6582824177730697
norm_2018: 3.6582824177730697
norm_Run2: 3.6582824177730697
sigma: 137.24305488593876
sigmaL: 96.27454597847833
sigmaR: 72.82239251695614
widthL: 96.27454597847833
widthR: 72.82239251695614
x0: 3042.2157399859016
