alphaL: 0.8436940261995758
alphaR: 2.288377587204501
event_sum: 5.535818065686826
mean: 3041.200845139541
nL: 45.71159525361264
nR: 2.4988183804835473
norm_2016: 1.4159739158388231
norm_2017: 1.8946465130314882
norm_2018: 2.694082497731399
norm_Run2: 5.535818065686826
sigma: 137.24305488593876
sigmaL: 99.59518641468078
sigmaR: 70.57607008307497
widthL: 99.59518641468078
widthR: 70.57607008307497
x0: 3041.200845139541
