alphaL: 0.8246079506381435
alphaR: 2.291444777954512
event_sum: 5.535818065686826
mean: 3041.8676353438836
nL: 45.99767932763172
nR: 2.4822746291234767
norm_2016: 5.535818065686826
norm_2017: 5.535818065686826
norm_2018: 5.535818065686826
norm_Run2: 5.535818065686826
sigma: 137.24305488593876
sigmaL: 99.25242960878897
sigmaR: 70.02458013382474
widthL: 99.25242960878897
widthR: 70.02458013382474
x0: 3041.8676353438836
