alphaL: 0.8246079506381435
alphaR: 2.291444777954512
event_sum: 5.535818065686826
mean: 3041.8676353438836
nL: 45.99767932763172
nR: 2.4822746291234767
norm_2016: 1.4159739158388231
norm_2017: 1.8946465130314882
norm_2018: 2.694082497731399
norm_Run2: 6.004702926601711
sigma: 137.24305488593876
sigmaL: 99.25242960878897
sigmaR: 70.02458013382474
widthL: 99.25242960878897
widthR: 70.02458013382474
x0: 3041.8676353438836
