alphaL: 0.7199107435186551
alphaR: 1.7924196437188664
event_sum: 23.508102886789075
mean: 3040.783759376655
nL: 16.31695009203359
nR: 2.6047854868979874
norm_2016: 6.481987134183061
norm_2017: 7.385821974965226
norm_2018: 10.276726351642415
norm_Run2: 24.144535460790703
sigma: 229.50440684196826
sigmaL: 86.06886925383023
sigmaR: 78.73033658585337
widthL: 86.06886925383023
widthR: 78.73033658585337
x0: 3040.783759376655
