alphaL: 1.1901273858905121
alphaR: 1.204049149073657
event_sum: 3.264498981691184
mean: 3002.229387873953
nL: 0.4475909268586686
nR: 6.248747883650889
norm_2016: 0.767253445725172
norm_2017: 1.0401231089268557
norm_2018: 1.4981217696955151
norm_Run2: 3.264498981691184
sigma: 170.8
sigmaL: 199.59101177621332
sigmaR: 119.21830453048358
widthL: 199.59101177621332
widthR: 119.21830453048358
x0: 3002.229387873953
