alphaL: 1.218779727322766
alphaR: 1.179683169213986
event_sum: 3.264498981691184
mean: 3000.1957464661386
nL: 0.40659023799697896
nR: 6.502941390595408
norm_2016: 0.767253445725172
norm_2017: 1.0401231089268557
norm_2018: 1.4981217696955151
norm_Run2: 3.264498981691184
sigma: 170.8
sigmaL: 194.85156772428218
sigmaR: 118.77407935724105
widthL: 194.85156772428218
widthR: 118.77407935724105
x0: 3000.1957464661386
