alphaL: 0.8116544667135063
alphaR: 1.0400284537225886
event_sum: 2.429741094691836
mean: 2992.914206029546
nL: 0.10014635482254418
nR: 7.287264190812768
norm_2016: 0.646218031235555
norm_2017: 0.7447086942256742
norm_2018: 1.0646495598832786
norm_Run2: 2.455576285344508
sigma: 305.0
sigmaL: 207.33247793555722
sigmaR: 128.14437992545584
widthL: 207.33247793555722
widthR: 128.14437992545584
x0: 2992.914206029546
