alphaL: 0.6763661173547335
alphaR: 1.5929570702794507
event_sum: 6.460951417673249
mean: 2989.6423626628784
nL: 1.9570478235466369
nR: 3.234109333879583
norm_2016: 1.3601384285009723
norm_2017: 2.025744749417809
norm_2018: 3.1495461849564466
norm_Run2: 6.460951417673249
sigma: 170.8
sigmaL: 148.22195954435617
sigmaR: 132.234603196083
widthL: 148.22195954435617
widthR: 132.234603196083
x0: 2989.6423626628784
