alphaL: 0.9626828711931927
alphaR: 1.177399941095815
event_sum: 4.185147622661349
mean: 2987.099800571491
nL: 0.31626098872789904
nR: 6.440863156936975
norm_2016: 0.9894844896262058
norm_2017: 1.377873838814954
norm_2018: 1.8653585670578117
norm_Run2: 4.232716895498971
sigma: 305.0
sigmaL: 301.04989069565806
sigmaR: 135.98808247564995
widthL: 301.04989069565806
widthR: 135.98808247564995
x0: 2987.099800571491
