alphaL: 0.6538259167012204
alphaR: 2.100352400729137
event_sum: 48.46531818605603
mean: 3042.4835996623624
nL: 117.0276476648869
nR: 1.7012885707731733
norm_2016: 11.697899138617311
norm_2017: 15.563575387579052
norm_2018: 22.534991137435828
norm_Run2: 49.7964656636322
sigma: 229.50440684196826
sigmaL: 84.19143985323443
sigmaR: 72.68742261747519
widthL: 84.19143985323443
widthR: 72.68742261747519
x0: 3042.4835996623624
