alphaL: 0.23929338187786528
alphaR: 0.9311554468898946
event_sum: 0.2803217235727993
mean: 2689.329422068572
nL: 1.0000951075004174
nR: 3.161439639647583
norm: 0.2803217235727993
sigma: 265.0
sigmaL: 521.2112952655473
sigmaR: 79.31808749397935
widthL: 521.2112952655473
widthR: 79.31808749397935
x0: 2689.329422068572
