alphaL: 1.0634031140455311
alphaR: 1.2083881698498098
event_sum: 6.636011677510627
fraction: 0.7145938948761649
mean: 2618.692379471206
nL: 0.4026049664069188
nR: 3.6750050636398877
norm: 3.4130418769092112
sigma: 265.0
sigmaL: 319.10023280380045
sigmaR: 116.13446914336484
widthL: 319.10023280380045
widthR: 116.13446914336484
x0: 2618.692379471206
