alphaL: 0.6837401789073201
alphaR: 0.9737639700838757
event_sum: 0.41851392834882173
mean: 2682.3759340604047
nL: 1.0000736034834161
nR: 2.5731358713446175
norm: 0.41851392834882173
sigma: 265.0
sigmaL: 357.23316033172136
sigmaR: 66.79393112218254
widthL: 357.23316033172136
widthR: 66.79393112218254
x0: 2682.3759340604047
