alphaL: 0.7667970941305884
alphaR: 0.7320185779036396
event_sum: 7.01565032511955
fraction: 0.6685317457547868
mean: 2607.3750038060075
nL: 0.4206520861786618
nR: 4.146454270721694
norm: 1.9658514379521297
sigma: 265.0
sigmaL: 175.98380797865468
sigmaR: 77.16947247739128
widthL: 175.98380797865468
widthR: 77.16947247739128
x0: 2607.3750038060075
