alphaL: 1.2752992653565587
alphaR: 1.1488386433950466
event_sum: 0.36686675062638313
mean: 2639.714035369909
nL: 0.1440122706790577
nR: 3.291693954650207
norm: 0.36686675062638313
sigma: 265.0
sigmaL: 356.52438934063775
sigmaR: 104.90445988561426
widthL: 356.52438934063775
widthR: 104.90445988561426
x0: 2639.714035369909
