alphaL: 1.0295665370523657
alphaR: 1.5434211881960254
event_sum: 0.2230969780819627
mean: 2610.754665212539
nL: 0.10329746378357951
nR: 2.0871430106436724
norm: 0.2230969780819627
sigma: 265.0
sigmaL: 291.5408379697813
sigmaR: 130.7141120380881
widthL: 291.5408379697813
widthR: 130.7141120380881
x0: 2610.754665212539
