alphaL: 1.95088029538771
alphaR: 3.316254566444983
event_sum: 38.834698125720024
mean: 901.9714203556011
nL: 4.499980466708321
nR: 1.40088683546676
norm: 38.834698125720024
sigma: 44.45596265030454
sigmaL: 53.01418272853403
sigmaR: 28.241504146387406
widthL: 53.01418272853403
widthR: 28.241504146387406
x0: 901.9714203556011
