alphaL: 1.6699731028069429
alphaR: 2.8739012944451976
event_sum: 38.834698125720024
fraction: 0.9999780996568264
mean: 901.2501099177781
nL: 9.9879687751727
nR: 3.2664473030208527
norm: 38.834698125720024
sigma: 44.45596265030454
sigmaL: 51.4116563904118
sigmaR: 28.484268810207983
widthL: 51.4116563904118
widthR: 28.484268810207983
x0: 901.2501099177781
