alphaL: 1.9141727823978218
alphaR: 2.386640388463556
event_sum: 96.717594191432
mean: 904.9815066993451
nL: 4.499970292863069
nR: 2.993901613768797
norm: 96.717594191432
sigma: 44.45596265030454
sigmaL: 49.582248313807916
sigmaR: 28.137295776658235
widthL: 49.582248313807916
widthR: 28.137295776658235
x0: 904.9815066993451
