alphaL: 1.0
alphaR: 1.533791154860455
event_sum: 0.048927643336355686
mean: 740.8642734608177
nL: 0.20000146177383835
nR: 1.3672129267504078
norm: 0.048927643336355686
sigma: 34.27074368272211
sigmaL: 104.25762807375699
sigmaR: 5.000030479718379
widthL: 104.25762807375699
widthR: 5.000030479718379
x0: 740.8642734608177
