alphaL: 1.9345224237564096
alphaR: 3.399466389988363
event_sum: 38.85684719309211
mean: 901.8216571116682
nL: 3.9978772808418768
nR: 0.909237613937221
norm: 38.85684719309211
sigma: 44.52313201269894
sigmaL: 52.82721199707305
sigmaR: 28.201938092103696
widthL: 52.82721199707305
widthR: 28.201938092103696
x0: 901.8216571116682
