alphaL: 1.3315524095830216
alphaR: 2.355817605473604
event_sum: 215.72067625983618
fraction: 0.9980329510179986
mean: 905.6743121006449
nL: 149.47360800442112
nR: 4.230332367992295
norm: 96.59946583211422
sigma: 45.37884874203543
sigmaL: 45.75229170839732
sigmaR: 29.113397276874785
widthL: 45.75229170839732
widthR: 29.113397276874785
x0: 905.6743121006449
