alphaL: 1.8200707258293152
alphaR: 2.4311793243885704
event_sum: 96.80619046092033
mean: 904.3924482290391
nL: 4.499952496158218
nR: 2.949729631386787
norm: 96.80619046092033
sigma: 44.52313201269894
sigmaL: 48.77721765758769
sigmaR: 28.410731255265688
widthL: 48.77721765758769
widthR: 28.410731255265688
x0: 904.3924482290391
