alphaL: 1.6261768992072614
alphaR: 2.125912804096676
event_sum: 15.465389871969819
mean: 905.5383407614548
nL: 4.499683002604021
nR: 3.2267719439965954
norm: 15.465389871969819
sigma: 46.75772157354137
sigmaL: 46.86206721502176
sigmaR: 29.163341397940542
widthL: 46.86206721502176
widthR: 29.163341397940542
x0: 905.5383407614548
