alphaL: 1.0
alphaR: 0.6063109175342635
event_sum: 0.17855930706718937
mean: 735.2932821614799
nL: 0.2004182512130142
nR: 3.013744091822148
norm: 0.17855930706718937
sigma: 34.27074368272211
sigmaL: 107.98674946470496
sigmaR: 5.000556830856867
widthL: 107.98674946470496
widthR: 5.000556830856867
x0: 735.2932821614799
