alphaL: 1.4261697702220069
alphaR: 2.282654552463226
event_sum: 1.5405561559455236
mean: 903.9419814926698
nL: 3.7447235816650832
nR: 2.4930046037471802
norm: 1.5405561559455236
sigma: 46.75772157354137
sigmaL: 44.243263783364995
sigmaR: 30.060408328575797
widthL: 44.243263783364995
widthR: 30.060408328575797
x0: 903.9419814926698
