alphaL: 1.5759504930804342
alphaR: 2.5989301472226596
event_sum: 96.60684885457158
mean: 902.896165363619
nL: 4.999993487627349
nR: 2.1261512827316635
norm: 96.60684885457158
sigma: 44.52313201269894
sigmaL: 46.313770714939764
sigmaR: 29.22382693662871
widthL: 46.313770714939764
widthR: 29.22382693662871
x0: 902.896165363619
