alphaL: 1.5614395053981773
alphaR: 2.488234447178273
event_sum: 8.075720261549577
mean: 902.2746825559651
nL: 4.498584837036707
nR: 4.132150575807116
norm: 8.075720261549577
sigma: 46.75772157354137
sigmaL: 47.917516772811375
sigmaR: 27.771698993799408
widthL: 47.917516772811375
widthR: 27.771698993799408
x0: 902.2746825559651
