alphaL: 1.812343668605412
alphaR: 2.434716618009146
event_sum: 96.80619046092033
mean: 904.2997666519826
nL: 4.49968385524459
nR: 2.942860406355367
norm: 96.80619046092033
sigma: 44.52313201269894
sigmaL: 48.65873928217907
sigmaR: 28.470298901279683
widthL: 48.65873928217907
widthR: 28.470298901279683
x0: 904.2997666519826
