alphaL: 1.6448519947528737
alphaR: 2.413478309790778
event_sum: 96.717594191432
fraction: 0.9998021352147556
mean: 904.0401984877109
nL: 9.999983041406248
nR: 2.9332563431726117
norm: 96.717594191432
sigma: 44.45596265030454
sigmaL: 47.89608953428015
sigmaR: 28.568945981908406
widthL: 47.89608953428015
widthR: 28.568945981908406
x0: 904.0401984877109
