alphaL: 1.8938643216528268
alphaR: 2.8623905440345445
event_sum: 38.85684719309211
mean: 901.7915103935812
nL: 4.491539711443773
nR: 4.309325720464181
norm: 38.85684719309211
sigma: 44.52313201269894
sigmaL: 52.765314567781694
sigmaR: 28.131451557284727
widthL: 52.765314567781694
widthR: 28.131451557284727
x0: 901.7915103935812
