alphaL: 1.4806138567420197
alphaR: 2.948643941924048
event_sum: 8.075720261549577
fraction: 0.9999951383337294
mean: 900.4555737925687
nL: 5.632438874902457
nR: 4.222849819541857
norm: 8.075720261549577
sigma: 46.75772157354137
sigmaL: 46.30572356449018
sigmaR: 29.0293225999995
widthL: 46.30572356449018
widthR: 29.0293225999995
x0: 900.4555737925687
