alphaL: 1.2208078340458133
alphaR: 2.2907517232987686
event_sum: 15.465389871969819
fraction: 0.9995157414254042
mean: 901.915626664308
nL: 9.816066823411733
nR: 2.7843847417096286
norm: 15.464060316444375
sigma: 46.75772157354137
sigmaL: 40.57507771303775
sigmaR: 31.012028523300597
widthL: 40.57507771303775
widthR: 31.012028523300597
x0: 901.915626664308
