alphaL: 1.5900512246441003
alphaR: 2.18950217589361
event_sum: 1.5456084674951853
mean: 905.3236960447546
nL: 4.499314629286085
nR: 2.8204101078453307
norm: 1.5456084674951853
sigma: 46.75772157354137
sigmaL: 46.45896719215926
sigmaR: 29.381104495255997
widthL: 46.45896719215926
widthR: 29.381104495255997
x0: 905.3236960447546
