alphaL: 0.9870816813248892
alphaR: 2.2470993847531586
event_sum: 35.496264475164935
fraction: 0.9964440591437923
mean: 904.1920420730235
nL: 129.63108090474373
nR: 3.124120568239987
norm: 15.424173650681041
sigma: 46.710164012732626
sigmaL: 38.12477183125309
sigmaR: 30.861289064434484
widthL: 38.12477183125309
widthR: 30.861289064434484
x0: 904.1920420730235
