alphaL: 1.3740467765005753
alphaR: 3.176325992362192
event_sum: 0.8051789143355563
mean: 900.7125425177597
nL: 4.239512356075007
nR: 1.0012977307060835
norm: 0.8051789143355563
sigma: 46.75772157354137
sigmaL: 44.88069556581808
sigmaR: 28.561386091515384
widthL: 44.88069556581808
widthR: 28.561386091515384
x0: 900.7125425177597
