alphaL: 1.5889626695997179
alphaR: 2.0011436998613443
event_sum: 1.5456084674951853
mean: 905.7130627125758
nL: 4.499392700871475
nR: 3.830900977578485
norm: 1.5456084674951853
sigma: 46.75772157354137
sigmaL: 46.52626653591405
sigmaR: 28.781710014142643
widthL: 46.52626653591405
widthR: 28.781710014142643
x0: 905.7130627125758
