alphaL: 1.624857823679957
alphaR: 3.0714153100934514
event_sum: 38.73133581131697
mean: 900.6764929901209
nL: 4.969138093758262
nR: 3.893668352290363
norm: 38.73133581131697
sigma: 44.52313201269894
sigmaL: 50.32484828685689
sigmaR: 28.67750859060201
widthL: 50.32484828685689
widthR: 28.67750859060201
x0: 900.6764929901209
