alphaL: 1.887530397928779
alphaR: 2.8489509656674024
event_sum: 38.85684719309211
mean: 901.7016160588887
nL: 4.489027058951484
nR: 4.324446766208097
norm: 38.85684719309211
sigma: 44.52313201269894
sigmaL: 52.50351031465293
sigmaR: 28.19166144744239
widthL: 52.50351031465293
widthR: 28.19166144744239
x0: 901.7016160588887
