alphaL: 1.3514938827068872
alphaR: 2.651363146829158
event_sum: 0.8074391589761944
mean: 897.8968831620123
nL: 4.135053178035302
nR: 4.342780641152789
norm: 0.8074391589761944
sigma: 46.75772157354137
sigmaL: 42.12607451547447
sigmaR: 30.091682738050896
widthL: 42.12607451547447
widthR: 30.091682738050896
x0: 897.8968831620123
