alphaL: 1.3522403966173135
alphaR: 2.6217235153110647
event_sum: 0.8074391589761944
mean: 897.812405496277
nL: 4.124738573416452
nR: 4.328755520112573
norm: 0.8074391589761944
sigma: 46.75772157354137
sigmaL: 42.34442539983968
sigmaR: 30.267911687332766
widthL: 42.34442539983968
widthR: 30.267911687332766
x0: 897.812405496277
