alphaL: 1.8478298650289913
alphaR: 2.458200169253608
event_sum: 96.80619046092033
mean: 904.2411795114922
nL: 3.999434898859896
nR: 2.725605724120926
norm: 96.80619046092033
sigma: 44.52313201269894
sigmaL: 48.73174544643781
sigmaR: 28.53631786472248
widthL: 48.73174544643781
widthR: 28.53631786472248
x0: 904.2411795114922
