alphaL: 0.6466297691861892
alphaR: 0.4334148783039467
event_sum: 3.6460900507207343
fraction: 0.6323886530271364
mean: 2698.9541167612238
nL: 0.40800560451827617
nR: 3.3343766272793856
norm: 0.9296981437409981
sigma: 270.0
sigmaL: 256.3425227540426
sigmaR: 42.92090788622996
widthL: 256.3425227540426
widthR: 42.92090788622996
x0: 2698.9541167612238
