alphaL: 1.2519825783071634
alphaR: 0.7626670204270226
event_sum: 2.8988511319897583
fraction: 0.7307010872399841
mean: 2697.5688555407196
nL: 0.4
nR: 2.743257354422122
norm: 1.340810173189608
sigma: 270.0
sigmaL: 370.80271870538735
sigmaR: 69.39760165993485
widthL: 370.80271870538735
widthR: 69.39760165993485
x0: 2697.5688555407196
