alphaL: 1.386169599247485
alphaR: 0.847575454805869
event_sum: 0.1811087314907001
mean: 2687.5535950190006
nL: 0.1
nR: 2.2992377535051
norm: 0.1811087314907001
sigma: 270.0
sigmaL: 336.29130900747066
sigmaR: 74.81234472544963
widthL: 336.29130900747066
widthR: 74.81234472544963
x0: 2687.5535950190006
