alphaL: 1.0767899249933837
alphaR: 1.0584893694582587
event_sum: 0.13349017548074069
mean: 2722.0150459369042
nL: 0.1
nR: 1.3568449626615144
norm: 0.13349017548074069
sigma: 270.0
sigmaL: 322.33947102930665
sigmaR: 51.231901720304855
widthL: 322.33947102930665
widthR: 51.231901720304855
x0: 2722.0150459369042
