alphaL: 0.66329082215542
alphaR: 0.8678336685099628
event_sum: 0.21125603918911154
mean: 2701.735829371977
nL: 0.9999490032276876
nR: 1.8163800837848822
norm: 0.21125603918911154
sigma: 270.0
sigmaL: 372.97539132504744
sigmaR: 63.367120682753466
widthL: 372.97539132504744
widthR: 63.367120682753466
x0: 2701.735829371977
