alphaL: 0.2857387836873256
alphaR: 0.7944948690173927
event_sum: 0.16586231922325587
mean: 2748.6819447932994
nL: 1.0002374603474191
nR: 2.945074521330303
norm: 0.16586231922325587
sigma: 270.0
sigmaL: 600.8240405493488
sigmaR: 61.78964345749506
widthL: 600.8240405493488
widthR: 61.78964345749506
x0: 2748.6819447932994
