alphaL: 0.8668519891223673
alphaR: 1.6881423170767476
event_sum: 0.8231926459852352
mean: 2423.1174106952526
nL: 4.016665407357976
nR: 1.9370399311854891
norm: 0.8231926459852352
sigma: 137.20000000000002
sigmaL: 162.2087068945307
sigmaR: 105.0408654071188
widthL: 162.2087068945307
widthR: 105.0408654071188
x0: 2423.1174106952526
