alphaL: 0.8967712281073879
alphaR: 1.5973162536407342
event_sum: 18.662226946642395
fraction: 0.821213842484449
mean: 2406.651554230611
nL: 0.8517057282145781
nR: 3.5970579027130163
norm: 8.874345576627878
sigma: 137.20000000000002
sigmaL: 124.61819842672466
sigmaR: 112.28048988202175
widthL: 124.61819842672466
widthR: 112.28048988202175
x0: 2406.651554230611
