alphaL: 0.8370288222101339
alphaR: 1.6038789439431727
event_sum: 0.8761294279954547
mean: 2407.8480288253636
nL: 0.987272341984016
nR: 3.185937504787509
norm: 0.8761294279954547
sigma: 137.20000000000002
sigmaL: 120.51438260352168
sigmaR: 111.07772679479604
widthL: 120.51438260352168
widthR: 111.07772679479604
x0: 2407.8480288253636
