alphaL: 1.169528387832416
alphaR: 1.4628613616738433
event_sum: 1.3716165207873887
mean: 2412.894016368268
nL: 0.8990544434393004
nR: 3.5943649276890763
norm: 1.3716165207873887
sigma: 137.20000000000002
sigmaL: 154.8507759617575
sigmaR: 104.69635739075618
widthL: 154.8507759617575
widthR: 104.69635739075618
x0: 2412.894016368268
