alphaL: 0.6976640479605575
alphaR: 1.6831533651712005
event_sum: 1.3064511719741847
mean: 2412.0184511580146
nL: 3.8326938097921333
nR: 2.1924674678771754
norm: 1.3064511719741847
sigma: 137.20000000000002
sigmaL: 124.16461126142498
sigmaR: 104.96107469979616
widthL: 124.16461126142498
widthR: 104.96107469979616
x0: 2412.0184511580146
