alphaL: 0.9461330006380609
alphaR: 1.5291406837528763
event_sum: 19.289422117105232
fraction: 0.8796849695390294
mean: 2403.05178131722
nL: 1.2588952680819727
nR: 4.258120574263677
norm: 13.697367561072708
sigma: 137.20000000000002
sigmaL: 130.70371023490287
sigmaR: 111.38797015467694
widthL: 130.70371023490287
widthR: 111.38797015467694
x0: 2403.05178131722
