alphaL: 1.6463941640077109
alphaR: 2.613606515478482
event_sum: 60.23567347181961
mean: 905.6606905109255
nL: 4.976916449386892
nR: 3.0344798974079135
norm: 60.23567347181961
sigma: 45.02510572750308
sigmaL: 47.267149318363494
sigmaR: 28.34416065503983
widthL: 47.267149318363494
widthR: 28.34416065503983
x0: 905.6606905109255
