alphaL: 2.014499227998685
alphaR: 2.2739817825568114
event_sum: 21.979090793523937
mean: 907.0055495560084
nL: 4.437217087151326
nR: 4.387448350605734
norm: 21.979090793523937
sigma: 45.00802693324355
sigmaL: 55.54257209823907
sigmaR: 25.305570142986767
widthL: 55.54257209823907
widthR: 25.305570142986767
x0: 907.0055495560084
