alphaL: 1.6720060934691603
alphaR: 2.538203435114706
event_sum: 58.90263704373501
fraction: 0.9999210943420396
mean: 906.3619681645646
nL: 9.999963270018853
nR: 3.2200748113770348
norm: 58.89300197130069
sigma: 45.043110578756284
sigmaL: 48.28526203155751
sigmaR: 27.936325413717675
widthL: 48.28526203155751
widthR: 27.936325413717675
x0: 906.3619681645646
