alphaL: 1.936772978570748
alphaR: 2.3987383893364913
event_sum: 60.35290347295813
mean: 907.2437353747077
nL: 4.401716882298529
nR: 4.437338129304505
norm: 60.35290347295813
sigma: 45.02510572750308
sigmaL: 50.01678215822426
sigmaR: 27.572412067913113
widthL: 50.01678215822426
widthR: 27.572412067913113
x0: 907.2437353747077
