alphaL: 1.8471450272061838
alphaR: 2.3285116066887035
event_sum: 21.97356006107293
mean: 905.9301350365324
nL: 4.498951669328789
nR: 4.499718556196575
norm: 21.97356006107293
sigma: 45.02510572750308
sigmaL: 53.864363792886756
sigmaR: 25.912890501314713
widthL: 53.864363792886756
widthR: 25.912890501314713
x0: 905.9301350365324
