alphaL: 1.9814721579663306
alphaR: 2.6182768742865723
event_sum: 60.35290347295813
mean: 907.1817550725737
nL: 3.9698848033940055
nR: 2.490775702181718
norm: 60.35290347295813
sigma: 45.02510572750308
sigmaL: 50.108580975547625
sigmaR: 27.651782342027516
widthL: 50.108580975547625
widthR: 27.651782342027516
x0: 907.1817550725737
