alphaL: 1.5826152737308623
alphaR: 2.068187173797219
event_sum: 9.689746702788398
mean: 907.459241390605
nL: 4.495390791397194
nR: 4.061531162479572
norm: 9.689746702788398
sigma: 46.34658735212327
sigmaL: 46.57531128780499
sigmaR: 28.336523533192235
widthL: 46.57531128780499
widthR: 28.336523533192235
x0: 907.459241390605
