alphaL: 1.5890400183878823
alphaR: 2.2788243280638567
event_sum: 21.89852792606689
mean: 905.1926095002912
nL: 4.881937055916957
nR: 4.997862925378805
norm: 21.89852792606689
sigma: 45.02510572750308
sigmaL: 51.50264838610742
sigmaR: 26.11645086824771
widthL: 51.50264838610742
widthR: 26.11645086824771
x0: 905.1926095002912
