alphaL: 1.8472885072134648
alphaR: 2.3281482192791527
event_sum: 21.97356006107293
mean: 905.9351688457372
nL: 4.499080465099679
nR: 4.499780022337292
norm: 21.97356006107293
sigma: 45.02510572750308
sigmaL: 53.869090444528254
sigmaR: 25.909187627339627
widthL: 53.869090444528254
widthR: 25.909187627339627
x0: 905.9351688457372
