alphaL: 1.641511755490463
alphaR: 2.473628222532497
event_sum: 21.448056234512478
fraction: 0.9999851807519143
mean: 904.3136171802579
nL: 9.994497867236472
nR: 4.493937340248084
norm: 21.445290429517627
sigma: 45.043110578756284
sigmaL: 51.90990610545864
sigmaR: 26.86886999462296
widthL: 51.90990610545864
widthR: 26.86886999462296
x0: 904.3136171802579
