alphaL: 2.0479759331226495
alphaR: 2.3807592226930425
event_sum: 60.36851369100623
mean: 907.9388277178356
nL: 4.428241090352037
nR: 4.398556980106458
norm: 60.36851369100623
sigma: 45.00802693324355
sigmaL: 51.02682967570054
sigmaR: 27.215010718842922
widthL: 51.02682967570054
widthR: 27.215010718842922
x0: 907.9388277178356
