alphaL: 1.5841466841134546
alphaR: 2.335589242720364
event_sum: 0.46395813227718463
mean: 904.8380450215477
nL: 1.956192255024586
nR: 2.1595325623406496
norm: 0.46395813227718463
sigma: 46.40909205939095
sigmaL: 50.024178461409136
sigmaR: 26.706290700679624
widthL: 50.024178461409136
widthR: 26.706290700679624
x0: 904.8380450215477
