alphaL: 1.5944438560151624
alphaR: 2.106093748773655
event_sum: 0.4652486709164805
mean: 908.2489973380502
nL: 4.2491528299099475
nR: 4.18099016531884
norm: 0.4652486709164805
sigma: 46.40909205939095
sigmaL: 51.95628924025671
sigmaR: 24.236834053146875
widthL: 51.95628924025671
widthR: 24.236834053146875
x0: 908.2489973380502
