alphaL: 1.8196062509531707
alphaR: 2.462927051277726
event_sum: 0.4647642468116828
mean: 904.849591759132
nL: 2.0666906938867613
nR: 2.0138949263328656
norm: 0.4647642468116828
sigma: 46.469150044772185
sigmaL: 52.26174560980504
sigmaR: 27.261018217177934
widthL: 52.26174560980504
widthR: 27.261018217177934
x0: 904.849591759132
