alphaL: 1.808387854041454
alphaR: 2.2364715091835534
event_sum: 4.653289552836213
mean: 907.8443489591392
nL: 4.41863544466448
nR: 4.2577052489896765
norm: 4.653289552836213
sigma: 46.34658735212327
sigmaL: 54.14283387593223
sigmaR: 25.26807082868441
widthL: 54.14283387593223
widthR: 25.26807082868441
x0: 907.8443489591392
