alphaL: 1.0855572046483393
alphaR: 3.260422752769571
event_sum: 18.05414773884695
fraction: 0.9928213494832551
mean: 902.0450518589287
nL: 132.86700345946352
nR: 0.7339615558760788
norm: 4.6265524991904385
sigma: 46.710164012732626
sigmaL: 43.150524159189935
sigmaR: 29.103537009135835
widthL: 43.150524159189935
widthR: 29.103537009135835
x0: 902.0450518589287
