alphaL: 1.8817089457083274
alphaR: 2.4329346344715974
event_sum: 21.97356006107293
mean: 905.6172387160182
nL: 3.9960942141274884
nR: 3.99373276213677
norm: 21.97356006107293
sigma: 45.02510572750308
sigmaL: 53.76263849868634
sigmaR: 26.216358493416713
widthL: 53.76263849868634
widthR: 26.216358493416713
x0: 905.6172387160182
