alphaL: 1.5842522903689076
alphaR: 2.442747351226753
event_sum: 4.633799698727671
fraction: 0.9999768797477505
mean: 905.7214590204987
nL: 5.842143450478494
nR: 4.145898368721242
norm: 4.633799698727671
sigma: 46.363955415170615
sigmaL: 51.164793586530095
sigmaR: 26.20358394738496
widthL: 51.164793586530095
widthR: 26.20358394738496
x0: 905.7214590204987
