alphaL: 1.5384319770491435
alphaR: 2.0743087406889633
event_sum: 0.9684910306532402
mean: 906.1552329574772
nL: 4.168792311352894
nR: 4.149020570778787
norm: 0.9684910306532402
sigma: 46.40909205939095
sigmaL: 44.842281131165386
sigmaR: 28.988655920199474
widthL: 44.842281131165386
widthR: 28.988655920199474
x0: 906.1552329574772
