alphaL: 1.4324086926564428
alphaR: 1.9967857447438984
event_sum: 0.9684910306532402
mean: 906.2680934275338
nL: 3.927806020570234
nR: 4.081441447456653
norm: 0.9684910306532402
sigma: 46.40909205939095
sigmaL: 44.648156825467616
sigmaR: 28.845190608977866
widthL: 44.648156825467616
widthR: 28.845190608977866
x0: 906.2680934275338
