alphaL: 1.2889062720743727
alphaR: 2.229784221357527
event_sum: 9.641834144771565
fraction: 0.9997549554650358
mean: 905.4796266307624
nL: 9.945188516637057
nR: 3.2876649043659065
norm: 9.64103085262468
sigma: 46.363955415170615
sigmaL: 42.84081019014452
sigmaR: 29.46670912681537
widthL: 42.84081019014452
widthR: 29.46670912681537
x0: 905.4796266307624
