alphaL: 1.936846836259313
alphaR: 2.398985898744293
event_sum: 60.35290347295813
mean: 907.245258819454
nL: 4.401647147127656
nR: 4.437314249972766
norm: 60.35290347295813
sigma: 45.02510572750308
sigmaL: 50.01747362060073
sigmaR: 27.572001059180458
widthL: 50.01747362060073
widthR: 27.572001059180458
x0: 907.245258819454
