alphaL: 1.5379708794308051
alphaR: 2.328480640852441
event_sum: 0.9688749990455108
mean: 906.32650854096
nL: 3.5083041158395156
nR: 2.62185189734399
norm: 0.9688749990455108
sigma: 46.469150044772185
sigmaL: 45.18599095486422
sigmaR: 29.311042705620935
widthL: 45.18599095486422
widthR: 29.311042705620935
x0: 906.32650854096
