alphaL: 1.4255386886762733
alphaR: 2.4143010733631285
event_sum: 0.9663971997360932
mean: 904.5912460695201
nL: 3.088918073219979
nR: 2.190135565394685
norm: 0.9663971997360932
sigma: 46.40909205939095
sigmaL: 42.42251043622787
sigmaR: 30.07248927504694
widthL: 42.42251043622787
widthR: 30.07248927504694
x0: 904.5912460695201
