alphaL: 1.5943201784381817
alphaR: 2.1040844169732926
event_sum: 0.4652486709164805
mean: 908.2077438609867
nL: 4.247957288728201
nR: 4.179953416598123
norm: 0.4652486709164805
sigma: 46.40909205939095
sigmaL: 51.940882041035444
sigmaR: 24.253885860652055
widthL: 51.940882041035444
widthR: 24.253885860652055
x0: 908.2077438609867
