alphaL: 1.143286465351285
alphaR: 1.6966345033299233
event_sum: 0.9469532605327438
mean: 850.8340702408951
nL: 1.7357052026869788
nR: 1.7073263244634171
norm: 0.9469532605327438
sigma: 47.6
sigmaL: 54.69402497914401
sigmaR: 43.71331661636294
widthL: 54.69402497914401
widthR: 43.71331661636294
x0: 850.8340702408951
