alphaL: 1.402312792004892
alphaR: 1.4927234109633432
event_sum: 4.522925825867331
fraction: 0.9925247133427527
mean: 852.3196580967128
nL: 4.418411348692468
nR: 2.795642132948873
norm: 4.506508462185094
sigma: 47.6
sigmaL: 68.75358642712945
sigmaR: 40.35061701570049
widthL: 68.75358642712945
widthR: 40.35061701570049
x0: 852.3196580967128
