alphaL: 1.463354705213861
alphaR: 1.1353949847411766
event_sum: 0.44993448574086364
mean: 856.5981490393146
nL: 2.9496721213611212
nR: 3.89019918687144
norm: 0.44993448574086364
sigma: 47.6
sigmaL: 73.24268006862908
sigmaR: 33.78545691100286
widthL: 73.24268006862908
widthR: 33.78545691100286
x0: 856.5981490393146
