alphaL: 1.2891217004982127
alphaR: 1.3621997539489756
event_sum: 0.963241775534476
mean: 855.9135834518489
nL: 2.775643063415231
nR: 3.4632989789171
norm: 0.963241775534476
sigma: 47.6
sigmaL: 62.6228006377698
sigmaR: 39.42367884890194
widthL: 62.6228006377698
widthR: 39.42367884890194
x0: 855.9135834518489
