alphaL: 1.088915044958992
alphaR: 1.4840469429909118
event_sum: 9.66361097205185
fraction: 0.9949898208239425
mean: 851.979406502551
nL: 4.254603044132668
nR: 3.522043404987272
norm: 9.638690561451176
sigma: 47.6
sigmaL: 56.72277543383273
sigmaR: 42.9057062997112
widthL: 56.72277543383273
widthR: 42.9057062997112
x0: 851.979406502551
