alphaL: 1.1607036670919795
alphaR: 1.6888123752438264
event_sum: 0.4425375567488259
mean: 847.8755721972326
nL: 2.4119085844755164
nR: 2.050603900399133
norm: 0.4425375567488259
sigma: 47.6
sigmaL: 60.61841513298248
sigmaR: 43.40087247367567
widthL: 60.61841513298248
widthR: 43.40087247367567
x0: 847.8755721972326
