alphaL: 0.9276204110865232
alphaR: 2.184964021992417
event_sum: 0.043323553807567805
mean: 3451.255533199885
nL: 1.0002275025624277
nR: 3.092556201736288
norm: 0.043323553807567805
sigma: 196.0
sigmaL: 289.25179026150175
sigmaR: 176.5953012788562
widthL: 289.25179026150175
widthR: 176.5953012788562
x0: 3451.255533199885
