alphaL: 1.0883666380447719
alphaR: 1.6339430913638917
event_sum: 4.38766198977828
fraction: 0.705887666029568
mean: 3461.237229855159
nL: 0.40510430579006834
nR: 4.22010123333823
norm: 0.463193308794871
sigma: 196.0
sigmaL: 283.27037053290144
sigmaR: 166.13255338294547
widthL: 283.27037053290144
widthR: 166.13255338294547
x0: 3461.237229855159
