alphaL: 0.9699760783052364
alphaR: 1.6400652907525328
event_sum: 0.09966721820092062
mean: 3480.6932865999092
nL: 1.0000840071159374
nR: 3.338961752089693
norm: 0.09966721820092062
sigma: 196.0
sigmaL: 224.77424239816605
sigmaR: 129.14554181412262
widthL: 224.77424239816605
widthR: 129.14554181412262
x0: 3480.6932865999092
