alphaL: 1.2109291341130721
alphaR: 2.123547035620158
event_sum: 3.455514261382632
fraction: 0.7216062108505786
mean: 3481.1731839281183
nL: 0.40000713991178644
nR: 1.0015405262995591
norm: 1.0611966104479507
sigma: 196.0
sigmaL: 248.1265510062538
sigmaR: 132.40359681997927
widthL: 248.1265510062538
widthR: 132.40359681997927
x0: 3481.1731839281183
