alphaL: 0.7889023284037349
alphaR: 0.9267357219175129
event_sum: 4.38766198977828
mean: 3493.953964713166
nL: 1.0000092852629279
nR: 2.116883407753249
norm: 4.38766198977828
sigma: 196.0
sigmaL: 252.99671451130928
sigmaR: 90.07450361979517
widthL: 252.99671451130928
widthR: 90.07450361979517
x0: 3493.953964713166
