alphaL: 0.8429484629425698
alphaR: 1.8023526385371536
event_sum: 0.043323553807567805
mean: 3449.564305391913
nL: 1.0000565233029444
nR: 3.6798356280603275
norm: 0.043323553807567805
sigma: 196.0
sigmaL: 240.84516173541746
sigmaR: 169.1376716754584
widthL: 240.84516173541746
widthR: 169.1376716754584
x0: 3449.564305391913
