alphaL: 0.8937614144734937
alphaR: 2.065363122580367
event_sum: 0.09194732962350827
mean: 3432.128353255894
nL: 3.917141547538868
nR: 2.0969196866758546
norm: 0.09194732962350827
sigma: 196.0
sigmaL: 237.38285275067906
sigmaR: 168.05593644028679
widthL: 237.38285275067906
widthR: 168.05593644028679
x0: 3432.128353255894
