alphaL: 1.0702938486405529
alphaR: 1.4155611081403645
event_sum: 0.10220210698753363
mean: 3536.6768153158882
nL: 0.6923221378306689
nR: 1.7027753630029594
norm: 0.10220210698753363
sigma: 350.49102677670015
sigmaL: 268.55913273975693
sigmaR: 78.8765655035911
widthL: 268.55913273975693
widthR: 78.8765655035911
x0: 3536.6768153158882
