alphaL: 0.9753832280930422
alphaR: 0.8030362328106655
event_sum: 3.455514261382632
mean: 3536.765152476748
nL: 1.0002043559670564
nR: 3.4907206359933105
norm: 3.455514261382632
sigma: 196.0
sigmaL: 280.41527907555786
sigmaR: 59.14256931422012
widthL: 280.41527907555786
widthR: 59.14256931422012
x0: 3536.765152476748
