alphaL: 1.0685133452717461
alphaR: 1.2544285520449003
event_sum: 0.04482144263602095
mean: 3535.0950510758385
nL: 0.6297495392442516
nR: 1.654296309546194
norm: 0.04482144263602095
sigma: 350.49102677670015
sigmaL: 310.87194773356896
sigmaR: 77.16043102623118
widthL: 310.87194773356896
widthR: 77.16043102623118
x0: 3535.0950510758385
