alphaL: 0.9466363209525744
alphaR: 1.688184233733461
event_sum: 0.09966721820092062
mean: 3470.021400903843
nL: 1.0000517083088865
nR: 3.49205933426061
norm: 0.09966721820092062
sigma: 196.0
sigmaL: 216.998896432001
sigmaR: 130.82276928949915
widthL: 216.998896432001
widthR: 130.82276928949915
x0: 3470.021400903843
