alphaL: 1.0365541953496602
alphaR: 1.2071810143257813
event_sum: 0.039866887280368246
mean: 3498.6250559172763
nL: 1.7453358035331572
nR: 1.3655556359882655
norm: 0.039866887280368246
sigma: 196.0
sigmaL: 395.8138884166271
sigmaR: 134.36429581781127
widthL: 395.8138884166271
widthR: 134.36429581781127
x0: 3498.6250559172763
