alphaL: 3.8688278450065985
alphaR: 1.6428611105529027
event_sum: 29.17275354333837
mean: 932.5519998417819
nL: 2.998936276095817
nR: 2.9615081344141694
norm: 29.17275354333837
sigma: 114
sigmaL: 146.61281831767053
sigmaR: 18.140005752466735
widthL: 146.61281831767053
widthR: 18.140005752466735
x0: 932.5519998417819
