alphaL: 1.0332737625789647
alphaR: 2.602084855727342
event_sum: 80.6378964772448
mean: 1002.3497049348256
nL: 49.46019548247911
nR: 3.284226318955115
norm_2016: 21.029673133976758
norm_2017: 26.231639916077256
norm_2018: 37.86812952533364
norm_Run2: 80.6378964772448
sigma: 50.05119864467416
sigmaL: 46.64846686067682
sigmaR: 30.611783549317835
widthL: 46.64846686067682
widthR: 30.611783549317835
x0: 1002.3497049348256
