alphaL: 0.9918722019613737
alphaR: 1.3827037573117178
event_sum: 29.932048904011026
mean: 992.4679905436695
nL: 2.5760933878589225
nR: 3.6134454206296356
norm_2016: 8.13770451513119
norm_2017: 9.533486643224023
norm_2018: 12.770855588605627
norm_Run2: 29.932048904011026
sigma: 100.0
sigmaL: 93.15818526973699
sigmaR: 56.86489495289851
widthL: 93.15818526973699
widthR: 56.86489495289851
x0: 992.4679905436695
