alphaL: 1.062742762093694
alphaR: 2.324025698757237
event_sum: 20.80199966643704
mean: 1003.0855639394466
nL: 58.596263889617035
nR: 3.125923608794954
norm_2016: 5.278381132695358
norm_2017: 6.398783793789335
norm_2018: 9.537186633097008
norm_Run2: 20.80199966643704
sigma: 51.633331124246844
sigmaL: 46.305462767624334
sigmaR: 29.973193797996455
widthL: 46.305462767624334
widthR: 29.973193797996455
x0: 1003.0855639394466
