alphaL: 1.4014984342393895
alphaR: 1.2003531821008262
event_sum: 8.24252662602687
fraction: 0.9722450530716048
mean: 1087.7098494265229
nL: 1.2357642681170171
nR: 4.415973243036464
norm: 7.987636782075525
sigma: 110.0
sigmaL: 108.73592494370358
sigmaR: 57.833289922561654
widthL: 108.73592494370358
widthR: 57.833289922561654
x0: 1087.7098494265229
