alphaL: 1.2102750192453553
alphaR: 1.3885710509771427
event_sum: 1.2686574810215439
mean: 1086.8041626045517
nL: 1.1021845204815937
nR: 2.855956860814094
norm: 1.2686574810215439
sigma: 110.0
sigmaL: 110.12463027089261
sigmaR: 61.49472162484304
widthL: 110.12463027089261
widthR: 61.49472162484304
x0: 1086.8041626045517
