alphaL: 0.9095279923332443
alphaR: 1.3298537763600973
event_sum: 12.852198577584856
fraction: 0.969998835903994
mean: 1081.2996084174824
nL: 2.2950848077664188
nR: 4.207447754640518
norm: 12.320200067554056
sigma: 110.0
sigmaL: 90.57102667218862
sigmaR: 64.27412225127638
widthL: 90.57102667218862
widthR: 64.27412225127638
x0: 1081.2996084174824
