alphaL: 1.2844896293991985
alphaR: 1.4363525935797004
event_sum: 0.8232786335750925
mean: 1086.9955058901223
nL: 2.6961412267190172
nR: 3.1406225088847974
norm: 0.8232786335750925
sigma: 110.0
sigmaL: 111.57812786784831
sigmaR: 60.982246786444286
widthL: 111.57812786784831
widthR: 60.982246786444286
x0: 1086.9955058901223
