alphaL: 1.1483290819490994
alphaR: 1.1948958249230335
event_sum: 1.2854175007642716
mean: 1101.8651537056853
nL: 3.11445421051728
nR: 2.732466985694441
norm: 1.2854175007642716
sigma: 110.0
sigmaL: 121.27710788226597
sigmaR: 47.99966758104788
widthL: 121.27710788226597
widthR: 47.99966758104788
x0: 1101.8651537056853
