alphaL: 1.114076297361619
alphaR: 1.5374966189519632
event_sum: 0.8156011102048903
mean: 1076.8619976320338
nL: 2.443235926535981
nR: 2.7199130639379083
norm: 0.8156011102048903
sigma: 110.0
sigmaL: 98.42034157879642
sigmaR: 69.3480717456018
widthL: 98.42034157879642
widthR: 69.3480717456018
x0: 1076.8619976320338
