alphaL: 1.0683275521922502
alphaR: 1.492908702839293
event_sum: 0.5125436999369413
mean: 2552.695583232481
nL: 1.0080128054596793
nR: 3.1282329545583205
norm: 0.5125436999369413
sigma: 145.6
sigmaL: 157.7949865696714
sigmaR: 111.03971334907985
widthL: 157.7949865696714
widthR: 111.03971334907985
x0: 2552.695583232481
