alphaL: 1.2335596704195841
alphaR: 1.3498050241217192
event_sum: 7.7828857933636755
fraction: 0.753578246905067
mean: 2554.9145269950022
nL: 0.4001292874099871
nR: 3.423973308746995
norm: 3.167666094843298
sigma: 145.6
sigmaL: 170.3416472837837
sigmaR: 102.17390056692876
widthL: 170.3416472837837
widthR: 102.17390056692876
x0: 2554.9145269950022
