alphaL: 1.1182236653824507
alphaR: 1.376476439770889
event_sum: 8.087021625135094
fraction: 0.8522580013469693
mean: 2558.1879507510807
nL: 0.9180385938988957
nR: 4.496322324950792
norm: 5.329855805961415
sigma: 145.6
sigmaL: 162.67955527286935
sigmaR: 106.30317460232229
widthL: 162.67955527286935
widthR: 106.30317460232229
x0: 2558.1879507510807
