alphaL: 1.0312724399534514
alphaR: 1.1028143945066597
event_sum: 0.2662435172824189
mean: 2602.605324162402
nL: 0.6838665132872919
nR: 1.3386649764990932
norm: 0.2662435172824189
sigma: 161.3470847676165
sigmaL: 170.26092152077337
sigmaR: 48.69257839927815
widthL: 170.26092152077337
widthR: 48.69257839927815
x0: 2602.605324162402
