alphaL: 0.8279393950621502
alphaR: 1.099920121102165
event_sum: 7.7828857933636755
mean: 2570.1233691165608
nL: 1.0005464717310755
nR: 3.911712579281918
norm: 7.7828857933636755
sigma: 145.6
sigmaL: 145.05224418716958
sigmaR: 85.00295479690718
widthL: 145.05224418716958
widthR: 85.00295479690718
x0: 2570.1233691165608
