alphaL: 1.00718691838347
alphaR: 1.891383264560465
event_sum: 0.2993162138736807
mean: 2533.4327388082884
nL: 1.0000000264508884
nR: 3.848881779276432
norm: 0.2993162138736807
sigma: 145.6
sigmaL: 178.76527529146978
sigmaR: 139.79733364226433
widthL: 178.76527529146978
widthR: 139.79733364226433
x0: 2533.4327388082884
