alphaL: 1.1747127226146998
alphaR: 1.0836086915284542
event_sum: 0.5125436999369413
mean: 2584.317335768251
nL: 1.00013898377422
nR: 4.249109763451204
norm: 0.5125436999369413
sigma: 145.6
sigmaL: 190.99332154134564
sigmaR: 81.89415120983226
widthL: 190.99332154134564
widthR: 81.89415120983226
x0: 2584.317335768251
