alphaL: 1.0007040755435166
alphaR: 1.4712948882158576
event_sum: 8.087021625135094
mean: 2550.4698319473823
nL: 1.0824705852131646
nR: 4.121265707445127
norm: 8.087021625135094
sigma: 145.6
sigmaL: 149.4627357277709
sigmaR: 114.3712201727002
widthL: 149.4627357277709
widthR: 114.3712201727002
x0: 2550.4698319473823
