alphaL: 1.1679915011201651
alphaR: 1.5300865440810139
event_sum: 0.48728214274160564
mean: 2551.2707301648447
nL: 0.6592171522517692
nR: 3.219157696512871
norm: 0.48728214274160564
sigma: 145.6
sigmaL: 160.41689720857448
sigmaR: 114.94732481415545
widthL: 160.41689720857448
widthR: 114.94732481415545
x0: 2551.2707301648447
