alphaL: 0.9742798523123816
alphaR: 1.6589850696523132
event_sum: 0.2993162138736807
mean: 2569.842043575306
nL: 1.0000003174877317
nR: 3.659733373375695
norm: 0.2993162138736807
sigma: 145.6
sigmaL: 188.7631693349526
sigmaR: 115.18731205732632
widthL: 188.7631693349526
widthR: 115.18731205732632
x0: 2569.842043575306
