alphaL: 0.8907687198990668
alphaR: 1.6509308557640652
event_sum: 0.46235297445673496
mean: 2545.866046101273
nL: 1.9111556073815221
nR: 2.091991958981262
norm: 0.46235297445673496
sigma: 161.3470847676165
sigmaL: 144.14700613427613
sigmaR: 117.9935944941576
widthL: 144.14700613427613
widthR: 117.9935944941576
x0: 2545.866046101273
