alphaL: 0.49960605393142354
alphaR: 1.14087856508938
event_sum: 0.2812010182533413
mean: 2573.0998246067224
nL: 3.6895800731233614
nR: 3.2206155774463467
norm: 0.2812010182533413
sigma: 145.6
sigmaL: 122.77464595475722
sigmaR: 82.19318216986291
widthL: 122.77464595475722
widthR: 82.19318216986291
x0: 2573.0998246067224
