alphaL: 1.5187404534714808
alphaR: 2.1625730592972627
event_sum: 165.90734980193918
fraction: 0.9996593309297848
mean: 1105.5254941748146
nL: 10.0
nR: 4.5
norm: 165.89088058145623
sigma: 54.3264623913048
sigmaL: 54.70802529818176
sigmaR: 33.47647849162485
widthL: 54.70802529818176
widthR: 33.47647849162485
x0: 1105.5254941748146
