alphaL: 1.2808258947429165
alphaR: 2.4057873003416854
event_sum: 23.436561655857716
fraction: 0.9985642744646906
mean: 1103.9919801539886
nL: 10.0
nR: 2.435889857475233
norm: 23.431994415198485
sigma: 56.966984089077876
sigmaL: 53.362483366822644
sigmaR: 31.891687853127863
widthL: 53.362483366822644
widthR: 31.891687853127863
x0: 1103.9919801539886
