alphaL: 1.5007144005893964
alphaR: 2.338541540438626
event_sum: 2.3952841757400027
mean: 1104.8237696706005
nL: 4.3039773689326495
nR: 2.8823740450770874
norm: 2.3952841757400027
sigma: 56.94485163694957
sigmaL: 55.17205941946121
sigmaR: 31.299142609305743
widthL: 55.17205941946121
widthR: 31.299142609305743
x0: 1104.8237696706005
