alphaL: 1.4760705160429783
alphaR: 2.268766356391655
event_sum: 177.17197076931447
mean: 1104.2695342812317
nL: 5.0
nR: 4.170485499106517
norm: 177.17197076931447
sigma: 54.33543359258038
sigmaL: 52.798909076044744
sigmaR: 34.196718940370346
widthL: 52.798909076044744
widthR: 34.196718940370346
x0: 1104.2695342812317
