alphaL: 1.5124211740824218
alphaR: 1.7853170924176278
event_sum: 3.7300017303379325
mean: 1108.3924002407741
nL: 4.167517772902472
nR: 4.534981965838716
norm: 3.7300017303379325
sigma: 56.94485163694957
sigmaL: 54.229648721562555
sigmaR: 32.21461872907912
widthL: 54.229648721562555
widthR: 32.21461872907912
x0: 1108.3924002407741
