alphaL: 1.489760850585696
alphaR: 2.3858305077851014
event_sum: 82.3589064838302
mean: 1103.6821673615916
nL: 4.4668236669565395
nR: 4.5056761059059856
norm: 82.3589064838302
sigma: 54.33543359258038
sigmaL: 56.938674787087315
sigmaR: 31.974970134811397
widthL: 56.938674787087315
widthR: 31.974970134811397
x0: 1103.6821673615916
