alphaL: 1.3412326076064678
alphaR: 2.6157135648092464
event_sum: 77.00456322512481
fraction: 0.999141619372926
mean: 1103.131703904401
nL: 9.853435492610204
nR: 2.8035857943420948
norm: 77.00095315965586
sigma: 54.3264623913048
sigmaL: 55.6523952289049
sigmaR: 32.445349729153165
widthL: 55.6523952289049
widthR: 32.445349729153165
x0: 1103.131703904401
