alphaL: 1.4426821037146604
alphaR: 1.7707228050274861
event_sum: 3.717847343038871
mean: 1108.9381570094408
nL: 4.341938795719635
nR: 4.571435440847478
norm: 3.717847343038871
sigma: 56.94485163694957
sigmaL: 53.8205532531076
sigmaR: 31.851110605091318
widthL: 53.8205532531076
widthR: 31.851110605091318
x0: 1108.9381570094408
