alphaL: 1.4597060652567415
alphaR: 2.2671438219261795
event_sum: 2.38648956825508
mean: 1106.1280301360448
nL: 4.334924766417509
nR: 2.594089461564523
norm: 2.38648956825508
sigma: 56.94485163694957
sigmaL: 56.45554329775596
sigmaR: 30.008585000915897
widthL: 56.45554329775596
widthR: 30.008585000915897
x0: 1106.1280301360448
