alphaL: 1.1082110693613794
alphaR: 2.2926863653649643
event_sum: 165.90734980193918
fraction: 0.9953851929769372
mean: 1102.8915044887237
nL: 142.59426011320764
nR: 4.407031568821144
norm: 165.28433583163095
sigma: 54.37944198010429
sigmaL: 48.267670015802885
sigmaR: 34.700372737030385
widthL: 48.267670015802885
widthR: 34.700372737030385
x0: 1102.8915044887237
