alphaL: 1.3641055995054978
alphaR: 2.4477777313297
event_sum: 81.9747841610689
mean: 1102.7704556970903
nL: 4.999654356197758
nR: 3.6686178532477314
norm: 81.9747841610689
sigma: 54.33543359258038
sigmaL: 54.838081183161655
sigmaR: 32.388027145351685
widthL: 54.838081183161655
widthR: 32.388027145351685
x0: 1102.7704556970903
