alphaL: 1.6527385824448968
alphaR: 2.233348883651399
event_sum: 177.69389802258002
mean: 1105.5446534244795
nL: 4.522913380222762
nR: 3.9650997511969552
norm: 177.69389802258002
sigma: 54.33543359258038
sigmaL: 55.39103807446238
sigmaR: 33.52465872937926
widthL: 55.39103807446238
widthR: 33.52465872937926
x0: 1105.5446534244795
