alphaL: 1.3891276327793742
alphaR: 1.7557472320669303
event_sum: 36.47724703368137
fraction: 0.9992928230423065
mean: 1109.2482068136303
nL: 10.0
nR: 4.5
norm: 36.46449408926767
sigma: 56.966984089077876
sigmaL: 54.34009101897273
sigmaR: 31.865922237589597
widthL: 54.34009101897273
widthR: 31.865922237589597
x0: 1109.2482068136303
