alphaL: 1.0651354306283811
alphaR: 2.5340229543134107
event_sum: 77.00456322512481
fraction: 0.992459913540128
mean: 1101.4101375145683
nL: 95.46876165989886
nR: 3.7761617382374237
norm: 76.5294503704776
sigma: 54.37944198010429
sigmaL: 50.63523920162443
sigmaR: 33.08620490669915
widthL: 50.63523920162443
widthR: 33.08620490669915
x0: 1101.4101375145683
