alphaL: 1.108125532415798
alphaR: 2.2906575264750817
event_sum: 165.28433583163095
mean: 1102.8399193259615
nL: 144.72406255613782
nR: 4.438626766719232
norm_2016: 45.34893221663995
norm_2017: 53.46778884507554
norm_2018: 76.86545465869541
norm_Run2: 175.6821757204109
sigma: 54.37944198010429
sigmaL: 48.258981351899735
sigmaR: 34.7304742761995
widthL: 48.258981351899735
widthR: 34.7304742761995
x0: 1102.8399193259615
