alphaL: 1.0592408217094507
alphaR: 2.5426520517919027
event_sum: 76.5294503704776
mean: 1101.4428950092142
nL: 97.10894325471591
nR: 3.6114184536624885
norm_2016: 20.14186924353869
norm_2017: 25.209270394457896
norm_2018: 35.90174613132641
norm_Run2: 76.5294503704776
sigma: 54.37944198010429
sigmaL: 50.59233994795727
sigmaR: 33.0784406636373
widthL: 50.59233994795727
widthR: 33.0784406636373
x0: 1101.4428950092142
