alphaL: 0.9744550041941634
alphaR: 1.8618024270854945
event_sum: 36.27382488905955
mean: 1105.2414583949662
nL: 71.89617271839168
nR: 5.422607853743616
norm_2016: 9.925589544742708
norm_2017: 11.25491668450679
norm_2018: 15.88644388548727
norm_Run2: 36.27382488905955
sigma: 57.050978364532675
sigmaL: 45.28811296955975
sigmaR: 34.08528108398364
widthL: 45.28811296955975
widthR: 34.08528108398364
x0: 1105.2414583949662
