alphaL: 0.7675943585356735
alphaR: 1.5056378534184778
event_sum: 31.77459479683934
mean: 1089.6564098054475
nL: 4.406434863646295
nR: 4.579133686930552
norm_2016: 8.54105688692174
norm_2017: 9.984132811283661
norm_2018: 13.80378479518904
norm_Run2: 31.77459479683934
sigma: 61.6
sigmaL: 59.062455169213266
sigmaR: 55.635928210800316
widthL: 59.062455169213266
widthR: 55.635928210800316
x0: 1089.6564098054475
