alphaL: 0.9036281004517439
alphaR: 1.3050090897486488
event_sum: 29.043884189355992
mean: 1084.7924867834154
nL: 2.2742321801337635
nR: 6.364562035805344
norm_2016: 29.043884189355992
norm_2017: 29.043884189355992
norm_2018: 29.043884189355992
norm_Run2: 29.043884189355992
sigma: 110.0
sigmaL: 93.60602039458709
sigmaR: 64.14104366661795
widthL: 93.60602039458709
widthR: 64.14104366661795
x0: 1084.7924867834154
