alphaL: 0.7963276158070536
alphaR: 1.4872954694506273
event_sum: 31.77459479683934
mean: 1090.6120177599068
nL: 4.228858487303992
nR: 4.604834193207482
norm_2016: 31.77459479683934
norm_2017: 31.77459479683934
norm_2018: 31.77459479683934
norm_Run2: 31.77459479683934
sigma: 87.11482664512732
sigmaL: 60.750665971550774
sigmaR: 54.906768394870525
widthL: 60.750665971550774
widthR: 54.906768394870525
x0: 1090.6120177599068
