alphaL: 0.9070970413898893
alphaR: 1.2992791570565971
event_sum: 29.043884189355992
mean: 1084.7873149074067
nL: 2.2510308176177523
nR: 6.400255166308079
norm_2016: 29.043884189355992
norm_2017: 29.043884189355992
norm_2018: 29.043884189355992
norm_Run2: 29.043884189355992
sigma: 124.7026715450939
sigmaL: 93.71548211884692
sigmaR: 64.01321210967515
widthL: 93.71548211884692
widthR: 64.01321210967515
x0: 1084.7873149074067
