alphaL: 1.1230392320087632
alphaR: 1.4391796460562853
event_sum: 19.329339238494125
mean: 1092.7220704367605
nL: 3.6409237163326584
nR: 4.146081695851235
norm_2016: 19.329339238494125
norm_2017: 19.329339238494125
norm_2018: 19.329339238494125
norm_Run2: 19.329339238494125
sigma: 87.11482664512732
sigmaL: 75.53346432790738
sigmaR: 50.90450769043234
widthL: 75.53346432790738
widthR: 50.90450769043234
x0: 1092.7220704367605
