alphaL: 0.8444345472325525
alphaR: 1.3928466511574626
event_sum: 17.66503796949024
mean: 1075.5985347977398
nL: 4.866088347349271
nR: 4.262199754787849
norm_2016: 17.66503796949024
norm_2017: 17.66503796949024
norm_2018: 17.66503796949024
norm_Run2: 17.66503796949024
sigma: 124.7026715450939
sigmaL: 79.71641650710562
sigmaR: 69.55359270348629
widthL: 79.71641650710562
widthR: 69.55359270348629
x0: 1075.5985347977398
