alphaL: 0.8311877743295403
alphaR: 1.3950389517360042
event_sum: 17.66503796949024
mean: 1075.5824789374346
nL: 4.960869579985486
nR: 4.203778484592945
norm_2016: 17.66503796949024
norm_2017: 17.66503796949024
norm_2018: 17.66503796949024
norm_Run2: 17.66503796949024
sigma: 110.0
sigmaL: 79.24317421132201
sigmaR: 69.49531566533373
widthL: 79.24317421132201
widthR: 69.49531566533373
x0: 1075.5824789374346
