alphaL: 1.1064472816914876
alphaR: 1.4222266278774942
event_sum: 19.329339238494125
mean: 1093.1145388360953
nL: 3.9606553735945718
nR: 4.2089950960454505
norm_2016: 5.11593081485598
norm_2017: 5.945096908176622
norm_2018: 8.689331013559213
norm_Run2: 19.750358736591817
sigma: 61.6
sigmaL: 75.58074767055663
sigmaR: 50.498821705275894
widthL: 75.58074767055663
widthR: 50.498821705275894
x0: 1093.1145388360953
