alphaL: 1.0063340869558124
alphaR: 2.462603436929559
event_sum: 23.290130030981725
mean: 1102.0080932307515
nL: 58.961167224736265
nR: 2.5307901277547193
norm_2016: 23.290130030981725
norm_2017: 23.290130030981725
norm_2018: 23.290130030981725
norm_Run2: 23.290130030981725
sigma: 57.050978364532675
sigmaL: 47.737906435120145
sigmaR: 32.61051954521835
widthL: 47.737906435120145
widthR: 32.61051954521835
x0: 1102.0080932307515
