alphaL: 1.1639311890271278
alphaR: 1.0609178910040582
event_sum: 8.634743614347531
mean: 2459.9994869530105
nL: 0.3240158569199498
nR: 8.010242836326237
norm_2016: 1.8947134320118963
norm_2017: 2.849740165437768
norm_2018: 4.013500276807317
norm_Run2: 8.634743614347531
sigma: 250.0
sigmaL: 273.99553875903155
sigmaR: 114.54424855236502
widthL: 273.99553875903155
widthR: 114.54424855236502
x0: 2459.9994869530105
