alphaL: 0.7281476789146956
alphaR: 2.088620526886249
event_sum: 45.26264722040802
mean: 2495.8545900285426
nL: 93.97413089471243
nR: 1.8311154411193993
norm_2016: 11.078083970105006
norm_2017: 14.465796997266791
norm_2018: 21.054740780347984
norm_Run2: 45.26264722040802
sigma: 148.85952156132475
sigmaL: 77.9725636816449
sigmaR: 61.37159189638795
widthL: 77.9725636816449
widthR: 61.37159189638795
x0: 2495.8545900285426
