alphaL: 0.8860334798434986
alphaR: 2.0218468948424446
event_sum: 3.6582824177730697
mean: 3042.3947092824274
nL: 17.524388172117952
nR: 2.912576976955382
norm_2016: 1.1001759726494842
norm_2017: 1.1907803302311197
norm_2018: 1.6824259868246656
norm_Run2: 3.6582824177730697
sigma: 137.24305488593876
sigmaL: 96.59955354655736
sigmaR: 72.65090399361542
widthL: 96.59955354655736
widthR: 72.65090399361542
x0: 3042.3947092824274
