alphaL: 0.8225283427359149
alphaR: 0.9707426576830211
event_sum: 2.429741094691836
mean: 3000.5561954095983
nL: 0.10001239749997605
nR: 7.9852087130111515
norm_2016: 0.646218031235555
norm_2017: 0.7447086942256742
norm_2018: 1.0646495598832786
norm_Run2: 2.429741094691836
sigma: 305.0
sigmaL: 221.40182846486843
sigmaR: 120.00705111735554
widthL: 221.40182846486843
widthR: 120.00705111735554
x0: 3000.5561954095983
