alphaL: 0.9585100816579913
alphaR: 1.9737347617104914
event_sum: 2.784064208435751
mean: 3193.51476358699
nL: 14.733549417500534
nR: 3.0436572405106097
norm_2016: 0.859153464194253
norm_2017: 0.8774918958834514
norm_2018: 1.3124670002151304
norm_Run2: 2.784064208435751
sigma: 142.97184354689716
sigmaL: 106.03200762486938
sigmaR: 74.03525683849395
widthL: 106.03200762486938
widthR: 74.03525683849395
x0: 3193.51476358699
