alphaL: 0.8073880369608283
alphaR: 1.7443143384043447
event_sum: 5.218685135905556
mean: 3150.1963485590477
nL: 1.5001312672054636
nR: 2.439941256288351
norm_2016: 1.0251859833111083
norm_2017: 1.6442386751123343
norm_2018: 2.618572206224628
norm_Run2: 5.218685135905556
sigma: 179.2
sigmaL: 178.24310070971268
sigmaR: 130.5787409821541
widthL: 178.24310070971268
widthR: 130.5787409821541
x0: 3150.1963485590477
