alphaL: 1.2413914994461412
alphaR: 2.0694119846308308
event_sum: 24.109801189672318
fraction: 0.9991860355087533
mean: 1696.7279290903289
nL: 10.0
nR: 3.7343545849432274
norm: 24.104726112073262
sigma: 79.45290103372004
sigmaL: 69.45555939527118
sigmaR: 47.08788436411496
widthL: 69.45555939527118
widthR: 47.08788436411496
x0: 1696.7279290903289
