alphaL: 1.4594099400368958
alphaR: 2.402402003534627
event_sum: 20.149338482365934
fraction: 0.9989714277320019
mean: 1699.751354168605
nL: 9.991591726085634
nR: 2.160460478845214
norm: 20.14414319846073
sigma: 79.45290103372004
sigmaL: 80.41925712833537
sigmaR: 41.96943337930402
widthL: 80.41925712833537
widthR: 41.96943337930402
x0: 1699.751354168605
