alphaL: 1.478995318294369
alphaR: 2.46309896151061
event_sum: 19.9666743391713
mean: 1698.6021070072438
nL: 4.9922264935508185
nR: 1.9510800026899757
norm: 19.9666743391713
sigma: 79.18521134161031
sigmaL: 78.82727149897124
sigmaR: 42.39970247880207
widthL: 78.82727149897124
widthR: 42.39970247880207
x0: 1698.6021070072438
