alphaL: 0.9708187229910428
alphaR: 1.9675193472298271
event_sum: 14.343025415727825
fraction: 0.9979717031147469
mean: 1696.1056940376345
nL: 9.999926307138056
nR: 2.57799541385205
norm: 14.324560585820016
sigma: 88.7810926762675
sigmaL: 58.77334411731357
sigmaR: 48.019408089636066
widthL: 58.77334411731357
widthR: 48.019408089636066
x0: 1696.1056940376345
