alphaL: 0.850108099726812
alphaR: 2.378676743147662
event_sum: 52.11483610184258
fraction: 0.9923690517506871
mean: 1696.2970422805447
nL: 134.1571190374529
nR: 2.2406220542738007
norm: 23.977853806571385
sigma: 80.52474323150173
sigmaL: 57.28693381473491
sigmaR: 49.39743066042675
widthL: 57.28693381473491
widthR: 49.39743066042675
x0: 1696.2970422805447
