alphaL: 1.463186085046681
alphaR: 1.9386372338117464
event_sum: 23.99241843686416
mean: 1698.8279652401038
nL: 4.474932102974027
nR: 4.617918149749093
norm: 23.99241843686416
sigma: 79.18521134161031
sigmaL: 73.62375796523085
sigmaR: 45.70082830847569
widthL: 73.62375796523085
widthR: 45.70082830847569
x0: 1698.8279652401038
