alphaL: 1.2254522277838331
alphaR: 2.2540288889013897
event_sum: 1.6131008824991249
mean: 1700.003596726229
nL: 4.411838722722447
nR: 1.6185262519058878
norm: 1.6131008824991249
sigma: 88.96937152272379
sigmaL: 74.38237670130111
sigmaR: 42.84707003187059
widthL: 74.38237670130111
widthR: 42.84707003187059
x0: 1700.003596726229
