alphaL: 0.9600259199852705
alphaR: 2.102722161701357
event_sum: 1.42544456140123
mean: 1692.0800530847391
nL: 5.0
nR: 2.3333264746497213
norm: 1.42544456140123
sigma: 88.96937152272379
sigmaL: 54.19601116641017
sigmaR: 50.61919547115665
widthL: 54.19601116641017
widthR: 50.61919547115665
x0: 1692.0800530847391
