alphaL: 1.174496404909029
alphaR: 2.2098376694871997
event_sum: 16.23070400010249
fraction: 0.9968964098645927
mean: 1698.939255318374
nL: 9.93645432273844
nR: 1.8573549814802732
norm: 16.2175408553843
sigma: 88.7810926762675
sigmaL: 72.11992579126125
sigmaR: 43.254406831506174
widthL: 72.11992579126125
widthR: 43.254406831506174
x0: 1698.939255318374
