alphaL: 1.4322012279347334
alphaR: 2.0222489838318336
event_sum: 1.619435914397937
mean: 1702.3755149964013
nL: 4.437306270702676
nR: 2.0998055483910236
norm: 1.619435914397937
sigma: 88.96937152272379
sigmaL: 78.68074624283777
sigmaR: 41.15705405351549
widthL: 78.68074624283777
widthR: 41.15705405351549
x0: 1702.3755149964013
