alphaL: 1.6222688438293975
alphaR: 2.3865385868760627
event_sum: 20.061040234808534
mean: 1699.7932896461684
nL: 4.496812309531029
nR: 2.2527844467023574
norm: 20.061040234808534
sigma: 79.18521134161031
sigmaL: 81.72140783003084
sigmaR: 41.897536038056245
widthL: 81.72140783003084
widthR: 41.897536038056245
x0: 1699.7932896461684
