alphaL: 1.303196524591695
alphaR: 1.9652011325991605
event_sum: 1.430659450142287
mean: 1697.2759345682437
nL: 3.9509697471696397
nR: 3.13444425969954
norm: 1.430659450142287
sigma: 88.96937152272379
sigmaL: 66.59171410015209
sigmaR: 48.21249077907097
widthL: 66.59171410015209
widthR: 48.21249077907097
x0: 1697.2759345682437
