alphaL: 1.273499894578
alphaR: 2.1386201678103496
event_sum: 23.891271745042072
mean: 1696.0590290545767
nL: 4.969833274103828
nR: 3.524525846666027
norm: 23.891271745042072
sigma: 79.18521134161031
sigmaL: 68.05957685993042
sigmaR: 47.27836253187595
widthL: 68.05957685993042
widthR: 47.27836253187595
x0: 1696.0590290545767
