alphaL: 1.2191175076083263
alphaR: 1.3720755818738049
event_sum: 6.4167625408552516
fraction: 0.9764299245239367
mean: 1152.825611512816
nL: 2.15226591432525
nR: 4.153983071006516
norm: 6.252222177110441
sigma: 64.4
sigmaL: 84.30697080750662
sigmaR: 49.882643134255204
widthL: 84.30697080750662
widthR: 49.882643134255204
x0: 1152.825611512816
