alphaL: 0.9691920459954582
alphaR: 1.3550353943106266
event_sum: 0.968688849713544
mean: 1154.5113878579093
nL: 2.142187252037446
nR: 3.3933141700794787
norm: 0.968688849713544
sigma: 64.4
sigmaL: 70.56250279248067
sigmaR: 46.133414041336565
widthL: 70.56250279248067
widthR: 46.133414041336565
x0: 1154.5113878579093
