alphaL: 1.3383800588627364
alphaR: 1.3187693618903809
event_sum: 0.6106534005068803
mean: 1158.4304747238734
nL: 2.3158618506218653
nR: 3.8667160544119943
norm: 0.6106534005068803
sigma: 64.4
sigmaL: 93.15875320437435
sigmaR: 45.97973339381427
widthL: 93.15875320437435
widthR: 45.97973339381427
x0: 1158.4304747238734
