alphaL: 1.0054893550255133
alphaR: 1.5929361051158437
event_sum: 0.9388070634362561
mean: 1150.7913086200026
nL: 1.908031060651909
nR: 2.2904593231696717
norm: 0.9388070634362561
sigma: 64.4
sigmaL: 72.56751274159811
sigmaR: 52.56290541974601
widthL: 72.56751274159811
widthR: 52.56290541974601
x0: 1150.7913086200026
