alphaL: 1.1147642405930887
alphaR: 1.701096300620722
event_sum: 0.5947750519300765
mean: 1148.3153687784602
nL: 2.016026531381822
nR: 2.049873696437544
norm: 0.5947750519300765
sigma: 64.4
sigmaL: 80.0882658892435
sigmaR: 55.258633143335175
widthL: 80.0882658892435
widthR: 55.258633143335175
x0: 1148.3153687784602
