alphaL: 0.841218824654439
alphaR: 1.4947668588167478
event_sum: 10.27980805139671
fraction: 0.9730488850799675
mean: 1146.3608858256744
nL: 3.0695764597813113
nR: 4.387257846313797
norm: 9.94950580807798
sigma: 64.4
sigmaL: 63.864103299205084
sigmaR: 55.51821566116715
widthL: 63.864103299205084
widthR: 55.51821566116715
x0: 1146.3608858256744
