alphaL: 0.8613029086893504
alphaR: 2.0870306159590957
event_sum: 19.531632814265322
mean: 2193.379919224917
nL: 36.306557839917836
nR: 3.183660593109424
norm_2016: 5.622670978191309
norm_2017: 6.583572208299302
norm_2018: 8.90155426855199
norm_Run2: 19.531632814265322
sigma: 101.06482541567429
sigmaL: 71.1025132303578
sigmaR: 57.92393118644031
widthL: 71.1025132303578
widthR: 57.92393118644031
x0: 2193.379919224917
