alphaL: 0.9880276648133387
alphaR: 1.6094892471780309
event_sum: 12.166976838780101
mean: 2168.4464081343876
nL: 1.0186157115701973
nR: 3.0486597002220877
norm_2016: 3.2215467894566245
norm_2017: 3.8150075756711885
norm_2018: 5.3099124727305025
norm_Run2: 12.166976838780101
sigma: 123.2
sigmaL: 130.07449489094503
sigmaR: 101.25026927195793
widthL: 130.07449489094503
widthR: 101.25026927195793
x0: 2168.4464081343876
