alphaL: 1.275291095070365
alphaR: 1.6024726750161906
event_sum: 6.09179856616538
fraction: 0.7806260657805807
mean: 2350.762693371212
nL: 0.40114035495936967
nR: 3.6098995242827594
norm: 3.022278728778474
sigma: 134.4
sigmaL: 140.4039689582337
sigmaR: 118.16799877723362
widthL: 140.4039689582337
widthR: 118.16799877723362
x0: 2350.762693371212
