alphaL: 0.9108134707354464
alphaR: 1.7575411843603792
event_sum: 0.43830531564890407
mean: 2351.8870620006523
nL: 3.7708696815201352
nR: 3.6429744570164906
norm: 0.43830531564890407
sigma: 134.4
sigmaL: 156.32400597339324
sigmaR: 126.24751244322094
widthL: 156.32400597339324
widthR: 126.24751244322094
x0: 2351.8870620006523
