alphaL: 1.0752464825975405
alphaR: 2.5601450141770434
event_sum: 0.39417520631832303
mean: 2348.053600012787
nL: 0.5680986304462171
nR: 2.577239778344897
norm: 0.39417520631832303
sigma: 138.8144411482842
sigmaL: 114.9175413145556
sigmaR: 134.67701969284508
widthL: 114.9175413145556
widthR: 134.67701969284508
x0: 2348.053600012787
