alphaL: 0.863323870788141
alphaR: 1.4728457534683506
event_sum: 6.243891891441308
mean: 2359.727037147932
nL: 1.2807411550752539
nR: 4.244629895902523
norm: 6.243891891441308
sigma: 134.4
sigmaL: 111.33050062840755
sigmaR: 108.7320786675405
widthL: 111.33050062840755
widthR: 108.7320786675405
x0: 2359.727037147932
