alphaL: 1.0550687180361034
alphaR: 1.8036214447901187
event_sum: 0.2882859883684432
mean: 2348.9998000237897
nL: 1.0000115998513588
nR: 3.6875613319346656
norm: 0.2882859883684432
sigma: 134.4
sigmaL: 150.7058834674902
sigmaR: 120.68254314110185
widthL: 150.7058834674902
widthR: 120.68254314110185
x0: 2348.9998000237897
