alphaL: 0.9719151256997527
alphaR: 1.1464065065514117
event_sum: 0.2882859883684432
mean: 2391.761468475812
nL: 1.0000331615444753
nR: 2.704263816067472
norm: 0.2882859883684432
sigma: 134.4
sigmaL: 141.6680658660263
sigmaR: 68.67120609594053
widthL: 141.6680658660263
widthR: 68.67120609594053
x0: 2391.761468475812
