alphaL: 0.44033760131799393
alphaR: 1.4753036361972454
event_sum: 0.27065698907972546
mean: 2348.604599141458
nL: 3.5176432242871707
nR: 3.349012546044887
norm: 0.27065698907972546
sigma: 134.4
sigmaL: 82.8165740025173
sigmaR: 111.88075195644247
widthL: 82.8165740025173
widthR: 111.88075195644247
x0: 2348.604599141458
