alphaL: 1.3049273174203413
alphaR: 1.3174095328740967
event_sum: 0.2536041008788743
mean: 2390.9467059334074
nL: 0.21652039100302076
nR: 1.7016203536721297
norm: 0.2536041008788743
sigma: 138.8144411482842
sigmaL: 158.20195376962582
sigmaR: 78.6742144009297
widthL: 158.20195376962582
widthR: 78.6742144009297
x0: 2390.9467059334074
