alphaL: 0.8553419497857511
alphaR: 1.4049610317696009
event_sum: 6.09179856616538
mean: 2356.62245556987
nL: 1.000006630636143
nR: 3.424628796967918
norm: 6.09179856616538
sigma: 134.4
sigmaL: 113.10156924966147
sigmaR: 102.66671090667475
widthL: 113.10156924966147
widthR: 102.66671090667475
x0: 2356.62245556987
