alphaL: 0.9742819423856146
alphaR: 1.443748642389574
event_sum: 0.43830531564890407
mean: 2365.4619629786303
nL: 1.177134541584423
nR: 4.291821112212187
norm: 0.43830531564890407
sigma: 134.4
sigmaL: 125.18609390408885
sigmaR: 104.12258019163814
widthL: 125.18609390408885
widthR: 104.12258019163814
x0: 2365.4619629786303
