alphaL: 0.9527905284290628
alphaR: 1.4690116729014333
event_sum: 6.243891891441308
fraction: 0.8810107645136711
mean: 2368.42875060453
nL: 1.2249878508357561
nR: 3.8603827678144405
norm: 4.5501253145048395
sigma: 134.4
sigmaL: 127.20465503107584
sigmaR: 103.31240576478127
widthL: 127.20465503107584
widthR: 103.31240576478127
x0: 2368.42875060453
