alphaL: 0.9595735729284702
alphaR: 1.538599302433837
event_sum: 0.41837187200871995
mean: 2395.2157709685603
nL: 1.9515214603643884
nR: 1.8490537339834456
norm: 0.41837187200871995
sigma: 134.4
sigmaL: 155.21713036631158
sigmaR: 88.52364714208278
widthL: 155.21713036631158
widthR: 88.52364714208278
x0: 2395.2157709685603
