alphaL: 1.0200855034760483
alphaR: 0.6187235686712664
event_sum: 5.353123028064147
fraction: 0.6806325856855556
mean: 2986.2271864935014
nL: 0.40127761523115224
nR: 4.387229279470174
norm: 1.9976572119630873
sigma: 300.0
sigmaL: 357.74355395927256
sigmaR: 58.58973523856498
widthL: 357.74355395927256
widthR: 58.58973523856498
x0: 2986.2271864935014
