alphaL: 0.8045081346758775
alphaR: 0.9731886747469459
event_sum: 0.5353123403037898
mean: 2992.108582700952
nL: 1.0000066188425785
nR: 2.2712098218763694
norm: 0.5353123403037898
sigma: 300.0
sigmaL: 356.5701982226634
sigmaR: 69.2648286558052
widthL: 356.5701982226634
widthR: 69.2648286558052
x0: 2992.108582700952
