alphaL: 0.5587616569754895
alphaR: 0.9061951032806159
event_sum: 0.6682679044897668
mean: 2993.285536045634
nL: 1.000007573592031
nR: 2.1043053632997615
norm: 0.6682679044897668
sigma: 300.0
sigmaL: 442.9563101994292
sigmaR: 75.69379292580437
widthL: 442.9563101994292
widthR: 75.69379292580437
x0: 2993.285536045634
