alphaL: 0.10525228654806243
alphaR: 0.9820832009298125
event_sum: 0.16818878869526088
mean: 3035.6568232474615
nL: 1.0000086245570239
nR: 3.1825387299794223
norm: 0.16818878869526088
sigma: 300.0
sigmaL: 826.0599690337702
sigmaR: 94.76591320416127
widthL: 826.0599690337702
widthR: 94.76591320416127
x0: 3035.6568232474615
