alphaL: 0.6453294079303067
alphaR: 1.102592549062469
event_sum: 0.12813592498423532
mean: 2966.723452200746
nL: 0.10002558265798649
nR: 2.5244725063788116
norm: 0.12813592498423532
sigma: 300.0
sigmaL: 152.34066739358605
sigmaR: 106.80876170054114
widthL: 152.34066739358605
widthR: 106.80876170054114
x0: 2966.723452200746
