alphaL: 0.11121901794462423
alphaR: 1.207859747875008
event_sum: 0.16818878869526088
mean: 3029.9454321168987
nL: 1.0000036362704003
nR: 3.802208247864999
norm: 0.16818878869526088
sigma: 300.0
sigmaL: 799.8966325351662
sigmaR: 107.98284439189571
widthL: 799.8966325351662
widthR: 107.98284439189571
x0: 3029.9454321168987
