alphaL: 0.8349260708833841
alphaR: 1.4574167183450881
event_sum: 0.16203959385165945
mean: 2963.351962670868
nL: 3.6235009575305175
nR: 2.0212556626847067
norm: 0.16203959385165945
sigma: 210.72690159074355
sigmaL: 336.85869803059575
sigmaR: 113.7110161714649
widthL: 336.85869803059575
widthR: 113.7110161714649
x0: 2963.351962670868
