alphaL: 0.6202550216519283
alphaR: 1.0426499642161573
event_sum: 0.26125768362544477
mean: 2990.0211657539203
nL: 1.0000098032938858
nR: 2.3934224018128756
norm: 0.26125768362544477
sigma: 300.0
sigmaL: 412.39781738106234
sigmaR: 83.83734138785928
widthL: 412.39781738106234
widthR: 83.83734138785928
x0: 2990.0211657539203
