alphaL: 0.40506393768895477
alphaR: 0.7017374264761992
event_sum: 6.682678576791659
fraction: 0.5960579514386327
mean: 2981.94368552251
nL: 0.40001338100439754
nR: 4.459365702644628
norm: 1.1018691610079259
sigma: 300.0
sigmaL: 195.02460441724088
sigmaR: 71.04428269098194
widthL: 195.02460441724088
widthR: 71.04428269098194
x0: 2981.94368552251
