alphaL: 0.6099888254850265
alphaR: 1.0370450798654292
event_sum: 0.26125768362544477
mean: 2996.0862822379017
nL: 1.0000138833218275
nR: 2.395411702409769
norm: 0.26125768362544477
sigma: 300.0
sigmaL: 411.6428540935788
sigmaR: 83.14279567606116
widthL: 411.6428540935788
widthR: 83.14279567606116
x0: 2996.0862822379017
