alphaL: 0.936758707458929
alphaR: 1.0408105874576576
event_sum: 0.08126908860867843
mean: 2993.4495321612085
nL: 0.20006986528427584
nR: 1.1039721260993822
norm: 0.08126908860867843
sigma: 210.72690159074355
sigmaL: 226.3227803472486
sigmaR: 52.46958243812979
widthL: 226.3227803472486
widthR: 52.46958243812979
x0: 2993.4495321612085
