alphaL: 1.1076397561649216
alphaR: 1.6302132846042547
event_sum: 0.22286676446674392
mean: 2919.1463702937085
nL: 0.13942855005136778
nR: 2.4889810200692097
norm: 0.22286676446674392
sigma: 300.0
sigmaL: 297.4477289470471
sigmaR: 153.12248585791616
widthL: 297.4477289470471
widthR: 153.12248585791616
x0: 2919.1463702937085
