alphaL: 1.1117066925770371
alphaR: 2.130025372635661
event_sum: 4.387630603829166
mean: 2393.24827484685
nL: 4.108859084926981
nR: 2.8809054206481983
norm: 4.387630603829166
sigma: 111.97257906050494
sigmaL: 91.10793417219148
sigmaR: 55.812737363782006
widthL: 91.10793417219148
widthR: 55.812737363782006
x0: 2393.24827484685
