alphaL: 1.0831705650652943
alphaR: 2.1832269816423295
event_sum: 4.1849468064901885
fraction: 0.9985628329782644
mean: 2392.908086426923
nL: 9.923396895272738
nR: 2.6001013817509806
norm: 4.183822359831538
sigma: 112.50582340629234
sigmaL: 91.90984824316045
sigmaR: 56.297258259318056
widthL: 91.90984824316045
widthR: 56.297258259318056
x0: 2392.908086426923
