alphaL: 1.3883464961067256
alphaR: 1.8202610366099716
event_sum: 1.1484464496024884
mean: 2407.388634728633
nL: 4.498676231560947
nR: 2.2007982548150076
norm: 1.1484464496024884
sigma: 142.91947115541643
sigmaL: 109.26110149693265
sigmaR: 49.718441277906045
widthL: 109.26110149693265
widthR: 49.718441277906045
x0: 2407.388634728633
