alphaL: 1.238915275163397
alphaR: 1.8664299122430443
event_sum: 1.1467999677406624
mean: 2402.1543437403043
nL: 4.3579714477248555
nR: 2.133316650174086
norm: 1.1467999677406624
sigma: 142.91947115541643
sigmaL: 100.73511784241468
sigmaR: 52.6742919749136
widthL: 100.73511784241468
widthR: 52.6742919749136
x0: 2402.1543437403043
