alphaL: 0.7163032482630125
alphaR: 1.2837043900122438
event_sum: 4.9828361929394305
mean: 2355.63749122585
nL: 1.000829438571651
nR: 3.8037120777339464
norm: 4.9828361929394305
sigma: 682.4242358011923
sigmaL: 291.37482896779346
sigmaR: 120.7372028375156
widthL: 291.37482896779346
widthR: 120.7372028375156
x0: 2355.63749122585
