alphaL: 1.0658515356104328
alphaR: 2.0878303693468885
event_sum: 3.92259173662751
mean: 2390.3622347971113
nL: 4.685653270033795
nR: 3.1358982099778436
norm: 3.92259173662751
sigma: 111.97257906050494
sigmaL: 79.70244738321004
sigmaR: 60.75874259010298
widthL: 79.70244738321004
widthR: 60.75874259010298
x0: 2390.3622347971113
