alphaL: 0.7894736688703073
alphaR: 1.1325701997780877
event_sum: 4.156892824918032
mean: 2371.009693669485
nL: 1.0259647009710833
nR: 4.33369946748563
norm: 4.156892824918032
sigma: 682.4242358011923
sigmaL: 218.52885268771368
sigmaR: 104.30652869123958
widthL: 218.52885268771368
widthR: 104.30652869123958
x0: 2371.009693669485
