alphaL: 1.3620112345071607
alphaR: 2.1152273170790057
event_sum: 4.408976766368141
mean: 2396.8744418533997
nL: 3.885621581036241
nR: 2.651198597415491
norm: 4.408976766368141
sigma: 111.97257906050494
sigmaL: 101.75152290915972
sigmaR: 54.0252695000912
widthL: 101.75152290915972
widthR: 54.0252695000912
x0: 2396.8744418533997
