alphaL: 1.3189567914300047
alphaR: 2.1808890401936405
event_sum: 3.936516717512859
mean: 2396.1525141347056
nL: 3.9400634870904963
nR: 2.3319383785478216
norm: 3.936516717512859
sigma: 111.97257906050494
sigmaL: 91.9356002202112
sigmaR: 57.70916085546241
widthL: 91.9356002202112
widthR: 57.70916085546241
x0: 2396.1525141347056
