alphaL: 0.9398464376533672
alphaR: 1.850297430132879
event_sum: 0.7839372570742853
mean: 2390.7793877642102
nL: 4.461606070010295
nR: 2.809587072229272
norm: 0.7839372570742853
sigma: 142.91947115541643
sigmaL: 71.06297149713818
sigmaR: 64.98262114133895
widthL: 71.06297149713818
widthR: 64.98262114133895
x0: 2390.7793877642102
