alphaL: 1.0762961051815814
alphaR: 1.9084988818626754
event_sum: 10.855401459150016
fraction: 0.9972492064063793
mean: 2401.031875807573
nL: 9.96141268127744
nR: 2.0896581778828476
norm: 10.83903749869205
sigma: 142.9548004990038
sigmaL: 95.5297609305615
sigmaR: 53.254628670276354
widthL: 95.5297609305615
widthR: 53.254628670276354
x0: 2401.031875807573
