alphaL: 1.2013335361288697
alphaR: 2.3747319624351713
event_sum: 3.936516717512859
mean: 2391.6387774144728
nL: 4.498022881984078
nR: 1.826787351145294
norm: 3.936516717512859
sigma: 111.97257906050494
sigmaL: 85.8091389897042
sigmaR: 60.99577083048123
widthL: 85.8091389897042
widthR: 60.99577083048123
x0: 2391.6387774144728
