alphaL: 1.3475902331575553
alphaR: 1.8048815702141554
event_sum: 4.408976766368141
mean: 2401.380900632853
nL: 4.499993124745854
nR: 4.031166742669396
norm: 4.408976766368141
sigma: 111.97257906050494
sigmaL: 105.81708179993701
sigmaR: 50.463095546352356
widthL: 105.81708179993701
widthR: 50.463095546352356
x0: 2401.380900632853
