alphaL: 1.4877151303598037
alphaR: 2.1299363090338144
event_sum: 4.4249016980757006
mean: 2398.5708595733786
nL: 4.499891453845573
nR: 2.6530446670196066
norm: 4.4249016980757006
sigma: 112.20535044296005
sigmaL: 107.60975020105334
sigmaR: 53.42641174570596
widthL: 107.60975020105334
widthR: 53.42641174570596
x0: 2398.5708595733786
