alphaL: 1.5254625241137245
alphaR: 1.7975366295311737
event_sum: 1.1503007211867953
mean: 2410.948791887332
nL: 3.506146095714979
nR: 2.108671261272259
norm: 1.1503007211867953
sigma: 143.58141337175124
sigmaL: 117.19216066797493
sigmaR: 47.61115488943925
widthL: 117.19216066797493
widthR: 47.61115488943925
x0: 2410.948791887332
