alphaL: 1.2600193099902057
alphaR: 2.1124051956593504
event_sum: 3.936516717512859
mean: 2394.651406854734
nL: 4.492869568075571
nR: 2.8186308606281427
norm: 3.936516717512859
sigma: 111.97257906050494
sigmaL: 90.1293376187155
sigmaR: 58.73991410312596
widthL: 90.1293376187155
widthR: 58.73991410312596
x0: 2394.651406854734
