alphaL: 1.3859574090869227
alphaR: 1.8256514824665206
event_sum: 1.1484464496024884
mean: 2407.2791478415947
nL: 4.497188044284267
nR: 2.1806746246316284
norm: 1.1484464496024884
sigma: 142.91947115541643
sigmaL: 109.04723066783284
sigmaR: 49.8107182716404
widthL: 109.04723066783284
widthR: 49.8107182716404
x0: 2407.2791478415947
