alphaL: 0.9785272880989662
alphaR: 2.1317962895522298
event_sum: 0.7844634517387021
mean: 2389.2164992101593
nL: 3.950737936581339
nR: 1.774503347305449
norm: 0.7844634517387021
sigma: 143.58141337175124
sigmaL: 70.79005995124419
sigmaR: 67.3290025176176
widthL: 70.79005995124419
widthR: 67.3290025176176
x0: 2389.2164992101593
