alphaL: 0.5959096084192002
alphaR: 2.0947450489269093
event_sum: 7.4395401128567755
fraction: 0.9966106312793956
mean: 2386.656247711787
nL: 9.999943306814654
nR: 1.9451973766675792
norm: 7.410526082152501
sigma: 142.9548004990038
sigmaL: 52.849366814531976
sigmaR: 67.66437185200922
widthL: 52.849366814531976
widthR: 67.66437185200922
x0: 2386.656247711787
