alphaL: 1.004118477282627
alphaR: 2.0329597225200287
event_sum: 0.7815883399453014
mean: 2396.693758435199
nL: 4.244791035076794
nR: 1.8952445878600643
norm: 0.7815883399453014
sigma: 142.91947115541643
sigmaL: 82.13157827310762
sigmaR: 63.69885228659363
widthL: 82.13157827310762
widthR: 63.69885228659363
x0: 2396.693758435199
