alphaL: 1.3473493571782895
alphaR: 1.8033923900647781
event_sum: 4.408976766368141
mean: 2401.6750973166986
nL: 4.499848477482872
nR: 4.039955667385744
norm: 4.408976766368141
sigma: 111.97257906050494
sigmaL: 105.84228606818101
sigmaR: 50.41528220898359
widthL: 105.84228606818101
widthR: 50.41528220898359
x0: 2401.6750973166986
