alphaL: 1.0547318075010184
alphaR: 1.9118470712287094
event_sum: 3.738512901007198
fraction: 0.9991165884433392
mean: 2391.8855847849336
nL: 9.969586556712445
nR: 4.453519594022372
norm: 3.736264007689897
sigma: 112.50582340629234
sigmaL: 83.7327699149512
sigmaR: 59.677045191932656
widthL: 83.7327699149512
widthR: 59.677045191932656
x0: 2391.8855847849336
