alphaL: 0.9190834456952486
alphaR: 1.8756924887754167
event_sum: 0.7839372570742853
mean: 2388.9275826451903
nL: 4.478710856778092
nR: 2.7644957827605277
norm: 0.7839372570742853
sigma: 142.91947115541643
sigmaL: 69.48895513584583
sigmaR: 66.66582665201561
widthL: 69.48895513584583
widthR: 66.66582665201561
x0: 2388.9275826451903
