alphaL: 1.5040007587650224
alphaR: 1.8893964533150096
event_sum: 3.9483465156517923
mean: 2400.546301402799
nL: 4.499996907662181
nR: 3.225819783693224
norm: 3.9483465156517923
sigma: 112.20535044296005
sigmaL: 102.30216202318691
sigmaR: 55.05751766880007
widthL: 102.30216202318691
widthR: 55.05751766880007
x0: 2400.546301402799
