alphaL: 1.0103185631802651
alphaR: 2.7206298430787648
event_sum: 1.1583643145194422
mean: 1325.1829011971336
nL: 2.272200536683088
nR: 2.5641146779238766
norm: 1.1583643145194422
sigma: 75.60000000000001
sigmaL: 88.3309349761753
sigmaR: 81.41149086960554
widthL: 88.3309349761753
widthR: 81.41149086960554
x0: 1325.1829011971336
