alphaL: 1.027192921603337
alphaR: 1.3285894307849961
event_sum: 0.9881372380875093
mean: 1341.4981420696956
nL: 3.9146535185109546
nR: 4.0315959897223905
norm: 0.9881372380875093
sigma: 75.60000000000001
sigmaL: 91.5761944433119
sigmaR: 55.11814829658354
widthL: 91.5761944433119
widthR: 55.11814829658354
x0: 1341.4981420696956
