alphaL: 1.320937292625133
alphaR: 1.4321857053597191
event_sum: 13.500797699821074
fraction: 0.9372122016156401
mean: 1340.1329916869865
nL: 1.0940473957508774
nR: 3.961635465667512
norm: 12.397371988497968
sigma: 75.60000000000001
sigmaL: 98.43654431638983
sigmaR: 59.65714252496403
widthL: 98.43654431638983
widthR: 59.65714252496403
x0: 1340.1329916869865
