alphaL: 1.0611799881477422
alphaR: 2.3768485152568735
event_sum: 0.9606525856534318
mean: 1324.5672079788453
nL: 2.4771105665548485
nR: 2.482746231768704
norm: 0.9606525856534318
sigma: 75.60000000000001
sigmaL: 85.8549979294537
sigmaR: 78.62325945324825
widthL: 85.8549979294537
widthR: 78.62325945324825
x0: 1324.5672079788453
