alphaL: 1.0329464788895288
alphaR: 1.4511830756806912
event_sum: 10.59644099334478
fraction: 0.9711186150675357
mean: 1334.8113933314123
nL: 3.127491306661914
nR: 4.360074037758105
norm: 10.071817906934985
sigma: 75.60000000000001
sigmaL: 86.8107538770441
sigmaR: 61.83232438872476
widthL: 86.8107538770441
widthR: 61.83232438872476
x0: 1334.8113933314123
