alphaL: 0.8965599838555097
alphaR: 1.3183723246395602
event_sum: 1.204341503696306
mean: 1344.7536682520292
nL: 3.240205867561937
nR: 3.606009000421354
norm: 1.204341503696306
sigma: 75.60000000000001
sigmaL: 87.98678392954189
sigmaR: 53.7872377424647
widthL: 87.98678392954189
widthR: 53.7872377424647
x0: 1344.7536682520292
