CR_num: 521.97000252989
norm: 1698.0
p1:
  dijet2: 39.13533032466428
  dijet3: 4.559858007700312
  expow1: -4.892192565038455
  expow2: -8.275401862292003e-08
  invpow2: -4.4108560952803487e-05
  invpow3: -3.0601253911319047e-06
p2:
  dijet2: -3.2104757559247226
  dijet3: 1.7562965937270827
  expow2: -0.005025061181421612
  invpow2: 108.59568786772316
  invpow3: 1576.3610296067918
p3:
  dijet3: -0.23754655294661361
  invpow3: 0.029102480183438216
