CR_num: 65.0
norm: 65.0
p1:
  dijet2: 34.7858308976133
  dijet3: 3.41496137350184
  expow1: -4.1656577644299535
  expow2: -0.008551811994700308
  invpow2: -2.4224743006881438e-05
  invpow3: -3.347511498944709e-06
p2:
  dijet2: -2.8048601158037747
  dijet3: 1.6186246699595572
  expow2: -0.0038598875855560383
  invpow2: 154.73613871197182
  invpow3: 1259.1085127319109
p3:
  dijet3: -0.20756106264599328
  invpow3: -0.04701378600256988
