CR_num: 836.0
norm: 836.0
p1:
  dijet2: 19.404587187559958
  dijet3: 0.9101283510716783
  expow1: -4.448749017733871
  expow2: -1.3561423781964026
  invpow2: -3.0271864063974275e-06
  invpow3: -4.517924471683948e-06
p2:
  dijet2: -1.724176092242872
  dijet3: 0.9479047985749497
  expow2: -0.0029498724064838744
  invpow2: 1393.3533245681308
  invpow3: 1190.6253770294343
p3:
  dijet3: -0.12848780967753268
  invpow3: -0.11165025812407135
