alphaL: 0.6927802140686252
alphaR: 1.4087219354309182
event_sum: 0.6799387785158736
mean: 1467.2474071233269
nL: 1.1196436534419445
nR: 3.9398161883180607
norm: 0.6799387785158736
sigma: 150.0
sigmaL: 113.87338039717932
sigmaR: 88.27138753904532
widthL: 113.87338039717932
widthR: 88.27138753904532
x0: 1467.2474071233269
