alphaL: 1.257659883972195
alphaR: 1.4435549139616368
event_sum: 0.623686423529339
mean: 1470.5494804773264
nL: 0.42390694346212626
nR: 3.6727928532804905
norm: 0.623686423529339
sigma: 150.0
sigmaL: 144.20227626796586
sigmaR: 85.31704665470193
widthL: 144.20227626796586
widthR: 85.31704665470193
x0: 1470.5494804773264
