alphaL: 1.0060058558639777
alphaR: 1.1712854670225379
event_sum: 5.347148093163652
fraction: 0.9209038559085425
mean: 1474.7996891638884
nL: 2.244484206908185
nR: 4.306204017949931
norm: 4.7658201968740785
sigma: 150.0
sigmaL: 136.398866851104
sigmaR: 74.53490201601969
widthL: 136.398866851104
widthR: 74.53490201601969
x0: 1474.7996891638884
