alphaL: 0.9762614525388656
alphaR: 1.2879026286273165
event_sum: 7.130187557021501
fraction: 0.855698447736354
mean: 1476.706985775033
nL: 1.0797529699352353
nR: 4.484194116642113
norm: 5.829296808890264
sigma: 150.0
sigmaL: 138.40437451959758
sigmaR: 80.03277630959884
widthL: 138.40437451959758
widthR: 80.03277630959884
x0: 1476.706985775033
