alphaL: 1.2655771630988855
alphaR: 1.1633759329288875
event_sum: 0.5252962105921499
mean: 1486.4733392219218
nL: 0.9555899057711652
nR: 3.252282056956663
norm: 0.5252962105921499
sigma: 150.0
sigmaL: 154.90831974743227
sigmaR: 67.5971784751276
widthL: 154.90831974743227
widthR: 67.5971784751276
x0: 1486.4733392219218
