alphaL: 1.1570549929576102
alphaR: 1.402277189026035
event_sum: 0.4979181046251161
mean: 1471.052139145111
nL: 1.231176453955098
nR: 2.88425910171905
norm: 0.4979181046251161
sigma: 150.0
sigmaL: 142.30972109874864
sigmaR: 82.23547321723763
widthL: 142.30972109874864
widthR: 82.23547321723763
x0: 1471.052139145111
