alphaL: 1.3068290742097544
alphaR: 1.058007706766801
event_sum: 0.5260155468713492
mean: 1388.6350414649942
nL: 1.0524141889661813
nR: 3.555580685908775
norm: 0.5260155468713492
sigma: 140.0
sigmaL: 148.12017970113556
sigmaR: 59.37187391516038
widthL: 148.12017970113556
widthR: 59.37187391516038
x0: 1388.6350414649942
