alphaL: 1.0286037531763477
alphaR: 1.525188505800235
event_sum: 0.6799249987816438
mean: 1372.77364002419
nL: 0.6908895051021756
nR: 2.819251226765395
norm: 0.6799249987816438
sigma: 140.0
sigmaL: 118.6262985449002
sigmaR: 80.17037046070394
widthL: 118.6262985449002
widthR: 80.17037046070394
x0: 1372.77364002419
