alphaL: 0.7836036534781972
alphaR: 1.4438682211971687
event_sum: 0.7331065244870842
mean: 1371.5302540864911
nL: 1.0001195416521702
nR: 3.6558034148865937
norm: 0.7331065244870842
sigma: 140.0
sigmaL: 105.77076713499734
sigmaR: 80.94301415470085
widthL: 105.77076713499734
widthR: 80.94301415470085
x0: 1371.5302540864911
