alphaL: 1.126402204720367
alphaR: 1.4778208507640918
event_sum: 0.5024900810822146
mean: 1369.4614453429945
nL: 1.476194235263305
nR: 2.740294927480205
norm: 0.5024900810822146
sigma: 140.0
sigmaL: 129.14053797071543
sigmaR: 81.1166411047648
widthL: 129.14053797071543
widthR: 81.1166411047648
x0: 1369.4614453429945
