alphaL: 0.9705818758826974
alphaR: 1.1675777050248295
event_sum: 0.4990612000110559
mean: 1383.7641495915568
nL: 0.20001910862376807
nR: 1.8981632357179636
norm: 0.4990612000110559
sigma: 72.85073039836153
sigmaL: 121.21296006321417
sigmaR: 66.30009684053846
widthL: 121.21296006321417
widthR: 66.30009684053846
x0: 1383.7641495915568
