alphaL: 1.0188810998188258
alphaR: 1.0850865503542
event_sum: 20.936977550620213
fraction: 0.9392781404458854
mean: 1381.0064725115703
nL: 1.98351734942977
nR: 5.770568135158173
norm: 4.888389536528848
sigma: 140.0
sigmaL: 128.77972691780525
sigmaR: 68.68196167528087
widthL: 128.77972691780525
widthR: 68.68196167528087
x0: 1381.0064725115703
