alphaL: 0.8556877081438651
alphaR: 1.25400991701358
event_sum: 0.7331065244870842
mean: 1386.842550823883
nL: 1.0000983994900243
nR: 3.517713981332164
norm: 0.7331065244870842
sigma: 140.0
sigmaL: 121.70708251430688
sigmaR: 66.14462829434115
widthL: 121.70708251430688
widthR: 66.14462829434115
x0: 1386.842550823883
