alphaL: 0.9482108412903886
alphaR: 1.2290235578330462
event_sum: 0.7505600789736491
mean: 1382.727265617788
nL: 1.1230317046793274
nR: 4.386327323675494
norm: 0.7505600789736491
sigma: 140.0
sigmaL: 126.80146471149662
sigmaR: 70.14450799738948
widthL: 126.80146471149662
widthR: 70.14450799738948
x0: 1382.727265617788
