alphaL: 1.197527764036119
alphaR: 1.3117471785614911
event_sum: 0.5260155468713492
mean: 1379.96248311982
nL: 1.1067974731839436
nR: 3.2662801517411406
norm: 0.5260155468713492
sigma: 140.0
sigmaL: 134.97069838236425
sigmaR: 71.67603764301583
widthL: 134.97069838236425
widthR: 71.67603764301583
x0: 1379.96248311982
