alphaL: 1.0120117596779328
alphaR: 1.0469228650721756
event_sum: 0.533487729015178
mean: 1398.2107814640294
nL: 3.65731234715195
nR: 2.355382316139919
norm: 0.533487729015178
sigma: 140.0
sigmaL: 141.75835405559832
sigmaR: 46.23726673078868
widthL: 141.75835405559832
widthR: 46.23726673078868
x0: 1398.2107814640294
