alphaL: 0.7355696329327116
alphaR: 1.3171395650835254
event_sum: 7.467026607366279
fraction: 0.9008675752552595
mean: 1376.511426098992
nL: 1.8440940900914156
nR: 4.4998769663678395
norm: 6.390463463845663
sigma: 140.0
sigmaL: 109.52514034227839
sigmaR: 75.78480434794893
widthL: 109.52514034227839
widthR: 75.78480434794893
x0: 1376.511426098992
