alphaL: 0.9495442873331807
alphaR: 1.1504708906197352
event_sum: 0.3885535982262809
mean: 1383.8386014936482
nL: 0.20027722292984512
nR: 1.8109118502018047
norm: 0.3885535982262809
sigma: 72.85073039836153
sigmaL: 127.20463485226134
sigmaR: 62.37802179720671
widthL: 127.20463485226134
widthR: 62.37802179720671
x0: 1383.8386014936482
