alphaL: 0.9743406136025762
alphaR: 1.2182553621141503
event_sum: 5.310514609096572
fraction: 0.9323767777667119
mean: 1373.9698715579502
nL: 2.4905096794374186
nR: 4.487828225346593
norm: 4.827835146221332
sigma: 140.0
sigmaL: 125.0551391601923
sigmaR: 72.77252270515949
widthL: 125.0551391601923
widthR: 72.77252270515949
x0: 1373.9698715579502
