alphaL: 1.2426618579406221
alphaR: 2.12054165715044
event_sum: 0.37127832766849367
mean: 2240.7756224361374
nL: 0.2545541173291997
nR: 2.5333170252932886
norm: 0.37127832766849367
sigma: 230.0
sigmaL: 239.13335139242528
sigmaR: 159.85125184882344
widthL: 239.13335139242528
widthR: 159.85125184882344
x0: 2240.7756224361374
