alphaL: 1.0601072376748872
alphaR: 1.3788122714088946
event_sum: 0.27100305698359956
mean: 2288.878004843044
nL: 0.24220312482056325
nR: 1.6181371351969376
norm: 0.27100305698359956
sigma: 230.0
sigmaL: 227.55162810404659
sigmaR: 83.12747546349837
widthL: 227.55162810404659
widthR: 83.12747546349837
x0: 2288.878004843044
