alphaL: 0.5373218307331259
alphaR: 0.9151504576965251
event_sum: 0.32576623840576974
mean: 2319.5160878473357
nL: 0.9998726702651022
nR: 2.332598812225313
norm: 0.32576623840576974
sigma: 230.0
sigmaL: 345.6861354535013
sigmaR: 58.14629047265903
widthL: 345.6861354535013
widthR: 58.14629047265903
x0: 2319.5160878473357
