alphaL: 0.8728227965820925
alphaR: 1.2742620426937565
event_sum: 5.411683637890012
fraction: 0.8070717244522365
mean: 2273.3385431621277
nL: 0.9563067345234407
nR: 4.341193562590388
norm: 3.4419334632165457
sigma: 230.0
sigmaL: 217.0078922948905
sigmaR: 114.9408407622952
widthL: 217.0078922948905
widthR: 114.9408407622952
x0: 2273.3385431621277
