alphaL: 0.9345699973675172
alphaR: 0.8060040529962212
event_sum: 5.794635008925454
fraction: 0.707051690101488
mean: 2291.2386685439837
nL: 0.41240738049080167
nR: 3.7876085339606047
norm: 2.465290068987494
sigma: 230.0
sigmaL: 227.4145325366916
sigmaR: 66.70160634421987
widthL: 227.4145325366916
widthR: 66.70160634421987
x0: 2291.2386685439837
