alphaL: 0.7090362282143918
alphaR: 1.1145659827682368
event_sum: 0.41313178263492845
mean: 2299.137208813067
nL: 1.0012042673662074
nR: 3.472541150745212
norm: 0.41313178263492845
sigma: 230.0
sigmaL: 231.60096247625557
sigmaR: 91.88436223529932
widthL: 231.60096247625557
widthR: 91.88436223529932
x0: 2299.137208813067
