alphaL: 0.8208886778601777
alphaR: 1.3512904353198691
event_sum: 0.16367458218310854
mean: 2810.4166716032846
nL: 0.10540146956880724
nR: 2.285085502902999
norm: 0.16367458218310854
sigma: 285.0
sigmaL: 216.85391394993593
sigmaR: 122.5279143859163
widthL: 216.85391394993593
widthR: 122.5279143859163
x0: 2810.4166716032846
