alphaL: 1.0206324174824553
alphaR: 0.9261635145026542
event_sum: 5.961345234409461
fraction: 0.6919530035754144
mean: 2831.6432373462467
nL: 0.4047621451154766
nR: 3.8849487755233585
norm: 2.615178362257897
sigma: 285.0
sigmaL: 342.4989560210686
sigmaR: 87.47920067481319
widthL: 342.4989560210686
widthR: 87.47920067481319
x0: 2831.6432373462467
