alphaL: 0.5412239832925991
alphaR: 0.6445628398613771
event_sum: 6.755904991821611
fraction: 0.6297465783212718
mean: 2814.8641788058517
nL: 0.4329176377784007
nR: 4.354212834032251
norm: 1.4252032560552652
sigma: 285.0
sigmaL: 150.5259586166373
sigmaR: 70.45407745193432
widthL: 150.5259586166373
widthR: 70.45407745193432
x0: 2814.8641788058517
