alphaL: 0.1432897763604768
alphaR: 0.9383764906033077
event_sum: 0.2127701749909225
mean: 2889.8393093739205
nL: 1.0001473574389872
nR: 3.2026038468219413
norm: 0.2127701749909225
sigma: 285.0
sigmaL: 692.8451486963345
sigmaR: 88.39725544784433
widthL: 692.8451486963345
widthR: 88.39725544784433
x0: 2889.8393093739205
