alphaL: 0.6551241273917818
alphaR: 1.0672469460801373
event_sum: 0.32931291183292327
mean: 2872.610084168016
nL: 1.0001257924307934
nR: 2.2307172409906557
norm: 0.32931291183292327
sigma: 285.0
sigmaL: 393.60640471204357
sigmaR: 75.72107745836324
widthL: 393.60640471204357
widthR: 75.72107745836324
x0: 2872.610084168016
