alphaL: 1.1942408714906436
alphaR: 1.2772652834507214
event_sum: 0.2841472769971155
mean: 2820.4594199214575
nL: 0.13553840111820345
nR: 3.1275745426430284
norm: 0.2841472769971155
sigma: 285.0
sigmaL: 346.3776546286183
sigmaR: 120.05207986028432
widthL: 346.3776546286183
widthR: 120.05207986028432
x0: 2820.4594199214575
