alphaL: 1.0906490085426006
alphaR: 1.7948170858931995
event_sum: 9.28779487772962
fraction: 0.9973853624064392
mean: 1655.3823274568151
nL: 9.947750411496314
nR: 2.6055330586675245
norm: 9.275582504867325
sigma: 88.9043433387521
sigmaL: 66.66954894483037
sigmaR: 41.056737283207
widthL: 66.66954894483037
widthR: 41.056737283207
x0: 1655.3823274568151
