alphaL: 2.6884394439763737
alphaR: 2.3095043254681
event_sum: 8.921486387622704
fraction: 0.9949370388151625
mean: 1664.491415633702
nL: 9.154163637744064
nR: 1.1971569760330332
norm: 8.909435626779633
sigma: 88.9043433387521
sigmaL: 100.55668661166709
sigmaR: 35.96448642877759
widthL: 100.55668661166709
widthR: 35.96448642877759
x0: 1664.491415633702
