alphaL: 1.43130421685587
alphaR: 1.5873427152947275
event_sum: 0.9285239238143373
mean: 1660.5857198223878
nL: 3.923021466964933
nR: 3.0105327238735007
norm: 0.9285239238143373
sigma: 88.82412198272881
sigmaL: 76.57624255792138
sigmaR: 37.36615263088841
widthL: 76.57624255792138
widthR: 37.36615263088841
x0: 1660.5857198223878
