alphaL: 1.357465335046917
alphaR: 2.4301711131985164
event_sum: 16.98165267580123
mean: 1650.2845310619168
nL: 4.497983912951587
nR: 1.5525584727228845
norm: 16.98165267580123
sigma: 78.84530201076129
sigmaL: 69.19079458693633
sigmaR: 44.081707125366364
widthL: 69.19079458693633
widthR: 44.081707125366364
x0: 1650.2845310619168
