alphaL: 1.206280185314986
alphaR: 2.552979793364983
event_sum: 11.786382158454302
fraction: 0.9981377573155202
mean: 1645.574022655392
nL: 10.0
nR: 1.629517241937452
norm: 11.779941561062245
sigma: 78.63302575644957
sigmaL: 68.68821329200908
sigmaR: 42.940050222651756
widthL: 68.68821329200908
widthR: 42.940050222651756
x0: 1645.574022655392
