alphaL: 1.164120227776452
alphaR: 2.2278005507949485
event_sum: 16.26599341460802
fraction: 0.9986001814739349
mean: 1648.2907974344669
nL: 9.976106863163553
nR: 2.458110620617692
norm: 16.257598380789567
sigma: 78.63302575644957
sigmaL: 65.50395277878584
sigmaR: 44.8895452800805
widthL: 65.50395277878584
widthR: 44.8895452800805
x0: 1648.2907974344669
