alphaL: 1.2740670514602623
alphaR: 1.9367565863927574
event_sum: 0.9255388035014094
mean: 1655.2749107952543
nL: 3.3799303433661407
nR: 2.000906700446357
norm: 0.9255388035014094
sigma: 88.82412198272881
sigmaL: 69.60971974915347
sigmaR: 42.23972108874098
widthL: 69.60971974915347
widthR: 42.23972108874098
x0: 1655.2749107952543
