alphaL: 1.4481143322161
alphaR: 2.45744165235501
event_sum: 12.370797144258598
mean: 1648.279601443014
nL: 4.503354108935049
nR: 1.8241731494856002
norm: 12.370797144258598
sigma: 78.84530201076129
sigmaL: 73.72245705335322
sigmaR: 41.82485648704632
widthL: 73.72245705335322
widthR: 41.82485648704632
x0: 1648.279601443014
