alphaL: 1.2092508957607109
alphaR: 2.5233041128841456
event_sum: 12.327571192602452
mean: 1645.3420145754912
nL: 4.968459152739569
nR: 1.7567178434392063
norm: 12.327571192602452
sigma: 78.84530201076129
sigmaL: 66.89567871026141
sigmaR: 43.214207625463494
widthL: 66.89567871026141
widthR: 43.214207625463494
x0: 1645.3420145754912
