alphaL: 1.2022394910428589
alphaR: 2.3300394911917395
event_sum: 16.923552681704056
mean: 1649.020931551828
nL: 4.94441082776015
nR: 1.9394269355977267
norm: 16.923552681704056
sigma: 78.84530201076129
sigmaL: 65.51508161435427
sigmaR: 44.52053482322596
widthL: 65.51508161435427
widthR: 44.52053482322596
x0: 1649.020931551828
