alphaL: 1.284257392724754
alphaR: 1.9759560879567832
event_sum: 0.892778153411525
mean: 1648.0543046425412
nL: 4.27718990646466
nR: 4.234656244761648
norm: 0.892778153411525
sigma: 88.82412198272881
sigmaL: 70.37607468569779
sigmaR: 44.46957020781324
widthL: 70.37607468569779
widthR: 44.46957020781324
x0: 1648.0543046425412
