alphaL: 1.3187143144772084
alphaR: 2.261994229015189
event_sum: 0.889424825245783
mean: 1649.9540570878942
nL: 3.626998536684193
nR: 1.5292500294472389
norm: 0.889424825245783
sigma: 88.82412198272881
sigmaL: 72.60025274565376
sigmaR: 42.86449153869013
widthL: 72.60025274565376
widthR: 42.86449153869013
x0: 1649.9540570878942
