alphaL: 1.1746099666236272
alphaR: 1.4867815861352618
event_sum: 2.341674633127009
mean: 1482.4037289593043
nL: 0.4679007660878009
nR: 3.1137162025506964
norm: 2.341674633127009
sigma: 150.0
sigmaL: 156.8793373929961
sigmaR: 83.54169072750979
widthL: 156.8793373929961
widthR: 83.54169072750979
x0: 1482.4037289593043
