alphaL: 0.8094474804426444
alphaR: 1.1825124801880338
event_sum: 2.5662560399003547
mean: 1502.7762336876888
nL: 1.097180012934745
nR: 3.505516666637285
norm: 2.5662560399003547
sigma: 150.0
sigmaL: 151.10481797466355
sigmaR: 60.15978039388317
widthL: 151.10481797466355
widthR: 60.15978039388317
x0: 1502.7762336876888
