alphaL: 1.1010900471526464
alphaR: 1.3988688045792361
event_sum: 1.9925758010987948
mean: 1471.217465859025
nL: 1.1321894278499078
nR: 3.029453757602102
norm: 1.9925758010987948
sigma: 150.0
sigmaL: 132.54167850970205
sigmaR: 83.3313862848443
widthL: 132.54167850970205
widthR: 83.3313862848443
x0: 1471.217465859025
