alphaL: 0.8859905246319189
alphaR: 2.380443016261776
event_sum: 32.1116874266436
fraction: 0.9878655524269461
mean: 1499.3391056221253
nL: 63.075218337212604
nR: 1.7273534991509902
norm: 31.90184795209564
sigma: 78.7350974323431
sigmaL: 56.04077170524633
sigmaR: 41.022804400224224
widthL: 56.04077170524633
widthR: 41.022804400224224
x0: 1499.3391056221253
