alphaL: 1.1083443065539387
alphaR: 1.3811870299640419
event_sum: 2.1047632298563905
mean: 1469.2729341591578
nL: 0.9793691563679737
nR: 3.409444788795154
norm: 2.1047632298563905
sigma: 150.0
sigmaL: 127.8672282748251
sigmaR: 85.01262505532678
widthL: 127.8672282748251
widthR: 85.01262505532678
x0: 1469.2729341591578
