alphaL: 1.0034666161958548
alphaR: 1.251698635916981
event_sum: 26.619022727932663
fraction: 0.8546215730929826
mean: 1486.384646128638
nL: 0.8167364540277054
nR: 4.417163575057814
norm: 21.632529118998082
sigma: 150.0
sigmaL: 146.8930267192481
sigmaR: 73.94866517954947
widthL: 146.8930267192481
widthR: 73.94866517954947
x0: 1486.384646128638
