alphaL: 0.98186394672346
alphaR: 1.200918484675313
event_sum: 21.23693480956301
fraction: 0.9167293495866914
mean: 1475.2676383287383
nL: 1.7298351730987853
nR: 4.445553249255828
norm: 18.814488822260852
sigma: 150.0
sigmaL: 130.34763918753043
sigmaR: 77.38437879435718
widthL: 130.34763918753043
widthR: 77.38437879435718
x0: 1475.2676383287383
