alphaL: 0.5313588475954958
alphaR: 1.1196820328447055
event_sum: 0.5983000388368964
mean: 3512.8093133292155
nL: 1.0000106494816179
nR: 2.7370516662928526
norm: 0.5983000388368964
sigma: 350.0
sigmaL: 524.5727366175713
sigmaR: 97.20179403074424
widthL: 524.5727366175713
widthR: 97.20179403074424
x0: 3512.8093133292155
