alphaL: 0.9347726313448665
alphaR: 0.9614326101969902
event_sum: 0.0849253666237928
mean: 3538.371716011933
nL: 0.20018375186398554
nR: 1.1540390839095531
norm: 0.0849253666237928
sigma: 339.29345828693477
sigmaL: 839.2999604831731
sigmaR: 58.21687130282515
widthL: 839.2999604831731
widthR: 58.21687130282515
x0: 3538.371716011933
