alphaL: 0.10029043003568665
alphaR: 1.4300310441626485
event_sum: 0.07595086604123935
mean: 3514.947607476145
nL: 1.0003097540338985
nR: 3.2332865899062018
norm: 0.07595086604123935
sigma: 350.0
sigmaL: 988.5936519562382
sigmaR: 105.6383588216275
widthL: 988.5936519562382
widthR: 105.6383588216275
x0: 3514.947607476145
