alphaL: 0.7952776396713935
alphaR: 0.8687827546378462
event_sum: 4.41578636621125
fraction: 0.611828758878858
mean: 3475.8441036099757
nL: 0.40011981966754845
nR: 1.6969317086652242
norm: 0.9157313841860741
sigma: 350.0
sigmaL: 581.1410442813798
sigmaR: 82.07915232094936
widthL: 581.1410442813798
widthR: 82.07915232094936
x0: 3475.8441036099757
