alphaL: 0.6071517158770281
alphaR: 1.1132301889559528
event_sum: 0.04105003044242039
mean: 3583.1943661357627
nL: 0.20000835025972774
nR: 1.4418938485118715
norm: 0.04105003044242039
sigma: 339.29345828693477
sigmaL: 662.8801947950511
sigmaR: 47.44365757986859
widthL: 662.8801947950511
widthR: 47.44365757986859
x0: 3583.1943661357627
