alphaL: 0.6849069068315761
alphaR: 1.375330550076797
event_sum: 0.053680809040088207
mean: 3539.517903116004
nL: 0.10000105637683784
nR: 1.7856709150568733
norm: 0.053680809040088207
sigma: 350.0
sigmaL: 375.3204185834371
sigmaR: 83.83217882084877
widthL: 375.3204185834371
widthR: 83.83217882084877
x0: 3539.517903116004
