alphaL: 0.15191201021932924
alphaR: 0.9722432651099112
event_sum: 0.1351160921039991
mean: 3500.654575465783
nL: 1.000057628421885
nR: 3.2437421807602225
norm: 0.1351160921039991
sigma: 350.0
sigmaL: 783.9171344816298
sigmaR: 114.98884849659815
widthL: 783.9171344816298
widthR: 114.98884849659815
x0: 3500.654575465783
