alphaL: 0.10310486926281366
alphaR: 1.174101144239668
event_sum: 0.07595086604123935
mean: 3559.1980917694264
nL: 1.000119063460872
nR: 2.7846397604137554
norm: 0.07595086604123935
sigma: 350.0
sigmaL: 986.5643554908027
sigmaR: 92.81673296232708
widthL: 986.5643554908027
widthR: 92.81673296232708
x0: 3559.1980917694264
