alphaL: 0.9047463953581532
alphaR: 0.8708132730051498
event_sum: 0.1056996735278517
mean: 3415.6243076941937
nL: 0.11142479001365323
nR: 3.0798298352815925
norm: 0.1056996735278517
sigma: 350.0
sigmaL: 391.2386934248074
sigmaR: 114.19674909998332
widthL: 391.2386934248074
widthR: 114.19674909998332
x0: 3415.6243076941937
