alphaL: 0.8885443954658542
alphaR: 1.5690611539839556
event_sum: 9.589192673098296
fraction: 0.5636569973866226
mean: 3450.02136863018
nL: 0.12776383234827002
nR: 2.0432717038874944
norm: 0.932350828545168
sigma: 350.0
sigmaL: 435.82390910224586
sigmaR: 149.2429566799851
widthL: 435.82390910224586
widthR: 149.2429566799851
x0: 3450.02136863018
