alphaL: 0.49530229285280897
alphaR: 1.4391747366847845
event_sum: 5.982999969273806
fraction: 0.5599243831206595
mean: 3528.375687309036
nL: 0.40000010534333585
nR: 2.6087636598204145
norm: 0.4370913866441697
sigma: 350.0
sigmaL: 574.6296805570428
sigmaR: 90.3320766799554
widthL: 574.6296805570428
widthR: 90.3320766799554
x0: 3528.375687309036
