alphaL: 0.1282840427412091
alphaR: 1.059505815215184
event_sum: 0.1351160921039991
mean: 3488.911547263411
nL: 1.0000078281145166
nR: 3.718102814273924
norm: 0.1351160921039991
sigma: 350.0
sigmaL: 821.2303353302437
sigmaR: 124.35042298791133
widthL: 821.2303353302437
widthR: 124.35042298791133
x0: 3488.911547263411
