alphaL: 0.635153343442614
alphaR: 0.8347976418637492
event_sum: 0.44157866755267605
mean: 3466.8691542254373
nL: 1.00000851466727
nR: 1.5200010094096656
norm: 0.44157866755267605
sigma: 350.0
sigmaL: 500.5117161643477
sigmaR: 78.03657357530982
widthL: 500.5117161643477
widthR: 78.03657357530982
x0: 3466.8691542254373
