alphaL: 1.103463285286977
alphaR: 1.8775104954465853
event_sum: 1.3891445825283881
mean: 3495.7548721961152
nL: 9.151871908265694
nR: 3.3058177676210647
norm_2016: 0.4109247634478379
norm_2017: 0.4504600560758263
norm_2018: 0.6497354540624656
norm_Run2: 1.3891445825283881
sigma: 154.42942086881402
sigmaL: 124.89691578149345
sigmaR: 76.80396252825102
widthL: 124.89691578149345
widthR: 76.80396252825102
x0: 3495.7548721961152
