alphaL: 0.7383897402386178
alphaR: 1.3994027501880728
event_sum: 1.021465845988132
mean: 3455.077550153378
nL: 0.10000074257883515
nR: 5.285412707011146
norm_2016: 0.25791864306665957
norm_2017: 0.32146998296957463
norm_2018: 0.4503869421314448
norm_Run2: 1.021465845988132
sigma: 350.0
sigmaL: 432.9298775503889
sigmaR: 150.0723505789495
widthL: 432.9298775503889
widthR: 150.0723505789495
x0: 3455.077550153378
