alphaL: 0.5579052159632579
alphaR: 2.0739631150181133
event_sum: 48.46644814580213
mean: 3487.101633490613
nL: 129.33022105728975
nR: 1.921122956984247
norm_2016: 11.034456306137145
norm_2017: 15.621828061295673
norm_2018: 23.222349602961913
norm_Run2: 48.46644814580213
sigma: 340.82776692579785
sigmaL: 84.29989150213565
sigmaR: 82.71308269280706
widthL: 84.29989150213565
widthR: 82.71308269280706
x0: 3487.101633490613
