alphaL: 0.8316268609044346
alphaR: 2.0891668486233925
event_sum: 11.924263156876123
mean: 2442.588281151569
nL: 57.103209185436484
nR: 3.2598255331362087
norm_2016: 3.3630268609563005
norm_2017: 3.9721142141967434
norm_2018: 5.597652310259073
norm_Run2: 11.924263156876123
sigma: 112.26607898594938
sigmaL: 77.45236226445915
sigmaR: 63.51566445090015
widthL: 77.45236226445915
widthR: 63.51566445090015
x0: 2442.588281151569
