alphaL: 1.0920410985460434
alphaR: 1.1503448333122497
event_sum: 6.297553914385498
mean: 2400.01150216705
nL: 0.14407129091920431
nR: 6.5918141922529285
norm_2016: 1.577664578975196
norm_2017: 2.0440585636758124
norm_2018: 2.747181813613043
norm_Run2: 6.297553914385498
sigma: 245.0
sigmaL: 258.314840632355
sigmaR: 119.64618529826474
widthL: 258.314840632355
widthR: 119.64618529826474
x0: 2400.01150216705
