alphaL: 1.1558653686424962
alphaR: 1.0502505268986322
event_sum: 9.201257025164896
mean: 2410.5530811303042
nL: 0.3627935437736958
nR: 8.994738422127204
norm_2016: 2.070558922340781
norm_2017: 3.040468731687016
norm_2018: 4.223353882475014
norm_Run2: 9.201257025164896
sigma: 245.0
sigmaL: 267.2641348947908
sigmaR: 113.46073104519034
widthL: 267.2641348947908
widthR: 113.46073104519034
x0: 2410.5530811303042
