alphaL: 0.7309768403242616
alphaR: 2.0673359246863994
event_sum: 44.83779119178876
mean: 2446.1847165324025
nL: 82.17937301948804
nR: 1.8750465996482883
norm_2016: 10.935730064198847
norm_2017: 14.320149721775527
norm_2018: 20.875227130380704
norm_Run2: 44.83779119178876
sigma: 144.33998263673672
sigmaL: 76.5235775242397
sigmaR: 60.08989627025364
widthL: 76.5235775242397
widthR: 60.08989627025364
x0: 2446.1847165324025
