alphaL: 1.4504694647235183
alphaR: 1.578142199729833
event_sum: 1.2680048431696112
mean: 3357.1828192356156
nL: 4.826898672513973
nR: 2.861888166970046
norm: 1.2680048431696112
sigma: 311.4553046127421
sigmaL: 150.2887675765414
sigmaR: 66.81331306831616
widthL: 150.2887675765414
widthR: 66.81331306831616
x0: 3357.1828192356156
