alphaL: 1.0816444963172247
alphaR: 2.2421087229370835
event_sum: 0.8516476638705006
mean: 3336.7695784709763
nL: 4.165355423333511
nR: 2.394129249727576
norm: 0.8516476638705006
sigma: 155.63939118505536
sigmaL: 123.96488431266434
sigmaR: 77.09761015027365
widthL: 123.96488431266434
widthR: 77.09761015027365
x0: 3336.7695784709763
