alphaL: 0.9366924773838008
alphaR: 1.8674582880751638
event_sum: 0.6460238247919576
fraction: 0.999172345476565
mean: 3335.9319185170107
nL: 9.834725467261203
nR: 4.4724506561298485
norm: 0.6453810448823913
sigma: 155.06131481302756
sigmaL: 105.87694442891188
sigmaR: 78.96529736701942
widthL: 105.87694442891188
widthR: 78.96529736701942
x0: 3335.9319185170107
