alphaL: 0.9521169862821354
alphaR: 1.959970668591206
event_sum: 0.6695638310634332
mean: 3334.804386137104
nL: 5.0
nR: 2.6625982908857257
norm: 0.6695638310634332
sigma: 155.63939118505536
sigmaL: 102.73479694166414
sigmaR: 79.20312037750827
widthL: 102.73479694166414
widthR: 79.20312037750827
x0: 3334.804386137104
