alphaL: 1.3782094913846363
alphaR: 1.3607782451183283
event_sum: 0.8558165355578891
mean: 3357.411827749442
nL: 4.399113559114165
nR: 5.0
norm: 0.8558165355578891
sigma: 155.63939118505536
sigmaL: 148.91913272490865
sigmaR: 60.52172632721959
widthL: 148.91913272490865
widthR: 60.52172632721959
x0: 3357.411827749442
