alphaL: 1.472942676845669
alphaR: 1.3913111039405932
event_sum: 1.2701556376531289
mean: 3360.019213338546
nL: 4.416285856233695
nR: 3.169828725887947
norm: 1.2701556376531289
sigma: 311.4553046127421
sigmaL: 152.4687580679019
sigmaR: 64.1714572437389
widthL: 152.4687580679019
widthR: 64.1714572437389
x0: 3360.019213338546
