alphaL: 0.6790163973785739
alphaR: 1.730094138888624
event_sum: 6.083268935195324
fraction: 0.9981274803344414
mean: 3346.6271551242676
nL: 9.856721902916423
nR: 2.8098641717637634
norm: 5.959499436986009
sigma: 308.49014687841236
sigmaL: 97.53623776908069
sigmaR: 76.43422081872357
widthL: 97.53623776908069
widthR: 76.43422081872357
x0: 3346.6271551242676
