alphaL: 1.1359055886717753
alphaR: 2.30638446531293
event_sum: 0.6683833920138681
mean: 3336.239550182468
nL: 3.4667121931603146
nR: 1.8125894061196046
norm: 0.6683833920138681
sigma: 155.63939118505536
sigmaL: 110.34372501557307
sigmaR: 81.06665510489539
widthL: 110.34372501557307
widthR: 81.06665510489539
x0: 3336.239550182468
