alphaL: 0.929640302009896
alphaR: 1.620651501144505
event_sum: 11.45666270702923
fraction: 0.9997078875475622
mean: 3342.9612358017544
nL: 9.978776175527816
nR: 3.1061545859540454
norm: 11.388041483230944
sigma: 308.49014687841236
sigmaL: 112.77530695286349
sigmaR: 74.07029724822279
widthL: 112.77530695286349
widthR: 74.07029724822279
x0: 3342.9612358017544
