alphaL: 1.3927624350696202
alphaR: 0.3789716761547516
event_sum: 0.6625069841854062
mean: 3394.981707621299
nL: 5.0
nR: 4.763714076571616
norm: 0.6625069841854062
sigma: 311.4553046127421
sigmaL: 165.23971847602968
sigmaR: 22.45460812361145
widthL: 165.23971847602968
widthR: 22.45460812361145
x0: 3394.981707621299
