alphaL: 1.0157291847363883
alphaR: 1.7870633788115287
event_sum: 0.6645626011096001
mean: 3340.569310088212
nL: 4.63962401753801
nR: 3.2194460224558012
norm: 0.6645626011096001
sigma: 311.4553046127421
sigmaL: 112.71366037991692
sigmaR: 83.07044160480052
widthL: 112.71366037991692
widthR: 83.07044160480052
x0: 3340.569310088212
