alphaL: 1.1888922025056947
alphaR: 1.8643695950124646
event_sum: 0.844717227088385
fraction: 0.9986631959391779
mean: 3344.4971411056517
nL: 8.057180106461043
nR: 3.8317404315858177
norm: 0.844478358564949
sigma: 155.06131481302756
sigmaL: 135.81821836174765
sigmaR: 71.43011739597377
widthL: 135.81821836174765
widthR: 71.43011739597377
x0: 3344.4971411056517
