alphaL: 1.9074223148443514
alphaR: 1.5566111239935856
event_sum: 9.393679893207423
mean: 3516.481690700988
nL: 1.169593715402317
nR: 1.990491593957598
norm: 9.393679893207423
sigmaL: 151.62304166942272
sigmaR: 75.11036288309813
widthL: 151.62304166942272
widthR: 75.11036288309813
x0: 3516.481690700988
