alphaL: 1.7503105331562678
alphaR: 1.624673749379352
event_sum: 39.041710851933416
mean: 3516.282932026004
nL: 2.59114142312969
nR: 2.601525388745015
norm: 39.041710851933416
sigmaL: 168.5105471553685
sigmaR: 66.10090823183226
widthL: 168.5105471553685
widthR: 66.10090823183226
x0: 3516.282932026004
