alphaL: 1.7038082916043065
alphaR: 1.915759530072643
event_sum: 2.0367656149760043
mean: 3503.2636307319717
nL: 2.9730817239901257
nR: 2.542270335138758
norm: 2.0367656149760043
sigma: 220.50816140581864
sigmaL: 151.12675166262025
sigmaR: 74.34953192461096
widthL: 151.12675166262025
widthR: 74.34953192461096
x0: 3503.2636307319717
