alphaL: 1.7516721435133238
alphaR: 1.8926851532683104
event_sum: 2.0367656149760043
mean: 3504.6257050500362
nL: 2.998641472538602
nR: 2.8446428160016315
norm: 2.0367656149760043
sigma: 220.53142727135813
sigmaL: 153.3959448360186
sigmaR: 73.83232297174116
widthL: 153.3959448360186
widthR: 73.83232297174116
x0: 3504.6257050500362
