alphaL: 1.8862827079876403
alphaR: 1.6199147650999626
event_sum: 33.91179049959781
mean: 3522.3527171844344
nL: 2.9996395082592766
nR: 2.5117501670949447
norm: 33.91179049959781
sigma: 394
sigmaL: 180.61143334974741
sigmaR: 62.121743332416095
widthL: 180.61143334974741
widthR: 62.121743332416095
x0: 3522.3527171844344
