alphaL: 1.6054212637763448
alphaR: 1.6863808007194598
event_sum: 33.91179049959781
mean: 3513.3881838416414
nL: 3.9999972605494007
nR: 2.576699569582531
norm: 33.91179049959781
sigmaL: 165.37406712544194
sigmaR: 67.69270267806503
widthL: 165.37406712544194
widthR: 67.69270267806503
x0: 3513.3881838416414
