alphaL: 2.8373556453386723
alphaR: 0.221272895389016
event_sum: 15.505404512646495
mean: 3561.938887846761
nL: 0.3673024271662874
nR: 3.707431642874089
norm: 15.505404512646495
sigmaL: 212.55885594001455
sigmaR: 9.921932479938665
widthL: 212.55885594001455
widthR: 9.921932479938665
x0: 3561.938887846761
