alphaL: 1.8102777412297673
alphaR: 2.0008007275944717
event_sum: 4.8380115420126
mean: 3507.5973403733915
nL: 2.995742950772156
nR: 2.834081434931197
norm: 4.8380115420126
sigma: 220
sigmaL: 163.7895873409573
sigmaR: 70.36256118048847
widthL: 163.7895873409573
widthR: 70.36256118048847
x0: 3507.5973403733915
