alphaL: 1.5797957318819458
alphaR: 1.415611348014804
event_sum: 8.272332780833203
mean: 3515.5892167815305
nL: 2.9992809453578255
nR: 2.808739386411582
norm: 8.272332780833203
sigma: 393
sigmaL: 156.53669308855243
sigmaR: 70.09795037518052
widthL: 156.53669308855243
widthR: 70.09795037518052
x0: 3515.5892167815305
