alphaL: 1.6207880040782825
alphaR: 1.8687919719431076
event_sum: 1.5260273344279662
mean: 3502.5680615010974
nL: 3.9799041964368915
nR: 2.7994458859037255
norm: 1.5260273344279662
sigmaL: 148.00974855612637
sigmaR: 73.43311866997311
widthL: 148.00974855612637
widthR: 73.43311866997311
x0: 3502.5680615010974
