alphaL: 1.8800837529135666
alphaR: 2.1013682747588343
event_sum: 2.643224784147306
mean: 3509.8065272917192
nL: 2.9914058018424354
nR: 2.57776840649857
norm: 2.643224784147306
sigmaL: 167.73191213883146
sigmaR: 69.64154172067104
widthL: 167.73191213883146
widthR: 69.64154172067104
x0: 3509.8065272917192
