alphaL: 1.8657766907852378
alphaR: 2.7787491539607525
event_sum: 3.3699223493846113
mean: 3408.381531787707
nL: 3.086403737987587
nR: 2.9926451630625266
norm: 3.3699223493846113
sigmaL: 240.5772979714853
sigmaR: 213.59151704986505
widthL: 240.5772979714853
widthR: 213.59151704986505
x0: 3408.381531787707
