alphaL: 1.4715808106788828
alphaR: 1.263418889378503
event_sum: 3.0496897119716397
mean: 3521.429253338806
nL: 3.974455532974748
nR: 3.166901056657868
norm: 3.0496897119716397
sigma: 394.81566598317363
sigmaL: 156.49808191404594
sigmaR: 61.809726061317996
widthL: 156.49808191404594
widthR: 61.809726061317996
x0: 3521.429253338806
