alphaL: 3.638072914875592
alphaR: 2.02890913901645
event_sum: 0.8897962148069487
mean: 3523.9698216041493
nL: 1.9001415916255087
nR: 1.8875724650948114
norm: 0.8897962148069487
sigma: 220
sigmaL: 195.2667717895163
sigmaR: 67.73694373759686
widthL: 195.2667717895163
widthR: 67.73694373759686
x0: 3523.9698216041493
