alphaL: 1.5385258487145304
alphaR: 1.9136472374723585
event_sum: 2.643566487682658
mean: 3505.1081006644317
nL: 5.91263413020417
nR: 3.9681219460764003
norm: 2.643566487682658
sigmaL: 156.62548840630689
sigmaR: 70.87214154233925
widthL: 156.62548840630689
widthR: 70.87214154233925
x0: 3505.1081006644317
