alphaL: 1.6628994173545855
alphaR: 1.3430458807315688
event_sum: 20.2040331348002
mean: 3521.4365848195866
nL: 2.999553290431728
nR: 2.968542960776094
norm: 20.2040331348002
sigma: 393.9193820526282
sigmaL: 164.2125648517468
sigmaR: 64.63063546454248
widthL: 164.2125648517468
widthR: 64.63063546454248
x0: 3521.4365848195866
