alphaL: 2.9597414245649656
alphaR: 0.20061888585402934
event_sum: 15.320480909950351
mean: 3561.559000714676
nL: 0.20039383976249517
nR: 3.9857529460319387
norm: 15.320480909950351
sigmaL: 213.17565450299378
sigmaR: 9.17715616584057
widthL: 213.17565450299378
widthR: 9.17715616584057
x0: 3561.559000714676
