alphaL: 1.6978967662885323
alphaR: 2.025511184545359
event_sum: 3.380832592547014
mean: 3506.8593779217563
nL: 3.970278408450117
nR: 3.316897656907896
norm: 3.380832592547014
sigma: 221.11387835873018
sigmaL: 164.4200436827186
sigmaR: 70.22909712527823
widthL: 164.4200436827186
widthR: 70.22909712527823
x0: 3506.8593779217563
