alphaL: 1.9815336560422474
alphaR: 1.9232486189299731
event_sum: 4.833407980262587
mean: 3511.8259902400005
nL: 2.993509980921143
nR: 2.9999402583323236
norm: 4.833407980262587
sigma: 220
sigmaL: 171.9036636640253
sigmaR: 67.9779216837176
widthL: 171.9036636640253
widthR: 67.9779216837176
x0: 3511.8259902400005
