alphaL: 1.8317756451725333
alphaR: 2.2009739473950836
event_sum: 3.379432746491159
mean: 3506.8770225674643
nL: 2.9995454462631055
nR: 2.4034666436358045
norm: 3.379432746491159
sigma: 220.53142727135813
sigmaL: 167.23242405382985
sigmaR: 71.32064644913456
widthL: 167.23242405382985
widthR: 71.32064644913456
x0: 3506.8770225674643
