alphaL: 1.810451227792836
alphaR: 1.561472372388555
event_sum: 43.49069346990481
mean: 3520.3936260870128
nL: 2.9998758649571178
nR: 2.691657442969877
norm: 43.49069346990481
sigma: 393.91723266301136
sigmaL: 175.42607652716404
sigmaR: 61.66865082708211
widthL: 175.42607652716404
widthR: 61.66865082708211
x0: 3520.3936260870128
