alphaL: 1.8135587232030121
alphaR: 1.5538194720587972
event_sum: 43.49069346990481
mean: 3520.611482413036
nL: 2.999955646583905
nR: 2.7077006778638935
norm: 43.49069346990481
sigma: 393.9193820526282
sigmaL: 175.76466960666573
sigmaR: 61.409171853866354
widthL: 175.76466960666573
widthR: 61.409171853866354
x0: 3520.611482413036
