alphaL: 1.5796789673467528
alphaR: 1.7061121288437766
event_sum: 34.11087889379337
mean: 3512.0303238196475
nL: 3.249130853092236
nR: 2.560678108618497
norm: 34.11087889379337
sigmaL: 162.10001806803277
sigmaR: 68.61718913133487
widthL: 162.10001806803277
widthR: 68.61718913133487
x0: 3512.0303238196475
