alphaL: 1.6057270962348704
alphaR: 1.8615440841568893
event_sum: 2.0372583005499063
mean: 3501.713040384241
nL: 3.752617357217712
nR: 2.866637222973069
norm: 2.0372583005499063
sigma: 221.11387835873018
sigmaL: 147.57480057706073
sigmaR: 74.75872681522064
widthL: 147.57480057706073
widthR: 74.75872681522064
x0: 3501.713040384241
