alphaL: 1.774171161258478
alphaR: 1.445016588696683
event_sum: 58.31023318861138
mean: 3521.5180418706577
nL: 2.9998690996336514
nR: 2.880283098558956
norm: 58.31023318861138
sigma: 393
sigmaL: 173.12021220435525
sigmaR: 61.16152699085061
widthL: 173.12021220435525
widthR: 61.16152699085061
x0: 3521.5180418706577
