alphaL: 1.797023988119247
alphaR: 1.9575875476840918
event_sum: 3.1324707735285418
mean: 3508.24864068188
nL: 3.9934558126795014
nR: 3.2629243053187067
norm: 3.1324707735285418
sigmaL: 164.60715817538195
sigmaR: 70.08902679483731
widthL: 164.60715817538195
widthR: 70.08902679483731
x0: 3508.24864068188
