alphaL: 1.7533124424046036
alphaR: 1.9352143282617682
event_sum: 2.0372583005499063
mean: 3503.366144981321
nL: 2.9602551448092163
nR: 2.5580304537122807
norm: 2.0372583005499063
sigma: 221.11387835873018
sigmaL: 151.97789555444365
sigmaR: 74.46001048700035
widthL: 151.97789555444365
widthR: 74.46001048700035
x0: 3503.366144981321
