alphaL: 2.8529430908959754
alphaR: 2.6727278573242295
event_sum: 43.61929924126575
mean: 3427.4922393645893
nL: 0.3572282380379551
nR: 2.636412318377473
norm: 43.61929924126575
sigmaL: 267.82916382761823
sigmaR: 209.7413171923852
widthL: 267.82916382761823
widthR: 209.7413171923852
x0: 3427.4922393645893
