alphaL: 1.8396196906688178
alphaR: 2.132119278393927
event_sum: 3.379432746491159
mean: 3506.629621936285
nL: 2.995124212495215
nR: 2.4758470559716015
norm: 3.379432746491159
sigma: 220.50816140581864
sigmaL: 167.02542990601958
sigmaR: 71.1340997637979
widthL: 167.02542990601958
widthR: 71.1340997637979
x0: 3506.629621936285
