alphaL: 1.7600028897796063
alphaR: 1.8992381448752877
event_sum: 2.0367656149760043
mean: 3504.482526336024
nL: 2.9801170579050407
nR: 2.6148905279950316
norm: 2.0367656149760043
sigma: 220
sigmaL: 153.475392711551
sigmaR: 73.61927774802332
widthL: 153.475392711551
widthR: 73.61927774802332
x0: 3504.482526336024
