alphaL: 1.7988964410228867
alphaR: 1.6395898808152145
event_sum: 6.585328140687977
mean: 3518.9941830345106
nL: 2.9981324678750982
nR: 2.454431985827089
norm: 6.585328140687977
sigma: 394.81566598317363
sigmaL: 174.097073982284
sigmaR: 63.409192729429094
widthL: 174.097073982284
widthR: 63.409192729429094
x0: 3518.9941830345106
