alphaL: 1.703647931811404
alphaR: 1.2902662741105588
event_sum: 3.0496897119716397
mean: 3525.989773895015
nL: 2.9999959642578133
nR: 2.956935013928868
norm: 3.0496897119716397
sigma: 394.81566598317363
sigmaL: 167.76947222408114
sigmaR: 60.04209577848919
widthL: 167.76947222408114
widthR: 60.04209577848919
x0: 3525.989773895015
