alphaL: 1.576933258180257
alphaR: 1.7559277201135048
event_sum: 33.92332567090969
mean: 3510.751612493295
nL: 3.2874746081762822
nR: 2.5984733849253585
norm: 33.92332567090969
sigmaL: 160.5176570847639
sigmaR: 69.69191954549991
widthL: 160.5176570847639
widthR: 69.69191954549991
x0: 3510.751612493295
