alphaL: 1.8649741374806021
alphaR: 2.1210706560892487
event_sum: 3.379432746491159
mean: 3507.15357087531
nL: 2.983519621799168
nR: 2.5055230625962857
norm: 3.379432746491159
sigma: 220
sigmaL: 168.7679949008774
sigmaR: 70.6060887690738
widthL: 168.7679949008774
widthR: 70.6060887690738
x0: 3507.15357087531
