alphaL: 1.8067894683670302
alphaR: 1.57159464510114
event_sum: 43.49069346990481
mean: 3520.1707595883295
nL: 2.999890263595484
nR: 2.6623934353737977
norm: 43.49069346990481
sigma: 393
sigmaL: 175.19629326868676
sigmaR: 61.92880033048609
widthL: 175.19629326868676
widthR: 61.92880033048609
x0: 3520.1707595883295
