alphaL: 1.5205878502935104
alphaR: 1.6507238626135767
event_sum: 6.585328140687977
mean: 3511.7135801390878
nL: 3.9964912659652794
nR: 2.6735219348417067
norm: 6.585328140687977
sigma: 394.81566598317363
sigmaL: 159.21493726704904
sigmaR: 67.4132979103726
widthL: 159.21493726704904
widthR: 67.4132979103726
x0: 3511.7135801390878
