alphaL: 3.175860691827639
alphaR: 1.8646214956814906
event_sum: 1.5277011661561837
mean: 3535.6968788914874
nL: 2.4558385264753886
nR: 1.9524984460294494
norm: 1.5277011661561837
sigmaL: 196.35978603837552
sigmaR: 56.86327472790912
widthL: 196.35978603837552
widthR: 56.86327472790912
x0: 3535.6968788914874
