alphaL: 1.4031343035640007
alphaR: 2.4982450690451206
event_sum: 0.9629359888730419
mean: 3481.800567322688
nL: 3.8064418087609795
nR: 1.1863178940583694
norm: 0.9629359888730419
sigmaL: 118.1609061752289
sigmaR: 91.22518343238362
widthL: 118.1609061752289
widthR: 91.22518343238362
x0: 3481.800567322688
