alphaL: 1.6831618468746348
alphaR: 1.9945537694995954
event_sum: 2.643224784147306
mean: 3506.467384038149
nL: 3.9238208312670966
nR: 3.011665274618792
norm: 2.643224784147306
sigmaL: 160.88957517174762
sigmaR: 70.52960647942686
widthL: 160.88957517174762
widthR: 70.52960647942686
x0: 3506.467384038149
