alphaL: 2.7259910378580963
alphaR: 3.9543763542929216
event_sum: 20.56684848316284
mean: 3438.3821474761285
nL: 0.20013643221355193
nR: 2.0893528022518777
norm: 20.56684848316284
sigmaL: 267.720300141693
sigmaR: 207.44434005929048
widthL: 267.720300141693
widthR: 207.44434005929048
x0: 3438.3821474761285
