alphaL: 1.4006889996872611
alphaR: 1.7714064193861192
event_sum: 1.5280328831392904
mean: 3499.3084639662957
nL: 5.938914027165898
nR: 3.709194698950595
norm: 1.5280328831392904
sigmaL: 140.02457351056438
sigmaR: 75.2996570511682
widthL: 140.02457351056438
widthR: 75.2996570511682
x0: 3499.3084639662957
