alphaL: 1.8099547283795838
alphaR: 2.3658539427712997
event_sum: 2.0486255628520986
mean: 3404.4192986277594
nL: 3.0723275024462975
nR: 2.979991994818293
norm: 2.0486255628520986
sigmaL: 228.09054058881637
sigmaR: 214.84960999909575
widthL: 228.09054058881637
widthR: 214.84960999909575
x0: 3404.4192986277594
