alphaL: 1.4081075338571152
alphaR: 1.233267496602726
event_sum: 15.058281793341648
mean: 3516.99920197133
nL: 3.988757279889526
nR: 3.5565019502274193
norm: 15.058281793341648
sigmaL: 149.94596060093764
sigmaR: 64.33672223749772
widthL: 149.94596060093764
widthR: 64.33672223749772
x0: 3516.99920197133
