alphaL: 1.7962556142712178
alphaR: 1.993069710259642
event_sum: 2.641309388845219
mean: 3509.6051267649304
nL: 3.991359850447378
nR: 3.3131944097858352
norm: 2.641309388845219
sigmaL: 166.96629914072346
sigmaR: 69.32142598727965
widthL: 166.96629914072346
widthR: 69.32142598727965
x0: 3509.6051267649304
