alphaL: 2.9284502128905143
alphaR: 0.46373025054793204
event_sum: 8.432234463294607
mean: 3566.6820291937465
nL: 0.20036109665919774
nR: 2.99997429152518
norm: 8.432234463294607
sigma: 393
sigmaL: 217.33777221814395
sigmaR: 18.129235939075873
widthL: 217.33777221814395
widthR: 18.129235939075873
x0: 3566.6820291937465
