alphaL: 1.6792141600359396
alphaR: 1.333881296306322
event_sum: 20.2040331348002
mean: 3522.2890799415636
nL: 2.999909439178462
nR: 2.9995202342054768
norm: 20.2040331348002
sigma: 393.91723266301136
sigmaL: 165.1918687670846
sigmaR: 63.81523628132711
widthL: 165.1918687670846
widthR: 63.81523628132711
x0: 3522.2890799415636
