alphaL: 1.7345843932215483
alphaR: 2.103523626103108
event_sum: 0.8906396789441209
mean: 3503.6923454535317
nL: 2.7922391503185766
nR: 2.11672781119666
norm: 0.8906396789441209
sigma: 220
sigmaL: 154.20424632453444
sigmaR: 76.35553474134429
widthL: 154.20424632453444
widthR: 76.35553474134429
x0: 3503.6923454535317
