alphaL: 1.9919847771365622
alphaR: 1.3649962155403077
event_sum: 58.59381410224999
mean: 3527.1748073781578
nL: 1.8389612039522463
nR: 2.9998749479092037
norm: 58.59381410224999
sigma: 393
sigmaL: 181.19849883074875
sigmaR: 56.51675890488343
widthL: 181.19849883074875
widthR: 56.51675890488343
x0: 3527.1748073781578
