alphaL: 1.7520192603231872
alphaR: 1.8765601374768894
event_sum: 1.5277011661561837
mean: 3504.7038695398082
nL: 2.973853595019427
nR: 2.6316330791801827
norm: 1.5277011661561837
sigma: 219
sigmaL: 151.94129285550562
sigmaR: 73.0454080342745
widthL: 151.94129285550562
widthR: 73.0454080342745
x0: 3504.7038695398082
