alphaL: 1.8506324157051453
alphaR: 2.133343368042483
event_sum: 3.380832592547014
mean: 3507.047756490865
nL: 2.993488704418885
nR: 2.484564075897591
norm: 3.380832592547014
sigma: 221.11387835873018
sigmaL: 167.51719963318413
sigmaR: 70.93107193119516
widthL: 167.51719963318413
widthR: 70.93107193119516
x0: 3507.047756490865
