alphaL: 1.6538250843807258
alphaR: 1.3007267546182046
event_sum: 15.058281793341648
mean: 3522.330718485462
nL: 2.9992729511096923
nR: 2.991678957957059
norm: 15.058281793341648
sigma: 394
sigmaL: 162.7900211129835
sigmaR: 63.4029618938417
widthL: 162.7900211129835
widthR: 63.4029618938417
x0: 3522.330718485462
