alphaL: 0.9725229871253553
alphaR: 1.8658054704020317
event_sum: 39393.0
mean: 3497.6827517907914
nL: 9.99999997561974
nR: 2.4864540616041464
norm: 39393.0
sigma: 340.81000644727635
sigmaL: 123.63187465370423
sigmaR: 76.74612050794747
widthL: 123.63187465370423
widthR: 76.74612050794747
x0: 3497.6827517907914
