alphaL: 0.9991292137346436
alphaR: 1.3763110224832027
event_sum: 22.268652434810065
fraction: 0.9987088881347841
mean: 3505.3987316808175
nL: 9.996162697682612
nR: 3.9872726626215216
norm: 21.692488954868168
sigma: 340.82776692579785
sigmaL: 127.11872144025921
sigmaR: 74.80652378073322
widthL: 127.11872144025921
widthR: 74.80652378073322
x0: 3505.3987316808175
