alphaL: 0.9817904407469521
alphaR: 2.100409303010203
event_sum: 2.401447750071384
fraction: 0.9995512309401057
mean: 3491.0028323534025
nL: 19.480457168252887
nR: 3.551931858092328
norm: 2.401148985209147
sigma: 154.42942086881402
sigmaL: 122.99514842484454
sigmaR: 78.34704336452381
widthL: 122.99514842484454
widthR: 78.34704336452381
x0: 3491.0028323534025
