alphaL: 1.207516196762147
alphaR: 1.9925952405917382
event_sum: 41657.0
mean: 3497.3514992175396
nL: 9.99999999057687
nR: 4.361307813814157
norm: 41657.0
sigma: 154.16784682886495
sigmaL: 138.81247749375694
sigmaR: 75.12722462825023
widthL: 138.81247749375694
widthR: 75.12722462825023
x0: 3497.3514992175396
