alphaL: 0.9619248639414453
alphaR: 1.4110505885765627
event_sum: 18263.0
mean: 3504.6062934527486
nL: 9.999999499028576
nR: 3.6448949107891333
norm: 18263.0
sigma: 340.81000644727635
sigmaL: 122.41158744550029
sigmaR: 74.76751471073067
widthL: 122.41158744550029
widthR: 74.76751471073067
x0: 3504.6062934527486
