alphaL: 1.3778637309595132
alphaR: 1.919430058599499
event_sum: 2.401447750071384
fraction: 0.9990922540068391
mean: 3502.4571616891967
nL: 7.992567333140824
nR: 4.434475240722866
norm: 2.401148985209147
sigma: 154.42942086881402
sigmaL: 151.1171599910292
sigmaR: 72.1172676801699
widthL: 151.1171599910292
widthR: 72.1172676801699
x0: 3502.4571616891967
