alphaL: 1.3244859818527401
alphaR: 1.338094536659041
event_sum: 2.314237704020343
mean: 3510.8708141369675
nL: 4.49234643055552
nR: 3.5551830209835202
norm: 2.314237704020343
sigma: 345.1372571341268
sigmaL: 144.27629720187485
sigmaR: 71.55243087086906
widthL: 144.27629720187485
widthR: 71.55243087086906
x0: 3510.8708141369675
