alphaL: 1.3403980245973308
alphaR: 1.370632777665435
event_sum: 2.298037067928817
mean: 3512.56615842067
nL: 4.847634526699897
nR: 3.070840432330289
norm: 2.298037067928817
sigma: 345.1372571341268
sigmaL: 146.30669998124222
sigmaR: 69.9743221269269
widthL: 146.30669998124222
widthR: 69.9743221269269
x0: 3512.56615842067
