alphaL: 1.3973608435800264
alphaR: 1.7267565691567814
event_sum: 51.96834535698872
mean: 3508.879951522745
nL: 4.499945047074328
nR: 2.6580516518781425
norm: 51.96834535698872
sigma: 341.49156668353606
sigmaL: 152.4326539228661
sigmaR: 69.85735763128069
widthL: 152.4326539228661
widthR: 69.85735763128069
x0: 3508.879951522745
