alphaL: 1.428992311378067
alphaR: 1.8879530033136491
event_sum: 2.651863081184274
mean: 3502.9367919889505
nL: 4.493103825776839
nR: 4.198959472157453
norm: 2.651863081184274
sigma: 154.00510562366802
sigmaL: 151.66409347475573
sigmaR: 72.0654140812856
widthL: 151.66409347475573
widthR: 72.0654140812856
x0: 3502.9367919889505
