alphaL: 1.6058971905767836
alphaR: 1.5305040869627653
event_sum: 5.188918010695488
mean: 3517.6573710458374
nL: 3.9940523195408657
nR: 2.904907479822905
norm: 5.188918010695488
sigma: 345.74255649746345
sigmaL: 165.9702984395089
sigmaR: 63.55501860429588
widthL: 165.9702984395089
widthR: 63.55501860429588
x0: 3517.6573710458374
