alphaL: 1.3945306740869292
alphaR: 1.9698573368172052
event_sum: 1.533154391887365
mean: 3498.2792011675547
nL: 3.778909599185531
nR: 2.5629104548663477
norm: 1.533154391887365
sigma: 154.00510562366802
sigmaL: 139.00140828052668
sigmaR: 76.58365082912657
widthL: 139.00140828052668
widthR: 76.58365082912657
x0: 3498.2792011675547
