alphaL: 0.8032347722594768
alphaR: 1.4116685717711286
event_sum: 22.268652434810065
fraction: 0.999279368119022
mean: 3500.595275137405
nL: 19.994048493680534
nR: 3.8975290247209173
norm: 21.692488954868168
sigma: 340.82776692579785
sigmaL: 110.32273501576827
sigmaR: 77.03614525490983
widthL: 110.32273501576827
widthR: 77.03614525490983
x0: 3500.595275137405
