alphaL: 1.1348534980804663
alphaR: 2.0695926371171787
event_sum: 1.5255679597466951
mean: 3490.823736848294
nL: 4.776555339106141
nR: 2.18522522810172
norm: 1.5255679597466951
sigma: 154.00510562366802
sigmaL: 121.68149835854302
sigmaR: 81.04997774786533
widthL: 121.68149835854302
widthR: 81.04997774786533
x0: 3490.823736848294
