alphaL: 1.4473613163842272
alphaR: 1.8615649867305437
event_sum: 2.651863081184274
mean: 3505.4084624056763
nL: 4.493642705711013
nR: 4.167627876777809
norm: 2.651863081184274
sigma: 154.00510562366802
sigmaL: 153.33184106238835
sigmaR: 71.41909236532794
widthL: 153.33184106238835
widthR: 71.41909236532794
x0: 3505.4084624056763
