alphaL: 1.3298266434621113
alphaR: 1.7853464623911508
event_sum: 5.163996712246444
mean: 3505.188641609911
nL: 4.987654941179574
nR: 2.5388021149791102
norm: 5.163996712246444
sigma: 345.1372571341268
sigmaL: 147.4938789218631
sigmaR: 72.83440360122796
widthL: 147.4938789218631
widthR: 72.83440360122796
x0: 3505.188641609911
