alphaL: 1.3571906559558038
alphaR: 1.9212539773192026
event_sum: 1.533154391887365
mean: 3497.7306338847543
nL: 4.487066921284583
nR: 2.8730582476725037
norm: 1.533154391887365
sigma: 154.00510562366802
sigmaL: 135.47953786047273
sigmaR: 76.61402829041157
widthL: 135.47953786047273
widthR: 76.61402829041157
x0: 3497.7306338847543
