alphaL: 0.5579052159632579
alphaR: 2.0739631150181133
event_sum: 49.01525869674515
fraction: 0.9926214977253678
mean: 3487.101633490613
nL: 129.33022105728975
nR: 1.921122956984247
norm: 48.46644814580213
sigma: 340.82776692579785
sigmaL: 84.29989150213565
sigmaR: 82.71308269280706
widthL: 84.29989150213565
widthR: 82.71308269280706
x0: 3487.101633490613
