alphaL: 1.405011290629011
alphaR: 2.274906547413715
event_sum: 2.651863081184274
mean: 3499.22748745371
nL: 3.7892864849740637
nR: 2.325618835290196
norm: 2.651863081184274
sigma: 154.00510562366802
sigmaL: 147.5023844161999
sigmaR: 75.35181725833745
widthL: 147.5023844161999
widthR: 75.35181725833745
x0: 3499.22748745371
