alphaL: 1.3806503488295865
alphaR: 1.3119538616138606
event_sum: 23.139442751533352
mean: 3514.2780581123557
nL: 4.499990837491285
nR: 3.4518459896959826
norm: 23.139442751533352
sigma: 341.49156668353606
sigmaL: 149.00550486446278
sigmaR: 68.38220275469946
widthL: 149.00550486446278
widthR: 68.38220275469946
x0: 3514.2780581123557
