alphaL: 1.029056395667775
alphaR: 1.7407428726464247
event_sum: 1.3930971591435082
fraction: 0.9996587918876316
mean: 3496.4197838249784
nL: 19.171377994780336
nR: 4.525421797149901
norm: 1.3928147464248468
sigma: 154.42942086881402
sigmaL: 123.7480877872858
sigmaR: 76.37623707398174
widthL: 123.7480877872858
widthR: 76.37623707398174
x0: 3496.4197838249784
