alphaL: 1.3274093616977
alphaR: 1.8975059064600546
event_sum: 1.533154391887365
mean: 3497.6517270832223
nL: 4.435916758206585
nR: 3.096920167008679
norm: 1.533154391887365
sigma: 154.00510562366802
sigmaL: 134.1232974099149
sigmaR: 76.26213578920787
widthL: 134.1232974099149
widthR: 76.26213578920787
x0: 3497.6517270832223
