alphaL: 1.1123144482620233
alphaR: 1.9020355800143098
event_sum: 24500.0
mean: 3494.444909755358
nL: 9.999998982120193
nR: 3.121905740979176
norm: 24500.0
sigma: 154.16784682886495
sigmaL: 124.19116860044257
sigmaR: 78.43582641893205
widthL: 124.19116860044257
widthR: 78.43582641893205
x0: 3494.444909755358
