alphaL: 1.3251883471963468
alphaR: 1.3365130408827313
event_sum: 2.314237704020343
mean: 3510.8673888615035
nL: 4.49178014819024
nR: 3.5529150198900434
norm: 2.314237704020343
sigma: 345.1372571341268
sigmaL: 144.42004889713058
sigmaR: 71.47554950520514
widthL: 144.42004889713058
widthR: 71.47554950520514
x0: 3510.8673888615035
