alphaL: 1.4663835267626855
alphaR: 1.705890815003316
event_sum: 51.90720035973936
mean: 3511.0373145504254
nL: 4.499989032473186
nR: 2.5341025449352603
norm: 51.90720035973936
sigma: 341.49156668353606
sigmaL: 157.08044604176456
sigmaR: 68.5427169243335
widthL: 157.08044604176456
widthR: 68.5427169243335
x0: 3511.0373145504254
