alphaL: 1.4859615926982495
alphaR: 1.3318550148094601
event_sum: 2.311897362349555
mean: 3518.7404345238897
nL: 3.996539140736908
nR: 3.095855603818193
norm: 2.311897362349555
sigma: 345.74255649746345
sigmaL: 157.63708809250227
sigmaR: 67.07338392202962
widthL: 157.63708809250227
widthR: 67.07338392202962
x0: 3518.7404345238897
