alphaL: 0.992900727855362
alphaR: 1.6054398638107954
event_sum: 49.01525869674515
fraction: 0.9986593734042042
mean: 3499.1407726647985
nL: 9.91934819827892
nR: 4.481367782382079
norm: 48.70312850049231
sigma: 340.82776692579785
sigmaL: 125.70228797619389
sigmaR: 74.23841734607328
widthL: 125.70228797619389
widthR: 74.23841734607328
x0: 3499.1407726647985
