alphaL: 1.5406480730968537
alphaR: 1.7776597015905502
event_sum: 1.5355290856205102
mean: 3503.549144081012
nL: 4.4973915482483475
nR: 3.45912454110188
norm: 1.5355290856205102
sigma: 154.03055505297468
sigmaL: 146.67025646502816
sigmaR: 73.02832415262209
widthL: 146.67025646502816
widthR: 73.02832415262209
x0: 3503.549144081012
