alphaL: 1.413770174526487
alphaR: 1.9365534255440697
event_sum: 2.651257710316713
mean: 3500.7294388915743
nL: 4.499648484041619
nR: 4.03607647899681
norm: 2.651257710316713
sigma: 154.03055505297468
sigmaL: 149.22232270077077
sigmaR: 73.76122074534277
widthL: 149.22232270077077
widthR: 73.76122074534277
x0: 3500.7294388915743
