alphaL: 1.463354093806633
alphaR: 1.7246577696714414
event_sum: 5.190720320577384
mean: 3510.28715687694
nL: 4.499943781390116
nR: 2.5132658640816357
norm: 5.190720320577384
sigma: 345.1372571341268
sigmaL: 156.3299990872418
sigmaR: 69.09125204936538
widthL: 156.3299990872418
widthR: 69.09125204936538
x0: 3510.28715687694
