alphaL: 1.2085299613488432
alphaR: 2.290798368133572
event_sum: 2.637867861922132
mean: 3491.0608139179794
nL: 4.551403245355686
nR: 2.61965170605398
norm: 2.637867861922132
sigma: 154.00510562366802
sigmaL: 133.53019569172446
sigmaR: 79.42643553290362
widthL: 133.53019569172446
widthR: 79.42643553290362
x0: 3491.0608139179794
