alphaL: 1.3142489854099382
alphaR: 1.9840548629859176
event_sum: 1.5345919928950025
mean: 3494.7134501052174
nL: 4.496271638817611
nR: 2.7653651535517483
norm: 1.5345919928950025
sigma: 154.03055505297468
sigmaL: 131.74972589217137
sigmaR: 78.83348566122713
widthL: 131.74972589217137
widthR: 78.83348566122713
x0: 3494.7134501052174
