alphaL: 1.6886852674279995
alphaR: 1.83503696750399
event_sum: 2.6538318382336
mean: 3512.2800509547556
nL: 4.341249107798464
nR: 4.284280947318338
norm: 2.6538318382336
sigma: 154.03055505297468
sigmaL: 166.49102457684452
sigmaR: 66.78398488475801
widthL: 166.49102457684452
widthR: 66.78398488475801
x0: 3512.2800509547556
