alphaL: 0.8016474171800517
alphaR: 1.9712027908191943
event_sum: 49.01525869674515
fraction: 0.9992561319565609
mean: 3492.6436218609974
nL: 19.999974400652487
nR: 2.1773461987714158
norm: 48.70031433389522
sigma: 340.82776692579785
sigmaL: 109.77855290988317
sigmaR: 79.65455779851838
widthL: 109.77855290988317
widthR: 79.65455779851838
x0: 3492.6436218609974
