alphaL: 1.1746289280354796
alphaR: 1.7809796911223383
event_sum: 1.3930971591435082
fraction: 0.9993614241754203
mean: 3498.1632021275072
nL: 9.989292120115044
nR: 3.7070639659581284
norm: 1.3928147464248468
sigma: 154.42942086881402
sigmaL: 130.49768823780124
sigmaR: 75.48923033800591
widthL: 130.49768823780124
widthR: 75.48923033800591
x0: 3498.1632021275072
