alphaL: 1.3345175557258537
alphaR: 1.2823393989108551
event_sum: 23.57498974306509
mean: 3512.981135787769
nL: 4.499938243135367
nR: 3.9721914931213527
norm: 23.57498974306509
sigma: 341.49156668353606
sigmaL: 145.9354090624137
sigmaR: 69.06725968654487
widthL: 145.9354090624137
widthR: 69.06725968654487
x0: 3512.981135787769
