alphaL: 1.4601511166494792
alphaR: 1.7216345268442124
event_sum: 5.190720320577384
mean: 3510.195962681632
nL: 4.499953308011065
nR: 2.539782528052479
norm: 5.190720320577384
sigma: 345.1372571341268
sigmaL: 156.08880198957866
sigmaR: 69.16675324350967
widthL: 156.08880198957866
widthR: 69.16675324350967
x0: 3510.195962681632
