alphaL: 1.0392785985770727
alphaR: 1.8643963866032809
event_sum: 1.3891445825283881
mean: 3493.0251262370916
nL: 10.406596935966915
nR: 3.522972457311256
norm_2016: 0.4109247634478379
norm_2017: 0.4504600560758263
norm_2018: 0.6497354540624656
norm_Run2: 1.3891445825283881
sigma: 154.42942086881402
sigmaL: 119.59479748804922
sigmaR: 79.22763323128076
widthL: 119.59479748804922
widthR: 79.22763323128076
x0: 3493.0251262370916
