alphaL: 0.9258210205758962
alphaR: 2.0945166885034214
event_sum: 2.3939689791513956
mean: 3490.4336148476955
nL: 15.909070030350406
nR: 3.9806151011501214
norm_2016: 2.3939689791513956
norm_2017: 2.3939689791513956
norm_2018: 2.3939689791513956
norm_Run2: 2.3939689791513956
sigma: 154.42942086881402
sigmaL: 117.94191670313528
sigmaR: 78.60591609237332
widthL: 117.94191670313528
widthR: 78.60591609237332
x0: 3490.4336148476955
