alphaL: 1.0883736363917675
alphaR: 1.1037836418200229
event_sum: 1.452924757846631
mean: 3451.586050672593
nL: 0.48621478614384994
nR: 9.959914907390736
norm_2016: 0.3803830298129469
norm_2017: 0.4459099763771519
norm_2018: 0.6382977683097124
norm_Run2: 1.452924757846631
sigma: 196.0
sigmaL: 249.56189989075384
sigmaR: 130.70404138859922
widthL: 249.56189989075384
widthR: 130.70404138859922
x0: 3451.586050672593
