alphaL: 0.731687552864543
alphaR: 1.4717145847910866
event_sum: 21.573053926229477
mean: 3498.4940525004254
nL: 24.629035334482605
nR: 3.573835720400329
norm_2016: 5.7677354430779815
norm_2017: 6.798110750969499
norm_2018: 9.562828284222633
norm_norm_Run2: 22.128674478270113
sigma: 340.82776692579785
sigmaL: 103.91842814037341
sigmaR: 79.03439290063848
widthL: 103.91842814037341
widthR: 79.03439290063848
x0: 3498.4940525004254
