alphaL: 0.7375339814448465
alphaR: 1.4889415800183488
event_sum: 21.573053926229477
mean: 3498.2884337756573
nL: 22.367760874947866
nR: 3.5289950211183023
norm_2016: 5.7677354430779815
norm_2017: 6.798110750969499
norm_2018: 9.562828284222633
norm_Run2: 21.573053926229477
sigma: 340.82776692579785
sigmaL: 104.1175307477031
sigmaR: 79.58196844961483
widthL: 104.1175307477031
widthR: 79.58196844961483
x0: 3498.2884337756573
