alphaL: 1.0121188272760877
alphaR: 1.2091953381881653
event_sum: 1.452924757846631
mean: 3437.472004492736
nL: 0.5709932121405332
nR: 9.975076730388226
norm_2016: 1.452924757846631
norm_2017: 1.452924757846631
norm_2018: 1.452924757846631
norm_Run2: 1.452924757846631
sigma: 196.0
sigmaL: 233.22182991187773
sigmaR: 143.47754712581002
widthL: 233.22182991187773
widthR: 143.47754712581002
x0: 3437.472004492736
