alphaL: 0.7239876674215181
alphaR: 1.5461998426680652
event_sum: 1.021465845988132
mean: 3438.930924885527
nL: 0.10006743743070252
nR: 4.149239911546237
norm_2016: 0.25791864306665957
norm_2017: 0.32146998296957463
norm_2018: 0.4503869421314448
norm_norm_Run2: 1.029775568167679
sigma: 350.0
sigmaL: 392.89247213942144
sigmaR: 162.0475484073597
widthL: 392.89247213942144
widthR: 162.0475484073597
x0: 3438.930924885527
