alphaL: 0.8885443954658542
alphaR: 1.5690611539839556
event_sum: 2.1164964347844943
mean: 3450.02136863018
nL: 0.12776383234827002
nR: 2.0432717038874944
norm_2016: 0.4755075889406726
norm_2017: 0.7235955172218382
norm_2018: 0.932350828545168
norm_Run2: 2.1164964347844943
sigma: 350.0
sigmaL: 435.82390910224586
sigmaR: 149.2429566799851
widthL: 435.82390910224586
widthR: 149.2429566799851
x0: 3450.02136863018
