alphaL: 0.8914737647843952
alphaR: 2.491856648174061
event_sum: 3.143523990700487
mean: 3406.389312464215
nL: 0.5897002860398498
nR: 0.5015693525623601
norm_2016: 3.143523990700487
norm_2017: 3.143523990700487
norm_2018: 3.143523990700487
norm_Run2: 3.143523990700487
sigma: 196.0
sigmaL: 136.11974725988426
sigmaR: 166.26072910979656
widthL: 136.11974725988426
widthR: 166.26072910979656
x0: 3406.389312464215
