alphaL: 0.8914737647843952
alphaR: 2.491856648174061
event_sum: 3.143523990700487
mean: 3406.389312464215
nL: 0.5897002860398498
nR: 0.5015693525623601
norm_2016: 0.7058001055265777
norm_2017: 1.0139555018395185
norm_2018: 1.464918376877904
norm_norm_Run2: 3.184673984244
sigma: 196.0
sigmaL: 136.11974725988426
sigmaR: 166.26072910979656
widthL: 136.11974725988426
widthR: 166.26072910979656
x0: 3406.389312464215
