alphaL: 0.578149824361884
alphaR: 2.089328627033451
event_sum: 48.46644814580213
mean: 3487.3488763799337
nL: 124.30748537871087
nR: 1.8313650936501362
norm_2016: 11.034456306137145
norm_2017: 15.621828061295673
norm_2018: 23.222349602961913
norm_Run2: 48.46644814580213
sigma: 340.82776692579785
sigmaL: 86.87454167241067
sigmaR: 82.74179225000097
widthL: 86.87454167241067
widthR: 82.74179225000097
x0: 3487.3488763799337
