alphaL: 0.9432743046463395
alphaR: 2.111913949606336
event_sum: 3.143523990700487
mean: 3450.47781293925
nL: 0.6946477179313134
nR: 1.2801092917951908
norm_2016: 0.7058001055265777
norm_2017: 1.0139555018395185
norm_2018: 1.464918376877904
norm_Run2: 3.143523990700487
sigma: 196.0
sigmaL: 196.27911280067678
sigmaR: 138.86836635012105
widthL: 196.27911280067678
widthR: 138.86836635012105
x0: 3450.47781293925
