alphaL: 0.6448805419177981
alphaR: 1.634997864965961
event_sum: 2.1164964347844943
mean: 3400.986185434743
nL: 0.25113791642640493
nR: 3.817192444710037
norm_2016: 0.4755075889406726
norm_2017: 0.7235955172218382
norm_2018: 0.932350828545168
norm_Run2: 2.131453934707679
sigma: 350.0
sigmaL: 263.3033916303006
sigmaR: 179.64278865651158
widthL: 263.3033916303006
widthR: 179.64278865651158
x0: 3400.986185434743
