alphaL: 1.1846310578442143
alphaR: 2.488444596560796
event_sum: 0.6980579361740248
mean: 1252.975869226054
nL: 3.643052964493818
nR: 1.9469343404165933
norm: 0.6980579361740248
sigma: 65.23864323052936
sigmaL: 56.16657832548952
sigmaR: 33.4109666902557
widthL: 56.16657832548952
widthR: 33.4109666902557
x0: 1252.975869226054
