alphaL: 1.319811417608084
alphaR: 2.1038407214547328
event_sum: 34.420936776295726
fraction: 0.9992142746906356
mean: 1253.281074588944
nL: 9.94306675854773
nR: 3.7846822541187373
norm: 34.412038896495396
sigma: 61.13811604742485
sigmaL: 56.50959266572713
sigmaR: 35.079801102178294
widthL: 56.50959266572713
widthR: 35.079801102178294
x0: 1253.281074588944
