alphaL: 1.4452289061364445
alphaR: 2.310242445015781
event_sum: 18.220585124076788
fraction: 0.9989788749587184
mean: 1253.2464762809548
nL: 10.0
nR: 2.7280584798124647
norm: 18.2198754762373
sigma: 61.13811604742485
sigmaL: 66.3278914875258
sigmaR: 33.1415536522386
widthL: 66.3278914875258
widthR: 33.1415536522386
x0: 1253.2464762809548
