alphaL: 1.0754332249862804
alphaR: 2.6760364540141373
event_sum: 6.9876741306378
fraction: 0.9977761229442496
mean: 1251.1057351223785
nL: 9.628729661279005
nR: 1.682013329337474
norm: 6.9839847759093265
sigma: 64.92846811212087
sigmaL: 55.49894799176797
sigmaR: 34.36264326390173
widthL: 55.49894799176797
widthR: 34.36264326390173
x0: 1251.1057351223785
