alphaL: 1.671237058704543
alphaR: 1.957833682982995
event_sum: 18.96411240474111
mean: 1255.9500027018685
nL: 4.4957320718849
nR: 4.40638291536055
norm: 18.96411240474111
sigma: 61.31536373247043
sigmaL: 69.361502594584
sigmaR: 31.15781284511038
widthL: 69.361502594584
widthR: 31.15781284511038
x0: 1255.9500027018685
