alphaL: 1.2552326774918763
alphaR: 2.081695536607996
event_sum: 1.000521151108757
mean: 1252.6283906864835
nL: 3.095344894197114
nR: 2.5733937759972076
norm: 1.000521151108757
sigma: 65.23864323052936
sigmaL: 50.39969595443056
sigmaR: 36.598357961271375
widthL: 50.39969595443056
widthR: 36.598357961271375
x0: 1252.6283906864835
