alphaL: 1.5441932132579563
alphaR: 2.0305401981255318
event_sum: 35.82172905565304
mean: 1255.2407245371262
nL: 4.491963866957077
nR: 4.426207195931511
norm: 35.82172905565304
sigma: 61.31536373247043
sigmaL: 59.91764375250846
sigmaR: 34.26679891316034
widthL: 59.91764375250846
widthR: 34.26679891316034
x0: 1255.2407245371262
