alphaL: 1.514138071890455
alphaR: 1.886198733387879
event_sum: 18.872551335525998
mean: 1254.7937383975868
nL: 4.7844007377146465
nR: 5.0
norm: 18.872551335525998
sigma: 61.31536373247043
sigmaL: 67.29262681122162
sigmaR: 31.815863874745247
widthL: 67.29262681122162
widthR: 31.815863874745247
x0: 1254.7937383975868
