alphaL: 1.3087380399488695
alphaR: 2.1251100645690655
event_sum: 35.70730937893223
mean: 1252.8889939440435
nL: 4.9927615354762604
nR: 3.9563237426112137
norm: 35.70730937893223
sigma: 61.31536373247043
sigmaL: 55.06727315059527
sigmaR: 35.47320754977273
widthL: 55.06727315059527
widthR: 35.47320754977273
x0: 1252.8889939440435
