alphaL: 1.4850359756131366
alphaR: 2.0470189581708125
event_sum: 0.7002667099442234
mean: 1257.5045526624144
nL: 4.309369662388397
nR: 3.4063805084543346
norm: 0.7002667099442234
sigma: 65.23864323052936
sigmaL: 65.57384979019852
sigmaR: 30.856197726479905
widthL: 65.57384979019852
widthR: 30.856197726479905
x0: 1257.5045526624144
