alphaL: 1.0747996185637492
alphaR: 1.9302600712029123
event_sum: 10.031172690978341
fraction: 0.9985390196543866
mean: 1252.0497556786745
nL: 9.290758049339097
nR: 4.129691072728757
norm: 10.026837534650715
sigma: 64.92846811212087
sigmaL: 50.14830185899504
sigmaR: 37.326136498841834
widthL: 50.14830185899504
widthR: 37.326136498841834
x0: 1252.0497556786745
