alphaL: 1.3262039433542483
alphaR: 1.7887162193127033
event_sum: 1.004506203659787
mean: 1255.8550659575442
nL: 3.7251218245890154
nR: 3.913772129238664
norm: 1.004506203659787
sigma: 65.23864323052936
sigmaL: 54.547876636599774
sigmaR: 34.82413137743507
widthL: 54.547876636599774
widthR: 34.82413137743507
x0: 1255.8550659575442
