alphaL: 1.076434439298162
alphaR: 1.9392200670076736
event_sum: 0.9315982482366962
mean: 1171.0570923962168
nL: 1.0000000003657425
nR: 3.9803906774037934
norm: 0.9315982482366962
sigma: 120.0
sigmaL: 101.93464241627198
sigmaR: 93.08222910988921
widthL: 101.93464241627198
widthR: 93.08222910988921
x0: 1171.0570923962168
