alphaL: 0.907781595539997
alphaR: 1.512835550852685
event_sum: 9.315982227446511
fraction: 0.9411593069711678
mean: 1182.8397803427831
nL: 1.7936010391152533
nR: 4.419934643461205
norm: 8.611885842634365
sigma: 120.0
sigmaL: 101.68148995280151
sigmaR: 76.0860513223843
widthL: 101.68148995280151
widthR: 76.0860513223843
x0: 1182.8397803427831
