alphaL: 1.1938548510199556
alphaR: 1.8195704362275589
event_sum: 0.5967801998922369
mean: 1185.42231370762
nL: 1.4711054257651495
nR: 1.7290706607240258
norm: 0.5967801998922369
sigma: 120.0
sigmaL: 111.02909067499225
sigmaR: 75.86706554790486
widthL: 111.02909067499225
widthR: 75.86706554790486
x0: 1185.42231370762
