alphaL: 1.016778468287706
alphaR: 1.3135721803655305
event_sum: 0.6959067631250946
mean: 1194.985791347671
nL: 0.2001321526989363
nR: 1.7846743250515984
norm: 0.6959067631250946
sigma: 62.614524386707636
sigmaL: 115.90871858034471
sigmaR: 64.36494518539214
widthL: 115.90871858034471
widthR: 64.36494518539214
x0: 1194.985791347671
