alphaL: 0.9936117927088018
alphaR: 1.4957353016926498
event_sum: 0.6095432767033344
mean: 1189.9015229120532
nL: 1.9254803290447517
nR: 2.9062659334368064
norm: 0.6095432767033344
sigma: 120.0
sigmaL: 103.60997501954324
sigmaR: 70.70285169432819
widthL: 103.60997501954324
widthR: 70.70285169432819
x0: 1189.9015229120532
