alphaL: 1.1646994307530512
alphaR: 1.2802695397557557
event_sum: 0.9307473764492897
mean: 1200.1023702475236
nL: 1.0000000112356608
nR: 3.784375315289819
norm: 0.9307473764492897
sigma: 120.0
sigmaL: 129.12088361167238
sigmaR: 60.864406286464195
widthL: 129.12088361167238
widthR: 60.864406286464195
x0: 1200.1023702475236
