alphaL: 1.0899659293511677
alphaR: 1.7407476486020501
event_sum: 0.6106068664375925
mean: 1171.6934104892798
nL: 1.4384642030771224
nR: 3.878875607176925
norm: 0.6106068664375925
sigma: 120.0
sigmaL: 94.32177793815848
sigmaR: 85.83141931703977
widthL: 94.32177793815848
widthR: 85.83141931703977
x0: 1171.6934104892798
