alphaL: 0.9966934496326539
alphaR: 1.4889640556761952
event_sum: 0.6095432767033344
mean: 1190.3516542249326
nL: 1.9220727098363404
nR: 2.9048257811215787
norm: 0.6095432767033344
sigma: 120.0
sigmaL: 104.08506059901347
sigmaR: 70.21143698076604
widthL: 104.08506059901347
widthR: 70.21143698076604
x0: 1190.3516542249326
