alphaL: 1.1652958036749832
alphaR: 1.2829230856069942
event_sum: 0.9307473764492897
mean: 1200.2052084456632
nL: 1.000000011207909
nR: 3.793027152510155
norm: 0.9307473764492897
sigma: 120.0
sigmaL: 129.21196917278823
sigmaR: 60.85568728141451
widthL: 129.21196917278823
widthR: 60.85568728141451
x0: 1200.2052084456632
