alphaL: 1.0201181247235773
alphaR: 1.266378931921338
event_sum: 0.47765814965532627
mean: 1190.0422143742942
nL: 0.20028901180263112
nR: 1.7546673680037155
norm: 0.47765814965532627
sigma: 62.614524386707636
sigmaL: 96.17206539059916
sigmaR: 64.5641234788348
widthL: 96.17206539059916
widthR: 64.5641234788348
x0: 1190.0422143742942
