alphaL: 1.008723215805614
alphaR: 1.3448712456309695
event_sum: 6.106068497290835
fraction: 0.9499574137970113
mean: 1182.8721453309713
nL: 1.8807339411698305
nR: 4.356251254134029
norm: 5.776355688693002
sigma: 120.0
sigmaL: 98.12563741911079
sigmaR: 72.11879651095217
widthL: 98.12563741911079
widthR: 72.11879651095217
x0: 1182.8721453309713
