alphaL: 1.1670363736061087
alphaR: 1.609648877551252
event_sum: 0.9014986587571912
mean: 1185.3193863858892
nL: 0.8469140996855666
nR: 2.852513814075791
norm: 0.9014986587571912
sigma: 120.0
sigmaL: 113.50364900246302
sigmaR: 74.92799955576872
widthL: 113.50364900246302
widthR: 74.92799955576872
x0: 1185.3193863858892
