alphaL: 1.4968451261547997
alphaR: 1.472177466344506
event_sum: 3.3111730565331814
fraction: 0.777014557378159
mean: 2909.1160049981345
nL: 0.4
nR: 3.1282113448184257
norm: 1.6678762159653076
sigma: 165.20000000000002
sigmaL: 260.02634504863687
sigmaR: 127.51117268065849
widthL: 260.02634504863687
widthR: 127.51117268065849
x0: 2909.1160049981345
