alphaL: 1.1845294268787085
alphaR: 1.620769246014247
event_sum: 3.7863615619943936
fraction: 0.7327183847989426
mean: 2913.225212591776
nL: 0.4
nR: 3.4177893011173235
norm: 1.0077851128941806
sigma: 165.20000000000002
sigmaL: 197.44515906050475
sigmaR: 120.53012632331607
widthL: 197.44515906050475
widthR: 120.53012632331607
x0: 2913.225212591776
