alphaL: 0.657283864110948
alphaR: 2.1369435215657138
event_sum: 48.54159776148647
fraction: 0.9901955072877903
mean: 2942.416438574838
nL: 129.97713843426067
nR: 1.624608500229196
norm: 11.708706114704837
sigma: 209.73057646044026
sigmaL: 82.09585541208827
sigmaR: 71.23867829225237
widthL: 82.09585541208827
widthR: 71.23867829225237
x0: 2942.416438574838
