alphaL: 0.8136612987180927
alphaR: 1.6289805647341882
event_sum: 0.10780041432363437
mean: 2900.7130357316305
nL: 1.0039837982028377
nR: 4.03820348250416
norm: 0.10780041432363437
sigma: 165.20000000000002
sigmaL: 172.08985645978552
sigmaR: 129.9549537855047
widthL: 172.08985645978552
widthR: 129.9549537855047
x0: 2900.7130357316305
