alphaL: 0.9718186787883638
alphaR: 1.414910705196214
event_sum: 0.18008545697606904
mean: 2906.8642140117013
nL: 1.0333295356502257
nR: 3.025723330275961
norm: 0.18008545697606904
sigma: 165.20000000000002
sigmaL: 187.84242155933
sigmaR: 118.18787180533735
widthL: 187.84242155933
widthR: 118.18787180533735
x0: 2906.8642140117013
