alphaL: 1.450615870046208
alphaR: 1.7362257428781263
event_sum: 0.16926130688111224
mean: 2905.742608891433
nL: 0.1
nR: 2.500538524348954
norm: 0.16926130688111224
sigma: 165.20000000000002
sigmaL: 246.1239073735511
sigmaR: 130.4385255509178
widthL: 246.1239073735511
widthR: 130.4385255509178
x0: 2905.742608891433
