alphaL: 1.2933081503209407
alphaR: 1.5449226553809436
event_sum: 0.1012219365889909
mean: 2965.524279297542
nL: 0.5718863785256654
nR: 1.6861656677088885
norm: 0.1012219365889909
sigma: 165.20000000000002
sigmaL: 279.1108664831136
sigmaR: 93.9115371526486
widthL: 279.1108664831136
widthR: 93.9115371526486
x0: 2965.524279297542
