alphaL: 1.1082110693613794
alphaR: 2.2926863653649643
event_sum: 165.28433583163095
mean: 1102.8915044887237
nL: 142.59426011320764
nR: 4.407031568821144
norm_2016: 45.34893221663995
norm_2017: 53.46778884507554
norm_2018: 76.86545465869541
norm_Run2: 165.28433583163095
sigma: 54.37944198010429
sigmaL: 48.267670015802885
sigmaR: 34.700372737030385
widthL: 48.267670015802885
widthR: 34.700372737030385
x0: 1102.8915044887237
