alphaL: 1.0651354306283811
alphaR: 2.5340229543134107
event_sum: 76.5294503704776
mean: 1101.4101375145683
nL: 95.46876165989886
nR: 3.7761617382374237
norm_2016: 20.14186924353869
norm_2017: 25.209270394457896
norm_2018: 35.90174613132641
norm_Run2: 76.5294503704776
sigma: 54.37944198010429
sigmaL: 50.63523920162443
sigmaR: 33.08620490669915
widthL: 50.63523920162443
widthR: 33.08620490669915
x0: 1101.4101375145683
