alphaL: 0.7768358202840613
alphaR: 1.5140126956333564
event_sum: 31.77459479683934
mean: 1089.4664358012362
nL: 4.233704212689828
nR: 4.550363033913416
norm_2016: 8.54105688692174
norm_2017: 9.984132811283661
norm_2018: 13.80378479518904
norm_Run2: 31.77459479683934
sigma: 61.6
sigmaL: 58.945872922358916
sigmaR: 55.914073630764385
widthL: 58.945872922358916
widthR: 55.914073630764385
x0: 1089.4664358012362
