alphaL: 0.9723836101666194
alphaR: 1.8625265756392433
event_sum: 36.27382488905955
mean: 1105.2005671806335
nL: 72.93098820671486
nR: 5.417133684383841
norm_2016: 9.925589544742708
norm_2017: 11.25491668450679
norm_2018: 15.88644388548727
norm_Run2: 36.27382488905955
sigma: 57.050978364532675
sigmaL: 45.207167119107254
sigmaR: 34.106419840256265
widthL: 45.207167119107254
widthR: 34.106419840256265
x0: 1105.2005671806335
