alphaL: 0.8980753047487652
alphaR: 1.3168353602136875
event_sum: 29.043884189355992
mean: 1084.566074088514
nL: 2.3161888365167087
nR: 6.37497807098098
norm_2016: 7.87136628330683
norm_2017: 9.252400126138474
norm_2018: 12.39747083529649
norm_Run2: 29.043884189355992
sigma: 110.0
sigmaL: 93.12669899238365
sigmaR: 64.51401753978121
widthL: 93.12669899238365
widthR: 64.51401753978121
x0: 1084.566074088514
