alphaL: 1.151799772363713
alphaR: 1.4027288660822184
event_sum: 19.329339238494125
mean: 1093.4877921056268
nL: 3.4170277891934626
nR: 4.398916628673887
norm_2016: 5.11593081485598
norm_2017: 5.945096908176622
norm_2018: 8.689331013559213
norm_Run2: 19.329339238494125
sigma: 61.6
sigmaL: 76.69464382937875
sigmaR: 50.180315244852906
widthL: 76.69464382937875
widthR: 50.180315244852906
x0: 1093.4877921056268
