alphaL: 1.0465649995148367
alphaR: 1.3563993158129342
event_sum: 21.600782204775022
mean: 1288.6157247155152
nL: 3.9436222135716426
nR: 5.161048216292441
norm_2016: 5.544854538629836
norm_2017: 6.7142881309203775
norm_2018: 9.751382602705828
norm_Run2: 21.600782204775022
sigma: 72.80000000000001
sigmaL: 85.45939191187338
sigmaR: 58.618511197432284
widthL: 85.45939191187338
widthR: 58.618511197432284
x0: 1288.6157247155152
