alphaL: 0.9900519254917756
alphaR: 1.3163603880863721
event_sum: 0.8630478060222231
mean: 1962.8070670080413
nL: 1.0020151782787037
nR: 3.2683297021324176
norm: 0.8630478060222231
sigma: 200.0
sigmaL: 166.6701159530436
sigmaR: 102.1921344612492
widthL: 166.6701159530436
widthR: 102.1921344612492
x0: 1962.8070670080413
