alphaL: 0.5875338349266438
alphaR: 0.6418514113809858
event_sum: 0.6564680981682613
mean: 2022.3592707001524
nL: 1.0000288082949524
nR: 4.48836569131665
norm: 0.6564680981682613
sigma: 200.0
sigmaL: 253.07074660638963
sigmaR: 43.754887191783915
widthL: 253.07074660638963
widthR: 43.754887191783915
x0: 2022.3592707001524
