alphaL: 0.46885272759327506
alphaR: 1.4022109706844026
event_sum: 0.6564680981682613
mean: 1972.222713989759
nL: 1.0000001349263674
nR: 3.6857830931576614
norm: 0.6564680981682613
sigma: 200.0
sigmaL: 174.43580622445216
sigmaR: 102.95000789644732
widthL: 174.43580622445216
widthR: 102.95000789644732
x0: 1972.222713989759
