alphaL: 1.1114485585701712
alphaR: 1.290612713049783
event_sum: 20.700902676209807
fraction: 0.7413299285069143
mean: 1954.3932544122044
nL: 0.24619674810376757
nR: 8.148145003436314
norm: 5.3448133058846
sigma: 200.0
sigmaL: 190.45793944624734
sigmaR: 112.5789555688938
widthL: 190.45793944624734
widthR: 112.5789555688938
x0: 1954.3932544122044
