alphaL: 0.6857998443051561
alphaR: 2.0313057298439303
event_sum: 0.3894933195988415
mean: 1952.7162769651611
nL: 0.20000255510415338
nR: 2.047399846688173
norm: 0.3894933195988415
sigma: 108.61576865667557
sigmaL: 184.624607551398
sigmaR: 122.14749624626934
widthL: 184.624607551398
widthR: 122.14749624626934
x0: 1952.7162769651611
