alphaL: 0.9854794692896982
alphaR: 1.407336932576948
event_sum: 9.130722730886191
fraction: 0.7443777571447776
mean: 1956.220290439784
nL: 0.4000019292574321
nR: 4.349568127107541
norm: 5.228477195370942
sigma: 200.0
sigmaL: 190.36121189278427
sigmaR: 109.31643950999724
widthL: 190.36121189278427
widthR: 109.31643950999724
x0: 1956.220290439784
