alphaL: 1.3749863117868535
alphaR: 1.5278750464064588
event_sum: 0.6895407947595231
mean: 1950.1218422649752
nL: 0.2505812321277636
nR: 2.940503308200045
norm: 0.6895407947595231
sigma: 200.0
sigmaL: 179.05972314101285
sigmaR: 113.92246030893887
widthL: 179.05972314101285
widthR: 113.92246030893887
x0: 1950.1218422649752
