alphaL: 1.0324312003703875
alphaR: 1.2893505762408708
event_sum: 0.5125436924572568
mean: 1970.8362785005374
nL: 0.2000179528611198
nR: 1.9623101095641817
norm: 0.5125436924572568
sigma: 108.61576865667557
sigmaL: 185.48471184209927
sigmaR: 95.31768452258437
widthL: 185.48471184209927
widthR: 95.31768452258437
x0: 1970.8362785005374
