alphaL: 0.7889951454347718
alphaR: 1.3616516607684894
event_sum: 0.7442187705310062
mean: 1960.050709398844
nL: 1.0000633444450173
nR: 3.8949635590722207
norm: 0.7442187705310062
sigma: 200.0
sigmaL: 147.94798823946945
sigmaR: 106.70299730563819
widthL: 147.94798823946945
widthR: 106.70299730563819
x0: 1960.050709398844
