alphaL: 1.189971211109316
alphaR: 1.8205034961565958
event_sum: 0.5727060927310959
mean: 1936.1729223111056
nL: 0.12139106382903116
nR: 2.5309732915066023
norm: 0.5727060927310959
sigma: 200.0
sigmaL: 198.51438599083357
sigmaR: 131.79980051077902
widthL: 198.51438599083357
widthR: 131.79980051077902
x0: 1936.1729223111056
