alphaL: 1.2885895878817082
alphaR: 1.2283476743361714
event_sum: 8.630477455677465
fraction: 0.8041778739414183
mean: 1965.3493030271861
nL: 0.4197463147206989
nR: 4.019825595951069
norm: 6.468287744559348
sigma: 200.0
sigmaL: 186.11935331136107
sigmaR: 98.58151933285025
widthL: 186.11935331136107
widthR: 98.58151933285025
x0: 1965.3493030271861
