alphaL: 0.7628892183378957
alphaR: 1.303437048384032
event_sum: 0.7442187705310062
mean: 1953.7546987582894
nL: 1.001282542069816
nR: 3.8896718215290877
norm: 0.7442187705310062
sigma: 200.0
sigmaL: 139.4389676584448
sigmaR: 105.35294948279724
widthL: 139.4389676584448
widthR: 105.35294948279724
x0: 1953.7546987582894
