alphaL: 0.7766608857794145
alphaR: 1.2998753543005506
event_sum: 0.9130723370471969
mean: 1977.8715711106872
nL: 1.0000335567882594
nR: 4.490728633303032
norm: 0.9130723370471969
sigma: 200.0
sigmaL: 209.3540595213949
sigmaR: 95.73602990961521
widthL: 209.3540595213949
widthR: 95.73602990961521
x0: 1977.8715711106872
