alphaL: 0.8683132509170425
alphaR: 1.6607465410323319
event_sum: 2.3776379411089827
mean: 1528.7672064538008
nL: 2.4050771162536018
nR: 2.4861454024140395
norm: 2.3776379411089827
sigma: 86.80000000000001
sigmaL: 88.9427524910782
sigmaR: 77.39361840608248
widthL: 88.9427524910782
widthR: 77.39361840608248
x0: 1528.7672064538008
