alphaL: 1.0667176980880213
alphaR: 1.611599790764932
event_sum: 2.2372986862933537
mean: 1531.695230365066
nL: 2.5062802235970603
nR: 2.9389825059357753
norm: 2.2372986862933537
sigma: 86.80000000000001
sigmaL: 98.86452025002143
sigmaR: 71.60023935167118
widthL: 98.86452025002143
widthR: 71.60023935167118
x0: 1531.695230365066
