alphaL: 1.056941945569553
alphaR: 1.49994062792843
event_sum: 29.025279760980712
fraction: 0.9166891309240487
mean: 1530.8844527568558
nL: 1.1691708271004502
nR: 3.8173840659671474
norm: 25.207330958188937
sigma: 86.80000000000001
sigmaL: 93.12724436954197
sigmaR: 75.27812178741607
widthL: 93.12724436954197
widthR: 75.27812178741607
x0: 1530.8844527568558
