alphaL: 1.0637472605937965
alphaR: 1.4505182132220822
event_sum: 25.094073473748786
fraction: 0.9525678766551967
mean: 1535.9129697463056
nL: 2.226864540045242
nR: 3.69370823381873
norm: 23.185347551338634
sigma: 86.80000000000001
sigmaL: 99.87236233094774
sigmaR: 67.43645252387185
widthL: 99.87236233094774
widthR: 67.43645252387185
x0: 1535.9129697463056
