alphaL: 0.9713942955378823
alphaR: 1.3266922663047624
event_sum: 2.3113502431590875
mean: 1542.9891076107144
nL: 3.9687505260254197
nR: 3.569627070755594
norm: 2.3113502431590875
sigma: 86.80000000000001
sigmaL: 106.28142044542554
sigmaR: 60.224450465977654
widthL: 106.28142044542554
widthR: 60.224450465977654
x0: 1542.9891076107144
