alphaL: 0.9729480331667977
alphaR: 1.5147288388857136
event_sum: 2.4835062735747515
mean: 1529.3152546217825
nL: 1.547587058471222
nR: 3.726979596425726
norm: 2.4835062735747515
sigma: 86.80000000000001
sigmaL: 90.81108758208745
sigmaR: 76.5433230664717
widthL: 90.81108758208745
widthR: 76.5433230664717
x0: 1529.3152546217825
