alphaL: 1.2084256051797262
alphaR: 1.0589267150175299
event_sum: 0.25952349348661324
mean: 751.6998656600055
nL: 3.0896172754122646
nR: 2.7953594207649766
norm: 0.25952349348661324
sigma: 75.0
sigmaL: 77.3437902590938
sigmaR: 34.41276964452225
widthL: 77.3437902590938
widthR: 34.41276964452225
x0: 751.6998656600055
