alphaL: 1.4982899037576614
alphaR: 1.1787452034564416
event_sum: 2.233867872873575
fraction: 0.9768615548497761
mean: 751.7044888694579
nL: 1.2645730208520836
nR: 2.5667697702573378
norm: 2.201985703349343
sigma: 75.0
sigmaL: 79.78907174209478
sigmaR: 36.90831951418763
widthL: 79.78907174209478
widthR: 36.90831951418763
x0: 751.7044888694579
