alphaL: 0.9209223129815327
alphaR: 1.4961771531388106
event_sum: 5.517484240011869
fraction: 0.9907104774096687
mean: 736.6439996218844
nL: 1.5272014394092022
nR: 4.2830844585154555
norm: 5.4698647584862785
sigma: 75.0
sigmaL: 55.710882739347795
sigmaR: 53.389736214780314
widthL: 55.710882739347795
widthR: 53.389736214780314
x0: 736.6439996218844
