alphaL: 4.219757740247507
alphaR: 1.7204191786512497
event_sum: 0.6372236307426684
mean: 745.380182877599
nL: 0.7778057893017205
nR: 1.5837100642103104
norm: 0.6372236307426684
sigma: 75.0
sigmaL: 72.73079843592251
sigmaR: 49.354730396598
widthL: 72.73079843592251
widthR: 49.354730396598
x0: 745.380182877599
