alphaL: 0.9133805859438081
alphaR: 1.7898411041828337
event_sum: 0.638446010011984
mean: 731.1207552185803
nL: 1.612647586110096
nR: 2.9863272487634442
norm: 0.638446010011984
sigma: 75.0
sigmaL: 61.356448849237964
sigmaR: 58.69427442435416
widthL: 61.356448849237964
widthR: 58.69427442435416
x0: 731.1207552185803
