alphaL: 2.1681387010978592
alphaR: 2.0127240535424473
event_sum: 0.25863195528518385
mean: 732.6497191883249
nL: 1.3608063621723254
nR: 1.8571594534264204
norm: 0.25863195528518385
sigma: 75.0
sigmaL: 71.12998107555848
sigmaR: 60.466042807089
widthL: 71.12998107555848
widthR: 60.466042807089
x0: 732.6497191883249
