alphaL: 0.9637932834343474
alphaR: 1.2377643803911407
event_sum: 4.75457327467949
mean: 2800.7654571955163
nL: 0.7208493172061098
nR: 6.148323609598192
norm_2016: 1.2142227695794354
norm_2017: 1.42866218375012
norm_2018: 2.1642551207642247
norm_Run2: 4.75457327467949
sigma: 159.6
sigmaL: 150.69904909017384
sigmaR: 115.40709379499896
widthL: 150.69904909017384
widthR: 115.40709379499896
x0: 2800.7654571955163
