alphaL: 0.9355526807446253
alphaR: 1.0311232921646558
event_sum: 3.1909710151437527
mean: 2800.033647585002
nL: 0.1006166156852619
nR: 6.715385653434524
norm_2016: 0.7567521174356893
norm_2017: 0.9890738192005881
norm_2018: 1.4696167718548752
norm_Run2: 3.1909710151437527
sigma: 285.0
sigmaL: 225.33854216138468
sigmaR: 118.34074392803414
widthL: 225.33854216138468
widthR: 118.34074392803414
x0: 2800.033647585002
