alphaL: 0.7608253945403888
alphaR: 1.7864289301240002
event_sum: 24.67573366618645
mean: 2844.242185252186
nL: 20.189386719524105
nR: 2.642933925404349
norm_2016: 6.878293387526424
norm_2017: 7.621484619895193
norm_2018: 10.826913399807577
norm_Run2: 24.67573366618645
sigma: 194.92144016045756
sigmaL: 86.12212149574395
sigmaR: 73.77019777635475
widthL: 86.12212149574395
widthR: 73.77019777635475
x0: 2844.242185252186
