alphaL: 1.4120190614192567
alphaR: 1.6183308187358822
event_sum: 0.11467447612592241
mean: 3247.7147620077867
nL: 0.1
nR: 0.8628138001503266
norm: 0.11467447612592241
sigma: 325.0
sigmaL: 464.6697889594351
sigmaR: 113.55375638027557
widthL: 464.6697889594351
widthR: 113.55375638027557
x0: 3247.7147620077867
