alphaL: 0.616770321847038
alphaR: 0.9409555630216495
event_sum: 0.13313571826484863
mean: 3273.935127754609
nL: 0.9996254463371128
nR: 1.9834155226943424
norm: 0.13313571826484863
sigma: 325.0
sigmaL: 510.1271031082458
sigmaR: 77.83837823001878
widthL: 510.1271031082458
widthR: 77.83837823001878
x0: 3273.935127754609
