alphaL: 0.44494331110541663
alphaR: 0.43295711562576145
event_sum: 4.372438929896748
fraction: 0.5787220541305196
mean: 3292.787949529708
nL: 0.4
nR: 2.9459721320601564
norm: 0.5153799915812021
sigma: 325.0
sigmaL: 330.9031409441334
sigmaR: 47.81206107386802
widthL: 330.9031409441334
widthR: 47.81206107386802
x0: 3292.787949529708
