alphaL: 0.7385756930469751
alphaR: 0.9828999678285323
event_sum: 0.0629228458111272
mean: 3353.524887125868
nL: 0.1401743814631184
nR: 0.1
norm: 0.0629228458111272
sigma: 325.0
sigmaL: 323.5234351706281
sigmaR: 5.0
widthL: 323.5234351706281
widthR: 5.0
x0: 3353.524887125868
