alphaL: 0.8932004810731611
alphaR: 0.6566547892005169
event_sum: 3.2691057087847395
fraction: 0.6880268038928548
mean: 3276.3037139919093
nL: 0.6189349867035909
nR: 3.648023257465941
norm: 1.0395387301442505
sigma: 325.0
sigmaL: 422.91394327798554
sigmaR: 61.970179931842694
widthL: 422.91394327798554
widthR: 61.970179931842694
x0: 3276.3037139919093
