alphaL: 0.10706567729320583
alphaR: 0.3254892381222469
event_sum: 0.08101271141116509
mean: 3282.2922955402605
nL: 1.0072987212388334
nR: 2.3690103864504577
norm: 0.08101271141116509
sigma: 325.0
sigmaL: 890.5841473488542
sigmaR: 32.65318387474812
widthL: 890.5841473488542
widthR: 32.65318387474812
x0: 3282.2922955402605
