alphaL: 1.2874320481219534
alphaR: 1.5866960947484114
event_sum: 6.423688259020192
fraction: 0.795520959389749
mean: 2263.1569225156813
nL: 0.41771632089996213
nR: 3.4486132793113993
norm: 3.475106830553975
sigma: 128.8
sigmaL: 143.285408050491
sigmaR: 110.70997456771654
widthL: 143.285408050491
widthR: 110.70997456771654
x0: 2263.1569225156813
