alphaL: 1.0513343117671483
alphaR: 1.630774982757388
event_sum: 0.32989212208890034
mean: 2267.8249503070997
nL: 1.0607343004154886
nR: 3.654715509962835
norm: 0.32989212208890034
sigma: 128.8
sigmaL: 146.27315036253904
sigmaR: 106.98268135046328
widthL: 146.27315036253904
widthR: 106.98268135046328
x0: 2267.8249503070997
