alphaL: 0.7894160702688728
alphaR: 1.4409797871242371
event_sum: 0.31220502732453864
mean: 2272.59962810177
nL: 1.9721780378307854
nR: 2.697565690867314
norm: 0.31220502732453864
sigma: 128.8
sigmaL: 112.9514310071491
sigmaR: 96.82932498012597
widthL: 112.9514310071491
widthR: 96.82932498012597
x0: 2272.59962810177
