alphaL: 0.907629681973673
alphaR: 1.3735889860220483
event_sum: 6.566367385290483
fraction: 0.8973928392215447
mean: 2273.130939755472
nL: 1.5226555526096288
nR: 3.9860886825673236
norm: 4.991959934672655
sigma: 128.8
sigmaL: 125.14289063488714
sigmaR: 96.94248902533064
widthL: 125.14289063488714
widthR: 96.94248902533064
x0: 2273.130939755472
