alphaL: 0.9520161373193007
alphaR: 1.2528340253009844
event_sum: 0.48336703956840865
mean: 2279.481775059616
nL: 1.473402044729385
nR: 4.0397714825945625
norm: 0.48336703956840865
sigma: 128.8
sigmaL: 134.06583870805105
sigmaR: 89.3539607242253
widthL: 134.06583870805105
widthR: 89.3539607242253
x0: 2279.481775059616
