alphaL: 0.8214027286506337
alphaR: 1.5912523699399197
event_sum: 0.46075171592973596
mean: 2285.850749381738
nL: 2.8947926685805037
nR: 1.8796431750982803
norm: 0.46075171592973596
sigma: 128.8
sigmaL: 139.56420338678421
sigmaR: 94.4560291638656
widthL: 139.56420338678421
widthR: 94.4560291638656
x0: 2285.850749381738
