alphaL: 1.0004199143202834
alphaR: 2.282796817543737
event_sum: 32.24737221268955
mean: 1899.8130124026948
nL: 126.14080429101895
nR: 2.490783765296629
norm_2016: 8.399033002610835
norm_2017: 10.801915605141593
norm_2018: 15.6581995029112
norm_Run2: 32.24737221268955
sigma: 88.93793231832454
sigmaL: 76.36382459244456
sigmaR: 47.22383960654852
widthL: 76.36382459244456
widthR: 47.22383960654852
x0: 1899.8130124026948
