alphaL: 1.0168672723154735
alphaR: 1.3079296260292304
event_sum: 14.293279003726346
mean: 1852.3692792700895
nL: 0.3900244846881184
nR: 8.513566628595461
norm_2016: 3.753000798876865
norm_2017: 4.498384039862643
norm_2018: 6.2789093086508885
norm_Run2: 14.293279003726346
sigma: 190.0
sigmaL: 166.67261023885266
sigmaR: 109.9489910261116
widthL: 166.67261023885266
widthR: 109.9489910261116
x0: 1852.3692792700895
