alphaL: 0.8217173244017527
alphaR: 1.9291122530138027
event_sum: 31.288237015374733
mean: 1900.3450814302485
nL: 21.132140843021155
nR: 2.6414548437314567
norm_2016: 8.599976665090868
norm_2017: 9.618579707620773
norm_2018: 13.823551480399535
norm_Run2: 31.288237015374733
sigma: 101.74541645350581
sigmaL: 62.94597479577013
sigmaR: 52.40540215513008
widthL: 62.94597479577013
widthR: 52.40540215513008
x0: 1900.3450814302485
