alphaL: 0.9752103209994045
alphaR: 1.4146617279271667
event_sum: 20.56824090044565
mean: 1876.9441268267515
nL: 2.098186932002124
nR: 4.00361830127574
norm_2016: 5.026445461963425
norm_2017: 6.4720619178503975
norm_2018: 9.463116215919316
norm_Run2: 20.56824090044565
sigma: 106.4
sigmaL: 113.96702157817694
sigmaR: 81.39706609711527
widthL: 113.96702157817694
widthR: 81.39706609711527
x0: 1876.9441268267515
