alphaL: 1.4160549229855246
alphaR: 1.628471569321634
event_sum: 0.7648029291969877
mean: 1802.7230693261183
nL: 0.29679078127629693
nR: 2.9297765562745655
norm: 0.7648029291969877
sigma: 185.0
sigmaL: 171.49733374684882
sigmaR: 112.31285386763923
widthL: 171.49733374684882
widthR: 112.31285386763923
x0: 1802.7230693261183
