alphaL: 1.1859776123081573
alphaR: 1.339191295566192
event_sum: 9.121153704669887
fraction: 0.8478069913024194
mean: 1813.7078041052384
nL: 0.7385025434020223
nR: 4.458711131266279
norm: 7.229922338379989
sigma: 185.0
sigmaL: 169.77187585781905
sigmaR: 99.62626205040002
widthL: 169.77187585781905
widthR: 99.62626205040002
x0: 1813.7078041052384
