alphaL: 0.6581114579743805
alphaR: 0.8227900983893227
event_sum: 0.7977884108012754
mean: 1854.3581469451183
nL: 1.008774761616642
nR: 3.762706225946091
norm: 0.7977884108012754
sigma: 185.0
sigmaL: 190.97386939912406
sigmaR: 54.793866905760304
widthL: 190.97386939912406
widthR: 54.793866905760304
x0: 1854.3581469451183
