alphaL: 1.1256034121537295
alphaR: 1.6933262079846307
event_sum: 0.7053055476818361
mean: 1795.632766609187
nL: 0.2923847840545854
nR: 3.3393712378539773
norm: 0.7053055476818361
sigma: 185.0
sigmaL: 171.38800316213445
sigmaR: 117.4425505010468
widthL: 171.38800316213445
widthR: 117.4425505010468
x0: 1795.632766609187
