alphaL: 0.8431847354587954
alphaR: 1.544983153760496
event_sum: 0.8268190072037599
mean: 1797.0318935007883
nL: 1.0072216233884888
nR: 4.020317871980485
norm: 0.8268190072037599
sigma: 185.0
sigmaL: 134.72111516436473
sigmaR: 114.7752534204232
widthL: 134.72111516436473
widthR: 114.7752534204232
x0: 1797.0318935007883
