alphaL: 0.9994603946551668
alphaR: 1.269239277167165
event_sum: 9.941608790768955
fraction: 0.7908635635500266
mean: 1815.6586193455596
nL: 0.5656160985108168
nR: 4.455769603352108
norm: 6.532445459301734
sigma: 185.0
sigmaL: 177.9761268502651
sigmaR: 95.27786420723542
widthL: 177.9761268502651
widthR: 95.27786420723542
x0: 1815.6586193455596
