alphaL: 1.4261341108575865
alphaR: 1.499211505286034
event_sum: 0.7695994384602347
mean: 2864.6985917507127
nL: 4.091697043679161
nR: 3.2823803308033157
norm: 0.7695994384602347
sigma: 190.3426442035901
sigmaL: 121.90164360733829
sigmaR: 66.5410190924147
widthL: 121.90164360733829
widthR: 66.5410190924147
x0: 2864.6985917507127
