alphaL: 1.1116837338638594
alphaR: 1.4195142524461637
event_sum: 7.770892735543178
fraction: 0.9986186942344836
mean: 2863.12001547276
nL: 9.280819759661027
nR: 3.7316127218499053
norm: 7.700025325338107
sigma: 189.4165211965831
sigmaL: 112.38182906770592
sigmaR: 65.76608695919978
widthL: 112.38182906770592
widthR: 65.76608695919978
x0: 2863.12001547276
