alphaL: 1.1980650616718407
alphaR: 2.032807004115136
event_sum: 1.7868960176500974
mean: 2853.463342445402
nL: 4.516236660078488
nR: 3.779094476064884
norm: 1.7868960176500974
sigma: 125.7587115015728
sigmaL: 103.83928322043117
sigmaR: 68.58626335026165
widthL: 103.83928322043117
widthR: 68.58626335026165
x0: 2853.463342445402
