alphaL: 1.1678999896381976
alphaR: 2.0487056497044853
event_sum: 2.623344039852105
fraction: 0.9992983538830407
mean: 2854.2088253252896
nL: 10.0
nR: 3.9418321948661985
norm: 2.622663598277636
sigma: 125.78316367958739
sigmaL: 109.28464914463213
sigmaR: 65.1070718010378
widthL: 109.28464914463213
widthR: 65.1070718010378
x0: 2854.2088253252896
