alphaL: 2.1521622499813513
alphaR: 2.2504913283612176
event_sum: 1.7990803351700002
fraction: 0.9996263301525073
mean: 2875.076406998716
nL: 9.148000637668304
nR: 1.477785222008988
norm: 1.7987402016918843
sigma: 125.78316367958739
sigmaL: 141.4889317698283
sigmaR: 58.088586033992634
widthL: 141.4889317698283
widthR: 58.088586033992634
x0: 2875.076406998716
