alphaL: 1.3814585629725598
alphaR: 1.8928762716365422
event_sum: 1.795558830917844
mean: 2856.0686648022383
nL: 3.5941591106761717
nR: 4.001723854107717
norm: 1.795558830917844
sigma: 125.7587115015728
sigmaL: 110.85905975178011
sigmaR: 64.83577683340768
widthL: 110.85905975178011
widthR: 64.83577683340768
x0: 2856.0686648022383
