alphaL: 1.0171473478443918
alphaR: 2.137518783503885
event_sum: 15.384390330021748
fraction: 0.9986590332671448
mean: 2852.5999482555085
nL: 9.98313308408233
nR: 1.7400734622450091
norm: 15.349385636198477
sigma: 189.4165211965831
sigmaL: 101.55838658548542
sigmaR: 68.60122949242388
widthL: 101.55838658548542
widthR: 68.60122949242388
x0: 2852.5999482555085
