alphaL: 0.4552346656433043
alphaR: 2.421084813518276
event_sum: 1.5323951172346764
mean: 2833.2069881711054
nL: 4.978035591142494
nR: 1.361181444605084
norm: 1.5323951172346764
sigma: 190.3426442035901
sigmaL: 45.578198129145676
sigmaR: 79.12724402159343
widthL: 45.578198129145676
widthR: 79.12724402159343
x0: 2833.2069881711054
