alphaL: 1.3631900423665635
alphaR: 2.0704032218515636
event_sum: 2.6187509605271293
mean: 2856.99170544405
nL: 4.487744859312279
nR: 3.2174163796007043
norm: 2.6187509605271293
sigma: 125.7587115015728
sigmaL: 116.59757587285567
sigmaR: 64.19284069539262
widthL: 116.59757587285567
widthR: 64.19284069539262
x0: 2856.99170544405
