alphaL: 1.1345483181342144
alphaR: 1.821767266128132
event_sum: 0.768705293523523
mean: 2853.940877587579
nL: 4.721327048103692
nR: 2.317657800996194
norm: 0.768705293523523
sigma: 190.3426442035901
sigmaL: 102.93578866359454
sigmaR: 75.66198121726372
widthL: 102.93578866359454
widthR: 75.66198121726372
x0: 2853.940877587579
