alphaL: 1.40876123003255
alphaR: 1.0769652554414044
event_sum: 2.6085276998471367
mean: 2881.054558405945
nL: 4.759893751473527
nR: 3.6870140687903534
norm: 2.6085276998471367
sigma: 125.7587115015728
sigmaL: 131.16766521899694
sigmaR: 31.905691476648848
widthL: 131.16766521899694
widthR: 31.905691476648848
x0: 2881.054558405945
