alphaL: 1.5048962107633261
alphaR: 1.6876735891448849
event_sum: 1.534507930366149
mean: 2866.8278034945556
nL: 4.354837437860978
nR: 2.664738541939448
norm: 1.534507930366149
sigma: 190.3426442035901
sigmaL: 129.3636308514447
sigmaR: 59.00646495079582
widthL: 129.3636308514447
widthR: 59.00646495079582
x0: 2866.8278034945556
