alphaL: 1.0409298200041044
alphaR: 2.0005202658483983
event_sum: 1.8771062635717262
fraction: 0.9988214045767129
mean: 2747.647786928798
nL: 9.726919860746968
nR: 2.5371571977658713
norm: 1.8769037096689705
sigma: 125.85724580181437
sigmaL: 96.64281577681574
sigmaR: 61.80907376370919
widthL: 96.64281577681574
widthR: 61.80907376370919
x0: 2747.647786928798
