alphaL: 1.3069544206164345
alphaR: 2.243506097134932
event_sum: 1.2080795126206265
mean: 2751.6078891993798
nL: 4.490174857239312
nR: 1.3853253454444514
norm: 1.2080795126206265
sigma: 174.15894572057454
sigmaL: 114.32871301618188
sigmaR: 61.340129832160194
widthL: 114.32871301618188
widthR: 61.340129832160194
x0: 2751.6078891993798
