alphaL: 1.0637606720248838
alphaR: 1.875164189169679
event_sum: 1.9621257173027133
mean: 2748.5976359259303
nL: 4.770411577439098
nR: 3.3829955126838582
norm: 1.9621257173027133
sigma: 126.54736998323457
sigmaL: 95.85370997516347
sigmaR: 60.25914566979441
widthL: 95.85370997516347
widthR: 60.25914566979441
x0: 2748.5976359259303
