alphaL: 1.3895113279755633
alphaR: 1.2984010476878083
event_sum: 0.7350174638406675
mean: 2766.494938876772
nL: 3.4433923493024223
nR: 2.9924244392810646
norm: 0.7350174638406675
sigma: 174.15894572057454
sigmaL: 120.58938341271642
sigmaR: 45.87029253297902
widthL: 120.58938341271642
widthR: 45.87029253297902
x0: 2766.494938876772
