alphaL: 1.089542766483503
alphaR: 2.239496346363545
event_sum: 1.205215863228873
mean: 2745.250924466368
nL: 4.74767545777735
nR: 1.5731063230912536
norm: 1.205215863228873
sigma: 174.15894572057454
sigmaL: 99.85110260130782
sigmaR: 64.06957646873661
widthL: 99.85110260130782
widthR: 64.06957646873661
x0: 2745.250924466368
