alphaL: 0.9471175081374469
alphaR: 2.3285326641418003
event_sum: 11.71788371118295
fraction: 0.9970034424732203
mean: 2745.308474042055
nL: 10.0
nR: 1.31749076141413
norm: 11.691861023174729
sigma: 173.15722838763205
sigmaL: 97.00446752770881
sigmaR: 64.60406414896192
widthL: 97.00446752770881
widthR: 64.60406414896192
x0: 2745.308474042055
