alphaL: 1.3200417958042665
alphaR: 2.2125792703186864
event_sum: 2.5053423506932644
mean: 2750.655509559659
nL: 4.474860543087109
nR: 2.2963576499395937
norm: 2.5053423506932644
sigma: 126.54736998323457
sigmaL: 114.50912725989706
sigmaR: 59.05234183188418
widthL: 114.50912725989706
widthR: 59.05234183188418
x0: 2750.655509559659
