alphaL: 1.100901633381529
alphaR: 2.379260290177401
event_sum: 2.3618627810744157
fraction: 0.9985414992639813
mean: 2745.5654962255453
nL: 10.0
nR: 2.0175570354643053
norm: 2.3613335593923748
sigma: 125.85724580181437
sigmaL: 105.16810086618938
sigmaR: 62.19524795214009
widthL: 105.16810086618938
widthR: 62.19524795214009
x0: 2745.5654962255453
