alphaL: 1.6285319306051895
alphaR: 1.2465409275050108
event_sum: 0.7362572468246923
mean: 2775.0455388962414
nL: 3.6427620262384663
nR: 3.298301329353944
norm: 0.7362572468246923
sigma: 174.15894572057454
sigmaL: 137.94904313987303
sigmaR: 45.75017147086311
widthL: 137.94904313987303
widthR: 45.75017147086311
x0: 2775.0455388962414
