alphaL: 1.1002908153555755
alphaR: 2.3286223560884944
event_sum: 2.495335548817551
mean: 2745.451412732552
nL: 5.0
nR: 2.1002650186832037
norm: 2.495335548817551
sigma: 126.54736998323457
sigmaL: 103.29933656493299
sigmaR: 61.79801699545604
widthL: 103.29933656493299
widthR: 61.79801699545604
x0: 2745.451412732552
