alphaL: 1.2165673364371319
alphaR: 1.3925497251343701
event_sum: 7.170048808078337
fraction: 0.9982640625098367
mean: 2764.4409314461604
nL: 9.542641603867594
nR: 3.086501938265599
norm: 7.1308305905685065
sigma: 173.15722838763205
sigmaL: 120.91627495541465
sigmaR: 52.51869564903534
widthL: 120.91627495541465
widthR: 52.51869564903534
x0: 2764.4409314461604
