alphaL: 1.1970171931236502
alphaR: 2.0445661124165886
event_sum: 1.9717474273695386
mean: 2741.9084626002373
nL: 3.591077412536925
nR: 4.220632170379338
norm: 1.9717474273695386
sigma: 126.54736998323457
sigmaL: 95.06219475657073
sigmaR: 66.4895974655085
widthL: 95.06219475657073
widthR: 66.4895974655085
x0: 2741.9084626002373
