alphaL: 1.0519964080759614
alphaR: 1.4959889848177252
event_sum: 0.10829050016285752
mean: 2936.710214126767
nL: 1.713611642107951
nR: 1.6230488997702865
norm: 0.10829050016285752
sigma: 165.20000000000002
sigmaL: 195.76535941744922
sigmaR: 102.16673674154231
widthL: 195.76535941744922
widthR: 102.16673674154231
x0: 2936.710214126767
