alphaL: 0.5637216645585107
alphaR: 1.4874188197757916
event_sum: 0.2141345422287345
mean: 2892.405891597555
nL: 2.3270521696584963
nR: 2.7465957933836456
norm: 0.2141345422287345
sigma: 165.20000000000002
sigmaL: 103.92845331454832
sigmaR: 129.9724707901282
widthL: 103.92845331454832
widthR: 129.9724707901282
x0: 2892.405891597555
