alphaL: 0.9358280844161908
alphaR: 1.0195417923846186
event_sum: 0.11765646368553073
mean: 2950.1978079190517
nL: 1.0052211273678038
nR: 2.5287158301876085
norm: 0.11765646368553073
sigma: 165.20000000000002
sigmaL: 171.83489608700063
sigmaR: 74.67093780089834
widthL: 171.83489608700063
widthR: 74.67093780089834
x0: 2950.1978079190517
