alphaL: 0.818785272243731
alphaR: 1.2667831030163028
event_sum: 4.4848787675190005
fraction: 0.8625895065290261
mean: 2910.5728106530764
nL: 1.2780714492174847
nR: 4.484476887952693
norm: 2.359978766225328
sigma: 165.20000000000002
sigmaL: 142.20431559296185
sigmaR: 116.95301322880285
widthL: 142.20431559296185
widthR: 116.95301322880285
x0: 2910.5728106530764
