alphaL: 1.0132806456505985
alphaR: 1.194544715847235
event_sum: 0.22536897878156653
mean: 2935.760897295682
nL: 0.9957561026683762
nR: 2.586389062262999
norm: 0.22536897878156653
sigma: 165.20000000000002
sigmaL: 175.9720521541724
sigmaR: 95.6888229173243
widthL: 175.9720521541724
widthR: 95.6888229173243
x0: 2935.760897295682
