alphaL: 1.158636246756191
alphaR: 1.1846547457325458
event_sum: 4.883677293718996
fraction: 0.7292551037049458
mean: 2924.339665531859
nL: 0.4
nR: 4.293153509795822
norm: 1.2833432341251876
sigma: 165.20000000000002
sigmaL: 181.4444439653156
sigmaR: 104.48193196276605
widthL: 181.4444439653156
widthR: 104.48193196276605
x0: 2924.339665531859
