alphaL: 1.5583679014734055
alphaR: 2.769295716093285
event_sum: 38.85442036222117
mean: 949.4105203953895
nL: 4.482876444289133
nR: 4.35162309695545
norm: 38.85442036222117
sigma: 47.18577219192289
sigmaL: 48.39353585009161
sigmaR: 30.33722406660903
widthL: 48.39353585009161
widthR: 30.33722406660903
x0: 949.4105203953895
