alphaL: 1.3813664972857314
alphaR: 2.7859497081813767
event_sum: 38.84740707296413
fraction: 0.999829566909393
mean: 948.5589541349879
nL: 10.0
nR: 3.7815129142321817
norm: 38.847633754733366
sigma: 47.22490646564817
sigmaL: 46.62099137809092
sigmaR: 30.818577106710716
widthL: 46.62099137809092
widthR: 30.818577106710716
x0: 948.5589541349879
