alphaL: 1.6287723047724392
alphaR: 2.338667262220711
event_sum: 93.18785375020862
fraction: 0.9998041719334883
mean: 953.3789782308752
nL: 9.984703616349144
nR: 3.364325705800056
norm: 93.18487066116647
sigma: 47.22490646564817
sigmaL: 49.79898506608188
sigmaR: 30.09884184022518
widthL: 49.79898506608188
widthR: 30.09884184022518
x0: 953.3789782308752
