alphaL: 1.6041950516537806
alphaR: 2.057938033681381
event_sum: 1.5642941324074966
mean: 954.9142925916937
nL: 4.312750364953423
nR: 3.371072258192287
norm: 1.5642941324074966
sigma: 49.06433350828399
sigmaL: 48.011649372221704
sigmaR: 30.460581996693843
widthL: 48.011649372221704
widthR: 30.460581996693843
x0: 954.9142925916937
