alphaL: 1.4293934953828873
alphaR: 2.1398195110657827
event_sum: 1.5588233360481318
mean: 953.4977741022826
nL: 3.6619240416232155
nR: 2.8134292222379527
norm: 1.5588233360481318
sigma: 49.06433350828399
sigmaL: 45.80207474412415
sigmaR: 31.26339364366189
widthL: 45.80207474412415
widthR: 31.26339364366189
x0: 953.4977741022826
