alphaL: 1.7879326979963195
alphaR: 2.3468706450058816
event_sum: 93.22082432273105
mean: 953.8660752093314
nL: 4.498133279800321
nR: 3.4014355026570082
norm: 93.22082432273105
sigma: 47.18577219192289
sigmaL: 50.69991438248004
sigmaR: 29.89487903802655
widthL: 50.69991438248004
widthR: 29.89487903802655
x0: 953.8660752093314
