alphaL: 1.1683373723416581
alphaR: 2.641838545311516
event_sum: 82.1517269424093
fraction: 0.9937608274770344
mean: 952.2573699878321
nL: 99.14401088725708
nR: 3.897688346166915
norm: 38.73461335917023
sigma: 47.715023693354794
sigmaL: 47.24450996260266
sigmaR: 29.894039242172134
widthL: 47.24450996260266
widthR: 29.894039242172134
x0: 952.2573699878321
