alphaL: 1.5440839364460623
alphaR: 2.581474918517849
event_sum: 92.98061638352101
mean: 952.1017436033786
nL: 4.97742500536602
nR: 2.020013797093023
norm: 92.98061638352101
sigma: 47.18577219192289
sigmaL: 47.89181952670186
sigmaR: 30.918625351714883
widthL: 47.89181952670186
widthR: 30.918625351714883
x0: 952.1017436033786
