alphaL: 1.4760572741565952
alphaR: 2.5045255161930413
event_sum: 0.8824989737868805
mean: 950.5878508689265
nL: 4.2174682371331125
nR: 3.3187928169414014
norm: 0.8824989737868805
sigma: 49.06433350828399
sigmaL: 46.24974461757045
sigmaR: 29.265709935535423
widthL: 46.24974461757045
widthR: 29.265709935535423
x0: 950.5878508689265
