alphaL: 1.469442856538296
alphaR: 2.516281774262755
event_sum: 8.828753472479512
fraction: 0.9999019390038139
mean: 952.4917262110295
nL: 7.328690679955642
nR: 4.357541438136684
norm: 8.828747643501067
sigma: 49.05963084307465
sigmaL: 48.59710346316838
sigmaR: 28.17688961052211
widthL: 48.59710346316838
widthR: 28.17688961052211
x0: 952.4917262110295
