alphaL: 1.2893649915429162
alphaR: 2.125353967108628
event_sum: 15.65264604266922
fraction: 0.9995869078796474
mean: 952.2111457897902
nL: 9.906711057875075
nR: 3.4783952879503657
norm: 15.65007685686045
sigma: 49.05963084307465
sigmaL: 43.59411292072371
sigmaR: 31.86591279774822
widthL: 43.59411292072371
widthR: 31.86591279774822
x0: 952.2111457897902
