alphaL: 1.3249845455358873
alphaR: 2.9305475274101607
event_sum: 38.707878470362886
mean: 948.1984707455866
nL: 4.96447240863409
nR: 3.7319560747580613
norm: 38.707878470362886
sigma: 47.18577219192289
sigmaL: 45.39606180736764
sigmaR: 30.904401520878505
widthL: 45.39606180736764
widthR: 30.904401520878505
x0: 948.1984707455866
