alphaL: 1.3883573583043956
alphaR: 3.0847885434755065
event_sum: 0.879630177213174
mean: 948.9801218590167
nL: 3.2674725477216735
nR: 1.491421414724817
norm: 0.879630177213174
sigma: 49.06433350828399
sigmaL: 43.78823472980245
sigmaR: 30.197621917479996
widthL: 43.78823472980245
widthR: 30.197621917479996
x0: 948.9801218590167
