alphaL: 1.1211330183985593
alphaR: 2.208269667387636
event_sum: 1.213215359157106
mean: 2796.081662653423
nL: 4.761303369865185
nR: 1.6463720264937927
norm: 1.213215359157106
sigma: 182.56958396040523
sigmaL: 103.79100215016622
sigmaR: 64.6589896132378
widthL: 103.79100215016622
widthR: 64.6589896132378
x0: 2796.081662653423
