alphaL: 1.0912709011241262
alphaR: 2.3395712313600976
event_sum: 2.2884654272658627
mean: 2794.608103607408
nL: 5.0
nR: 2.067299887243558
norm: 2.2884654272658627
sigma: 129.4394698507762
sigmaL: 104.39623755372867
sigmaR: 63.10548921572178
widthL: 104.39623755372867
widthR: 63.10548921572178
x0: 2794.608103607408
