alphaL: 1.0495233349388697
alphaR: 1.9148517360939692
event_sum: 1.7842500040763951
mean: 2797.762479929274
nL: 4.767843996400368
nR: 3.18283803160018
norm: 1.7842500040763951
sigma: 129.4394698507762
sigmaL: 96.24366244888141
sigmaR: 61.589162160623836
widthL: 96.24366244888141
widthR: 61.589162160623836
x0: 2797.762479929274
