alphaL: 0.8822473660511998
alphaR: 2.0765659996936536
event_sum: 5.93355969943461
fraction: 0.9928339529172729
mean: 2792.192227211221
nL: 19.1957717626895
nR: 2.981501496179887
norm: 1.7005035153379053
sigma: 126.15452272926126
sigmaL: 89.10269959789233
sigmaR: 69.19105357347901
widthL: 89.10269959789233
widthR: 69.19105357347901
x0: 2792.192227211221
