alphaL: 1.3231809756450843
alphaR: 2.1956050852763
event_sum: 1.215822584040102
mean: 2802.2654315918658
nL: 4.4917607968177915
nR: 1.4894300451799531
norm: 1.215822584040102
sigma: 182.56958396040523
sigmaL: 117.328876230969
sigmaR: 61.829538122370685
widthL: 117.328876230969
widthR: 61.829538122370685
x0: 2802.2654315918658
