alphaL: 1.3157193338756197
alphaR: 2.165796829947497
event_sum: 2.2973983735639485
mean: 2800.6594615438066
nL: 4.4788367483883285
nR: 2.544766913526234
norm: 2.2973983735639485
sigma: 129.4394698507762
sigmaL: 116.26703553769646
sigmaR: 59.64417777435209
widthL: 116.26703553769646
widthR: 59.64417777435209
x0: 2800.6594615438066
