alphaL: 1.0310520034685229
alphaR: 1.996072158863151
event_sum: 1.7096818422515452
fraction: 0.9988191218676605
mean: 2797.2747874313927
nL: 9.70397919469443
nR: 2.5468732743867135
norm: 1.709581494603321
sigma: 128.5976034297908
sigmaL: 97.75044990617641
sigmaR: 62.736368631973235
widthL: 97.75044990617641
widthR: 62.736368631973235
x0: 2797.2747874313927
