alphaL: 0.9425887004836297
alphaR: 2.3042450800005785
event_sum: 11.769955190423577
fraction: 0.9972344601314789
mean: 2794.8929831898217
nL: 10.0
nR: 1.3838619535475094
norm: 11.741974723750285
sigma: 181.5082998706973
sigmaL: 98.06012327179094
sigmaR: 65.77150504494186
widthL: 98.06012327179094
widthR: 65.77150504494186
x0: 2794.8929831898217
