alphaL: 1.1516663678174552
alphaR: 2.043444267292795
event_sum: 1.7931689804053716
mean: 2790.395868878873
nL: 3.693780944947364
nR: 4.137526904666456
norm: 1.7931689804053716
sigma: 129.4394698507762
sigmaL: 93.6145268607889
sigmaR: 67.93061302751289
widthL: 93.6145268607889
widthR: 67.93061302751289
x0: 2790.395868878873
