alphaL: 1.6205119156591232
alphaR: 1.269697505270838
event_sum: 0.7291540610344842
mean: 2824.0726636640593
nL: 3.685718011319727
nR: 3.2914336357201384
norm: 0.7291540610344842
sigma: 182.56958396040523
sigmaL: 139.24378355902005
sigmaR: 47.451601415155494
widthL: 139.24378355902005
widthR: 47.451601415155494
x0: 2824.0726636640593
