alphaL: 1.4199822675468647
alphaR: 1.1212336761907282
event_sum: 0.7280918563702113
mean: 2821.6427945752225
nL: 3.653191636886721
nR: 3.3168020750056737
norm: 0.7280918563702113
sigma: 182.56958396040523
sigmaL: 127.09074413702706
sigmaR: 40.19936322060313
widthL: 127.09074413702706
widthR: 40.19936322060313
x0: 2821.6427945752225
