alphaL: 1.0936175436555318
alphaR: 2.3364450964081116
event_sum: 2.169146687712079
fraction: 0.9985885397882849
mean: 2795.5799950338233
nL: 10.0
nR: 2.178629305659512
norm: 2.168617866317896
sigma: 128.5976034297908
sigmaL: 106.79506818161275
sigmaR: 62.76958009294458
widthL: 106.79506818161275
widthR: 62.76958009294458
x0: 2795.5799950338233
