alphaL: 1.1972722226612804
alphaR: 1.3906449798152787
event_sum: 7.090588622189834
fraction: 0.9983439529568547
mean: 2813.9341021397036
nL: 9.564139715569679
nR: 3.1527557054534014
norm: 7.0464856299226915
sigma: 181.5082998706973
sigmaL: 121.19512445995795
sigmaR: 53.779595994341626
widthL: 121.19512445995795
widthR: 53.779595994341626
x0: 2813.9341021397036
