alphaL: 1.2361488442146298
alphaR: 1.9191408058943102
event_sum: 1.9393866855164072
mean: 2100.3241394687993
nL: 4.415498933302722
nR: 2.2239396343485835
norm: 1.9393866855164072
sigma: 115.64089393805874
sigmaL: 87.0745358623187
sigmaR: 49.391266521701795
widthL: 87.0745358623187
widthR: 49.391266521701795
x0: 2100.3241394687993
