alphaL: 1.2342161594212182
alphaR: 1.902005689393671
event_sum: 11.058427711556307
mean: 2093.3723479485384
nL: 4.769604243210964
nR: 4.554447454003301
norm: 11.058427711556307
sigma: 95.34999713760092
sigmaL: 79.90495875721818
sigmaR: 53.38511775666497
widthL: 79.90495875721818
widthR: 53.38511775666497
x0: 2093.3723479485384
