alphaL: 1.2570375434183354
alphaR: 2.0261177853508605
event_sum: 11.925615529016127
mean: 2094.755506278205
nL: 4.820218587901245
nR: 3.829669042170757
norm: 11.925615529016127
sigma: 95.34999713760092
sigmaL: 87.5230049167292
sigmaR: 50.24891621266481
widthL: 87.5230049167292
widthR: 50.24891621266481
x0: 2094.755506278205
