alphaL: 1.2493596618366356
alphaR: 1.864971713434423
event_sum: 1.3031873009353832
mean: 2098.512821788251
nL: 3.7705985660999413
nR: 2.281010423026907
norm: 1.3031873009353832
sigma: 115.64089393805874
sigmaL: 83.92578539391181
sigmaR: 55.6891333878701
widthL: 83.92578539391181
widthR: 55.6891333878701
x0: 2098.512821788251
