alphaL: 1.1874616054314016
alphaR: 2.0325299485157653
event_sum: 11.125713007169704
fraction: 0.9992276155318072
mean: 2091.0813404542987
nL: 9.146890646514729
nR: 4.4312154309277165
norm: 11.124242737140387
sigma: 95.27606609782039
sigmaL: 78.28295941981071
sigmaR: 55.097798005700895
widthL: 78.28295941981071
widthR: 55.097798005700895
x0: 2091.0813404542987
