alphaL: 1.380548232097
alphaR: 1.8780004582468015
event_sum: 1.9457449226041679
mean: 2103.7116395587864
nL: 4.4755881003499
nR: 2.2279764547875565
norm: 1.9457449226041679
sigma: 115.64089393805874
sigmaL: 94.25131918304929
sigmaR: 47.90466290757714
widthL: 94.25131918304929
widthR: 47.90466290757714
x0: 2103.7116395587864
