alphaL: 1.1167974458705276
alphaR: 1.9406493176777395
event_sum: 19.50166635839382
fraction: 0.9973260144127721
mean: 2099.627810676874
nL: 10.0
nR: 2.2102251758493736
norm: 19.47808130258065
sigma: 115.65520435855348
sigmaL: 85.68822221725715
sigmaR: 50.113471743961746
widthL: 85.68822221725715
widthR: 50.113471743961746
x0: 2099.627810676874
