alphaL: 1.3770246900325294
alphaR: 1.958916997136008
event_sum: 11.098053736360614
mean: 2095.500422304865
nL: 4.493754205837598
nR: 4.179682310598571
norm: 11.098053736360614
sigma: 95.34999713760092
sigmaL: 84.80032835166682
sigmaR: 52.46298578256984
widthL: 84.80032835166682
widthR: 52.46298578256984
x0: 2095.500422304865
