alphaL: 1.3456540409205935
alphaR: 2.1168729511098237
event_sum: 11.997091050554692
fraction: 0.9990278754497396
mean: 2096.3287068852537
nL: 9.804219916751205
nR: 2.8161677906696903
norm: 11.995263534128474
sigma: 95.27606609782039
sigmaL: 92.85599255507036
sigmaR: 49.32373408712876
widthL: 92.85599255507036
widthR: 49.32373408712876
x0: 2096.3287068852537
