alphaL: 1.0021656624553807
alphaR: 1.9224687927914448
event_sum: 13.116769557697197
fraction: 0.9965491554007028
mean: 2094.880050834355
nL: 10.0
nR: 2.183336314073813
norm: 13.095729047024134
sigma: 115.65520435855348
sigmaL: 75.12655077145477
sigmaR: 57.564772028902425
widthL: 75.12655077145477
widthR: 57.564772028902425
x0: 2094.880050834355
