alphaL: 1.5037138383436397
alphaR: 2.014932450290153
event_sum: 11.978364126536597
mean: 2098.4314751596653
nL: 4.499471365127437
nR: 3.4410082423050623
norm: 11.978364126536597
sigma: 95.34999713760092
sigmaL: 96.46618291393087
sigmaR: 48.56616404149708
widthL: 96.46618291393087
widthR: 48.56616404149708
x0: 2098.4314751596653
