alphaL: 0.9978172526014295
alphaR: 2.226312609077606
event_sum: 24.659551125815867
fraction: 0.9942362190753012
mean: 2097.4417272067917
nL: 115.16193045437572
nR: 2.595303680491651
norm: 11.947644465895602
sigma: 96.98056257854071
sigmaL: 82.14591626824554
sigmaR: 51.59280232471909
widthL: 82.14591626824554
widthR: 51.59280232471909
x0: 2097.4417272067917
