alphaL: 1.3620612808489672
alphaR: 1.7811478066649573
event_sum: 1.3074689476123647
mean: 2102.195414194697
nL: 4.245678422631867
nR: 2.591838206229174
norm: 1.3074689476123647
sigma: 115.64089393805874
sigmaL: 89.50657154274928
sigmaR: 53.3222720008298
widthL: 89.50657154274928
widthR: 53.3222720008298
x0: 2102.195414194697
