alphaL: 1.0777276510464286
alphaR: 1.699213142137468
event_sum: 8.661599575636048
fraction: 0.9980492935486636
mean: 1906.5890275176998
nL: 9.973085462178721
nR: 3.184293506216794
norm: 8.65415504279154
sigma: 99.99800439224234
sigmaL: 76.51266146630866
sigmaR: 45.199483830038105
widthL: 76.51266146630866
widthR: 45.199483830038105
x0: 1906.5890275176998
