alphaL: 1.3759549114832723
alphaR: 1.9727391478764764
event_sum: 8.86446656185163
mean: 1902.7861455235488
nL: 4.656527929090214
nR: 3.4802973459190834
norm: 8.86446656185163
sigma: 90.57500617145672
sigmaL: 88.70975796536547
sigmaR: 43.87293827367253
widthL: 88.70975796536547
widthR: 43.87293827367253
x0: 1902.7861455235488
