alphaL: 0.816171561119044
alphaR: 2.109303968760867
event_sum: 9.840448387017926
fraction: 0.9971035227700181
mean: 1895.75835488682
nL: 10.0
nR: 2.005561065480446
norm: 9.833532960701547
sigma: 99.99800439224234
sigmaL: 68.58281006959436
sigmaR: 48.03282950896193
widthL: 68.58281006959436
widthR: 48.03282950896193
x0: 1895.75835488682
