alphaL: 1.219588646571423
alphaR: 1.7259187953361645
event_sum: 0.8904595780709427
mean: 1906.0929473182275
nL: 4.52991819842785
nR: 3.0685316070992243
norm: 0.8904595780709427
sigma: 99.86560005877459
sigmaL: 78.2325914757914
sigmaR: 46.41307127863855
widthL: 78.2325914757914
widthR: 46.41307127863855
x0: 1906.0929473182275
