alphaL: 1.125986015355007
alphaR: 2.2708644851928037
event_sum: 9.807967590598043
fraction: 0.9987790277383235
mean: 1897.365576277592
nL: 9.92634135927066
nR: 2.5763237688591283
norm: 9.805918128624311
sigma: 89.88785053159874
sigmaL: 72.19285118420542
sigmaR: 49.83458618966182
widthL: 72.19285118420542
widthR: 49.83458618966182
x0: 1897.365576277592
