alphaL: 1.1946219094965311
alphaR: 1.6749864757856605
event_sum: 0.8872993541429546
mean: 1907.2990243402016
nL: 4.345454825431648
nR: 3.4142200098706703
norm: 0.8872993541429546
sigma: 99.86560005877459
sigmaL: 77.22869127431633
sigmaR: 44.99878991021527
widthL: 77.22869127431633
widthR: 44.99878991021527
x0: 1907.2990243402016
