alphaL: 1.2382809301789963
alphaR: 2.0259910124498814
event_sum: 1.010383203945545
mean: 1896.5724619196653
nL: 3.9878029702812308
nR: 2.9567078135179052
norm: 1.010383203945545
sigma: 99.86560005877459
sigmaL: 75.83364250029277
sigmaR: 48.40306060651614
widthL: 75.83364250029277
widthR: 48.40306060651614
x0: 1896.5724619196653
