alphaL: 1.5789508042626879
alphaR: 1.9382362337299752
event_sum: 8.898558605609693
mean: 1905.3708486352225
nL: 4.499316108527739
nR: 3.454695278995056
norm: 8.898558605609693
sigma: 90.57500617145672
sigmaL: 94.54075959550885
sigmaR: 42.473411689461145
widthL: 94.54075959550885
widthR: 42.473411689461145
x0: 1905.3708486352225
