alphaL: 1.341266217795195
alphaR: 2.079557762975699
event_sum: 10.332250047251623
mean: 1900.0785446404757
nL: 4.50529261203785
nR: 3.17840938109389
norm: 10.332250047251623
sigma: 90.57500617145672
sigmaL: 77.69295920318545
sigmaR: 48.18106447571262
widthL: 77.69295920318545
widthR: 48.18106447571262
x0: 1900.0785446404757
