alphaL: 1.2605007792626668
alphaR: 2.1333402731176063
event_sum: 1.0060114019981437
mean: 1899.7104410973304
nL: 3.3848424461758144
nR: 1.8770384524243873
norm: 1.0060114019981437
sigma: 99.86560005877459
sigmaL: 79.99405535071925
sigmaR: 46.72483507027604
widthL: 79.99405535071925
widthR: 46.72483507027604
x0: 1899.7104410973304
