alphaL: 1.39250104808063
alphaR: 2.0686660215203596
event_sum: 8.440206640707569
fraction: 0.9988248782903105
mean: 1903.5987294890078
nL: 9.59310297394483
nR: 2.730261266593935
norm: 8.434830138840798
sigma: 89.88785053159874
sigmaL: 91.40586789983436
sigmaR: 43.65628232877483
widthL: 91.40586789983436
widthR: 43.65628232877483
x0: 1903.5987294890078
