alphaL: 1.1766201853522396
alphaR: 2.128774849264017
event_sum: 10.289561102156807
mean: 1897.8955447216645
nL: 4.921020359589029
nR: 3.365645056133954
norm: 10.289561102156807
sigma: 90.57500617145672
sigmaL: 72.45468893871035
sigmaR: 49.31693993526499
widthL: 72.45468893871035
widthR: 49.31693993526499
x0: 1897.8955447216645
