alphaL: 1.2264139754575498
alphaR: 2.234125680844543
event_sum: 39.550481836232834
mean: 1447.0848777279366
nL: 4.978823484777492
nR: 2.6530551774982225
norm: 39.550481836232834
sigma: 69.55210045337203
sigmaL: 57.48789125674176
sigmaR: 41.66911183810476
widthL: 57.48789125674176
widthR: 41.66911183810476
x0: 1447.0848777279366
