alphaL: 1.1664843665926836
alphaR: 2.5029850648607557
event_sum: 26.87497825379834
fraction: 0.9978522557611289
mean: 1446.0798360994759
nL: 9.972452284131917
nR: 1.8215613414477334
norm: 26.876210388788422
sigma: 69.97509019017171
sigmaL: 59.740497779973225
sigmaR: 39.25253631090957
widthL: 59.740497779973225
widthR: 39.25253631090957
x0: 1446.0798360994759
