alphaL: 1.288821988028902
alphaR: 1.793556106285358
event_sum: 1.5190499623089253
mean: 1446.6953253555707
nL: 4.226211968201487
nR: 4.502658361129607
norm: 1.5190499623089253
sigma: 74.49033397904519
sigmaL: 57.30732175868861
sigmaR: 43.655372399229854
widthL: 57.30732175868861
widthR: 43.655372399229854
x0: 1446.6953253555707
