alphaL: 1.205707718897793
alphaR: 2.62215090654186
event_sum: 26.626689907587707
mean: 1445.7039757071923
nL: 4.988952256845275
nR: 1.101378748435345
norm: 26.626689907587707
sigma: 69.55210045337203
sigmaL: 59.097018130712385
sigmaR: 39.6506824808723
widthL: 59.097018130712385
widthR: 39.6506824808723
x0: 1445.7039757071923
