alphaL: 1.1510858188141082
alphaR: 1.8995080397841333
event_sum: 1.5137416750606325
mean: 1447.3980611558636
nL: 3.9721258179628762
nR: 2.8867597890677703
norm: 1.5137416750606325
sigma: 74.49033397904519
sigmaL: 54.92090052059601
sigmaR: 43.17157623780487
widthL: 54.92090052059601
widthR: 43.17157623780487
x0: 1447.3980611558636
