alphaL: 1.6166603925070635
alphaR: 2.2071332917386006
event_sum: 1.3922632123540735
mean: 1451.5539100213803
nL: 2.0194851600646313
nR: 1.839506697943782
norm: 1.3922632123540735
sigma: 74.49033397904519
sigmaL: 67.5252581420374
sigmaR: 36.682174661009306
widthL: 67.5252581420374
widthR: 36.682174661009306
x0: 1451.5539100213803
