alphaL: 1.0930567740793398
alphaR: 1.7452040220288263
event_sum: 15.227961027773393
fraction: 0.9985801488952144
mean: 1448.7263798698957
nL: 9.98616198510495
nR: 3.995585950175453
norm: 15.215611242558435
sigma: 74.0622622731029
sigmaL: 56.51888127000375
sigmaR: 42.00260699165182
widthL: 56.51888127000375
widthR: 42.00260699165182
x0: 1448.7263798698957
