alphaL: 1.2094150586602412
alphaR: 2.1642072103881422
event_sum: 39.720278547657166
fraction: 0.9987365740361124
mean: 1447.0345905696302
nL: 9.978122890958272
nR: 2.875107935729982
norm: 39.70423157478078
sigma: 69.97509019017171
sigmaL: 58.81993388358129
sigmaR: 41.589122501395124
widthL: 58.81993388358129
widthR: 41.589122501395124
x0: 1447.0345905696302
