alphaL: 1.0412039675575888
alphaR: 2.4879624477093327
event_sum: 56.012294551241666
fraction: 0.9938228348460862
mean: 1451.2245878866245
nL: 105.13919556928283
nR: 2.0484351885862155
norm: 26.770505586614544
sigma: 69.81001634482544
sigmaL: 61.27070336335388
sigmaR: 38.620255545723765
widthL: 61.27070336335388
widthR: 38.620255545723765
x0: 1451.2245878866245
