alphaL: 1.3425794677751428
alphaR: 2.5268116775898988
event_sum: 26.747243187143024
mean: 1446.8949183171387
nL: 4.503440719147942
nR: 1.6023153372063847
norm: 26.747243187143024
sigma: 69.55210045337203
sigmaL: 62.16111161743616
sigmaR: 39.14283795251405
widthL: 62.16111161743616
widthR: 39.14283795251405
x0: 1446.8949183171387
