alphaL: 1.475418063554445
alphaR: 2.113492070449619
event_sum: 39.6994234567009
mean: 1450.6393547454154
nL: 4.500909523358734
nR: 2.912963026568346
norm: 39.6994234567009
sigma: 69.55210045337203
sigmaL: 64.49409425242524
sigmaR: 39.77534496549812
widthL: 64.49409425242524
widthR: 39.77534496549812
x0: 1450.6393547454154
