alphaL: 1.517431615304686
alphaR: 2.0844316946601813
event_sum: 1.397379833328121
mean: 1452.4604616572994
nL: 4.253812221563359
nR: 2.3121889829973163
norm: 1.397379833328121
sigma: 74.49033397904519
sigmaL: 69.58941762528919
sigmaR: 36.136848152325676
widthL: 69.58941762528919
widthR: 36.136848152325676
x0: 1452.4604616572994
