alphaL: 1.2690731618281026
alphaR: 2.1930904911172298
event_sum: 13.999652145632975
fraction: 0.9974545954053426
mean: 1450.2827050260437
nL: 10.0
nR: 1.9877952817579565
norm: 13.992729337446873
sigma: 74.0622622731029
sigmaL: 65.04636956274328
sigmaR: 37.239632358055125
widthL: 65.04636956274328
widthR: 37.239632358055125
x0: 1450.2827050260437
