alphaL: 1.0650688053550568
alphaR: 1.4867826394809238
event_sum: 5.554369510151446
mean: 999.1989092741943
nL: 3.6382208876577575
nR: 3.673791128412629
norm: 5.554369510151446
sigma: 56.0
sigmaL: 65.87300672641209
sigmaR: 47.69564913475945
widthL: 65.87300672641209
widthR: 47.69564913475945
x0: 999.1989092741943
