alphaL: 1.3392333569925097
alphaR: 1.2790890629901637
event_sum: 0.5433880066702841
mean: 1008.2801437791617
nL: 2.258333295126223
nR: 3.5497589576021538
norm: 0.5433880066702841
sigma: 56.0
sigmaL: 78.5632267295137
sigmaR: 39.80748895972535
widthL: 78.5632267295137
widthR: 39.80748895972535
x0: 1008.2801437791617
