alphaL: 0.8864441123276487
alphaR: 1.5776428973534034
event_sum: 10.280126641388051
mean: 995.971011756764
nL: 4.158982547502222
nR: 4.297734060335013
norm: 10.280126641388051
sigma: 56.0
sigmaL: 59.59013181125442
sigmaR: 52.680644965588044
widthL: 59.59013181125442
widthR: 52.680644965588044
x0: 995.971011756764
