alphaL: 0.9575743427336837
alphaR: 1.4854059287750305
event_sum: 1.0042110599461012
mean: 1000.8496961647901
nL: 3.3988914079399972
nR: 3.729369454400181
norm: 1.0042110599461012
sigma: 56.0
sigmaL: 63.138687726777185
sigmaR: 46.940279284386
widthL: 63.138687726777185
widthR: 46.940279284386
x0: 1000.8496961647901
