alphaL: 1.078929044385123
alphaR: 1.288483060754868
event_sum: 5.554369510151446
fraction: 0.9870638871414325
mean: 1001.7208996907787
nL: 4.476244725121137
nR: 5.403097015962453
norm: 5.467459034174681
sigma: 56.0
sigmaL: 69.30572981649217
sigmaR: 44.55642120853136
widthL: 69.30572981649217
widthR: 44.55642120853136
x0: 1001.7208996907787
