alphaL: 1.0546648891499932
alphaR: 1.4750031342312275
event_sum: 5.554369510151446
fraction: 0.9933559846606989
mean: 999.2913311013151
nL: 3.9692885194513052
nR: 3.7321479560092223
norm: 5.514864748343825
sigma: 56.0
sigmaL: 66.17670147433888
sigmaR: 46.9962475797649
widthL: 66.17670147433888
widthR: 46.9962475797649
x0: 999.2913311013151
