alphaL: 0.5908990521356408
alphaR: 1.428435821578564
event_sum: 10.280126641388051
fraction: 0.9884209820047255
mean: 991.2260453726285
nL: 8.721957942801819
nR: 9.064019556805887
norm: 10.112231403705664
sigma: 56.0
sigmaL: 43.711628558424486
sigmaR: 54.16694035951443
widthL: 43.711628558424486
widthR: 54.16694035951443
x0: 991.2260453726285
