alphaL: 0.7928126721729988
alphaR: 1.5965493785691645
event_sum: 10.280126641388051
fraction: 0.9940938381552961
mean: 994.4309104811481
nL: 5.023086239091642
nR: 4.306966771318558
norm: 10.221857117721811
sigma: 56.0
sigmaL: 55.14179736604941
sigmaR: 53.54224019170838
widthL: 55.14179736604941
widthR: 53.54224019170838
x0: 994.4309104811481
