alphaL: 0.9340563288802636
alphaR: 1.5284629800793785
event_sum: 0.4980562918281066
mean: 999.993905713091
nL: 1.5106061265796007
nR: 1.709828196436926
norm: 0.4980562918281066
sigma: 52.024142502549665
sigmaL: 57.42696402096149
sigmaR: 46.46944809356606
widthL: 57.42696402096149
widthR: 46.46944809356606
x0: 999.993905713091
