alphaL: 0.8646096924236284
alphaR: 1.6689368415219998
event_sum: 1.0042110599461012
mean: 994.0916187016896
nL: 3.5093719292720036
nR: 3.6363568170928535
norm: 1.0042110599461012
sigma: 56.0
sigmaL: 55.53032412263407
sigmaR: 54.83194784344819
widthL: 55.53032412263407
widthR: 54.83194784344819
x0: 994.0916187016896
