alphaL: 0.904841383837229
alphaR: 1.575387110822486
event_sum: 0.9128562969199265
mean: 999.3066298593113
nL: 1.9151953045908627
nR: 1.8956284845209528
norm: 0.9128562969199265
sigma: 52.024142502549665
sigmaL: 60.11645123703908
sigmaR: 48.91969420472484
widthL: 60.11645123703908
widthR: 48.91969420472484
x0: 999.3066298593113
