alphaL: 1.1124893936629339
alphaR: 1.6762354122439602
event_sum: 0.5290675303040189
mean: 1000.0902859551153
nL: 1.8847531136807347
nR: 1.8964641974627339
norm: 0.5290675303040189
sigma: 56.0
sigmaL: 64.6893221482052
sigmaR: 46.073823218428586
widthL: 64.6893221482052
widthR: 46.073823218428586
x0: 1000.0902859551153
