alphaL: 1.0891499284149
alphaR: 1.5777137074828989
event_sum: 0.978137916768901
mean: 998.2507585929261
nL: 2.120020954487515
nR: 2.8922127051843987
norm: 0.978137916768901
sigma: 56.0
sigmaL: 64.63111073864917
sigmaR: 50.621514245226805
widthL: 64.63111073864917
widthR: 50.621514245226805
x0: 998.2507585929261
