alphaL: 1.3399964706824092
alphaR: 1.27855799868006
event_sum: 0.5433880066702841
mean: 1008.2716524468
nL: 2.2670929606428922
nR: 3.5604011033560536
norm: 0.5433880066702841
sigma: 56.0
sigmaL: 78.60774521908576
sigmaR: 39.80774027163356
widthL: 78.60774521908576
widthR: 39.80774027163356
x0: 1008.2716524468
