alphaL: 0.8669678009418007
alphaR: 2.047554704338235
event_sum: 4.410817458597089
mean: 2942.0640751884853
nL: 18.639943758415193
nR: 2.8970380408727014
norm_2016: 1.3012148654972604
norm_2017: 1.4606450577447705
norm_2018: 2.0085521769410515
norm_Run2: 4.410817458597089
sigma: 133.03872468152977
sigmaL: 92.36722653981309
sigmaR: 71.43985317736167
widthL: 92.36722653981309
widthR: 71.43985317736167
x0: 2942.0640751884853
