alphaL: 0.8664356111460255
alphaR: 0.9591169363987473
event_sum: 2.7693225194411597
mean: 2900.0470976351935
nL: 0.10021466688922992
nR: 7.761919249152276
norm_2016: 0.6897941710127006
norm_2017: 0.851532881584351
norm_2018: 1.25224961791649
norm_Run2: 2.7693225194411597
sigma: 295.0
sigmaL: 207.04532198700196
sigmaR: 117.22455616820442
widthL: 207.04532198700196
widthR: 117.22455616820442
x0: 2900.0470976351935
