alphaL: 1.3728554006967137
alphaR: 1.4223197780000894
event_sum: 6.743857704252924
fraction: 0.8032912202712009
mean: 2907.283941515777
nL: 0.5345327854889887
nR: 3.364106849530933
norm: 3.599957869702943
sigma: 165.20000000000002
sigmaL: 233.82703146563594
sigmaR: 115.05858716303685
widthL: 233.82703146563594
widthR: 115.05858716303685
x0: 2907.283941515777
