alphaL: 1.0206090970892183
alphaR: 1.4765129515739175
event_sum: 0.16399943338964523
mean: 2898.743607799448
nL: 1.6661499132481352
nR: 2.1378345498554094
norm: 0.16399943338964523
sigma: 165.20000000000002
sigmaL: 199.48549897720392
sigmaR: 109.75735022623985
widthL: 199.48549897720392
widthR: 109.75735022623985
x0: 2898.743607799448
