alphaL: 0.9581663719216037
alphaR: 1.3939325844319106
event_sum: 0.3453090487216064
mean: 2900.2590329660607
nL: 0.9867149802574501
nR: 3.019164553856924
norm: 0.3453090487216064
sigma: 165.20000000000002
sigmaL: 183.80417860200643
sigmaR: 114.55228217150074
widthL: 183.80417860200643
widthR: 114.55228217150074
x0: 2900.2590329660607
