alphaL: 1.1045223724108093
alphaR: 1.8458142321538078
event_sum: 0.17557853827005504
mean: 2871.1937974801476
nL: 1.0020136411428366
nR: 3.8583059935871447
norm: 0.17557853827005504
sigma: 165.20000000000002
sigmaL: 189.01233807072853
sigmaR: 144.67875965600348
widthL: 189.01233807072853
widthR: 144.67875965600348
x0: 2871.1937974801476
