alphaL: 0.9289982401279684
alphaR: 1.752586968681686
event_sum: 0.32762028775169594
mean: 2866.5491757531636
nL: 0.5729153787299741
nR: 2.205636065740467
norm: 0.32762028775169594
sigma: 165.20000000000002
sigmaL: 158.84277806598985
sigmaR: 154.19645652644863
widthL: 158.84277806598985
widthR: 154.19645652644863
x0: 2866.5491757531636
