alphaL: 1.2895072571534052
alphaR: 1.0973602071545971
event_sum: 6.995165590530452
fraction: 0.7311854270942948
mean: 2900.4681883145918
nL: 0.4
nR: 3.8891924451910405
norm: 1.8954471386537382
sigma: 165.20000000000002
sigmaL: 188.75367325034193
sigmaR: 100.40273514784081
widthL: 188.75367325034193
widthR: 100.40273514784081
x0: 2900.4681883145918
