alphaL: 1.0186395348728767
alphaR: 2.0272419210878603
event_sum: 1.4839932030072616
mean: 2894.843461066704
nL: 4.720290766813448
nR: 2.707468685476117
norm: 1.4839932030072616
sigma: 135.48218087374744
sigmaL: 96.0803542167614
sigmaR: 65.17534068968742
widthL: 96.0803542167614
widthR: 65.17534068968742
x0: 2894.843461066704
