alphaL: 1.007399538324552
alphaR: 1.9757748672138313
event_sum: 1.426572070985969
fraction: 0.9988514388080052
mean: 2895.608955330893
nL: 9.675046967985875
nR: 2.7806489087944386
norm: 1.4264913775045867
sigma: 134.41024481760866
sigmaL: 99.39333382625806
sigmaR: 65.14153566196859
widthL: 99.39333382625806
widthR: 65.14153566196859
x0: 2895.608955330893
