alphaL: 1.0911761638266766
alphaR: 1.4468603264526771
event_sum: 6.910357002420107
fraction: 0.9983872391409431
mean: 2910.3212806901392
nL: 9.654226403027767
nR: 3.2086468341387957
norm: 6.854266884858687
sigma: 200.90474816191997
sigmaL: 115.86245985235817
sigmaR: 58.298024479952204
widthL: 115.86245985235817
widthR: 58.298024479952204
x0: 2910.3212806901392
