alphaL: 0.9410648660524085
alphaR: 2.1953120664409473
event_sum: 11.825516361541021
fraction: 0.9978666626197964
mean: 2894.3774061945287
nL: 10.0
nR: 1.645600408524144
norm: 11.792897737837018
sigma: 200.90474816191997
sigmaL: 100.63835903543993
sigmaR: 67.70817499719591
widthL: 100.63835903543993
widthR: 67.70817499719591
x0: 2894.3774061945287
