alphaL: 1.5302195331155974
alphaR: 1.3764483916693526
event_sum: 0.7151017437963126
mean: 2918.338652259261
nL: 3.866839099385474
nR: 3.2540460749177873
norm: 0.7151017437963126
sigma: 202.04560786630762
sigmaL: 136.09283250519667
sigmaR: 53.74074439275499
widthL: 136.09283250519667
widthR: 53.74074439275499
x0: 2918.338652259261
