alphaL: 1.3654778023242842
alphaR: 2.033615331375347
event_sum: 1.2305741369294556
mean: 2904.303517830683
nL: 4.495294447172264
nR: 1.8335541550981314
norm: 1.2305741369294556
sigma: 202.04560786630762
sigmaL: 124.33877210069625
sigmaR: 62.14039826351912
widthL: 124.33877210069625
widthR: 62.14039826351912
x0: 2904.303517830683
