alphaL: 1.0705903995785295
alphaR: 2.3340945314660484
event_sum: 1.9205292565198733
mean: 2892.380082380142
nL: 4.853001724821196
nR: 2.1003120243434834
norm: 1.9205292565198733
sigma: 135.48218087374744
sigmaL: 106.40051055331651
sigmaR: 65.88635845847219
widthL: 106.40051055331651
widthR: 65.88635845847219
x0: 2892.380082380142
