alphaL: 0.8720609893116004
alphaR: 2.0572251361233747
event_sum: 4.87520980108291
fraction: 0.9930076501261724
mean: 2892.1067925293974
nL: 18.82521975983996
nR: 2.9251925259750964
norm: 1.419420650047317
sigma: 130.74399069744027
sigmaL: 91.27905089250618
sigmaR: 70.69025330940079
widthL: 91.27905089250618
widthR: 70.69025330940079
x0: 2892.1067925293974
