alphaL: 1.0499087094828692
alphaR: 2.0474574014736557
event_sum: 1.491236168436864
mean: 2886.9453743864924
nL: 4.023833851500737
nR: 3.807591900657825
norm: 1.491236168436864
sigma: 135.48218087374744
sigmaL: 90.1460233227711
sigmaR: 70.96227611063861
widthL: 90.1460233227711
widthR: 70.96227611063861
x0: 2886.9453743864924
