alphaL: 1.2062347845027235
alphaR: 2.092453563452451
event_sum: 1.2286769702062799
mean: 2898.5807550050413
nL: 4.7777630222968686
nR: 1.8894049363229823
norm: 1.2286769702062799
sigma: 202.04560786630762
sigmaL: 113.51353369407508
sigmaR: 65.25467704807882
widthL: 113.51353369407508
widthR: 65.25467704807882
x0: 2898.5807550050413
