alphaL: 1.0755775628926958
alphaR: 2.2206115870032153
event_sum: 1.830740346617103
fraction: 0.9986862053263544
mean: 2895.272560695055
nL: 10.0
nR: 2.5775866127453906
norm: 1.8302230411318923
sigma: 134.41024481760866
sigmaL: 109.99866566764979
sigmaR: 63.89742095113009
widthL: 109.99866566764979
widthR: 63.89742095113009
x0: 2895.272560695055
