alphaL: 1.4563236218961297
alphaR: 0.7650864008840388
event_sum: 0.7143433971826683
mean: 2932.2946022178885
nL: 4.253828553570639
nR: 3.9910380226216295
norm: 0.7143433971826683
sigma: 202.04560786630762
sigmaL: 139.663892171714
sigmaR: 28.518882422289174
widthL: 139.663892171714
widthR: 28.518882422289174
x0: 2932.2946022178885
