alphaL: 1.3065252540422114
alphaR: 1.9969737913947436
event_sum: 1.9277888066868676
mean: 2900.9126806815907
nL: 4.487906566714881
nR: 3.355645617849569
norm: 1.9277888066868676
sigma: 135.48218087374744
sigmaL: 120.29054518970351
sigmaR: 60.30101920609652
widthL: 120.29054518970351
widthR: 60.30101920609652
x0: 2900.9126806815907
