alphaL: 0.8435217735234195
alphaR: 2.2799741889786085
event_sum: 8.410218471593339
mean: 2792.1525922815313
nL: 53.596396551869034
nR: 2.4719347010379065
norm_2016: 2.15643962994337
norm_2017: 2.8359784331069164
norm_2018: 4.201259876372744
norm_Run2: 8.410218471593339
sigma: 126.15452272926126
sigmaL: 92.52035720605808
sigmaR: 65.86593372253094
widthL: 92.52035720605808
widthR: 65.86593372253094
x0: 2792.1525922815313
