alphaL: 1.1369844113816447
alphaR: 1.0857830031728415
event_sum: 5.821257482953406
mean: 2754.821748439692
nL: 0.23943177426738843
nR: 6.102360707939821
norm_2016: 1.1952884473997805
norm_2017: 1.8632889668455153
norm_2018: 2.8390927127841685
norm_Run2: 5.821257482953406
sigma: 280.0
sigmaL: 307.90836642480895
sigmaR: 119.92171636810122
widthL: 307.90836642480895
widthR: 119.92171636810122
x0: 2754.821748439692
