alphaL: 1.2178286269838485
alphaR: 1.9177369140379352
event_sum: 1.3901778679298997
mean: 1899.5527245184803
nL: 4.5126461592285905
nR: 2.2507536115714766
norm: 1.3901778679298997
sigma: 101.86883470018388
sigmaL: 74.51080212949894
sigmaR: 50.44754557465645
widthL: 74.51080212949894
widthR: 50.44754557465645
x0: 1899.5527245184803
