alphaL: 1.290624161259705
alphaR: 2.1493776343489555
event_sum: 16.57513412479819
mean: 1897.969228997844
nL: 4.992570499582949
nR: 2.9233497117091845
norm: 16.57513412479819
sigma: 88.43330013892844
sigmaL: 77.93714761034306
sigmaR: 49.28640761178955
widthL: 77.93714761034306
widthR: 49.28640761178955
x0: 1897.969228997844
