alphaL: 1.4236755405476782
alphaR: 1.9542556340021087
event_sum: 16.638564452495576
mean: 1899.125368045105
nL: 4.464625211796172
nR: 4.329440046513051
norm: 16.638564452495576
sigma: 88.43330013892844
sigmaL: 80.88070822432859
sigmaR: 48.342151494837005
widthL: 80.88070822432859
widthR: 48.342151494837005
x0: 1899.125368045105
