alphaL: 1.3065060949986511
alphaR: 2.2903813680199647
event_sum: 15.761231556700286
fraction: 0.9986565912747042
mean: 1896.9225619131332
nL: 9.868083249360069
nR: 2.2222954108407107
norm: 15.753760980192945
sigma: 88.6033965080399
sigmaL: 82.67614858307637
sigmaR: 46.575504343704125
widthL: 82.67614858307637
widthR: 46.575504343704125
x0: 1896.9225619131332
