alphaL: 1.1104126170257902
alphaR: 2.1046255625417056
event_sum: 1.7905298207018039
mean: 1895.663133967002
nL: 4.666985704054158
nR: 2.082517140639174
norm: 1.7905298207018039
sigma: 101.86883470018388
sigmaL: 72.2322956271865
sigmaR: 48.50377308444718
widthL: 72.2322956271865
widthR: 48.50377308444718
x0: 1895.663133967002
