alphaL: 1.0449138136399958
alphaR: 2.020039843084385
event_sum: 18.011620644527927
fraction: 0.997373859929724
mean: 1896.8409686188877
nL: 9.97820900354697
nR: 2.2055850279441747
norm: 17.99683536138284
sigma: 101.90001618509484
sigmaL: 73.12524473710361
sigmaR: 47.430588204617536
widthL: 73.12524473710361
widthR: 47.430588204617536
x0: 1896.8409686188877
