alphaL: 1.5514622341543918
alphaR: 2.2434676954905632
event_sum: 15.785166785198259
mean: 1900.171711990418
nL: 4.5001496992316445
nR: 2.0427824424716743
norm: 15.785166785198259
sigma: 88.43330013892844
sigmaL: 88.4777028361411
sigmaR: 44.6068844411653
widthL: 88.4777028361411
widthR: 44.6068844411653
x0: 1900.171711990418
