alphaL: 1.2334008528943319
alphaR: 1.9167183715315896
event_sum: 1.7979962037020445
mean: 1899.7136427621274
nL: 4.336033006908416
nR: 2.507415228463664
norm: 1.7979962037020445
sigma: 101.86883470018388
sigmaL: 78.82053791929725
sigmaR: 45.456083348832266
widthL: 78.82053791929725
widthR: 45.456083348832266
x0: 1899.7136427621274
