alphaL: 1.1657292734597813
alphaR: 1.9771343553466256
event_sum: 1.3852083565636377
mean: 1897.8970045463109
nL: 3.7478476499658946
nR: 2.183857471754029
norm: 1.3852083565636377
sigma: 101.86883470018388
sigmaL: 71.46375319929005
sigmaR: 50.692178578970385
widthL: 71.46375319929005
widthR: 50.692178578970385
x0: 1897.8970045463109
