alphaL: 1.2655673303382384
alphaR: 2.178844158122756
event_sum: 16.652269268690784
fraction: 0.9990534412921642
mean: 1895.7315456674735
nL: 9.089578476424611
nR: 3.5033920075641705
norm: 16.651344987897367
sigma: 88.6033965080399
sigmaL: 76.97362127039871
sigmaR: 51.06875421073513
widthL: 76.97362127039871
widthR: 51.06875421073513
x0: 1895.7315456674735
