alphaL: 1.3856239698922672
alphaR: 2.205979324066461
event_sum: 15.699047188906937
mean: 1898.4725465049414
nL: 4.846285481184289
nR: 2.7536336390474574
norm: 15.699047188906937
sigma: 88.43330013892844
sigmaL: 84.26647960685315
sigmaR: 45.32719645470955
widthL: 84.26647960685315
widthR: 45.32719645470955
x0: 1898.4725465049414
