alphaL: 1.0017539796009918
alphaR: 2.017282023330154
event_sum: 13.94554551666948
fraction: 0.9965699254285584
mean: 1896.5031338525102
nL: 9.9975325702031
nR: 2.081480096418474
norm: 13.923126486913622
sigma: 101.90001618509484
sigmaL: 67.77307460132072
sigmaR: 51.68815355214847
widthL: 67.77307460132072
widthR: 51.68815355214847
x0: 1896.5031338525102
