alphaL: 1.2273498231968785
alphaR: 1.5638527995099545
event_sum: 0.44916640558282955
mean: 1929.7823729093313
nL: 0.14533551496970704
nR: 2.3750886905524586
norm: 0.44916640558282955
sigma: 195.0
sigmaL: 197.02977435104725
sigmaR: 103.70388059273446
widthL: 197.02977435104725
widthR: 103.70388059273446
x0: 1929.7823729093313
