alphaL: 0.650867559578609
alphaR: 0.9860444394763794
event_sum: 0.511717211142901
mean: 1979.4235453590006
nL: 0.9987177007128965
nR: 2.6151070040062017
norm: 0.511717211142901
sigma: 195.0
sigmaL: 253.27193833102402
sigmaR: 56.32775351737596
widthL: 253.27193833102402
widthR: 56.32775351737596
x0: 1979.4235453590006
