alphaL: 1.1985893822274438
alphaR: 1.4993445841145883
event_sum: 0.49563156662531843
mean: 1917.6727639242672
nL: 0.44604125229367114
nR: 2.316639637905291
norm: 0.49563156662531843
sigma: 195.0
sigmaL: 174.73648509534735
sigmaR: 106.40409437660423
widthL: 174.73648509534735
widthR: 106.40409437660423
x0: 1917.6727639242672
