alphaL: 1.2157319042118797
alphaR: 1.0689505883346684
event_sum: 6.102160573659616
fraction: 0.8076588949684746
mean: 1934.640215512276
nL: 0.4080572781359031
nR: 4.441837158274319
norm: 4.673564688124834
sigma: 195.0
sigmaL: 186.37534738917677
sigmaR: 83.85163330104578
widthL: 186.37534738917677
widthR: 83.85163330104578
x0: 1934.640215512276
