alphaL: 0.9651552643402164
alphaR: 1.4813462406556284
event_sum: 6.814441416170256
fraction: 0.7498606641495306
mean: 1914.46210947727
nL: 0.40508942484003124
nR: 3.7732013912870968
norm: 4.138704321163643
sigma: 195.0
sigmaL: 173.44321497376893
sigmaR: 112.16807605262268
widthL: 173.44321497376893
widthR: 112.16807605262268
x0: 1914.46210947727
