alphaL: 0.9302198332202787
alphaR: 1.0714862769088225
event_sum: 0.5371296153454521
mean: 1960.605171127648
nL: 1.003912817866735
nR: 2.625730451200573
norm: 0.5371296153454521
sigma: 195.0
sigmaL: 200.3647321929367
sigmaR: 63.80497532007423
widthL: 200.3647321929367
widthR: 63.80497532007423
x0: 1960.605171127648
