alphaL: 1.0460814202110547
alphaR: 2.049522413021306
event_sum: 18.8972804043442
fraction: 0.997093051482051
mean: 1997.1165012469128
nL: 9.997880608541248
nR: 2.0646178922570497
norm: 18.882281240075827
sigma: 108.70245119551272
sigmaL: 77.24075424587109
sigmaR: 49.6925207079447
widthL: 77.24075424587109
widthR: 49.6925207079447
x0: 1997.1165012469128
