alphaL: 1.2903309050338083
alphaR: 1.916388677222231
event_sum: 1.886061742741731
mean: 2001.6353463028724
nL: 4.418938173574868
nR: 2.321196492272941
norm: 1.886061742741731
sigma: 108.70245119551272
sigmaL: 85.79671039874053
sigmaR: 46.693421970099195
widthL: 85.79671039874053
widthR: 46.693421970099195
x0: 2001.6353463028724
