alphaL: 1.5911040850531764
alphaR: 1.8731406826161934
event_sum: 13.765564450062811
mean: 2001.2734093867682
nL: 4.4998938609778065
nR: 4.338998560310226
norm: 13.765564450062811
sigma: 92.16259068431545
sigmaL: 89.11275190551689
sigmaR: 47.396107723260855
widthL: 89.11275190551689
widthR: 47.396107723260855
x0: 2001.2734093867682
