alphaL: 1.415752521642994
alphaR: 1.9370206918577084
event_sum: 13.748292725533247
mean: 1998.4004886612508
nL: 4.481740625033265
nR: 4.363907046521116
norm: 13.748292725533247
sigma: 92.18351700051282
sigmaL: 84.02370339146587
sigmaR: 49.268517511073576
widthL: 84.02370339146587
widthR: 49.268517511073576
x0: 1998.4004886612508
