alphaL: 1.3942636489002496
alphaR: 1.8902240420722851
event_sum: 1.886228235438466
mean: 2002.4945765823468
nL: 3.5556168370192767
nR: 2.4472140302540675
norm: 1.886228235438466
sigma: 108.61576865667557
sigmaL: 88.73869764275535
sigmaR: 46.776558472930354
widthL: 88.73869764275535
widthR: 46.776558472930354
x0: 2002.4945765823468
