alphaL: 1.415125592603492
alphaR: 1.9344534266849593
event_sum: 13.748292725533247
mean: 1998.3991349022713
nL: 4.481319573890153
nR: 4.37644183021032
norm: 13.748292725533247
sigma: 92.18351700051282
sigmaL: 84.00316436192438
sigmaR: 49.25935601593374
widthL: 84.00316436192438
widthR: 49.25935601593374
x0: 1998.3991349022713
