alphaL: 1.5041392329235495
alphaR: 2.1638478479611662
event_sum: 13.766798144672066
mean: 1998.6859698360886
nL: 4.4998093650112905
nR: 2.55909128658348
norm: 13.766798144672066
sigma: 92.18351700051282
sigmaL: 90.97542303740356
sigmaR: 47.0092602664434
widthL: 90.97542303740356
widthR: 47.0092602664434
x0: 1998.6859698360886
