alphaL: 1.5489375279474495
alphaR: 2.221819038012543
event_sum: 13.766798144672066
mean: 1998.6617383472947
nL: 3.9583225853434416
nR: 2.3499453457930795
norm: 13.766798144672066
sigma: 92.18351700051282
sigmaL: 91.67001657880573
sigmaR: 47.275441467111314
widthL: 91.67001657880573
widthR: 47.275441467111314
x0: 1998.6617383472947
