alphaL: 1.0981778724066098
alphaR: 2.088469856880009
event_sum: 1.8792287895339541
mean: 1996.1936765595844
nL: 4.9314807351656995
nR: 2.056355286596404
norm: 1.8792287895339541
sigma: 108.70245119551272
sigmaL: 75.819325254882
sigmaR: 50.344865945214856
widthL: 75.819325254882
widthR: 50.344865945214856
x0: 1996.1936765595844
