alphaL: 1.675143409474713
alphaR: 2.1028239298558646
event_sum: 13.775434006936848
mean: 2000.6953464080855
nL: 4.499052257135535
nR: 2.708174429804381
norm: 13.775434006936848
sigma: 92.16259068431545
sigmaL: 95.66641334025515
sigmaR: 45.915532134838514
widthL: 95.66641334025515
widthR: 45.915532134838514
x0: 2000.6953464080855
