alphaL: 1.2740751886051078
alphaR: 1.9267204861237224
event_sum: 1.3452584949554875
mean: 1999.4879167482648
nL: 3.324098550810807
nR: 1.93846862169496
norm: 1.3452584949554875
sigma: 108.70245119551272
sigmaL: 80.48743759770583
sigmaR: 52.52742896414242
widthL: 80.48743759770583
widthR: 52.52742896414242
x0: 1999.4879167482648
