alphaL: 1.2695919865545822
alphaR: 2.070042439012236
event_sum: 13.765564450062811
fraction: 0.999186215059311
mean: 1994.162853156885
nL: 8.560916944269644
nR: 4.479578042326434
norm: 13.764330755453557
sigma: 92.16259068431545
sigmaL: 79.36779289297625
sigmaR: 52.213246780806536
widthL: 79.36779289297625
widthR: 52.213246780806536
x0: 1994.162853156885
