alphaL: 1.3015162122674466
alphaR: 1.8666999168984466
event_sum: 1.3504248742101481
mean: 1999.9172528872089
nL: 4.29833159289107
nR: 2.191967224080161
norm: 1.3504248742101481
sigma: 108.70245119551272
sigmaL: 81.27728279372712
sigmaR: 52.398208702580376
widthL: 81.27728279372712
widthR: 52.398208702580376
x0: 1999.9172528872089
