alphaL: 1.3320798735619288
alphaR: 2.0763213393949664
event_sum: 13.6952438573353
mean: 1997.0492491122227
nL: 4.775605575518497
nR: 3.613377333973896
norm: 13.6952438573353
sigma: 92.18351700051282
sigmaL: 86.3630763694459
sigmaR: 47.74105389676432
widthL: 86.3630763694459
widthR: 47.74105389676432
x0: 1997.0492491122227
