alphaL: 1.512192533296144
alphaR: 2.1579049153536696
event_sum: 13.766798144672066
mean: 1999.0635227108244
nL: 4.499864685007734
nR: 2.539753583392143
norm: 13.766798144672066
sigma: 92.18351700051282
sigmaL: 91.46283712538855
sigmaR: 46.80525855992521
widthL: 91.46283712538855
widthR: 46.80525855992521
x0: 1999.0635227108244
