alphaL: 1.4200826265641382
alphaR: 1.8888494867616683
event_sum: 1.3525913022458553
mean: 2003.6065683341574
nL: 3.7093445068848734
nR: 1.927952703430072
norm: 1.3525913022458553
sigma: 108.61576865667557
sigmaL: 88.14321869657708
sigmaR: 49.93008561749838
widthL: 88.14321869657708
widthR: 49.93008561749838
x0: 2003.6065683341574
