alphaL: 1.32506896869396
alphaR: 2.197045991014049
event_sum: 13.775434006936848
fraction: 0.9989120013382387
mean: 1996.6701464960267
nL: 9.753349890281898
nR: 2.558590488932275
norm: 13.771732923109084
sigma: 92.16259068431545
sigmaL: 87.12568506362115
sigmaR: 48.01823350756921
widthL: 87.12568506362115
widthR: 48.01823350756921
x0: 1996.6701464960267
