alphaL: 1.858710913276494
alphaR: 0.3950429411487312
event_sum: 13.748292725533247
mean: 2032.1431144724004
nL: 3.9998021807159105
nR: 3.9999476242799914
norm: 13.748292725533247
sigma: 92.18351700051282
sigmaL: 109.38590362890871
sigmaR: 8.89942023230618
widthL: 109.38590362890871
widthR: 8.89942023230618
x0: 2032.1431144724004
