alphaL: 1.0384861882424807
alphaR: 1.9501774573684532
event_sum: 13.547578481957316
fraction: 0.9959144002390572
mean: 1996.7346726939672
nL: 9.99995006193931
nR: 1.952678042168197
norm: 13.525913022458553
sigma: 108.70245119551272
sigmaL: 73.45415244118755
sigmaR: 53.936965573444496
widthL: 73.45415244118755
widthR: 53.936965573444496
x0: 1996.7346726939672
