alphaL: 1.2981119841430941
alphaR: 1.933183572255982
event_sum: 13.698944941163063
mean: 1997.5156931944712
nL: 4.963410351655151
nR: 4.415566310224341
norm: 13.698944941163063
sigma: 92.18351700051282
sigmaL: 81.47683242775302
sigmaR: 49.84391791729142
widthL: 81.47683242775302
widthR: 49.84391791729142
x0: 1997.5156931944712
