alphaL: 1.316506310879421
alphaR: 1.8649364478463641
event_sum: 1.3504248742101481
mean: 2001.1685009761595
nL: 4.360730043024291
nR: 2.1568837478230694
norm: 1.3504248742101481
sigma: 108.70245119551272
sigmaL: 82.95934395809199
sigmaR: 51.740294348719786
widthL: 82.95934395809199
widthR: 51.740294348719786
x0: 2001.1685009761595
