alphaL: 1.3417580343371698
alphaR: 1.9383770958552882
event_sum: 1.886061742741731
mean: 2002.4222952781756
nL: 4.450222562764359
nR: 2.217333151185101
norm: 1.886061742741731
sigma: 108.70245119551272
sigmaL: 87.8862169429364
sigmaR: 46.50720942422698
widthL: 87.8862169429364
widthR: 46.50720942422698
x0: 2002.4222952781756
