alphaL: 1.442574568864214
alphaR: 1.9495465582638611
event_sum: 18.8972804043442
mean: 2003.3998763634086
nL: 4.499982739400952
nR: 2.1465859271177528
norm: 18.8972804043442
sigma: 108.70245119551272
sigmaL: 91.61126040690463
sigmaR: 46.32965577542247
widthL: 91.61126040690463
widthR: 46.32965577542247
x0: 2003.3998763634086
