alphaL: 1.4498667191779666
alphaR: 1.861215615735009
event_sum: 13.547578481957316
mean: 2003.6077607250118
nL: 4.498116830062804
nR: 2.053597668828811
norm: 13.547578481957316
sigma: 108.70245119551272
sigmaL: 88.39074459665348
sigmaR: 50.41612028407758
widthL: 88.39074459665348
widthR: 50.41612028407758
x0: 2003.6077607250118
