alphaL: 1.4594943196317038
alphaR: 1.8846130338958769
event_sum: 0.2563635508122388
mean: 2546.0769549044744
nL: 0.2000944421106761
nR: 1.887240425986923
norm: 0.2563635508122388
sigma: 155.59673703363774
sigmaL: 191.72112754664852
sigmaR: 129.66891112156486
widthL: 191.72112754664852
widthR: 129.66891112156486
x0: 2546.0769549044744
