alphaL: 1.2828990023648514
alphaR: 1.489423117718646
event_sum: 0.1770360729569802
mean: 2594.851330186396
nL: 0.2028608303603602
nR: 2.1118696764416414
norm: 0.1770360729569802
sigma: 155.59673703363774
sigmaL: 217.31513662677548
sigmaR: 98.3928421599261
widthL: 217.31513662677548
widthR: 98.3928421599261
x0: 2594.851330186396
