alphaL: 0.7632544057778075
alphaR: 1.7901813077315327
event_sum: 0.18749380280496553
mean: 2584.3101807699763
nL: 2.8407270634777313
nR: 1.7778664831441033
norm: 0.18749380280496553
sigma: 145.6
sigmaL: 173.00566893252906
sigmaR: 112.18432710148807
widthL: 173.00566893252906
widthR: 112.18432710148807
x0: 2584.3101807699763
