alphaL: 0.9440977566101445
alphaR: 1.2448931745651584
event_sum: 0.19905014906544238
mean: 2598.781721391903
nL: 1.0000458748807792
nR: 3.308252668981833
norm: 0.19905014906544238
sigma: 145.6
sigmaL: 158.7661418173257
sigmaR: 81.2961234265554
widthL: 158.7661418173257
widthR: 81.2961234265554
x0: 2598.781721391903
