alphaL: 1.3088936020582547
alphaR: 1.836037788299376
event_sum: 4.465259780175984
fraction: 0.7770290995990693
mean: 2550.2098736119456
nL: 0.40002905592164145
nR: 3.66468662071456
norm: 1.9121833159588277
sigma: 145.6
sigmaL: 172.4347986127422
sigmaR: 128.42703343677056
widthL: 172.4347986127422
widthR: 128.42703343677056
x0: 2550.2098736119456
