alphaL: 1.0145894998702205
alphaR: 1.225320827898196
event_sum: 0.28626126098970417
mean: 2584.2054600664956
nL: 1.000040173161195
nR: 2.8700881668576907
norm: 0.28626126098970417
sigma: 145.6
sigmaL: 162.51552128573962
sigmaR: 87.0463787457909
widthL: 162.51552128573962
widthR: 87.0463787457909
x0: 2584.2054600664956
