alphaL: 1.0096260411967848
alphaR: 1.2319771493130525
event_sum: 0.28626126098970417
mean: 2584.7538095478167
nL: 1.0000393866777597
nR: 2.81688820546253
norm: 0.28626126098970417
sigma: 145.6
sigmaL: 163.1632088327903
sigmaR: 87.23870979188665
widthL: 163.1632088327903
widthR: 87.23870979188665
x0: 2584.7538095478167
