alphaL: 1.3995218957162472
alphaR: 1.4126672327756122
event_sum: 4.170508842449635
fraction: 0.82340812858556
mean: 2563.8229990944037
nL: 0.5188024618441759
nR: 4.364668681487863
norm: 2.713460328988731
sigma: 145.6
sigmaL: 199.58803588345938
sigmaR: 113.5662402809155
widthL: 199.58803588345938
widthR: 113.5662402809155
x0: 2563.8229990944037
