alphaL: 1.0301230752337716
alphaR: 1.9285853275082214
event_sum: 0.19905014906544238
mean: 2544.926880117192
nL: 1.000006470434572
nR: 3.7595782790665018
norm: 0.19905014906544238
sigma: 145.6
sigmaL: 169.63451705147276
sigmaR: 139.56423273351422
widthL: 169.63451705147276
widthR: 139.56423273351422
x0: 2544.926880117192
