alphaL: 0.87457576417687
alphaR: 2.683758201242365
event_sum: 0.2703507813712349
mean: 2524.518800727645
nL: 1.7063121793573715
nR: 2.424283421101136
norm: 0.2703507813712349
sigma: 145.6
sigmaL: 157.6466648155624
sigmaR: 162.83962164459982
widthL: 157.6466648155624
widthR: 162.83962164459982
x0: 2524.518800727645
