alphaL: 1.1095663132157605
alphaR: 1.3994013622731545
event_sum: 4.6272799777798355
mean: 2565.1792288290453
nL: 1.0000185372834591
nR: 4.132592541725361
norm: 4.6272799777798355
sigma: 145.6
sigmaL: 187.37580412871728
sigmaR: 109.76079479752472
widthL: 187.37580412871728
widthR: 109.76079479752472
x0: 2565.1792288290453
