alphaL: 0.923974801449568
alphaR: 1.9083156062741629
event_sum: 4.9236739771440625
mean: 2562.331011965602
nL: 1.0000000319905196
nR: 2.41990257262676
norm: 4.9236739771440625
sigma: 145.6
sigmaL: 162.92670252598305
sigmaR: 122.51429519257971
widthL: 162.92670252598305
widthR: 122.51429519257971
x0: 2562.331011965602
