alphaL: 0.9865600500172342
alphaR: 1.595807122553396
event_sum: 0.34096484226711754
mean: 749.4957698272103
nL: 3.2388996208611407
nR: 2.587804378433182
norm: 0.34096484226711754
sigma: 42.0
sigmaL: 44.43515503020692
sigmaR: 41.3424689261069
widthL: 44.43515503020692
widthR: 41.3424689261069
x0: 749.4957698272103
