alphaL: 1.1723004551295428
alphaR: 1.4191608817318748
event_sum: 3.4523098696395227
fraction: 0.9912009913609198
mean: 756.0720316064402
nL: 1.6013847894633486
nR: 3.0447602528052973
norm: 3.4310830201980465
sigma: 42.0
sigmaL: 54.08787466610791
sigmaR: 34.617656311049
widthL: 54.08787466610791
widthR: 34.617656311049
x0: 756.0720316064402
