alphaL: 0.9048697543100477
alphaR: 1.682559094540568
event_sum: 0.8418306890588176
mean: 752.8152380431912
nL: 1.9601017891185875
nR: 1.8847476270739199
norm: 0.8418306890588176
sigma: 42.0
sigmaL: 45.64786464882417
sigmaR: 39.98008469507802
widthL: 45.64786464882417
widthR: 39.98008469507802
x0: 752.8152380431912
