alphaL: 1.0845754471430744
alphaR: 1.4149559323302987
event_sum: 0.8393846353594598
mean: 757.1482052496439
nL: 2.19144297870709
nR: 3.535599330948068
norm: 0.8393846353594598
sigma: 42.0
sigmaL: 52.01195793394671
sigmaR: 36.48463947033843
widthL: 52.01195793394671
widthR: 36.48463947033843
x0: 757.1482052496439
