alphaL: 0.813932118971281
alphaR: 1.548269553628725
event_sum: 8.476179223643388
fraction: 0.9943465618603012
mean: 753.2390508114505
nL: 7.5681398375377125
nR: 3.686961365418874
norm: 8.431615061772073
sigma: 42.0
sigmaL: 46.06564749976408
sigmaR: 39.89760056803277
widthL: 46.06564749976408
widthR: 39.89760056803277
x0: 753.2390508114505
