alphaL: 1.0628677753224156
alphaR: 1.684192401143662
event_sum: 0.34272155150855227
mean: 752.6226646497997
nL: 2.5926463514669003
nR: 1.6047185524336094
norm: 0.34272155150855227
sigma: 42.0
sigmaL: 55.41792683626226
sigmaR: 38.11259638998586
widthL: 55.41792683626226
widthR: 38.11259638998586
x0: 752.6226646497997
