alphaL: 0.5178018421415114
alphaR: 1.2642551758759135
event_sum: 0.7005906905239935
mean: 1927.3991942260297
nL: 1.0047497958270522
nR: 3.791475322993691
norm: 0.7005906905239935
sigma: 195.0
sigmaL: 168.05807734178018
sigmaR: 92.11819701031291
widthL: 168.05807734178018
widthR: 92.11819701031291
x0: 1927.3991942260297
