alphaL: 1.3830278882651479
alphaR: 1.5823953591264344
event_sum: 0.7129792519984722
mean: 1896.1364586494133
nL: 0.2688712672558541
nR: 2.963078718761385
norm: 0.7129792519984722
sigma: 195.0
sigmaL: 168.04038257041051
sigmaR: 116.55758942918843
widthL: 168.04038257041051
widthR: 116.55758942918843
x0: 1896.1364586494133
