alphaL: 1.0030055471088517
alphaR: 1.3906190148816406
event_sum: 9.3773405822806
fraction: 0.7547145483373056
mean: 1907.5100658786334
nL: 0.40799622496754223
nR: 4.360866129767518
norm: 5.63807053111073
sigma: 195.0
sigmaL: 184.2647136326051
sigmaR: 106.59723074672672
widthL: 184.2647136326051
widthR: 106.59723074672672
x0: 1907.5100658786334
