alphaL: 1.1869472100870195
alphaR: 1.8004636123843452
event_sum: 0.6147407131174737
mean: 1889.2878388760685
nL: 0.15713450047814792
nR: 2.7124493800857707
norm: 0.6147407131174737
sigma: 195.0
sigmaL: 192.44276020927407
sigmaR: 127.30466759063698
widthL: 192.44276020927407
widthR: 127.30466759063698
x0: 1889.2878388760685
