alphaL: 0.7656479117377379
alphaR: 1.41154217172241
event_sum: 0.7692840663379295
mean: 1896.2001784225504
nL: 1.0048846409443017
nR: 3.9624500374578027
norm: 0.7692840663379295
sigma: 195.0
sigmaL: 126.0053084293496
sigmaR: 111.92139780842365
widthL: 126.0053084293496
widthR: 111.92139780842365
x0: 1896.2001784225504
