alphaL: 1.2717556317945637
alphaR: 1.2521976865151636
event_sum: 8.765899955651898
fraction: 0.8150775255973767
mean: 1913.0168898657757
nL: 0.4759047329304587
nR: 4.235734067491808
norm: 6.704103821861463
sigma: 195.0
sigmaL: 175.33096833883727
sigmaR: 99.3268931658216
widthL: 175.33096833883727
widthR: 99.3268931658216
x0: 1913.0168898657757
