alphaL: 0.4148239125885118
alphaR: 0.980788921790673
event_sum: 1.1477235121664278
mean: 2249.319239556118
nL: 1.001157130861049
nR: 3.6620596182031546
norm: 1.1477235121664278
sigma: 225.0
sigmaL: 248.8662669235636
sigmaR: 78.40707052893231
widthL: 248.8662669235636
widthR: 78.40707052893231
x0: 2249.319239556118
