alphaL: 1.2892426170807678
alphaR: 1.5205833001402767
event_sum: 1.2814898744132455
mean: 2207.064401940805
nL: 0.22072606947309875
nR: 3.0022450777219847
norm: 1.2814898744132455
sigma: 225.0
sigmaL: 245.95814009693405
sigmaR: 122.82030839636762
widthL: 245.95814009693405
widthR: 122.82030839636762
x0: 2207.064401940805
