alphaL: 1.1784822722498132
alphaR: 1.163427407669961
event_sum: 0.9624838840423396
mean: 2227.201666634293
nL: 0.12751899076529624
nR: 2.7231557203800993
norm: 0.9624838840423396
sigma: 225.0
sigmaL: 271.318994326805
sigmaR: 88.97796357199243
widthL: 271.318994326805
widthR: 88.97796357199243
x0: 2227.201666634293
