alphaL: 1.1864962386401618
alphaR: 1.2316259063589832
event_sum: 17.343996212173643
fraction: 0.7751351148079891
mean: 2221.367329497397
nL: 0.4533967072559829
nR: 4.5
norm: 11.43848815125672
sigma: 225.0
sigmaL: 257.53348062160376
sigmaR: 109.08861200879322
widthL: 257.53348062160376
widthR: 109.08861200879322
x0: 2221.367329497397
