alphaL: 0.986484509389097
alphaR: 1.1210930036210984
event_sum: 18.824724731779156
fraction: 0.7215011040717271
mean: 2219.5729942610983
nL: 0.4066280507431958
nR: 4.5
norm: 8.40634295426753
sigma: 225.0
sigmaL: 246.37368884018113
sigmaR: 99.10005130415152
widthL: 246.37368884018113
widthR: 99.10005130415152
x0: 2219.5729942610983
