alphaL: 0.673699634915615
alphaR: 1.3417851789547233
event_sum: 1.419250237713732
mean: 2213.0629853978917
nL: 1.0004110592319382
nR: 4.095326717378182
norm: 1.419250237713732
sigma: 225.0
sigmaL: 196.7581337347236
sigmaR: 118.26638026905637
widthL: 196.7581337347236
widthR: 118.26638026905637
x0: 2213.0629853978917
