alphaL: 1.4883246689555167
alphaR: 2.038033367688832
event_sum: 1.126567508134323
mean: 1112.3111555979767
nL: 3.0890556823254958
nR: 3.238739188296322
norm: 1.126567508134323
sigma: 57.41391521014885
sigmaL: 52.983827759394835
sigmaR: 33.72966564736876
widthL: 52.983827759394835
widthR: 33.72966564736876
x0: 1112.3111555979767
