alphaL: 1.3999233414506682
alphaR: 2.4982442790987656
event_sum: 53.69491166924672
fraction: 0.9992935279557236
mean: 1110.0183365335267
nL: 10.0
nR: 2.660513257706883
norm: 53.69131602248487
sigma: 54.53505522174659
sigmaL: 52.91534320511741
sigmaR: 34.29459855250133
widthL: 52.91534320511741
widthR: 34.29459855250133
x0: 1110.0183365335267
