alphaL: 1.378995579514825
alphaR: 2.685536785927996
event_sum: 25.305154181498132
mean: 1109.2653925917987
nL: 5.0
nR: 1.7892243656341629
norm: 25.305154181498132
sigma: 54.45588450587554
sigmaL: 56.10018159931813
sigmaR: 30.933419036422475
widthL: 56.10018159931813
widthR: 30.933419036422475
x0: 1109.2653925917987
