alphaL: 1.5216107398974303
alphaR: 2.515602395886465
event_sum: 53.677751696293775
mean: 1110.7854777962987
nL: 4.519912236997814
nR: 2.478942931439946
norm: 53.677751696293775
sigma: 54.45588450587554
sigmaL: 53.9859412441138
sigmaR: 33.96152970771653
widthL: 53.9859412441138
widthR: 33.96152970771653
x0: 1110.7854777962987
