alphaL: 1.3651592626327653
alphaR: 2.5847110481005764
event_sum: 25.35878204932284
fraction: 0.9991304176928035
mean: 1109.3800852118418
nL: 10.0
nR: 2.8997240044492885
norm: 25.356972153200207
sigma: 54.53505522174659
sigmaL: 56.921311107245806
sigmaR: 30.900647586789923
widthL: 56.921311107245806
widthR: 30.900647586789923
x0: 1109.3800852118418
