alphaL: 1.4982256447330877
alphaR: 2.3970523086428486
event_sum: 25.430350354252592
mean: 1110.0344618062325
nL: 4.434500446738917
nR: 4.258161984984737
norm: 25.430350354252592
sigma: 54.45588450587554
sigmaL: 58.340678868940486
sigmaR: 30.652982285372133
widthL: 58.340678868940486
widthR: 30.652982285372133
x0: 1110.0344618062325
