alphaL: 1.5219335322666108
alphaR: 2.0901244391773925
event_sum: 1.1295998929802489
mean: 1111.7927053809763
nL: 4.169617025193044
nR: 4.0250014723006196
norm: 1.1295998929802489
sigma: 57.41391521014885
sigmaL: 53.33548896469868
sigmaR: 34.12957946654789
widthL: 53.33548896469868
widthR: 34.12957946654789
x0: 1111.7927053809763
