alphaL: 1.6325412715547116
alphaR: 2.346206012652872
event_sum: 0.7155573489214666
mean: 1111.602040652729
nL: 4.252229334570471
nR: 2.7287201359392874
norm: 0.7155573489214666
sigma: 57.41391521014885
sigmaL: 58.69391695883912
sigmaR: 30.846843797957458
widthL: 58.69391695883912
widthR: 30.846843797957458
x0: 1111.602040652729
