alphaL: 1.3578341846755357
alphaR: 1.8825042542038575
event_sum: 11.315199050623766
fraction: 0.9994857701760684
mean: 1112.6705116758997
nL: 9.828658539146163
nR: 4.5
norm: 11.31090273124236
sigma: 57.41013490504887
sigmaL: 52.76129100961304
sigmaR: 32.99403549192912
widthL: 52.76129100961304
widthR: 32.99403549192912
x0: 1112.6705116758997
