alphaL: 1.824999928199571
alphaR: 2.5066257247923955
event_sum: 0.7131267974990518
mean: 1110.9219087916447
nL: 1.9234713398549133
nR: 2.161518654758393
norm: 0.7131267974990518
sigma: 57.41391521014885
sigmaL: 59.71645630438186
sigmaR: 31.884456771919172
widthL: 59.71645630438186
widthR: 31.884456771919172
x0: 1110.9219087916447
