alphaL: 1.7677716318113246
alphaR: 2.092651771252829
event_sum: 7.162293594374248
fraction: 0.9991757020239582
mean: 1112.9139296876888
nL: 4.560709751248585
nR: 4.300206410086906
norm: 7.161756625124332
sigma: 57.41013490504887
sigmaL: 62.04896847952739
sigmaR: 30.597672434982446
widthL: 62.04896847952739
widthR: 30.597672434982446
x0: 1112.9139296876888
