alphaL: 1.3983038369053935
alphaR: 2.624226718971565
event_sum: 53.49505644911988
mean: 1109.385329285721
nL: 5.0
nR: 1.7686561689595255
norm: 53.49505644911988
sigma: 54.45588450587554
sigmaL: 51.4237754603339
sigmaR: 34.72994856821478
widthL: 51.4237754603339
widthR: 34.72994856821478
x0: 1109.385329285721
