alphaL: 1.507850314562449
alphaR: 2.192785572277571
event_sum: 1.3979283795398632
mean: 3404.9524238052322
nL: 4.430036380878251
nR: 2.5711160679616585
norm: 1.3979283795398632
sigma: 150.2421463144875
sigmaL: 153.93453073064242
sigmaR: 69.53937504452226
widthL: 153.93453073064242
widthR: 69.53937504452226
x0: 3404.9524238052322
