alphaL: 1.1026523370657328
alphaR: 1.5333048956860573
event_sum: 0.96899052835221
mean: 3393.1357191912307
nL: 4.167639695923298
nR: 2.9988355103760047
norm: 0.96899052835221
sigma: 301.6065326726613
sigmaL: 117.75765261087963
sigmaR: 78.42556246035886
widthL: 117.75765261087963
widthR: 78.42556246035886
x0: 3393.1357191912307
