alphaL: 1.3569926286563638
alphaR: 2.1815308338848496
event_sum: 1.3918359132787217
fraction: 0.9990848550129592
mean: 3397.938097172691
nL: 8.434036256602713
nR: 3.2048887413673603
norm: 1.3908836213600588
sigma: 151.2299162618936
sigmaL: 144.7801695146284
sigmaR: 73.84140573321851
widthL: 144.7801695146284
widthR: 73.84140573321851
x0: 3397.938097172691
