alphaL: 1.1649781951349678
alphaR: 1.538322857522981
event_sum: 2.31918959665009
mean: 3402.213313623538
nL: 5.0
nR: 3.3546235997023066
norm: 2.31918959665009
sigma: 301.6065326726613
sigmaL: 131.6529886128149
sigmaR: 66.80384801459141
widthL: 131.6529886128149
widthR: 66.80384801459141
x0: 3402.213313623538
