alphaL: 0.8306933548080119
alphaR: 2.0016559404297087
event_sum: 23.289969838646137
fraction: 0.9990583281763404
mean: 3389.206000854204
nL: 9.998478795154156
nR: 1.930002519058485
norm: 23.192217391349857
sigma: 300.30857973503305
sigmaL: 105.53078192049303
sigmaR: 76.1142619113886
widthL: 105.53078192049303
widthR: 76.1142619113886
x0: 3389.206000854204
