alphaL: 0.9268183057643437
alphaR: 2.151886030273309
event_sum: 2.9724991422844758
fraction: 0.9925261340905055
mean: 3391.361084406084
nL: 20.660250914088763
nR: 3.3793648031134578
norm: 1.3922668873542492
sigma: 150.61022842817508
sigmaL: 115.02289088570154
sigmaR: 76.25408851046026
widthL: 115.02289088570154
widthR: 76.25408851046026
x0: 3391.361084406084
