alphaL: 0.723167435889736
alphaR: 1.5443088782672605
event_sum: 9.936767690192834
fraction: 0.9985312612138663
mean: 3386.2806191981017
nL: 9.979802900933464
nR: 3.4125332918042766
norm: 9.707235256424068
sigma: 300.30857973503305
sigmaL: 94.6566967779348
sigmaR: 80.8256637693172
widthL: 94.6566967779348
widthR: 80.8256637693172
x0: 3386.2806191981017
