alphaL: 1.4505210676360654
alphaR: 2.1371705347798406
event_sum: 0.884241069147145
mean: 3391.475305278867
nL: 2.0143280257372673
nR: 1.78935991189137
norm: 0.884241069147145
sigma: 150.2421463144875
sigmaL: 125.96727179860446
sigmaR: 77.74415493380572
widthL: 125.96727179860446
widthR: 77.74415493380572
x0: 3391.475305278867
