alphaL: 1.2935981649828079
alphaR: 1.9991416126890915
event_sum: 0.890793902241765
mean: 3393.341640660955
nL: 4.172658626397447
nR: 2.6196956704302186
norm: 0.890793902241765
sigma: 150.2421463144875
sigmaL: 127.40498964697483
sigmaR: 76.35681038759833
widthL: 127.40498964697483
widthR: 76.35681038759833
x0: 3393.341640660955
