alphaL: 1.3595429943194757
alphaR: 1.582673463418134
event_sum: 2.326550881970811
mean: 3407.3326308281953
nL: 4.446842346246252
nR: 2.949594436010802
norm: 2.326550881970811
sigma: 301.6065326726613
sigmaL: 144.54967790198776
sigmaR: 64.48710252249799
widthL: 144.54967790198776
widthR: 64.48710252249799
x0: 3407.3326308281953
