alphaL: 1.3054870084398569
alphaR: 1.8413626702197363
event_sum: 0.8947567406994708
fraction: 0.9987308932604239
mean: 3397.546099324716
nL: 6.735569484104086
nR: 3.185597439849219
norm: 0.8941758669588948
sigma: 151.2299162618936
sigmaL: 135.81064814110272
sigmaR: 73.8619662493852
widthL: 135.81064814110272
widthR: 73.8619662493852
x0: 3397.546099324716
