alphaL: 1.149332378021329
alphaR: 1.4267697880810843
event_sum: 0.9753216741250041
mean: 3400.4156373901246
nL: 4.534985994613058
nR: 3.062702783702273
norm: 0.9753216741250041
sigma: 301.6065326726613
sigmaL: 126.13193023207063
sigmaR: 72.34974573174287
widthL: 126.13193023207063
widthR: 72.34974573174287
x0: 3400.4156373901246
