alphaL: 1.357339848960721
alphaR: 2.392719167442246
event_sum: 1.3896258628185603
mean: 3400.4182073396914
nL: 4.116204940899226
nR: 2.0757599723587195
norm: 1.3896258628185603
sigma: 150.2421463144875
sigmaL: 145.5584105030485
sigmaR: 72.60455713597447
widthL: 145.5584105030485
widthR: 72.60455713597447
x0: 3400.4182073396914
