alphaL: 0.9381907476310252
alphaR: 1.0162374457886068
event_sum: 0.5243435062584467
mean: 1772.670110915208
nL: 0.2002910168289072
nR: 1.8436255177594725
norm: 0.5243435062584467
sigma: 95.20077060807479
sigmaL: 147.4015946659492
sigmaR: 73.31683878786934
widthL: 147.4015946659492
widthR: 73.31683878786934
x0: 1772.670110915208
