alphaL: 0.9220757802805287
alphaR: 1.4499860771403175
event_sum: 0.8552366666262969
mean: 1769.0445892229623
nL: 1.0000003358004168
nR: 3.657850172762828
norm: 0.8552366666262969
sigma: 180.0
sigmaL: 159.68733902368
sigmaR: 98.66316854761004
widthL: 159.68733902368
widthR: 98.66316854761004
x0: 1769.0445892229623
