alphaL: 0.9847888063302802
alphaR: 1.3665447719869008
event_sum: 0.5966380942845717
mean: 1770.3882327159906
nL: 0.20025692959902494
nR: 2.173398980860251
norm: 0.5966380942845717
sigma: 95.20077060807479
sigmaL: 181.9308177787572
sigmaR: 90.83814493125561
widthL: 181.9308177787572
widthR: 90.83814493125561
x0: 1770.3882327159906
