alphaL: 1.1136578014984087
alphaR: 1.3461301251860933
event_sum: 0.9306889493018389
mean: 1771.6514799143638
nL: 1.0125599783771213
nR: 4.16715375703386
norm: 0.9306889493018389
sigma: 180.0
sigmaL: 174.17813178468208
sigmaR: 94.77777309558695
widthL: 174.17813178468208
widthR: 94.77777309558695
x0: 1771.6514799143638
