alphaL: 0.9908773197987729
alphaR: 1.2234178415721495
event_sum: 10.219296336406842
fraction: 0.8086965525209313
mean: 1768.7856538879992
nL: 0.6651470131826024
nR: 4.49957810043658
norm: 6.968533019768074
sigma: 180.0
sigmaL: 174.83850356351687
sigmaR: 90.69807301480499
widthL: 174.83850356351687
widthR: 90.69807301480499
x0: 1768.7856538879992
