alphaL: 0.7072982624881424
alphaR: 0.7228451165370836
event_sum: 0.8454311937675811
mean: 1810.872383658712
nL: 1.0004298503038311
nR: 3.675866862955804
norm: 0.8454311937675811
sigma: 180.0
sigmaL: 197.6786336986663
sigmaR: 45.10142553575784
widthL: 197.6786336986663
widthR: 45.10142553575784
x0: 1810.872383658712
