alphaL: 0.9051142683414172
alphaR: 1.5178477630473581
event_sum: 0.8552366666262969
mean: 1754.1094433061637
nL: 1.0000191085526677
nR: 3.9662209371137656
norm: 0.8552366666262969
sigma: 180.0
sigmaL: 146.58072356156703
sigmaR: 108.72320816178677
widthL: 146.58072356156703
widthR: 108.72320816178677
x0: 1754.1094433061637
