alphaL: 0.6286623953742786
alphaR: 1.22933279628388
event_sum: 0.8454311937675811
mean: 1778.7880735156632
nL: 1.0001213939644598
nR: 3.952657545637744
norm: 0.8454311937675811
sigma: 180.0
sigmaL: 160.7086477815908
sigmaR: 85.04680500151001
widthL: 160.7086477815908
widthR: 85.04680500151001
x0: 1778.7880735156632
