alphaL: 1.1061243804022773
alphaR: 1.618735812108648
event_sum: 0.7498693820089102
mean: 1749.6748221968166
nL: 0.3509871272304371
nR: 3.526281097098046
norm: 0.7498693820089102
sigma: 180.0
sigmaL: 163.37810220690835
sigmaR: 111.87549636395737
widthL: 163.37810220690835
widthR: 111.87549636395737
x0: 1749.6748221968166
