alphaL: 1.1199792060668867
alphaR: 1.3827362652568513
event_sum: 9.306888841092587
fraction: 0.8634975370640131
mean: 1763.7100092757578
nL: 0.9160391312699069
nR: 4.4999260708483835
norm: 7.49869329482317
sigma: 180.0
sigmaL: 166.00031221829602
sigmaR: 99.41406667124913
widthL: 166.00031221829602
widthR: 99.41406667124913
x0: 1763.7100092757578
