alphaL: 0.9022931686858999
alphaR: 1.1076764207174339
event_sum: 1.0219297052244656
mean: 1776.3881202410664
nL: 1.014633946905933
nR: 4.145790110533781
norm: 1.0219297052244656
sigma: 180.0
sigmaL: 179.74040946700504
sigmaR: 81.13474592005403
widthL: 179.74040946700504
widthR: 81.13474592005403
x0: 1776.3881202410664
