alphaL: 1.3978974313411856
alphaR: 1.63789765989222
event_sum: 0.7915841902722605
mean: 1756.295657676391
nL: 0.33113023544236564
nR: 2.91357091439021
norm: 0.7915841902722605
sigma: 180.0
sigmaL: 171.8569003962595
sigmaR: 109.02115674978448
widthL: 171.8569003962595
widthR: 109.02115674978448
x0: 1756.295657676391
