alphaL: 1.3624264150559948
alphaR: 2.303415613541644
event_sum: 34.57763732075221
fraction: 0.9986806252078901
mean: 1854.2626609730469
nL: 9.97121179820281
nR: 2.25541722343495
norm: 34.56281600509183
sigma: 87.06779347501833
sigmaL: 85.8615264915694
sigmaR: 44.416664309521735
widthL: 85.8615264915694
widthR: 44.416664309521735
x0: 1854.2626609730469
