alphaL: 1.4326976556815123
alphaR: 2.0616134056550615
event_sum: 42.36192541919668
mean: 1853.4193897564307
nL: 4.499860947402877
nR: 3.2561360542394007
norm: 42.36192541919668
sigma: 87.03354176045175
sigmaL: 79.76467295293418
sigmaR: 47.53346828983323
widthL: 79.76467295293418
widthR: 47.53346828983323
x0: 1853.4193897564307
