alphaL: 1.2807586605882044
alphaR: 2.1676536477205737
event_sum: 42.181910779813485
mean: 1851.3700884704626
nL: 4.999972936049032
nR: 2.8694110108159947
norm: 42.181910779813485
sigma: 87.03354176045175
sigmaL: 75.39208542881818
sigmaR: 48.73724317338962
widthL: 75.39208542881818
widthR: 48.73724317338962
x0: 1851.3700884704626
