alphaL: 1.5944436063778225
alphaR: 2.2274343392993297
event_sum: 37.8426180088061
mean: 1856.1692656155042
nL: 4.500153128917373
nR: 2.3841198603155096
norm: 37.8426180088061
sigma: 87.03354176045175
sigmaL: 90.17925681626517
sigmaR: 43.01130658507275
widthL: 90.17925681626517
widthR: 43.01130658507275
x0: 1856.1692656155042
