alphaL: 1.1374619817782565
alphaR: 2.274460555830556
event_sum: 3.9164558036646264
mean: 1847.903886065457
nL: 4.954447919135169
nR: 1.611004068808927
norm: 3.9164558036646264
sigma: 98.20555663004158
sigmaL: 72.76398049098526
sigmaR: 50.77529959972625
widthL: 72.76398049098526
widthR: 50.77529959972625
x0: 1847.903886065457
