alphaL: 1.3555650904588687
alphaR: 2.262265695555429
event_sum: 37.677613546038266
mean: 1852.5723036111417
nL: 4.9719498909517545
nR: 2.5193142383956997
norm: 37.677613546038266
sigma: 87.03354176045175
sigmaL: 82.45203710060501
sigmaR: 44.82397344984699
widthL: 82.45203710060501
widthR: 44.82397344984699
x0: 1852.5723036111417
