alphaL: 1.008347717751189
alphaR: 1.8877300979496996
event_sum: 31.99085349439532
fraction: 0.9978430033459549
mean: 1852.0837369691137
nL: 9.988963119351977
nR: 2.720596469331028
norm: 31.948610378737385
sigma: 98.24305475255831
sigmaL: 67.55684154794122
sigmaR: 50.2332465813819
widthL: 67.55684154794122
widthR: 50.2332465813819
x0: 1852.0837369691137
