alphaL: 1.2211484016836067
alphaR: 2.226030629540516
event_sum: 38.861733262961465
fraction: 0.9989530167210141
mean: 1850.3581974570502
nL: 10.0
nR: 2.704100763887269
norm: 38.855860051045084
sigma: 87.06779347501833
sigmaL: 74.6068199776048
sigmaR: 49.861781557748756
widthL: 74.6068199776048
widthR: 49.861781557748756
x0: 1850.3581974570502
