alphaL: 1.1093243621667097
alphaR: 2.0671915887825776
event_sum: 38.21468224514663
fraction: 0.9971531904959156
mean: 1850.6448358971738
nL: 10.0
nR: 2.0543963550768454
norm: 38.182292828436196
sigma: 98.24305475255831
sigmaL: 74.64473042838294
sigmaR: 46.87568357188641
widthL: 74.64473042838294
widthR: 46.87568357188641
x0: 1850.6448358971738
