alphaL: 1.3382121799637878
alphaR: 2.020861463731881
event_sum: 3.9316501734356586
mean: 1853.2383264284608
nL: 4.499385425342541
nR: 2.0404712403160943
norm: 3.9316501734356586
sigma: 98.20555663004158
sigmaL: 80.07345730808073
sigmaR: 45.428983840994576
widthL: 80.07345730808073
widthR: 45.428983840994576
x0: 1853.2383264284608
