alphaL: 1.0937371513028586
alphaR: 2.107157979861315
event_sum: 3.270625086521265
mean: 1850.8685740227158
nL: 4.653337522336137
nR: 2.1164129993429297
norm: 3.270625086521265
sigma: 98.20555663004158
sigmaL: 68.84177837552924
sigmaR: 53.6631318707424
widthL: 68.84177837552924
widthR: 53.6631318707424
x0: 1850.8685740227158
