alphaL: 1.224460952220936
alphaR: 1.8949704749806375
event_sum: 3.28206609018583
mean: 1854.2745899097538
nL: 4.48649385804773
nR: 2.553598296427055
norm: 3.28206609018583
sigma: 98.20555663004158
sigmaL: 73.64326250921974
sigmaR: 49.292927931635724
widthL: 73.64326250921974
widthR: 49.292927931635724
x0: 1854.2745899097538
