alphaL: 0.8637766953968387
alphaR: 2.2801480858939946
event_sum: 38.69074649898436
mean: 1846.8540969411351
nL: 107.40913742851163
nR: 2.8928020895398703
norm_2016: 10.713135985685781
norm_2017: 12.778889056731902
norm_2018: 18.18141527109072
norm_Run2: 41.6734403135084
sigma: 86.95874860678325
sigmaL: 62.72257985447696
sigmaR: 51.262530011172515
widthL: 62.72257985447696
widthR: 51.262530011172515
x0: 1846.8540969411351
