alphaL: 0.9698623521735616
alphaR: 2.354375153130797
event_sum: 34.38638244799708
mean: 1849.5280177418003
nL: 136.66269580355794
nR: 2.337529674749268
norm_2016: 8.921753358809218
norm_2017: 11.520465419927076
norm_2018: 16.699133296257486
norm_Run2: 37.141352074993776
sigma: 86.95874860678325
sigmaL: 73.13029526534457
sigmaR: 46.54766669341022
widthL: 73.13029526534457
widthR: 46.54766669341022
x0: 1849.5280177418003
