alphaL: 0.9823260676009411
alphaR: 1.446193379743592
event_sum: 18.548095531320733
mean: 1830.708088213035
nL: 1.4132029738666443
nR: 4.237014835139894
norm_2016: 5.030562889903875
norm_2017: 5.823621984524144
norm_2018: 8.034221778826007
norm_Run2: 18.888406653254023
sigma: 103.6
sigmaL: 116.84826957447466
sigmaR: 82.71548770959599
widthL: 116.84826957447466
widthR: 82.71548770959599
x0: 1830.708088213035
