alphaL: 0.9200729981465119
alphaR: 1.3535595506235645
event_sum: 15.36314672038494
mean: 1797.877907717563
nL: 0.5174828903765135
nR: 8.48911588207466
norm_2016: 4.098049542626592
norm_2017: 4.763933857298808
norm_2018: 6.758899925747215
norm_Run2: 15.620883325672617
sigma: 185.0
sigmaL: 148.75101951564756
sigmaR: 111.75284144363201
widthL: 148.75101951564756
widthR: 111.75284144363201
x0: 1797.877907717563
