alphaL: 0.9695766291881245
alphaR: 1.3165880825189542
event_sum: 15.36314672038494
mean: 1801.3572916990317
nL: 0.46193835298029384
nR: 8.696277441175035
norm_2016: 4.098049542626592
norm_2017: 4.763933857298808
norm_2018: 6.758899925747215
norm_Run2: 15.36314672038494
sigma: 185.0
sigmaL: 154.7799456351553
sigmaR: 108.6340087547205
widthL: 154.7799456351553
widthR: 108.6340087547205
x0: 1801.3572916990317
