alphaL: 0.9268761210530625
alphaR: 1.477309756930175
event_sum: 18.548095531320733
mean: 1828.2525955783774
nL: 1.5216937032626494
nR: 4.097236139105496
norm_2016: 5.030562889903875
norm_2017: 5.823621984524144
norm_2018: 8.034221778826007
norm_Run2: 18.548095531320733
sigma: 103.6
sigmaL: 110.46882832790426
sigmaR: 84.61002096804884
widthL: 110.46882832790426
widthR: 84.61002096804884
x0: 1828.2525955783774
