alphaL: 0.8436308086828097
alphaR: 1.927703822189619
event_sum: 31.723043955347748
mean: 1850.764489171818
nL: 16.43780152924383
nR: 2.6896155645069175
norm_2016: 8.747570368815488
norm_2017: 9.744865343263953
norm_2018: 13.985264635593976
norm_Run2: 31.723043955347748
sigma: 98.518368440983
sigmaL: 62.021945468636424
sigmaR: 51.06490883104555
widthL: 62.021945468636424
widthR: 51.06490883104555
x0: 1850.764489171818
