alphaL: 0.9823260676009411
alphaR: 1.446193379743592
event_sum: 18.548095531320733
mean: 1830.708088213035
nL: 1.4132029738666443
nR: 4.237014835139894
norm_2016: 18.548095531320733
norm_2017: 18.548095531320733
norm_2018: 18.548095531320733
norm_Run2: 18.548095531320733
sigma: 103.6
sigmaL: 116.84826957447466
sigmaR: 82.71548770959599
widthL: 116.84826957447466
widthR: 82.71548770959599
x0: 1830.708088213035
