alphaL: 0.8385600944555085
alphaR: 1.9299930049666072
event_sum: 31.723043955347748
mean: 1850.8187448713136
nL: 18.294537556497765
nR: 2.67533708758854
norm_2016: 8.747570368815488
norm_2017: 9.744865343263953
norm_2018: 13.985264635593976
norm_Run2: 31.723043955347748
sigma: 98.518368440983
sigmaL: 62.01218330855453
sigmaR: 51.03266755991193
widthL: 62.01218330855453
widthR: 51.03266755991193
x0: 1850.8187448713136
