alphaL: 1.028160803948601
alphaR: 1.4195075253375984
event_sum: 21.23885161491685
mean: 1828.8028846797924
nL: 1.9820922666170255
nR: 3.842040199278325
norm_2016: 5.308248082829946
norm_2017: 6.6406076488712555
norm_2018: 9.682728145613165
norm_Run2: 21.631583877314366
sigma: 103.6
sigmaL: 115.1362504260721
sigmaR: 79.29945577428563
widthL: 115.1362504260721
widthR: 79.29945577428563
x0: 1828.8028846797924
