alphaL: 0.7742937658996645
alphaR: 2.1862886555097276
event_sum: 37.89075036894797
mean: 1847.130262570973
nL: 82.51285672342036
nR: 1.814623167672384
norm_2016: 9.647552075866562
norm_2017: 11.866551517597067
norm_2018: 17.37872565712616
norm_Run2: 38.89282925058979
sigma: 98.518368440983
sigmaL: 61.31245097573427
sigmaR: 48.74605547986441
widthL: 61.31245097573427
widthR: 48.74605547986441
x0: 1847.130262570973
