alphaL: 1.1043110134536747
alphaR: 1.3611856219626004
event_sum: 16.405047692401435
mean: 1806.82980858636
nL: 0.6557965580232634
nR: 4.667111656864981
norm_2016: 16.405047692401435
norm_2017: 16.405047692401435
norm_2018: 16.405047692401435
norm_Run2: 16.405047692401435
sigma: 185.0
sigmaL: 157.07804128067428
sigmaR: 104.29979452820923
widthL: 157.07804128067428
widthR: 104.29979452820923
x0: 1806.82980858636
