alphaL: 1.0421890736255397
alphaR: 1.4379964956028113
event_sum: 21.23885161491685
mean: 1828.5949922169916
nL: 1.9103975616078892
nR: 3.7257466391739955
norm_2016: 5.308248082829946
norm_2017: 6.6406076488712555
norm_2018: 9.682728145613165
norm_Run2: 21.23885161491685
sigma: 103.6
sigmaL: 115.09035274344873
sigmaR: 79.73743306729553
widthL: 115.09035274344873
widthR: 79.73743306729553
x0: 1828.5949922169916
