alphaL: 1.1043110134536747
alphaR: 1.3611856219626004
event_sum: 16.405047692401435
mean: 1806.82980858636
nL: 0.6557965580232634
nR: 4.667111656864981
norm_2016: 4.057625687076525
norm_2017: 5.179421961799886
norm_2018: 7.428169053629759
norm_Run2: 16.66521670250617
sigma: 185.0
sigmaL: 157.07804128067428
sigmaR: 104.29979452820923
widthL: 157.07804128067428
widthR: 104.29979452820923
x0: 1806.82980858636
