alphaL: 1.1062054968312265
alphaR: 1.3789556332807473
event_sum: 16.405047692401435
mean: 1806.7018952817039
nL: 0.6517670477677213
nR: 4.474262750502407
norm_2016: 4.057625687076525
norm_2017: 5.179421961799886
norm_2018: 7.428169053629759
norm_Run2: 16.405047692401435
sigma: 185.0
sigmaL: 156.86899923099472
sigmaR: 104.90550353186605
widthL: 156.86899923099472
widthR: 104.90550353186605
x0: 1806.7018952817039
