alphaL: 1.028160803948601
alphaR: 1.4195075253375984
event_sum: 21.23885161491685
mean: 1828.8028846797924
nL: 1.9820922666170255
nR: 3.842040199278325
norm_2016: 21.23885161491685
norm_2017: 21.23885161491685
norm_2018: 21.23885161491685
norm_Run2: 21.23885161491685
sigma: 103.6
sigmaL: 115.1362504260721
sigmaR: 79.29945577428563
widthL: 115.1362504260721
widthR: 79.29945577428563
x0: 1828.8028846797924
