alphaL: 1.146431428940025
alphaR: 1.409143405413327
event_sum: 17.81770756639363
fraction: 0.7829550921652555
mean: 2524.559404760448
nL: 0.5603832916280829
nR: 3.640794385095494
norm: 7.714499010173237
sigma: 142.8
sigmaL: 175.57194803772984
sigmaR: 101.71057585812129
widthL: 175.57194803772984
widthR: 101.71057585812129
x0: 2524.559404760448
