alphaL: 0.8883625458038333
alphaR: 1.3579968145709695
event_sum: 0.7585773993166498
mean: 2531.026071487538
nL: 0.9920619402128371
nR: 2.8636334434545505
norm: 0.7585773993166498
sigma: 142.8
sigmaL: 148.57971483843983
sigmaR: 93.15198458409407
widthL: 148.57971483843983
widthR: 93.15198458409407
x0: 2531.026071487538
