alphaL: 0.9594661408389951
alphaR: 1.5439373492281634
event_sum: 18.098798853830615
fraction: 0.8659942970136661
mean: 2500.0
nL: 1.1260392745706893
nR: 3.9776558254491583
norm: 12.202849240816718
sigma: 142.8
sigmaL: 135.37730861336468
sigmaR: 117.63653041375035
widthL: 135.37730861336468
widthR: 117.63653041375035
x0: 2500.0
