alphaL: 1.0407634296724209
alphaR: 1.5723346354345902
event_sum: 0.7126737200513427
mean: 2520.7758626319896
nL: 1.7914466754667193
nR: 2.8616319374945163
norm: 0.7126737200513427
sigma: 142.8
sigmaL: 171.9766113847769
sigmaR: 108.80672385600572
widthL: 171.9766113847769
widthR: 108.80672385600572
x0: 2520.7758626319896
