alphaL: 1.1477443290280256
alphaR: 1.3429206154224371
event_sum: 1.2190307122500523
mean: 2518.5843133548397
nL: 0.9362858177156641
nR: 3.545249775411279
norm: 1.2190307122500523
sigma: 142.8
sigmaL: 164.83096622000397
sigmaR: 100.52981225948095
widthL: 164.83096622000397
widthR: 100.52981225948095
x0: 2518.5843133548397
