alphaL: 0.7870543606216533
alphaR: 1.5830223060907465
event_sum: 1.15841145806256
mean: 2510.4652075547287
nL: 2.6246004675780825
nR: 2.6707558218794674
norm: 1.15841145806256
sigma: 142.8
sigmaL: 136.6109235404971
sigmaR: 108.67760537650241
widthL: 136.6109235404971
widthR: 108.67760537650241
x0: 2510.4652075547287
