alphaL: 1.36201134861172
alphaR: 1.9710069202848364
event_sum: 0.5970650889046332
mean: 1664.3259904094853
nL: 0.11895680177280656
nR: 1.467181142931625
norm: 0.5970650889046332
sigma: 170.0
sigmaL: 166.7926934809144
sigmaR: 107.46130715697403
widthL: 166.7926934809144
widthR: 107.46130715697403
x0: 1664.3259904094853
