alphaL: 0.968537063236704
alphaR: 1.252939474354244
event_sum: 0.6152810222098338
mean: 1678.6290742626938
nL: 0.979055247451918
nR: 3.5713798704539927
norm: 0.6152810222098338
sigma: 170.0
sigmaL: 140.89543218484354
sigmaR: 84.38327959111382
widthL: 140.89543218484354
widthR: 84.38327959111382
x0: 1678.6290742626938
