alphaL: 0.7278873674788827
alphaR: 1.0421161584808105
event_sum: 0.6720602827150602
mean: 1707.4147174691986
nL: 1.0090311572369637
nR: 2.7589970578816723
norm: 0.6720602827150602
sigma: 170.0
sigmaL: 187.71565602847977
sigmaR: 61.29591331795358
widthL: 187.71565602847977
widthR: 61.29591331795358
x0: 1707.4147174691986
