alphaL: 1.233338010147541
alphaR: 1.4028576674677182
event_sum: 0.5778388467391965
mean: 1675.3532258976713
nL: 0.6736005680926647
nR: 2.9791028583269594
norm: 0.5778388467391965
sigma: 170.0
sigmaL: 151.80556917651865
sigmaR: 90.36005346515246
widthL: 151.80556917651865
widthR: 90.36005346515246
x0: 1675.3532258976713
