alphaL: 1.1048552167091237
alphaR: 1.10743500097115
event_sum: 6.584659741907233
fraction: 0.8729224197915852
mean: 1687.8498481920828
nL: 1.54274502047988
nR: 3.7070572089341733
norm: 5.482648749796136
sigma: 170.0
sigmaL: 158.22587535999222
sigmaR: 72.46274567219778
widthL: 158.22587535999222
widthR: 72.46274567219778
x0: 1687.8498481920828
