alphaL: 1.179902473538899
alphaR: 1.2950314677197339
event_sum: 7.675204566556714
fraction: 0.8001547416012506
mean: 1678.3882909900187
nL: 0.4
nR: 4.15151543427275
norm: 5.557242667807273
sigma: 170.0
sigmaL: 166.6812946304198
sigmaR: 87.81458195311421
widthL: 166.6812946304198
widthR: 87.81458195311421
x0: 1678.3882909900187
