alphaL: 1.5167139545109536
alphaR: 2.0423383744436916
event_sum: 0.46201806747558294
mean: 811.3003141253485
nL: 3.2954111301392595
nR: 3.932958960117435
norm: 0.46201806747558294
sigma: 41.218819395324275
sigmaL: 47.34376453526209
sigmaR: 23.07583097134972
widthL: 47.34376453526209
widthR: 23.07583097134972
x0: 811.3003141253485
