alphaL: 2.0544998950226563
alphaR: 2.19645471286204
event_sum: 1.048752668502857
mean: 813.7519685030516
nL: 3.7128909763312006
nR: 3.701606537935733
norm: 1.048752668502857
sigma: 41.15734226142178
sigmaL: 46.879310609577104
sigmaR: 26.24801917692534
widthL: 46.879310609577104
widthR: 26.24801917692534
x0: 813.7519685030516
