alphaL: 1.9229220421978652
alphaR: 2.4289929379512167
event_sum: 71.72983450535685
mean: 810.6841662418379
nL: 4.390045869981431
nR: 4.176509904820713
norm: 71.72983450535685
sigma: 40.12315887040444
sigmaL: 44.72620900997312
sigmaR: 27.02827293956903
widthL: 44.72620900997312
widthR: 27.02827293956903
x0: 810.6841662418379
