alphaL: 2.3080475653377692
alphaR: 1.1547930911538256
event_sum: 3.673645983217284
mean: 804.2435968776161
nL: 1.2679406377288442
nR: 3.1451832221290883
norm: 3.673645983217284
sigma: 89.63147883067994
sigmaL: 81.86533980014714
sigmaR: 40.94049127334671
widthL: 81.86533980014714
widthR: 40.94049127334671
x0: 804.2435968776161
