alphaL: 2.4699515208789866
alphaR: 2.9439530063817947
event_sum: 0.4636772674784879
mean: 812.9110428397884
nL: 1.6732652993339534
nR: 1.1542535381923027
norm: 0.4636772674784879
sigma: 41.15734226142178
sigmaL: 52.97880843159378
sigmaR: 23.637120838735694
widthL: 52.97880843159378
widthR: 23.637120838735694
x0: 812.9110428397884
