alphaL: 1.5845694718416836
alphaR: 2.583529447550895
event_sum: 23.306499351281673
mean: 807.8418427682298
nL: 4.4938963812820925
nR: 4.286461730492861
norm: 23.306499351281673
sigma: 40.12315887040444
sigmaL: 46.46902731690672
sigmaR: 26.04948148361376
widthL: 46.46902731690672
widthR: 26.04948148361376
x0: 807.8418427682298
