alphaL: 1.445201562030597
alphaR: 2.7494046224303332
event_sum: 23.31915904674679
fraction: 0.999657581846313
mean: 807.5729308064289
nL: 9.995068654904976
nR: 2.071503262754011
norm: 23.314939148258418
sigma: 40.03514445749641
sigmaL: 45.621318927257136
sigmaR: 26.07402311272079
widthL: 45.621318927257136
widthR: 26.07402311272079
x0: 807.5729308064289
