alphaL: 1.4277500679307338
alphaR: 2.2640112325460287
event_sum: 1.0466095351657714
mean: 809.4085278880675
nL: 3.981112054489173
nR: 3.933499570731606
norm: 1.0466095351657714
sigma: 41.218819395324275
sigmaL: 40.43219161145479
sigmaR: 28.370101542684964
widthL: 40.43219161145479
widthR: 28.370101542684964
x0: 809.4085278880675
