alphaL: 1.665891314325072
alphaR: 2.615237918278143
event_sum: 71.74671409931034
fraction: 0.9998913502027541
mean: 809.6054246410894
nL: 9.957716784623296
nR: 3.0790026030002595
norm: 71.73405440384522
sigma: 40.03514445749641
sigmaL: 43.175119946617116
sigmaR: 27.622410262794638
widthL: 43.175119946617116
widthR: 27.622410262794638
x0: 809.6054246410894
