alphaL: 1.4631735165296678
alphaR: 2.4428109865281082
event_sum: 4.62018057750538
fraction: 0.9999352686780298
mean: 809.9030644786218
nL: 6.838074253062413
nR: 3.589448643799256
norm: 4.62018057750538
sigma: 41.162437323265586
sigmaL: 46.09325334409281
sigmaR: 24.914312186371387
widthL: 46.09325334409281
widthR: 24.914312186371387
x0: 809.9030644786218
