alphaL: 1.508723289128176
alphaR: 2.024015151353387
event_sum: 0.46201806747558294
mean: 811.3801168710651
nL: 3.286459638627531
nR: 3.9434568568719888
norm: 0.46201806747558294
sigma: 41.218819395324275
sigmaL: 47.22454948567518
sigmaR: 22.975211871771148
widthL: 47.22454948567518
widthR: 22.975211871771148
x0: 811.3801168710651
