alphaL: 1.5846456956040778
alphaR: 2.5843391414927464
event_sum: 23.306499351281673
mean: 807.8446397698119
nL: 4.4937498635408835
nR: 4.285857210225441
norm: 23.306499351281673
sigma: 40.12315887040444
sigmaL: 46.473470016354334
sigmaR: 26.04643130909131
widthL: 46.473470016354334
widthR: 26.04643130909131
x0: 807.8446397698119
