alphaL: 1.427238852142356
alphaR: 2.262025705955703
event_sum: 1.0466095351657714
mean: 809.4035019177985
nL: 3.9798605786382004
nR: 3.931833635028558
norm: 1.0466095351657714
sigma: 41.218819395324275
sigmaL: 40.418391508634784
sigmaR: 28.36407574687363
widthL: 40.418391508634784
widthR: 28.36407574687363
x0: 809.4035019177985
