alphaL: 1.5054998401728015
alphaR: 2.23696746327048
event_sum: 10.470934464596212
fraction: 0.9998443205681631
mean: 811.1784206404772
nL: 7.381642478342261
nR: 3.777468235431735
norm: 10.469551797956228
sigma: 41.162437323265586
sigmaL: 42.71983958418261
sigmaR: 27.475435841834656
widthL: 42.71983958418261
widthR: 27.475435841834656
x0: 811.1784206404772
