alphaL: 1.9176448931106116
alphaR: 2.5415170390033675
event_sum: 71.74671409931034
mean: 810.5693936814001
nL: 4.499641581527069
nR: 3.2997050723891004
norm: 71.74671409931034
sigma: 40.03514445749641
sigmaL: 44.668514555375836
sigmaR: 27.135042062966427
widthL: 44.668514555375836
widthR: 27.135042062966427
x0: 810.5693936814001
