alphaL: 1.6308632689867852
alphaR: 2.713334293567909
event_sum: 0.4618106674752198
mean: 808.594103677288
nL: 2.1216820999911046
nR: 2.0738095394656453
norm: 0.4618106674752198
sigma: 41.218819395324275
sigmaL: 43.65954718100413
sigmaR: 25.226080946398348
widthL: 43.65954718100413
widthR: 25.226080946398348
x0: 808.594103677288
