alphaL: 1.5352985813916977
alphaR: 2.5572398036020845
event_sum: 23.306499351281673
mean: 807.5559544125011
nL: 4.930412547266933
nR: 3.7938791132563003
norm: 23.306499351281673
sigma: 40.12315887040444
sigmaL: 45.8806159046541
sigmaR: 26.119912711474928
widthL: 45.8806159046541
widthR: 26.119912711474928
x0: 807.5559544125011
