alphaL: 1.9239012361480152
alphaR: 2.430006919827813
event_sum: 71.72983450535685
mean: 810.7041547654801
nL: 4.389505446622068
nR: 4.1766946107620875
norm: 71.72983450535685
sigma: 40.12315887040444
sigmaL: 44.743102671126046
sigmaR: 27.02076539886321
widthL: 44.743102671126046
widthR: 27.02076539886321
x0: 810.7041547654801
