alphaL: 1.801346908476104
alphaR: 1.2810834534862774
event_sum: 8.36663350975141
mean: 804.2798357970028
nL: 4.481111247826664
nR: 3.3540907979430368
norm: 8.36663350975141
sigma: 89.63147883067994
sigmaL: 81.9769562547139
sigmaR: 45.82060627063905
widthL: 81.9769562547139
widthR: 45.82060627063905
x0: 804.2798357970028
