alphaL: 1.6916949032890867
alphaR: 3.0838833353191526
event_sum: 1.0464712684988626
mean: 809.5432469263113
nL: 3.0664616215891214
nR: 0.37310946468336365
norm: 1.0464712684988626
sigma: 41.218819395324275
sigmaL: 42.20029390084231
sigmaR: 29.37399525226812
widthL: 42.20029390084231
widthR: 29.37399525226812
x0: 809.5432469263113
