alphaL: 2.5455354210494505
alphaR: 2.591020517011832
event_sum: 71.80579267814755
mean: 812.3684012430592
nL: 3.997798347290329
nR: 2.5535488596143394
norm: 71.80579267814755
sigma: 40.12315887040444
sigmaL: 47.43941903319196
sigmaR: 26.319942185193135
widthL: 47.43941903319196
widthR: 26.319942185193135
x0: 812.3684012430592
