alphaL: 3.6886373199793234
alphaR: 2.475337564398271
event_sum: 23.357138133142143
mean: 811.5779875455506
nL: 3.7526315456683204
nR: 3.421127685777319
norm: 23.357138133142143
sigma: 40.12315887040444
sigmaL: 53.49612877773389
sigmaR: 24.293066572318764
widthL: 53.49612877773389
widthR: 24.293066572318764
x0: 811.5779875455506
