alphaL: 1.605660537091905
alphaR: 2.797997881772801
event_sum: 23.31915904674679
mean: 807.8123383225969
nL: 4.4983733769692025
nR: 2.0068530151022355
norm: 23.31915904674679
sigma: 40.03514445749641
sigmaL: 46.553944318056914
sigmaR: 26.060225808557366
widthL: 46.553944318056914
widthR: 26.060225808557366
x0: 807.8123383225969
