alphaL: 1.8506805944515403
alphaR: 2.562024158949932
event_sum: 71.70451511442661
mean: 810.2609853099985
nL: 4.991997414946226
nR: 3.818932780569876
norm: 71.70451511442661
sigma: 40.12315887040444
sigmaL: 44.20643228893475
sigmaR: 27.294534421983425
widthL: 44.20643228893475
widthR: 27.294534421983425
x0: 810.2609853099985
