alphaL: 1.7903927753231657
alphaR: 1.802833488402618
event_sum: 15.077543090380924
mean: 1213.3797991346792
nL: 2.9998370968514774
nR: 2.870128681908405
norm: 15.077543090380924
sigma: 78
sigmaL: 62.500816379486224
sigmaR: 33.01036603716446
widthL: 62.500816379486224
widthR: 33.01036603716446
x0: 1213.3797991346792
