alphaL: 1.5965663626802893
alphaR: 1.8617542465541832
event_sum: 4.884400306164713
mean: 1210.130404653591
nL: 3.9330116689241117
nR: 3.100059338287923
norm: 4.884400306164713
sigma: 78.884773001094
sigmaL: 60.18068531746771
sigmaR: 32.90148460480886
widthL: 60.18068531746771
widthR: 32.90148460480886
x0: 1210.130404653591
