alphaL: 1.914787457048471
alphaR: 2.5461525918187307
event_sum: 99.74630255462067
mean: 1204.8953103745137
nL: 2.9999036169863396
nR: 2.2783096960527773
norm: 99.74630255462067
sigma: 72.26224391778764
sigmaL: 66.11064108761377
sigmaR: 33.230635173213585
widthL: 66.11064108761377
widthR: 33.230635173213585
x0: 1204.8953103745137
