alphaL: 1.9433735325128754
alphaR: 2.4564791498384912
event_sum: 115.492293378764
mean: 1206.19096360251
nL: 3.999989067219991
nR: 2.707820419135765
norm: 115.492293378764
sigmaL: 65.90330276435844
sigmaR: 33.46577179010179
widthL: 65.90330276435844
widthR: 33.46577179010179
x0: 1206.19096360251
