alphaL: 1.6800210921358272
alphaR: 2.020553924066435
event_sum: 146.680758449181
mean: 1206.6264579663746
nL: 5.999997558344701
nR: 5.399878077385227
norm: 146.680758449181
sigmaL: 60.533417878078254
sigmaR: 34.604719921440754
widthL: 60.533417878078254
widthR: 34.604719921440754
x0: 1206.6264579663746
