alphaL: 1.8675559378215711
alphaR: 2.5340435869214106
event_sum: 17.20385911936109
mean: 1208.3738042840218
nL: 2.998226712586482
nR: 1.5318862701250102
norm: 17.20385911936109
sigmaL: 65.68432106800044
sigmaR: 31.705447258804462
widthL: 65.68432106800044
widthR: 31.705447258804462
x0: 1208.3738042840218
