alphaL: 1.7729209137776198
alphaR: 2.4992786223471284
event_sum: 76.64558276550498
mean: 1204.1558725290015
nL: 3.999075735702826
nR: 2.6299768340695837
norm: 76.64558276550498
sigmaL: 64.15931094484155
sigmaR: 33.94358172459152
widthL: 64.15931094484155
widthR: 33.94358172459152
x0: 1204.1558725290015
