alphaL: 1.8034623672732484
alphaR: 2.217658074232849
event_sum: 17.20850202243555
mean: 1209.124547737096
nL: 3.9972961011913455
nR: 2.6046072791070105
norm: 17.20850202243555
sigmaL: 65.83639617237566
sigmaR: 30.847261174672546
widthL: 65.83639617237566
widthR: 30.847261174672546
x0: 1209.124547737096
