alphaL: 2.286746488565156
alphaR: 0.1322298754827636
event_sum: 15.08333585661196
mean: 1238.1410164399729
nL: 2.9994090116227063
nR: 2.9988707499314127
norm: 15.08333585661196
sigma: 78
sigmaL: 79.7243130155484
sigmaR: 1.7591072557300451
widthL: 79.7243130155484
widthR: 1.7591072557300451
x0: 1238.1410164399729
