alphaL: 1.7686216721397607
alphaR: 2.114628454093527
event_sum: 192.75232936145977
mean: 1206.4597932261136
nL: 3.9999289326277725
nR: 3.997634398442888
norm: 192.75232936145977
sigma: 72.30869880388933
sigmaL: 60.911337155529196
sigmaR: 34.31394611512421
widthL: 60.911337155529196
widthR: 34.31394611512421
x0: 1206.4597932261136
