alphaL: 1.7035601325131489
alphaR: 1.8567394458572521
event_sum: 33.06507392557167
mean: 1175.4878955310828
nL: 3.9999999999980416
nR: 3.6976946278086267
norm: 33.06507392557167
sigmaL: 70.89617262609283
sigmaR: 48.67171911593235
widthL: 70.89617262609283
widthR: 48.67171911593235
x0: 1175.4878955310828
