alphaL: 1.8654494232774046
alphaR: 2.575442337540927
event_sum: 22.285035905811444
mean: 1207.6465189603991
nL: 2.9999914750745047
nR: 1.53197731107807
norm: 22.285035905811444
sigma: 78
sigmaL: 65.77410976361254
sigmaR: 31.811518573457942
widthL: 65.77410976361254
widthR: 31.811518573457942
x0: 1207.6465189603991
