alphaL: 1.63254811484048
alphaR: 2.704145841573453
event_sum: 3.370165544544612
mean: 1205.4642386719195
nL: 3.981311539250821
nR: 1.3114635040444593
norm: 3.370165544544612
sigma: 78.884773001094
sigmaL: 61.934184456946795
sigmaR: 32.91674803410661
widthL: 61.934184456946795
widthR: 32.91674803410661
x0: 1205.4642386719195
