alphaL: 1.9870435910044957
alphaR: 2.2174050932151506
event_sum: 92.44059237375735
mean: 1208.6158437001125
nL: 2.999950074469409
nR: 2.810214678467467
norm: 92.44059237375735
sigma: 72
sigmaL: 61.82632799018894
sigmaR: 34.16229446356557
widthL: 61.82632799018894
widthR: 34.16229446356557
x0: 1208.6158437001125
