alphaL: 1.9239245521235453
alphaR: 2.4748816843510246
event_sum: 99.780038370957
mean: 1204.991728977065
nL: 2.9999615692072785
nR: 2.5698142508535757
norm: 99.780038370957
sigma: 72.30869880388933
sigmaL: 66.27601111495697
sigmaR: 33.14576424495081
widthL: 66.27601111495697
widthR: 33.14576424495081
x0: 1204.991728977065
