alphaL: 1.7276078599769435
alphaR: 1.7864677858869742
event_sum: 24.478632244885056
mean: 1211.5632821966217
nL: 3.999874131923608
nR: 3.5413770827380535
norm: 24.478632244885056
sigmaL: 62.89659754870253
sigmaR: 32.30037069292251
widthL: 62.89659754870253
widthR: 32.30037069292251
x0: 1211.5632821966217
