alphaL: 1.8777546177121949
alphaR: 2.5515071890731265
event_sum: 3.370165544544612
mean: 1207.6571875708046
nL: 2.941602170794024
nR: 1.619729054719756
norm: 3.370165544544612
sigma: 78.884773001094
sigmaL: 65.71227128021995
sigmaR: 31.745824807232513
widthL: 65.71227128021995
widthR: 31.745824807232513
x0: 1207.6571875708046
