alphaL: 1.7896828547612709
alphaR: 2.553271602959475
event_sum: 99.780038370957
mean: 1204.2531268067592
nL: 3.9918085114530877
nR: 2.337384291266483
norm: 99.780038370957
sigma: 72.30869880388933
sigmaL: 64.98223504513311
sigmaR: 33.545167548390395
widthL: 64.98223504513311
widthR: 33.545167548390395
x0: 1204.2531268067592
