alphaL: 1.9177626058720139
alphaR: 2.2724870399520976
event_sum: 192.6770618816874
mean: 1206.8673422838576
nL: 2.9999991533044277
nR: 2.99986591005468
norm: 192.6770618816874
sigma: 72.26635774461565
sigmaL: 62.2973451054897
sigmaR: 34.40812113672594
widthL: 62.2973451054897
widthR: 34.40812113672594
x0: 1206.8673422838576
