alphaL: 1.9166976164738976
alphaR: 2.5706027775063234
event_sum: 76.64558276550498
mean: 1204.8060922974487
nL: 2.999361148457754
nR: 2.1844099988507795
norm: 76.64558276550498
sigmaL: 65.60667856643111
sigmaR: 33.68084048518782
widthL: 65.60667856643111
widthR: 33.68084048518782
x0: 1204.8060922974487
