alphaL: 1.4963846624970774
alphaR: 1.7258348283169376
event_sum: 24.47163144161518
mean: 1209.8213167656736
nL: 5.999991096233122
nR: 4.144374993540181
norm: 24.47163144161518
sigmaL: 59.436838302230555
sigmaR: 33.04150089776089
widthL: 59.436838302230555
widthR: 33.04150089776089
x0: 1209.8213167656736
