alphaL: 2.1955287775922168
alphaR: 2.155759311365915
event_sum: 92.47447429369736
mean: 1210.35183542687
nL: 2.999998260019423
nR: 2.976060252072429
norm: 92.47447429369736
sigma: 72
sigmaL: 64.55669876509504
sigmaR: 33.21458711459049
widthL: 64.55669876509504
widthR: 33.21458711459049
x0: 1210.35183542687
