alphaL: 1.929994071354773
alphaR: 1.8471364123175653
event_sum: 22.614456351199404
mean: 1179.6449164844826
nL: 3.9952339910538566
nR: 3.6538629347281666
norm: 22.614456351199404
sigmaL: 78.12046296721022
sigmaR: 42.62781565917999
widthL: 78.12046296721022
widthR: 42.62781565917999
x0: 1179.6449164844826
