alphaL: 1.9221800454763283
alphaR: 2.2601397796118516
event_sum: 192.6770618816874
mean: 1207.0140176982718
nL: 2.99992671917501
nR: 2.9988152823372984
norm: 192.6770618816874
sigma: 72.26224391778764
sigmaL: 62.40937989172905
sigmaR: 34.28171059032458
widthL: 62.40937989172905
widthR: 34.28171059032458
x0: 1207.0140176982718
