alphaL: 1.7248279927820074
alphaR: 1.8856145658753636
event_sum: 32.316140845211294
mean: 1210.339737006458
nL: 2.9999657222423113
nR: 2.9966657649562145
norm: 32.316140845211294
sigma: 79.0454382611935
sigmaL: 61.099737024511036
sigmaR: 32.99144679878894
widthL: 61.099737024511036
widthR: 32.99144679878894
x0: 1210.339737006458
