alphaL: 1.538109857967353
alphaR: 2.6100498356354755
event_sum: 17.207791580575844
mean: 1205.8300192567176
nL: 5.988310084427762
nR: 1.4655128726566524
norm: 17.207791580575844
sigmaL: 60.98772714586671
sigmaR: 32.8737587553146
widthL: 60.98772714586671
widthR: 32.8737587553146
x0: 1205.8300192567176
