alphaL: 1.9242749137730202
alphaR: 2.2954855479760017
event_sum: 146.66348917222177
mean: 1207.23683990583
nL: 2.9999964494808857
nR: 2.9977591836577497
norm: 146.66348917222177
sigmaL: 62.474741066797826
sigmaR: 34.8267291636965
widthL: 62.474741066797826
widthR: 34.8267291636965
x0: 1207.23683990583
