alphaL: 1.5007689936194184
alphaR: 1.7638438938370755
event_sum: 12.652507411136018
mean: 1210.5059365501193
nL: 3.9959631926355414
nR: 2.2648605458387814
norm: 12.652507411136018
sigmaL: 54.152550724372546
sigmaR: 35.75052794625816
widthL: 54.152550724372546
widthR: 35.75052794625816
x0: 1210.5059365501193
