alphaL: 1.844517407028818
alphaR: 1.913367856149816
event_sum: 101.52995984701481
mean: 1173.397541688062
nL: 3.9996267402375527
nR: 3.713765094785811
norm: 101.52995984701481
sigmaL: 75.2303151961046
sigmaR: 46.43566599224383
widthL: 75.2303151961046
widthR: 46.43566599224383
x0: 1173.397541688062
