alphaL: 1.8020036744795633
alphaR: 2.0188739353328953
event_sum: 44.62889594072547
mean: 1208.7050642739412
nL: 2.9999889100733026
nR: 2.932535198134894
norm: 44.62889594072547
sigma: 78
sigmaL: 63.764234678488116
sigmaR: 32.11637712267335
widthL: 63.764234678488116
widthR: 32.11637712267335
x0: 1208.7050642739412
