alphaL: 1.9055973624021028
alphaR: 2.1323475334150586
event_sum: 146.70364830610407
mean: 1207.8140418432815
nL: 3.999891807862165
nR: 3.9429192968279296
norm: 146.70364830610407
sigmaL: 63.005795162661784
sigmaR: 34.288563866029136
widthL: 63.005795162661784
widthR: 34.288563866029136
x0: 1207.8140418432815
