alphaL: 1.8655321150712982
alphaR: 2.615028642097164
event_sum: 22.285035905811444
mean: 1207.527040181421
nL: 2.999999024463769
nR: 1.458806647235861
norm: 22.285035905811444
sigma: 79.0454382611935
sigmaL: 65.71774325180654
sigmaR: 31.933527378144834
widthL: 65.71774325180654
widthR: 31.933527378144834
x0: 1207.527040181421
