alphaL: 1.7085903270535074
alphaR: 1.9107911426045352
event_sum: 4.884400306164713
mean: 1210.1756664581094
nL: 2.997576514473232
nR: 2.8266537200827413
norm: 4.884400306164713
sigma: 78.884773001094
sigmaL: 60.862798323924984
sigmaR: 33.09352713305073
widthL: 60.862798323924984
widthR: 33.09352713305073
x0: 1210.1756664581094
