alphaL: 1.66550338120702
alphaR: 2.5352086090506365
event_sum: 17.20385911936109
mean: 1206.9434983607848
nL: 3.9999524334980077
nR: 1.5668607767453573
norm: 17.20385911936109
sigmaL: 62.981105956238665
sigmaR: 32.45985851286194
widthL: 62.981105956238665
widthR: 32.45985851286194
x0: 1206.9434983607848
