alphaL: 1.9172950303160043
alphaR: 2.269730830398678
event_sum: 192.75232936145977
mean: 1206.9307985494004
nL: 2.9999164739917554
nR: 2.997413556106066
norm: 192.75232936145977
sigma: 72.30869880388933
sigmaL: 62.25767231169939
sigmaR: 34.35796938578165
widthL: 62.25767231169939
widthR: 34.35796938578165
x0: 1206.9307985494004
