alphaL: 1.840277541386204
alphaR: 1.8342546637412667
event_sum: 197.92883953750584
mean: 1174.68317303075
nL: 3.99997353601719
nR: 3.9315866981919636
norm: 197.92883953750584
sigmaL: 72.56485781413654
sigmaR: 46.64740671452333
widthL: 72.56485781413654
widthR: 46.64740671452333
x0: 1174.68317303075
