alphaL: 1.9437654419133525
alphaR: 1.9969854464801116
event_sum: 44.64586311638774
mean: 1210.2664153921585
nL: 2.999942035677028
nR: 2.998703232225697
norm: 44.64586311638774
sigma: 78
sigmaL: 66.33423368487014
sigmaR: 31.29683228181456
widthL: 66.33423368487014
widthR: 31.29683228181456
x0: 1210.2664153921585
