alphaL: 1.9348856101774772
alphaR: 2.458652781411954
event_sum: 76.67085128401871
mean: 1205.3580400034966
nL: 3.999818331894692
nR: 2.594079827488459
norm: 76.67085128401871
sigmaL: 66.39489403010958
sigmaR: 33.33100953680802
widthL: 66.39489403010958
widthR: 33.33100953680802
x0: 1205.3580400034966
