alphaL: 1.7942412065927678
alphaR: 2.0981080918996033
event_sum: 24.02550404843415
mean: 1209.391216519914
nL: 3.999974836175794
nR: 2.769900992848635
norm: 24.02550404843415
sigmaL: 64.99491793673384
sigmaR: 31.251820259843974
widthL: 64.99491793673384
widthR: 31.251820259843974
x0: 1209.391216519914
