alphaL: 1.920622140217464
alphaR: 2.508363520276312
event_sum: 99.74630255462067
mean: 1205.0485883465383
nL: 2.999996390898576
nR: 2.4369914619851127
norm: 99.74630255462067
sigma: 72.26635774461565
sigmaL: 66.22035480951114
sigmaR: 33.13223905376385
widthL: 66.22035480951114
widthR: 33.13223905376385
x0: 1205.0485883465383
