alphaL: 1.8924124166288456
alphaR: 2.0881951641053913
event_sum: 70.57237018634258
mean: 1206.5815395649233
nL: 3.999285267778951
nR: 2.2679662219026535
norm: 70.57237018634258
sigmaL: 56.37145970839715
sigmaR: 35.15643508184284
widthL: 56.37145970839715
widthR: 35.15643508184284
x0: 1206.5815395649233
