alphaL: 1.919303878427053
alphaR: 2.3500726091700703
event_sum: 230.25692393179847
mean: 1205.4696770267203
nL: 2.9999874891052394
nR: 2.9995020292016266
norm: 230.25692393179847
sigma: 72
sigmaL: 64.08279830620086
sigmaR: 33.98452864727519
widthL: 64.08279830620086
widthR: 33.98452864727519
x0: 1205.4696770267203
