alphaL: 1.7204560624023744
alphaR: 1.8879640527581234
event_sum: 32.31545043604432
mean: 1210.3183060485128
nL: 2.9999528478739643
nR: 2.894936384375664
norm: 32.31545043604432
sigma: 78
sigmaL: 61.07311750712037
sigmaR: 33.007932907180205
widthL: 61.07311750712037
widthR: 33.007932907180205
x0: 1210.3183060485128
