alphaL: 1.9249467250867427
alphaR: 2.467691411899806
event_sum: 99.74630255462067
mean: 1205.1176943386054
nL: 2.9999999883644493
nR: 2.560039009983716
norm: 99.74630255462067
sigma: 72
sigmaL: 66.30572728772641
sigmaR: 33.07440746704213
widthL: 66.30572728772641
widthR: 33.07440746704213
x0: 1205.1176943386054
