alphaL: 1.8616569907590588
alphaR: 2.6157492701084926
event_sum: 22.285035905811444
mean: 1207.4986598468813
nL: 2.999967045759459
nR: 1.45422516978608
norm: 22.285035905811444
sigma: 78.93507767784538
sigmaL: 65.64582034908359
sigmaR: 31.929849232302217
widthL: 65.64582034908359
widthR: 31.929849232302217
x0: 1207.4986598468813
