alphaL: 2.0988257576457343
alphaR: 2.318916777861753
event_sum: 230.33066948419386
mean: 1206.8711399671233
nL: 2.999958399840511
nR: 2.9980436796880414
norm: 230.33066948419386
sigma: 72
sigmaL: 66.46577141782225
sigmaR: 33.269269052562876
widthL: 66.46577141782225
widthR: 33.269269052562876
x0: 1206.8711399671233
