alphaL: 1.9223233922302956
alphaR: 2.2607406421312697
event_sum: 192.6770618816874
mean: 1207.0160263373712
nL: 2.9999109059055558
nR: 2.998764061646462
norm: 192.6770618816874
sigma: 72
sigmaL: 62.420335474978685
sigmaR: 34.28152416977145
widthL: 62.420335474978685
widthR: 34.28152416977145
x0: 1207.0160263373712
