alphaL: 1.7653751306652765
alphaR: 2.1534539675385824
event_sum: 146.66348917222177
mean: 1206.6736573064723
nL: 3.9998148450065036
nR: 3.979836029032942
norm: 146.66348917222177
sigmaL: 60.918850307170835
sigmaR: 34.83053090052585
widthL: 60.918850307170835
widthR: 34.83053090052585
x0: 1206.6736573064723
