alphaL: 1.7836955081720804
alphaR: 1.8664334608083066
event_sum: 24.464691035526396
mean: 1211.3463099944006
nL: 2.9999600082941753
nR: 2.9296330628312948
norm: 24.464691035526396
sigma: 78
sigmaL: 62.93676711757612
sigmaR: 32.76376153865094
widthL: 62.93676711757612
widthR: 32.76376153865094
x0: 1211.3463099944006
