alphaL: 1.7389311567054266
alphaR: 2.5132852416191653
event_sum: 76.6490500453054
mean: 1204.376086972167
nL: 5.999956916997638
nR: 2.51300978592925
norm: 76.6490500453054
sigmaL: 64.57537852133346
sigmaR: 33.830892842346636
widthL: 64.57537852133346
widthR: 33.830892842346636
x0: 1204.376086972167
