alphaL: 1.6053264017676836
alphaR: 1.832670126708708
event_sum: 24.464691035526396
mean: 1210.0846454441753
nL: 3.9971841783348183
nR: 3.3431378162395564
norm: 24.464691035526396
sigmaL: 60.4627733335089
sigmaR: 33.25806488807173
widthL: 60.4627733335089
widthR: 33.25806488807173
x0: 1210.0846454441753
