alphaL: 1.7286361149038179
alphaR: 1.8812203059104728
event_sum: 32.31545043604432
mean: 1210.5639429065122
nL: 2.999999772082009
nR: 2.9992079662536066
norm: 32.31545043604432
sigma: 78.93507767784538
sigmaL: 61.300533194639996
sigmaR: 32.76571307215585
widthL: 61.300533194639996
widthR: 32.76571307215585
x0: 1210.5639429065122
