alphaL: 1.2722013482035546
alphaR: 1.9062973175818672
event_sum: 3.728430506947916
mean: 1207.241267957232
nL: 4.444399031387652
nR: 3.4846424924513566
norm: 3.728430506947916
sigma: 62.53001916839964
sigmaL: 53.52693337221837
sigmaR: 34.6868852634127
widthL: 53.52693337221837
widthR: 34.6868852634127
x0: 1207.241267957232
