alphaL: 1.5669245483627368
alphaR: 2.135927734945014
event_sum: 147.5874092716258
mean: 1204.8161298982561
nL: 4.499994887140037
nR: 4.4971651011221985
norm: 147.5874092716258
sigma: 58.7986055941173
sigmaL: 57.61270256050416
sigmaR: 35.70182103718558
widthL: 57.61270256050416
widthR: 35.70182103718558
x0: 1204.8161298982561
