alphaL: 1.6657408413347219
alphaR: 2.336183263132519
event_sum: 76.96300729340874
mean: 1203.6681303216496
nL: 4.446782347995726
nR: 4.1813880526515845
norm: 76.96300729340874
sigma: 58.7986055941173
sigmaL: 63.08618121474462
sigmaR: 34.0725814995716
widthL: 63.08618121474462
widthR: 34.0725814995716
x0: 1203.6681303216496
