alphaL: 0.9368765880815462
alphaR: 2.6088108238266687
event_sum: 25.715655359905213
fraction: 0.9921556123583888
mean: 1200.9027780313615
nL: 72.01435969086712
nR: 1.8657410035305737
norm: 25.590789874549955
sigma: 62.468625604818506
sigmaL: 48.81376059638836
sigmaR: 35.336176936869286
widthL: 48.81376059638836
widthR: 35.336176936869286
x0: 1200.9027780313615
