alphaL: 1.6540908463849617
alphaR: 2.5666973366779624
event_sum: 26.328499887429643
mean: 1206.161853310216
nL: 4.4998594257018185
nR: 1.5849294172396746
norm: 26.328499887429643
sigma: 62.554962284042304
sigmaL: 62.88250628653962
sigmaR: 32.90577035822822
widthL: 62.88250628653962
widthR: 32.90577035822822
x0: 1206.161853310216
