alphaL: 1.457691997653807
alphaR: 1.7777728987792538
event_sum: 37.41192038159352
mean: 1209.1821543418973
nL: 4.495602885199015
nR: 3.968671390467193
norm: 37.41192038159352
sigma: 62.46136115279127
sigmaL: 58.081035926514446
sigmaR: 33.5810973386993
widthL: 58.081035926514446
widthR: 33.5810973386993
x0: 1209.1821543418973
