alphaL: 1.6556016298385658
alphaR: 2.5257436501862136
event_sum: 26.328499887429643
mean: 1206.3430742512276
nL: 4.4996033065095355
nR: 1.6893380344554962
norm: 26.328499887429643
sigma: 62.46136115279127
sigmaL: 62.931982807838075
sigmaR: 32.731762325682794
widthL: 62.931982807838075
widthR: 32.731762325682794
x0: 1206.3430742512276
