alphaL: 1.4003297155600711
alphaR: 2.7589203847075874
event_sum: 2.6288051111769164
mean: 1201.4775870176675
nL: 4.499992842923091
nR: 1.2454394556271327
norm: 2.6288051111769164
sigma: 62.53001916839964
sigmaL: 55.8042601864151
sigmaR: 35.2629632607677
widthL: 55.8042601864151
widthR: 35.2629632607677
x0: 1201.4775870176675
