alphaL: 1.4086032377440554
alphaR: 1.709152039632265
event_sum: 3.741345890368393
mean: 1208.9593945323716
nL: 4.4810211935601
nR: 4.354182815492194
norm: 3.741345890368393
sigma: 62.53001916839964
sigmaL: 57.11221756012527
sigmaR: 33.47189033837251
widthL: 57.11221756012527
widthR: 33.47189033837251
x0: 1208.9593945323716
