alphaL: 1.4907860401618982
alphaR: 2.385493116138223
event_sum: 76.67268439591862
mean: 1202.6432725823684
nL: 4.999396359415236
nR: 4.1583604494860245
norm: 76.67268439591862
sigma: 58.7986055941173
sigmaL: 60.74188209829456
sigmaR: 34.57541049356622
widthL: 60.74188209829456
widthR: 34.57541049356622
x0: 1202.6432725823684
