alphaL: 0.5135195526650435
alphaR: 3.3983744559327698
event_sum: 77.06314011430368
mean: 1181.0624969361086
nL: 4.49149828844119
nR: 1.009390683299203
norm: 77.06314011430368
sigma: 58.68739189441189
sigmaL: 17.518551383387994
sigmaR: 44.454722729609905
widthL: 17.518551383387994
widthR: 44.454722729609905
x0: 1181.0624969361086
