alphaL: 1.5227864483250926
alphaR: 2.5228247061398656
event_sum: 2.6288051111769164
mean: 1205.3323409921811
nL: 4.499015166409822
nR: 1.814314463940478
norm: 2.6288051111769164
sigma: 62.53001916839964
sigmaL: 60.501873180515126
sigmaR: 33.13698197484
widthL: 60.501873180515126
widthR: 33.13698197484
x0: 1205.3323409921811
