alphaL: 1.6647908761550447
alphaR: 2.3490807586155333
event_sum: 76.96300729340874
mean: 1203.5852013533715
nL: 4.429201961188691
nR: 4.150554771803775
norm: 76.96300729340874
sigma: 58.7986055941173
sigmaL: 63.02097061648479
sigmaR: 34.125290946153335
widthL: 63.02097061648479
widthR: 34.125290946153335
x0: 1203.5852013533715
