alphaL: 1.709770428946663
alphaR: 2.4341215082305947
event_sum: 76.96300729340874
mean: 1203.733585950484
nL: 3.9983151813138567
nR: 3.2911651974400584
norm: 76.96300729340874
sigma: 58.7986055941173
sigmaL: 63.51360442564458
sigmaR: 34.10104869977921
widthL: 63.51360442564458
widthR: 34.10104869977921
x0: 1203.733585950484
