alphaL: 1.428285350646479
alphaR: 2.72059897338233
event_sum: 71.47446597530507
fraction: 0.9987129738965734
mean: 1202.1926562635242
nL: 9.994272802988762
nR: 1.791023692808821
norm: 71.465348075144
sigma: 58.70768531553443
sigmaL: 60.17635905329363
sigmaR: 35.03355880060709
widthL: 60.17635905329363
widthR: 35.03355880060709
x0: 1202.1926562635242
