alphaL: 1.1213333265100323
alphaR: 2.644026953650797
event_sum: 25.715655359905213
fraction: 0.9981579376871743
mean: 1202.1818232088985
nL: 19.999902167817645
nR: 1.58457367378795
norm: 25.709319755551405
sigma: 62.468625604818506
sigmaL: 53.34487469698139
sigmaR: 34.72096223243884
widthL: 53.34487469698139
widthR: 34.72096223243884
x0: 1202.1818232088985
