alphaL: 1.4368488015143754
alphaR: 1.8638833316974535
event_sum: 3.742042787533137
mean: 1208.5405223219348
nL: 3.9767875833507715
nR: 3.4447188094439634
norm: 3.742042787533137
sigma: 62.5284098894283
sigmaL: 56.82054245661475
sigmaR: 34.16599729813865
widthL: 56.82054245661475
widthR: 34.16599729813865
x0: 1208.5405223219348
