alphaL: 1.034225497208679
alphaR: 1.9020358962775066
event_sum: 36.61503914050991
fraction: 0.999061408515873
mean: 1205.5096513643114
nL: 19.994551659296345
nR: 3.596235210826855
norm: 36.59724917769199
sigma: 62.468625604818506
sigmaL: 49.96387593499574
sigmaR: 35.764324781461625
widthL: 49.96387593499574
widthR: 35.764324781461625
x0: 1205.5096513643114
