alphaL: 1.262954854550208
alphaR: 2.828325671297917
event_sum: 71.47446597530507
fraction: 0.9987459348887171
mean: 1201.1235766340283
nL: 19.99086288360682
nR: 1.5371379708484607
norm: 71.465348075144
sigma: 58.70768531553443
sigmaL: 57.52041036035059
sigmaR: 35.510383739207576
widthL: 57.52041036035059
widthR: 35.510383739207576
x0: 1201.1235766340283
