alphaL: 1.3629878926232906
alphaR: 2.524715240372792
event_sum: 2.61980982303794
mean: 1204.6256649097154
nL: 4.930197375204039
nR: 1.920348263322114
norm: 2.61980982303794
sigma: 62.53001916839964
sigmaL: 58.23884512054557
sigmaR: 33.34654148449885
widthL: 58.23884512054557
widthR: 33.34654148449885
x0: 1204.6256649097154
