alphaL: 1.5676236865870619
alphaR: 2.138373011752302
event_sum: 147.69510605349205
mean: 1204.840881366191
nL: 4.499997849480827
nR: 4.498911638774017
norm: 147.69510605349205
sigma: 58.68739189441189
sigmaL: 57.68148112522274
sigmaR: 35.671951176904265
widthL: 57.68148112522274
widthR: 35.671951176904265
x0: 1204.840881366191
