alphaL: 1.2208642051415657
alphaR: 1.778507891019232
event_sum: 36.61503914050991
fraction: 0.9988062664331496
mean: 1207.7602528892241
nL: 9.983229653914682
nR: 4.09463932285802
norm: 36.59724917769199
sigma: 62.468625604818506
sigmaL: 54.555586945513184
sigmaR: 34.26793955817311
widthL: 54.555586945513184
widthR: 34.26793955817311
x0: 1207.7602528892241
