alphaL: 1.392698232433277
alphaR: 2.1633082173412954
event_sum: 137.51622406835668
fraction: 0.9994138529346116
mean: 1203.9758518547383
nL: 9.999998188738095
nR: 4.471208326879118
norm: 137.5022182681132
sigma: 58.70768531553443
sigmaL: 55.79848171589203
sigmaR: 36.227764026737916
widthL: 55.79848171589203
widthR: 36.227764026737916
x0: 1203.9758518547383
