alphaL: 1.6238048308091744
alphaR: 2.1890915254447867
event_sum: 147.5874092716258
mean: 1205.207451936769
nL: 3.999549645941581
nR: 3.9385957153120352
norm: 147.5874092716258
sigma: 58.7986055941173
sigmaL: 58.353097400609016
sigmaR: 35.54012136165525
widthL: 58.353097400609016
widthR: 35.54012136165525
x0: 1205.207451936769
