alphaL: 1.6601066977951096
alphaR: 2.3472876744623177
event_sum: 76.91454651276581
mean: 1203.8659748552395
nL: 4.499919561482441
nR: 4.1491839622302225
norm: 76.91454651276581
sigma: 58.68739189441189
sigmaL: 63.04741252711194
sigmaR: 33.969126837020234
widthL: 63.04741252711194
widthR: 33.969126837020234
x0: 1203.8659748552395
