alphaL: 1.523659350895252
alphaR: 2.573028525276401
event_sum: 26.28712107735919
mean: 1205.0614739541675
nL: 4.499999766122136
nR: 1.6548404251783038
norm: 26.28712107735919
sigma: 62.46136115279127
sigmaL: 60.35321649492987
sigmaR: 33.39978416782795
widthL: 60.35321649492987
widthR: 33.39978416782795
x0: 1205.0614739541675
