alphaL: 1.7394217576694415
alphaR: 2.1016999093263653
event_sum: 147.83420015266165
mean: 1206.5349513242388
nL: 4.499962758309886
nR: 4.456202674015794
norm: 147.83420015266165
sigma: 58.652745294084994
sigmaL: 60.74157059317599
sigmaR: 34.77572732260404
widthL: 60.74157059317599
widthR: 34.77572732260404
x0: 1206.5349513242388
