alphaL: 1.546906261070338
alphaR: 1.7408197009532536
event_sum: 37.486146084964275
mean: 1210.1950467600277
nL: 4.499959740247561
nR: 3.9579051116617734
norm: 37.486146084964275
sigma: 62.554962284042304
sigmaL: 59.90826349346033
sigmaR: 32.9453317581637
widthL: 59.90826349346033
widthR: 32.9453317581637
x0: 1210.1950467600277
