alphaL: 1.7840262594163812
alphaR: 2.6061722769420754
event_sum: 77.06314011430368
mean: 1204.2921941338063
nL: 4.499748422785737
nR: 2.080233988932328
norm: 77.06314011430368
sigma: 58.652745294084994
sigmaL: 64.60321255107068
sigmaR: 33.95778788626891
widthL: 64.60321255107068
widthR: 33.95778788626891
x0: 1204.2921941338063
