alphaL: 1.5410722424112586
alphaR: 2.4932342135985284
event_sum: 2.6280531333904946
mean: 1205.6664116291838
nL: 3.762260031882996
nR: 1.8693232551426662
norm: 2.6280531333904946
sigma: 62.5284098894283
sigmaL: 61.11678076926747
sigmaR: 33.06489559960042
widthL: 61.11678076926747
widthR: 33.06489559960042
x0: 1205.6664116291838
