alphaL: 1.5595661514890802
alphaR: 1.7521241698077241
event_sum: 37.486146084964275
mean: 1210.6742045815947
nL: 4.499733750334171
nR: 3.8985912747239246
norm: 37.486146084964275
sigma: 62.46136115279127
sigmaL: 60.56467668859513
sigmaR: 32.732902495885746
widthL: 60.56467668859513
widthR: 32.732902495885746
x0: 1210.6742045815947
