alphaL: 1.3912346652544463
alphaR: 2.1557906989906193
event_sum: 147.13817877927795
mean: 1203.4177586036258
nL: 4.999970307451657
nR: 4.72588007508565
norm: 147.13817877927795
sigma: 58.7986055941173
sigmaL: 54.609466772194786
sigmaR: 36.38347265344422
widthL: 54.609466772194786
widthR: 36.38347265344422
x0: 1203.4177586036258
