alphaL: 1.4085867291510894
alphaR: 1.7044699230216342
event_sum: 3.741345890368393
mean: 1208.9738705237949
nL: 4.481378033553376
nR: 4.372212915997091
norm: 3.741345890368393
sigma: 62.53001916839964
sigmaL: 57.11813528957112
sigmaR: 33.44983141077147
widthL: 57.11813528957112
widthR: 33.44983141077147
x0: 1208.9738705237949
