alphaL: 1.245732845699531
alphaR: 2.1851167420613615
event_sum: 137.51622406835668
fraction: 0.9996448836557538
mean: 1203.2139701863005
nL: 19.99511765320358
nR: 4.412224810491197
norm: 137.5022182681132
sigma: 58.70768531553443
sigmaL: 53.75510175593658
sigmaR: 36.588888219074406
widthL: 53.75510175593658
widthR: 36.588888219074406
x0: 1203.2139701863005
