alphaL: 1.2824829167569598
alphaR: 2.649335639297821
event_sum: 25.715655359905213
fraction: 0.9976846477533206
mean: 1203.4599617785946
nL: 9.99441226302473
nR: 1.529920832904212
norm: 25.709319755551405
sigma: 62.468625604818506
sigmaL: 56.57103749585165
sigmaR: 34.1765763122953
widthL: 56.57103749585165
widthR: 34.1765763122953
x0: 1203.4599617785946
