alphaL: 1.566929213513509
alphaR: 2.136020676579651
event_sum: 147.5874092716258
mean: 1204.8154431034752
nL: 4.499994728610354
nR: 4.497597964083882
norm: 147.5874092716258
sigma: 58.7986055941173
sigmaL: 57.61212007621007
sigmaR: 35.702137107592335
widthL: 57.61212007621007
widthR: 35.702137107592335
x0: 1204.8154431034752
