alphaL: 1.7324100806364389
alphaR: 2.1281680587682716
event_sum: 147.83420015266165
mean: 1206.2644972921819
nL: 4.499131866080881
nR: 4.356672694257638
norm: 147.83420015266165
sigma: 58.68739189441189
sigmaL: 60.46236728583157
sigmaR: 34.98313807155723
widthL: 60.46236728583157
widthR: 34.98313807155723
x0: 1206.2644972921819
