alphaL: 1.0348297709492673
alphaR: 2.177292152936413
event_sum: 137.16823456785642
mean: 1201.485823945146
nL: 143.1244606636376
nR: 5.158707263898839
norm_2016: 37.766849633306265
norm_2017: 44.45494862366468
norm_2018: 63.75484690070152
norm_Run2: 137.16823456785642
sigma: 58.70768531553443
sigmaL: 49.463536584820574
sigmaR: 37.429007988671756
widthL: 49.463536584820574
widthR: 37.429007988671756
x0: 1201.485823945146
