alphaL: 1.0361886824993156
alphaR: 2.179404445920752
event_sum: 137.16823456785642
mean: 1201.4454564330945
nL: 143.13101354794435
nR: 5.147791800549092
norm_2016: 137.16823456785642
norm_2017: 137.16823456785642
norm_2018: 137.16823456785642
norm_Run2: 137.16823456785642
sigma: 58.70768531553443
sigmaL: 49.48587444557461
sigmaR: 37.44483683823727
widthL: 49.48587444557461
widthR: 37.44483683823727
x0: 1201.4454564330945
