alphaL: 1.0969970986777975
alphaR: 2.46596105289948
event_sum: 71.13041127542965
mean: 1200.470570094311
nL: 141.4773278373186
nR: 4.268097157519732
norm_2016: 18.91192241292447
norm_2017: 23.3138355857227
norm_2018: 33.745914318133146
norm_Run2: 71.13041127542965
sigma: 58.70768531553443
sigmaL: 54.62201154257205
sigmaR: 35.56062626408047
widthL: 54.62201154257205
widthR: 35.56062626408047
x0: 1200.470570094311
