alphaL: 1.0978293423943681
alphaR: 2.468966095033733
event_sum: 71.13041127542965
mean: 1200.5885923180501
nL: 132.65174762352962
nR: 4.048289448554256
norm_2016: 18.91192241292447
norm_2017: 23.3138355857227
norm_2018: 33.745914318133146
norm_norm_Run2: 75.97167231678031
sigma: 58.70768531553443
sigmaL: 54.794875598806
sigmaR: 35.524606055543394
widthL: 54.794875598806
widthR: 35.524606055543394
x0: 1200.5885923180501
