alphaL: 0.7246639242772775
alphaR: 1.4785662444572576
event_sum: 30.376201870152727
mean: 1189.0199214498352
nL: 4.159855834172595
nR: 4.680148437348344
norm_2016: 8.204081332078204
norm_2017: 9.498919656733051
norm_2018: 13.208622392266989
norm_Run2: 30.376201870152727
sigma: 67.2
sigmaL: 62.5206578602275
sigmaR: 58.643492079885895
widthL: 62.5206578602275
widthR: 58.643492079885895
x0: 1189.0199214498352
