alphaL: 0.7485438683734353
alphaR: 1.4301886222052718
event_sum: 30.376201870152727
mean: 1190.5891290501297
nL: 4.2026246193602335
nR: 4.896449856466491
norm_2016: 30.376201870152727
norm_2017: 30.376201870152727
norm_2018: 30.376201870152727
norm_Run2: 30.376201870152727
sigma: 67.2
sigmaL: 65.07237500006615
sigmaR: 57.18966127817174
widthL: 65.07237500006615
widthR: 57.18966127817174
x0: 1190.5891290501297
