alphaL: 0.8672571566526344
alphaR: 1.904454315869828
event_sum: 36.41472782409983
mean: 1204.3845672475443
nL: 77.91378635657355
nR: 3.8654985143174105
norm_2016: 10.026209014758933
norm_2017: 11.304894976085052
norm_2018: 15.914779175072908
norm_Run2: 36.41472782409983
sigma: 62.468625604818506
sigmaL: 45.617324206062754
sigmaR: 36.245250185873594
widthL: 45.617324206062754
widthR: 36.245250185873594
x0: 1204.3845672475443
