alphaL: 0.8162302547251833
alphaR: 1.247558360961134
event_sum: 27.521235076943412
mean: 1177.0770307677972
nL: 2.0696302680970615
nR: 8.961599554355727
norm_2016: 27.521235076943412
norm_2017: 27.521235076943412
norm_2018: 27.521235076943412
norm_Run2: 27.521235076943412
sigma: 120.0
sigmaL: 94.66203348263883
sigmaR: 71.80787019241292
widthL: 94.66203348263883
widthR: 71.80787019241292
x0: 1177.0770307677972
