alphaL: 1.1271401245080441
alphaR: 1.4079874576122713
event_sum: 20.687455077655613
mean: 1190.9523902971582
nL: 3.0438533282645315
nR: 4.531374729728999
norm_2016: 20.687455077655613
norm_2017: 20.687455077655613
norm_2018: 20.687455077655613
norm_Run2: 20.687455077655613
sigma: 67.2
sigmaL: 80.50262631212824
sigmaR: 55.18848404496774
widthL: 80.50262631212824
widthR: 55.18848404496774
x0: 1190.9523902971582
