alphaL: 0.9498049482131172
alphaR: 2.602389715427935
event_sum: 25.590789874549955
mean: 1200.92593328294
nL: 59.37876182749242
nR: 1.928259406421208
norm_2016: 25.590789874549955
norm_2017: 25.590789874549955
norm_2018: 25.590789874549955
norm_Run2: 25.590789874549955
sigma: 62.468625604818506
sigmaL: 49.16580697997019
sigmaR: 35.251643776056255
widthL: 49.16580697997019
widthR: 35.251643776056255
x0: 1200.92593328294
