alphaL: 0.6042716978413862
alphaR: 1.4217015155141182
event_sum: 18.462218569009565
mean: 1169.1262236122732
nL: 5.806866704253176
nR: 4.5775878104641885
norm_2016: 18.462218569009565
norm_2017: 18.462218569009565
norm_2018: 18.462218569009565
norm_Run2: 18.462218569009565
sigma: 120.0
sigmaL: 72.01547599662877
sigmaR: 76.1400866197879
widthL: 72.01547599662877
widthR: 76.1400866197879
x0: 1169.1262236122732
