alphaL: 1.1271401245080441
alphaR: 1.4079874576122713
event_sum: 20.687455077655613
mean: 1190.9523902971582
nL: 3.0438533282645315
nR: 4.531374729728999
norm_2016: 5.404888078104705
norm_2017: 6.341121822129935
norm_2018: 9.358025155961514
norm_norm_Run2: 21.104035056196153
sigma: 67.2
sigmaL: 80.50262631212824
sigmaR: 55.18848404496774
widthL: 80.50262631212824
widthR: 55.18848404496774
x0: 1190.9523902971582
