alphaL: 0.9368765880815462
alphaR: 2.6088108238266687
event_sum: 25.590789874549955
mean: 1200.9027780313615
nL: 72.01435969086712
nR: 1.8657410035305737
norm_2016: 6.6208917601034045
norm_2017: 7.8684366387315094
norm_2018: 11.68065631762147
norm_Run2: 25.590789874549955
sigma: 62.468625604818506
sigmaL: 48.81376059638836
sigmaR: 35.336176936869286
widthL: 48.81376059638836
widthR: 35.336176936869286
x0: 1200.9027780313615
