alphaL: 1.2631803742849075
alphaR: 2.1206770327599043
event_sum: 3.558509955249764
mean: 2443.9372786526083
nL: 4.324248476163653
nR: 3.0181014257417083
norm: 3.558509955249764
sigma: 113.72680032741778
sigmaL: 91.14383905658599
sigmaR: 60.226955117596106
widthL: 91.14383905658599
widthR: 60.226955117596106
x0: 2443.9372786526083
