alphaL: 1.0374080194289763
alphaR: 1.9938242233224133
event_sum: 0.7750860437050383
mean: 2448.453544378503
nL: 4.155526118526303
nR: 1.9392376639235331
norm: 0.7750860437050383
sigma: 146.11305782737494
sigmaL: 86.0941343151072
sigmaR: 63.41859250803418
widthL: 86.0941343151072
widthR: 63.41859250803418
x0: 2448.453544378503
