alphaL: 1.0653267596299043
alphaR: 2.0371060022513636
event_sum: 3.546469366503843
mean: 2440.844674464112
nL: 4.65310323697489
nR: 3.362523235236694
norm: 3.546469366503843
sigma: 113.72680032741778
sigmaL: 81.31665345987409
sigmaR: 61.10659952564482
widthL: 81.31665345987409
widthR: 61.10659952564482
x0: 2440.844674464112
