alphaL: 1.1068805792647072
alphaR: 2.081786660583722
event_sum: 4.084387036881827
mean: 2443.8406273367887
nL: 4.145896055277236
nR: 3.0105098026882238
norm: 4.084387036881827
sigma: 113.72680032741778
sigmaL: 92.84080961373895
sigmaR: 56.27951290174937
widthL: 92.84080961373895
widthR: 56.27951290174937
x0: 2443.8406273367887
