alphaL: 1.0538627376379714
alphaR: 1.9317345889054132
event_sum: 11.024785113162848
fraction: 0.9973791538089439
mean: 2450.468007978223
nL: 9.96872299651308
nR: 2.056300680585359
norm: 11.006972118663048
sigma: 146.10430794626186
sigmaL: 95.45126560576786
sigmaR: 54.53621411711699
widthL: 95.45126560576786
widthR: 54.53621411711699
x0: 2450.468007978223
