alphaL: 1.052979946208823
alphaR: 1.9213282913414669
event_sum: 3.3739436286307094
fraction: 0.9991175167588504
mean: 2441.9856386095194
nL: 9.949880220212798
nR: 4.318093420289353
norm: 3.37171442027454
sigma: 114.20203466625486
sigmaL: 85.05026275871015
sigmaR: 60.49634925991798
widthL: 85.05026275871015
widthR: 60.49634925991798
x0: 2441.9856386095194
