alphaL: 1.3284794065767718
alphaR: 1.7891144315555045
event_sum: 4.104306207225322
mean: 2451.668343890001
nL: 4.494373779264857
nR: 4.0073231012061825
norm: 4.104306207225322
sigma: 113.72680032741778
sigmaL: 106.79544707972651
sigmaR: 51.2810611404438
widthL: 106.79544707972651
widthR: 51.2810611404438
x0: 2451.668343890001
