alphaL: 0.8639734210491499
alphaR: 2.2463322090079645
event_sum: 14.868188421044588
fraction: 0.9940181946881645
mean: 2444.9918526117476
nL: 116.8897455689803
nR: 2.51105041822672
norm: 3.875420450635028
sigma: 112.26607898594938
sigmaL: 85.00780948018983
sigmaR: 58.053071200199554
widthL: 85.00780948018983
widthR: 58.053071200199554
x0: 2444.9918526117476
