alphaL: 0.9929943845998296
alphaR: 1.7538104917929753
event_sum: 0.777274958634368
mean: 2443.9474317184076
nL: 4.348609680284246
nR: 2.9590809646802723
norm: 0.777274958634368
sigma: 146.11305782737494
sigmaL: 77.33869777344106
sigmaR: 63.78880575965018
widthL: 77.33869777344106
widthR: 63.78880575965018
x0: 2443.9474317184076
