alphaL: 1.0749408130313851
alphaR: 2.255363274725535
event_sum: 3.8907063409289626
fraction: 0.9984803924629845
mean: 2442.6350025121174
nL: 9.885818775452535
nR: 2.2235846096257164
norm: 3.8899516612692047
sigma: 114.20203466625486
sigmaL: 93.00372208192665
sigmaR: 57.55913345848614
widthL: 93.00372208192665
widthR: 57.55913345848614
x0: 2442.6350025121174
