alphaL: 1.1831513036193677
alphaR: 1.9079527617920187
event_sum: 1.1571037966126516
mean: 2450.161863981995
nL: 4.490403229467331
nR: 2.0861939730878953
norm: 1.1571037966126516
sigma: 146.11305782737494
sigmaL: 98.32329520953219
sigmaR: 54.66627520965972
widthL: 98.32329520953219
widthR: 54.66627520965972
x0: 2450.161863981995
