alphaL: 1.3502577193934129
alphaR: 1.8698261790945683
event_sum: 1.158831523158626
mean: 2456.0469299806177
nL: 4.501446037936659
nR: 2.112819534354337
norm: 1.158831523158626
sigma: 146.11305782737494
sigmaL: 108.44627895560733
sigmaR: 51.54890604684244
widthL: 108.44627895560733
widthR: 51.54890604684244
x0: 2456.0469299806177
