alphaL: 0.6660902477524742
alphaR: 1.9929807255466705
event_sum: 7.420538042785356
fraction: 0.9967912266723397
mean: 2440.8805948913628
nL: 9.931196611995162
nR: 2.0952625858727174
norm: 7.39098994819788
sigma: 146.10430794626186
sigmaL: 61.0384107479316
sigmaR: 65.37411570100711
widthL: 61.0384107479316
widthR: 65.37411570100711
x0: 2440.8805948913628
