alphaL: 0.9118185946792615
alphaR: 2.1151491251914085
event_sum: 15.87041991283955
fraction: 0.9989065688922842
mean: 3350.253158383229
nL: 9.995728406753669
nR: 2.210779614365762
norm: 15.801166932033295
sigma: 301.79922260790556
sigmaL: 111.29324125122079
sigmaR: 80.22667211240469
widthL: 111.29324125122079
widthR: 80.22667211240469
x0: 3350.253158383229
