alphaL: 1.376027631207782
alphaR: 2.5452564054187294
event_sum: 1.144460364012135
mean: 3356.6126380148803
nL: 4.484862911487946
nR: 1.0787549583987504
norm: 1.144460364012135
sigma: 147.01369473471257
sigmaL: 135.56202989834196
sigmaR: 70.48427514707542
widthL: 135.56202989834196
widthR: 70.48427514707542
x0: 3356.6126380148803
