alphaL: 0.9149434086836625
alphaR: 2.171384824120622
event_sum: 3.2750621124908643
fraction: 0.9926761046127967
mean: 3341.338193082292
nL: 24.239014391163604
nR: 3.2535724570234708
norm: 1.1447119930944696
sigma: 148.7006322078556
sigmaL: 112.81893310412715
sigmaR: 75.4429430208338
widthL: 112.81893310412715
widthR: 75.4429430208338
x0: 3341.338193082292
