alphaL: 1.5326826637466822
alphaR: 1.3237544827078092
event_sum: 0.6415901663031932
mean: 3370.483776314586
nL: 4.250192539242619
nR: 3.699573073698923
norm: 0.6415901663031932
sigma: 147.01369473471257
sigmaL: 143.4734341387809
sigmaR: 59.28123186648427
widthL: 143.4734341387809
widthR: 59.28123186648427
x0: 3370.483776314586
