alphaL: 2.484585010182025
alphaR: 1.7457783404726341
event_sum: 1.58182529507073
mean: 3400.6107311729756
nL: 4.426418484693433
nR: 1.9894675474171493
norm: 1.58182529507073
sigma: 305.99179241051166
sigmaL: 238.27358479450163
sigmaR: 54.7776179886851
widthL: 238.27358479450163
widthR: 54.7776179886851
x0: 3400.6107311729756
