alphaL: 1.2070733845720667
alphaR: 1.131903537216459
event_sum: 7.243115718210815
fraction: 0.998968013377446
mean: 3367.2607184783446
nL: 8.749233213410049
nR: 4.5
norm: 7.107273577871607
sigma: 301.79922260790556
sigmaL: 132.6676747592417
sigmaR: 62.2981596653018
widthL: 132.6676747592417
widthR: 62.2981596653018
x0: 3367.2607184783446
