alphaL: 1.7726607728251447
alphaR: 0.19743369330468408
event_sum: 1.1398024634825337
mean: 3407.8769544667784
nL: 4.1354215054633725
nR: 4.524203491328084
norm: 1.1398024634825337
sigma: 147.01369473471257
sigmaL: 179.5079613964691
sigmaR: 10.74159622372726
widthL: 179.5079613964691
widthR: 10.74159622372726
x0: 3407.8769544667784
