alphaL: 1.3645272400068462
alphaR: 2.296298237828738
event_sum: 1.5852761358321257
mean: 3359.1274860528824
nL: 4.680921567473054
nR: 1.178794147824406
norm: 1.5852761358321257
sigma: 305.99179241051166
sigmaL: 140.2008209466006
sigmaR: 77.77349698435769
widthL: 140.2008209466006
widthR: 77.77349698435769
x0: 3359.1274860528824
