alphaL: 2.9118607675469756
alphaR: 2.0589147331986473
event_sum: 0.6430562898110695
fraction: 0.9985570317267582
mean: 3385.3435748012625
nL: 6.683786099718985
nR: 2.1205891681808664
norm: 0.642663405438222
sigma: 146.6784348130318
sigmaL: 181.38637605410685
sigmaR: 61.03691788720121
widthL: 181.38637605410685
widthR: 61.03691788720121
x0: 3385.3435748012625
