alphaL: 1.240698630401152
alphaR: 1.9441275371365143
event_sum: 0.7106410863177625
mean: 3344.484357253049
nL: 4.4073772451776545
nR: 2.0736262952898667
norm: 0.7106410863177625
sigma: 305.99179241051166
sigmaL: 116.82864110823307
sigmaR: 86.97197529941059
widthL: 116.82864110823307
widthR: 86.97197529941059
x0: 3344.484357253049
