alphaL: 1.3485525397213114
alphaR: 0.8249899215122857
event_sum: 0.6390301170672766
mean: 3382.084447595506
nL: 4.247812912577172
nR: 4.27464002360077
norm: 0.6390301170672766
sigma: 147.01369473471257
sigmaL: 143.31598156244326
sigmaR: 40.47455298296727
widthL: 143.31598156244326
widthR: 40.47455298296727
x0: 3382.084447595506
