alphaL: 1.102557647890876
alphaR: 2.000765444604824
event_sum: 0.7137376354817973
mean: 3344.768419820295
nL: 4.846832917305932
nR: 1.8022255845861448
norm: 0.7137376354817973
sigma: 305.99179241051166
sigmaL: 112.11015723868692
sigmaR: 86.3978731281935
widthL: 112.11015723868692
widthR: 86.3978731281935
x0: 3344.768419820295
