alphaL: 1.3288286420722968
alphaR: 2.299049183717595
event_sum: 1.1450039598910666
fraction: 0.9991120743903408
mean: 3359.9307586538484
nL: 8.678106886416844
nR: 2.016585382460131
norm: 1.1450990900725837
sigma: 146.6784348130318
sigmaL: 140.64253022048555
sigmaR: 69.61266605840076
widthL: 140.64253022048555
widthR: 69.61266605840076
x0: 3359.9307586538484
