alphaL: 0.10002984314240658
alphaR: 0.4107467682874923
event_sum: 5.696934799280883
mean: 3200.0351954288585
nL: 0.2000425583433662
nR: 0.4414944882438178
norm: 5.696934799280883
sigma: 393
sigmaL: 1969.4752636516848
sigmaR: 0.9033687120121185
widthL: 1969.4752636516848
widthR: 0.9033687120121185
x0: 3200.0351954288585
