alphaL: 0.7101547523372426
alphaR: 1.8200797405040074
event_sum: 1.8582810529444016
mean: 3369.2420992056873
nL: 0.22032797443337432
nR: 2.9740706604841467
norm: 1.8582810529444016
sigma: 393
sigmaL: 277.66614953583814
sigmaR: 211.34309376208483
widthL: 277.66614953583814
widthR: 211.34309376208483
x0: 3369.2420992056873
