alphaL: 0.10000000183131683
alphaR: 0.1054072229354469
event_sum: 11.39863171769061
mean: 3300.0018424826876
nL: 0.20000000532250423
nR: 2.9442956928037853
norm: 11.39863171769061
sigma: 742
sigmaL: 3712.6588393901143
sigmaR: 7.1765190306446325
widthL: 3712.6588393901143
widthR: 7.1765190306446325
x0: 3300.0018424826876
