alphaL: 0.61270700293437
alphaR: 0.8673549369758953
event_sum: 0.9119256764121051
mean: 3593.022191988419
nL: 0.20074514084964487
nR: 1.5384302821735605
norm: 0.9119256764121051
sigma: 393
sigmaL: 661.729576159169
sigmaR: 39.11253839643207
widthL: 661.729576159169
widthR: 39.11253839643207
x0: 3593.022191988419
