alphaL: 0.7721346115406509
alphaR: 1.7682876485064067
event_sum: 0.2812955227969492
mean: 3382.974546536652
nL: 0.20001898427140039
nR: 2.917421840642629
norm: 0.2812955227969492
sigma: 394.81566598317363
sigmaL: 340.7161170904497
sigmaR: 197.6270975510254
widthL: 340.7161170904497
widthR: 197.6270975510254
x0: 3382.974546536652
