alphaL: 0.615515751605135
alphaR: 0.8685937031539017
event_sum: 0.1387543589194973
mean: 3595.5934503917892
nL: 0.200962229234551
nR: 1.4554730732726229
norm: 0.1387543589194973
sigma: 394.81566598317363
sigmaL: 623.3679026902214
sigmaR: 45.02308518206677
widthL: 623.3679026902214
widthR: 45.02308518206677
x0: 3595.5934503917892
