alphaL: 0.7776700465158495
alphaR: 1.7347099917188011
event_sum: 0.2812955227969492
mean: 3375.7528376916293
nL: 0.20009196992600134
nR: 3.225725663733354
norm: 0.2812955227969492
sigma: 394.81566598317363
sigmaL: 349.561472998377
sigmaR: 205.46128407079482
widthL: 349.561472998377
widthR: 205.46128407079482
x0: 3375.7528376916293
