alphaL: 0.6181261154517339
alphaR: 0.867997403228482
event_sum: 0.1387543589194973
mean: 3595.1986375118963
nL: 0.20061012062014238
nR: 1.4446512387745063
norm: 0.1387543589194973
sigma: 394.81566598317363
sigmaL: 620.4712523262092
sigmaR: 45.00479447121046
widthL: 620.4712523262092
widthR: 45.00479447121046
x0: 3595.1986375118963
