alphaL: 0.7159069417089116
alphaR: 1.9353630019261623
event_sum: 1.8582810529444016
mean: 3370.366240706472
nL: 0.2166267652384158
nR: 2.4502861030266154
norm: 1.8582810529444016
sigma: 393.91723266301136
sigmaL: 288.6462359236275
sigmaR: 208.8930247890381
widthL: 288.6462359236275
widthR: 208.8930247890381
x0: 3370.366240706472
