alphaL: 0.7622267467190049
alphaR: 1.7936663184832726
event_sum: 1.8582810529444016
mean: 3380.280163334567
nL: 0.20528018458063285
nR: 2.9993572926992167
norm: 1.8582810529444016
sigma: 393.9193820526282
sigmaL: 352.02047684218627
sigmaR: 203.6306531671922
widthL: 352.02047684218627
widthR: 203.6306531671922
x0: 3380.280163334567
