alphaL: 0.10000004778102914
alphaR: 0.1158366952975112
event_sum: 16.966007751396745
mean: 3200.0003360150577
nL: 0.20000024755566903
nR: 2.9881176050760385
norm: 16.966007751396745
sigma: 393
sigmaL: 1969.4998743802623
sigmaR: 18.378837276870645
widthL: 1969.4998743802623
widthR: 18.378837276870645
x0: 3200.0003360150577
