alphaL: 0.6629240735443809
alphaR: 1.1073510017405512
event_sum: 0.9119256764121051
mean: 3525.8215225162257
nL: 0.2000255424953116
nR: 2.999811112430388
norm: 0.9119256764121051
sigma: 393.91723266301136
sigmaL: 622.2311024037274
sigmaR: 96.6648215829828
widthL: 622.2311024037274
widthR: 96.6648215829828
x0: 3525.8215225162257
