alphaL: 0.10001039910576477
alphaR: 0.12357132085447836
event_sum: 7.314716207289412
mean: 3469.1795241668574
nL: 0.20000758191214815
nR: 2.9872897120739226
norm: 7.314716207289412
sigma: 742
sigmaL: 3711.7660711929775
sigmaR: 10.704924701866068
widthL: 3711.7660711929775
widthR: 10.704924701866068
x0: 3469.1795241668574
