alphaL: 0.5437251906392433
alphaR: 0.9546315457950498
event_sum: 0.3973697514333531
mean: 3555.9542103684357
nL: 0.20038473510274504
nR: 1.1943629007144636
norm: 0.3973697514333531
sigma: 393
sigmaL: 789.9111108396089
sigmaR: 49.06043350900176
widthL: 789.9111108396089
widthR: 49.06043350900176
x0: 3555.9542103684357
