alphaL: 0.6238572383699299
alphaR: 0.9362555135401006
event_sum: 0.9119256764121051
mean: 3583.5780240584286
nL: 0.20034250484230037
nR: 1.547039172558261
norm: 0.9119256764121051
sigma: 393.9193820526282
sigmaL: 754.1180047217258
sigmaR: 48.461104878322416
widthL: 754.1180047217258
widthR: 48.461104878322416
x0: 3583.5780240584286
