alphaL: 0.7425209867884442
alphaR: 1.9327165464374854
event_sum: 2.511512026768029
mean: 3375.284440756446
nL: 0.2001388048122826
nR: 2.9994828600247123
norm: 2.511512026768029
sigma: 393
sigmaL: 307.22470355449906
sigmaR: 210.54134557312506
widthL: 307.22470355449906
widthR: 210.54134557312506
x0: 3375.284440756446
