alphaL: 0.39809669823522625
alphaR: 1.5361713528786733
event_sum: 13.487274405895732
fraction: 0.5489167695678145
mean: 3458.760008466958
nL: 0.3000282940475862
nR: 2.2945576940752126
norm: 0.9848137550288811
sigma: 350.0
sigmaL: 251.9826113646492
sigmaR: 141.51156387006867
widthL: 251.9826113646492
widthR: 141.51156387006867
x0: 3458.760008466958
