alphaL: 0.5940912219930707
alphaR: 1.2794164953555027
event_sum: 9.589192673098296
fraction: 0.5987426290067677
mean: 3450.1314701404513
nL: 0.40004126070593776
nR: 4.4884665780242194
norm: 2.081308980588801
sigma: 350.0
sigmaL: 354.38457491753167
sigmaR: 144.08008574548896
widthL: 354.38457491753167
widthR: 144.08008574548896
x0: 3450.1314701404513
