alphaL: 0.3533073967457629
alphaR: 1.2820012842608537
event_sum: 1.0011165099422215
mean: 3453.6418990106226
nL: 1.000051563408807
nR: 2.4517301446892836
norm: 1.0011165099422215
sigma: 350.0
sigmaL: 301.50206858583437
sigmaR: 134.48257889677566
widthL: 301.50206858583437
widthR: 134.48257889677566
x0: 3453.6418990106226
