alphaL: 0.9263617257923537
alphaR: 0.759362297133445
event_sum: 0.20322234256309457
mean: 3549.257570652043
nL: 0.2000710351689816
nR: 2.4616322874173067
norm: 0.20322234256309457
sigma: 345.74255649746345
sigmaL: 623.786235085279
sigmaR: 57.2980834185189
widthL: 623.786235085279
widthR: 57.2980834185189
x0: 3549.257570652043
