alphaL: 0.23687461909613486
alphaR: 0.9782017932488237
event_sum: 0.3136790299322456
mean: 3492.763999750853
nL: 1.000000616723443
nR: 3.2258027953221973
norm: 0.3136790299322456
sigma: 350.0
sigmaL: 728.798034726985
sigmaR: 125.73838528501018
widthL: 728.798034726985
widthR: 125.73838528501018
x0: 3492.763999750853
