alphaL: 0.4676074158502635
alphaR: 0.870430895615918
event_sum: 1.4082287307319348
mean: 3517.464104917525
nL: 1.0000135513067785
nR: 2.0401093650650313
norm: 1.4082287307319348
sigma: 350.0
sigmaL: 589.7027299274785
sigmaR: 67.59239615419052
widthL: 589.7027299274785
widthR: 67.59239615419052
x0: 3517.464104917525
