alphaL: 0.8190442928166853
alphaR: 0.8301413525161083
event_sum: 0.24814572304603644
mean: 3507.9005236059584
nL: 0.10615437287970127
nR: 1.4450273367268118
norm: 0.24814572304603644
sigma: 350.0
sigmaL: 523.972550384051
sigmaR: 69.83122772265716
widthL: 523.972550384051
widthR: 69.83122772265716
x0: 3507.9005236059584
