alphaL: 0.6964278201337306
alphaR: 1.09273528214876
event_sum: 1.0011165099422215
mean: 3461.4999507710518
nL: 0.4000714818500088
nR: 3.0618017254464687
norm: 1.0011165099422215
sigma: 350.0
sigmaL: 480.45673517435483
sigmaR: 121.66170142769994
widthL: 480.45673517435483
widthR: 121.66170142769994
x0: 3461.4999507710518
