alphaL: 0.6984397675468433
alphaR: 1.04997684739134
event_sum: 0.09786641717073508
mean: 3561.7185912274304
nL: 0.20335219319418732
nR: 1.4032601141875756
norm: 0.09786641717073508
sigma: 345.74255649746345
sigmaL: 539.726286034821
sigmaR: 58.51349288510344
widthL: 539.726286034821
widthR: 58.51349288510344
x0: 3561.7185912274304
