alphaL: 0.5875433069213074
alphaR: 0.8958834297353166
event_sum: 1.4082287307319348
mean: 3539.0391050645208
nL: 0.4000009653527876
nR: 2.6625092372934382
norm: 1.4082287307319348
sigma: 350.0
sigmaL: 625.5957606282639
sigmaR: 74.84790895486402
widthL: 625.5957606282639
widthR: 74.84790895486402
x0: 3539.0391050645208
