alphaL: 0.6860358460988665
alphaR: 1.197685227647329
event_sum: 0.12481683284568135
mean: 3526.4168940086083
nL: 0.10000769936537197
nR: 1.5568414014447316
norm: 0.12481683284568135
sigma: 350.0
sigmaL: 385.19166309705287
sigmaR: 86.67190111052761
widthL: 385.19166309705287
widthR: 86.67190111052761
x0: 3526.4168940086083
