alphaL: 0.10243738687563675
alphaR: 1.300137021459378
event_sum: 0.17898328552109888
mean: 3488.2971521265763
nL: 1.0000077328538206
nR: 3.509859141771731
norm: 0.17898328552109888
sigma: 350.0
sigmaL: 977.5198437456665
sigmaR: 146.7784823780511
widthL: 977.5198437456665
widthR: 146.7784823780511
x0: 3488.2971521265763
