alphaL: 0.5438163492780519
alphaR: 1.0643236416024398
event_sum: 13.487274405895732
fraction: 0.5726328080491407
mean: 3527.494326873743
nL: 0.4000012664279847
nR: 3.113557947412775
norm: 0.9931911278981715
sigma: 350.0
sigmaL: 586.8807151966043
sigmaR: 97.08649068789747
widthL: 586.8807151966043
widthR: 97.08649068789747
x0: 3527.494326873743
