alphaL: 0.20263884780727168
alphaR: 1.036101924479715
event_sum: 0.3136790299322456
mean: 3547.6544494565146
nL: 1.0000046886556426
nR: 3.158594214298659
norm: 0.3136790299322456
sigma: 350.0
sigmaL: 750.8659692952835
sigmaR: 103.12118003398973
widthL: 750.8659692952835
widthR: 103.12118003398973
x0: 3547.6544494565146
