alphaL: 0.10253458513636686
alphaR: 1.2779221022316027
event_sum: 0.17898328552109888
mean: 3528.183729258054
nL: 1.0000081984647748
nR: 3.159733755422837
norm: 0.17898328552109888
sigma: 350.0
sigmaL: 950.4193059989556
sigmaR: 99.01332918403028
widthL: 950.4193059989556
widthR: 99.01332918403028
x0: 3528.183729258054
