alphaL: 0.6037756355927081
alphaR: 1.4012959405322725
event_sum: 9.589192673098296
fraction: 0.5923042854160074
mean: 3450.4495530823197
nL: 0.39033273431682874
nR: 3.3605598108073846
norm: 2.059269663877785
sigma: 350.0
sigmaL: 364.0758613024542
sigmaR: 146.7138287733484
widthL: 364.0758613024542
widthR: 146.7138287733484
x0: 3450.4495530823197
