alphaL: 0.8951858157416224
alphaR: 1.549019972977753
event_sum: 33.106669332299
fraction: 0.9891225372237157
mean: 1040.9046298641917
nL: 3.05726322722668
nR: 4.275202850969581
norm: 32.6690276792552
sigma: 58.800000000000004
sigmaL: 61.04852624457763
sigmaR: 54.497027061150895
widthL: 61.04852624457763
widthR: 54.497027061150895
x0: 1040.9046298641917
