alphaL: 1.1329124445445307
alphaR: 1.6493231898261107
event_sum: 1.8324879511074246
mean: 1043.7601729124167
nL: 2.2904691379610798
nR: 2.1377378758565864
norm: 1.8324879511074246
sigma: 58.800000000000004
sigmaL: 73.90759286741772
sigmaR: 49.252234812124904
widthL: 73.90759286741772
widthR: 49.252234812124904
x0: 1043.7601729124167
