alphaL: 0.9149957295191075
alphaR: 1.6099324584211396
event_sum: 3.1457907288856015
mean: 1042.1188193920555
nL: 3.476277894821254
nR: 3.0176721433550124
norm: 3.1457907288856015
sigma: 58.800000000000004
sigmaL: 64.66073833749327
sigmaR: 53.711451240800855
widthL: 64.66073833749327
widthR: 53.711451240800855
x0: 1042.1188193920555
