alphaL: 1.04816182827258
alphaR: 1.5312724814465004
event_sum: 18.946204311781944
fraction: 0.9900880334545875
mean: 1041.6499808737262
nL: 4.383039139512802
nR: 3.705806918322783
norm: 18.72698967481297
sigma: 58.800000000000004
sigmaL: 70.32208272972191
sigmaR: 50.74354878734152
widthL: 70.32208272972191
widthR: 50.74354878734152
x0: 1041.6499808737262
