alphaL: 1.0489363237443436
alphaR: 1.4231524054660738
event_sum: 1.8815916820276979
mean: 1042.9253940400993
nL: 4.068177124917825
nR: 3.8507092936750507
norm: 1.8815916820276979
sigma: 58.800000000000004
sigmaL: 70.90066100670717
sigmaR: 48.13379658372772
widthL: 70.90066100670717
widthR: 48.13379658372772
x0: 1042.9253940400993
