alphaL: 0.9477311928625962
alphaR: 1.4354508685979483
event_sum: 3.2469099120853517
mean: 1046.3516800703856
nL: 3.621102269268611
nR: 3.8302495200491107
norm: 3.2469099120853517
sigma: 58.800000000000004
sigmaL: 67.95952066702232
sigmaR: 49.28020522210256
widthL: 67.95952066702232
widthR: 49.28020522210256
x0: 1046.3516800703856
