alphaL: 0.992934801438025
alphaR: 1.110063851879826
event_sum: 0.6629496819223277
mean: 1575.6766244952746
nL: 0.2001949407132793
nR: 1.721290887936527
norm: 0.6629496819223277
sigma: 83.31163560565119
sigmaL: 145.7833850713945
sigmaR: 67.18647889850531
widthL: 145.7833850713945
widthR: 67.18647889850531
x0: 1575.6766244952746
