alphaL: 0.6953024781219744
alphaR: 1.3814689852217317
event_sum: 1.010462287813425
mean: 1570.674906171044
nL: 1.000029603522569
nR: 3.556624705589868
norm: 1.010462287813425
sigma: 160.0
sigmaL: 134.7493429946833
sigmaR: 88.74482462695039
widthL: 134.7493429946833
widthR: 88.74482462695039
x0: 1570.674906171044
