alphaL: 0.9498943895181899
alphaR: 1.3493339104204847
event_sum: 0.6501527088694274
mean: 1581.2013408684084
nL: 0.20033633656248348
nR: 1.877903117763184
norm: 0.6501527088694274
sigma: 83.31163560565119
sigmaL: 172.46297448549754
sigmaR: 77.65916617436227
widthL: 172.46297448549754
widthR: 77.65916617436227
x0: 1581.2013408684084
