alphaL: 1.143500985052743
alphaR: 0.9885578881876823
event_sum: 0.9318523104884662
mean: 1591.2941145254708
nL: 1.0014239004657008
nR: 3.5239077227263427
norm: 0.9318523104884662
sigma: 160.0
sigmaL: 169.290116754596
sigmaR: 59.712189783092576
widthL: 169.290116754596
widthR: 59.712189783092576
x0: 1591.2941145254708
