alphaL: 0.9952624572465273
alphaR: 1.3195800207707913
event_sum: 0.9753952577593736
mean: 1575.3726890671312
nL: 1.6236416420332123
nR: 3.1435930640500995
norm: 0.9753952577593736
sigma: 160.0
sigmaL: 145.93030974786117
sigmaR: 80.51083626957582
widthL: 145.93030974786117
widthR: 80.51083626957582
x0: 1575.3726890671312
