alphaL: 1.2038726279576906
alphaR: 1.5009296762942494
event_sum: 0.9112441980396397
mean: 1570.1170624435044
nL: 0.373200105202798
nR: 2.5619433625205192
norm: 0.9112441980396397
sigma: 160.0
sigmaL: 164.3070317595211
sigmaR: 90.13449149321299
widthL: 164.3070317595211
widthR: 90.13449149321299
x0: 1570.1170624435044
