alphaL: 1.1436830198256709
alphaR: 0.9884798989406853
event_sum: 0.9318523104884662
mean: 1591.2329889114474
nL: 1.0014581442060388
nR: 3.5253120120787784
norm: 0.9318523104884662
sigma: 160.0
sigmaL: 169.31140577510007
sigmaR: 59.7218785733717
widthL: 169.31140577510007
widthR: 59.7218785733717
x0: 1591.2329889114474
