alphaL: 0.996853789960211
alphaR: 1.2551497270769216
event_sum: 1.1131704611470923
mean: 1584.3018434305839
nL: 1.001474977874888
nR: 3.652090736990419
norm: 1.1131704611470923
sigma: 160.0
sigmaL: 169.7971816661553
sigmaR: 78.1693795567158
widthL: 169.7971816661553
widthR: 78.1693795567158
x0: 1584.3018434305839
