alphaL: 0.6921043321138427
alphaR: 1.416015612638807
event_sum: 1.010462287813425
mean: 1567.6075558047314
nL: 1.0000277040828647
nR: 3.517783444013062
norm: 1.010462287813425
sigma: 160.0
sigmaL: 133.42727336161468
sigmaR: 91.00394350790688
widthL: 133.42727336161468
widthR: 91.00394350790688
x0: 1567.6075558047314
