alphaL: 0.8898498201798338
alphaR: 1.3656513550772678
event_sum: 9.753951894352213
fraction: 0.8975830957015887
mean: 1558.6701592818433
nL: 1.6296500599286927
nR: 4.499630675362129
norm: 8.352932734880596
sigma: 160.0
sigmaL: 126.05644340034775
sigmaR: 91.41856690048546
widthL: 126.05644340034775
widthR: 91.41856690048546
x0: 1558.6701592818433
