alphaL: 1.097877450160454
alphaR: 1.6005250290667412
event_sum: 0.8765095568960533
mean: 1551.5998094498316
nL: 0.7693539332637602
nR: 3.1346926710865883
norm: 0.8765095568960533
sigma: 160.0
sigmaL: 126.59144124455425
sigmaR: 100.54812753025095
widthL: 126.59144124455425
widthR: 100.54812753025095
x0: 1551.5998094498316
