alphaL: 1.073142807538511
alphaR: 1.3131546546120179
event_sum: 11.131703831721097
fraction: 0.8401337768529341
mean: 1570.9198758620082
nL: 0.6596321760598534
nR: 4.472906775609311
norm: 8.520789122907445
sigma: 160.0
sigmaL: 159.74333663108
sigmaR: 87.05071733808636
widthL: 159.74333663108
widthR: 87.05071733808636
x0: 1570.9198758620082
