alphaL: 1.2545913592269657
alphaR: 0.7271315179198381
event_sum: 2.84916209751698
fraction: 0.7278145499122608
mean: 2750.7378254277573
nL: 0.4
nR: 2.6966464699080395
norm: 1.256129501198944
sigma: 275.0
sigmaL: 387.217742283616
sigmaR: 66.08295994119497
widthL: 387.217742283616
widthR: 66.08295994119497
x0: 2750.7378254277573
