alphaL: 0.6306549627859162
alphaR: 0.41564788429340604
event_sum: 3.6294827022644562
fraction: 0.6287345538624726
mean: 2749.67373813896
nL: 0.40939022561506677
nR: 3.427305009254383
norm: 0.8562674893781589
sigma: 275.0
sigmaL: 259.15004512757395
sigmaR: 45.049334655677555
widthL: 259.15004512757395
widthR: 45.049334655677555
x0: 2749.67373813896
