alphaL: 0.26112987439031543
alphaR: 0.783670690682327
event_sum: 0.15388399646844433
mean: 2805.315328758328
nL: 1.0003319389967467
nR: 3.061207415466073
norm: 0.15388399646844433
sigma: 275.0
sigmaL: 640.2111603570977
sigmaR: 63.06015988195479
widthL: 640.2111603570977
widthR: 63.06015988195479
x0: 2805.315328758328
