alphaL: 0.6520205268989262
alphaR: 0.8590441843467849
event_sum: 0.197617886655547
mean: 2752.254890266266
nL: 0.999940229458427
nR: 1.7953237936745219
norm: 0.197617886655547
sigma: 275.0
sigmaL: 385.7009839480328
sigmaR: 63.06963565971839
widthL: 385.7009839480328
widthR: 63.06963565971839
x0: 2752.254890266266
