alphaL: 1.062761646364289
alphaR: 1.0480862127310464
event_sum: 0.12288628496897493
mean: 2772.9531290018026
nL: 0.1
nR: 1.351735218298662
norm: 0.12288628496897493
sigma: 275.0
sigmaL: 320.81490788621875
sigmaR: 51.69778291206526
widthL: 320.81490788621875
widthR: 51.69778291206526
x0: 2772.9531290018026
