alphaL: 1.3701667220083893
alphaR: 0.8712507744869646
event_sum: 0.16862331981029818
mean: 2739.6417782285907
nL: 0.1
nR: 2.16334719140725
norm: 0.16862331981029818
sigma: 275.0
sigmaL: 342.5004058160908
sigmaR: 73.68470880517694
widthL: 342.5004058160908
widthR: 73.68470880517694
x0: 2739.6417782285907
