alphaL: 0.8152052422258391
alphaR: 1.4636962542052219
event_sum: 9.899613375663773
fraction: 0.9985777894953561
mean: 3440.2826205423135
nL: 9.982002886694248
nR: 3.7683642284442267
norm: 9.652408563598774
sigma: 317.30472888607983
sigmaL: 105.59227639751981
sigmaR: 79.8998061665614
widthL: 105.59227639751981
widthR: 79.8998061665614
x0: 3440.2826205423135
