alphaL: 1.2442402297573252
alphaR: 1.4781949423529055
event_sum: 0.9644704086035244
mean: 3449.1091592572247
nL: 3.9605217969755926
nR: 3.0858306327725424
norm: 0.9644704086035244
sigma: 319.022578057776
sigmaL: 131.6200253398015
sigmaR: 77.31950426235358
widthL: 131.6200253398015
widthR: 77.31950426235358
x0: 3449.1091592572247
