alphaL: 1.350903334346273
alphaR: 2.1401963340720043
event_sum: 1.2811794478505378
fraction: 0.9990305371063543
mean: 3446.8476868573325
nL: 8.022044478725178
nR: 3.5996469446242574
norm: 1.2805496992704097
sigma: 152.2080535890887
sigmaL: 145.3666529953607
sigmaR: 74.68531452230901
widthL: 145.3666529953607
widthR: 74.68531452230901
x0: 3446.8476868573325
