alphaL: 0.8782889771156044
alphaR: 2.061900664762386
event_sum: 23.370172910586156
fraction: 0.9988971005811736
mean: 3439.361361317429
nL: 9.999020910554695
nR: 1.7226208625477133
norm: 23.25860727938036
sigma: 317.30472888607983
sigmaL: 111.4285690190928
sigmaR: 77.66237306964925
widthL: 111.4285690190928
widthR: 77.66237306964925
x0: 3439.361361317429
