alphaL: 1.2318704227366972
alphaR: 1.6167544726232337
event_sum: 2.3259267582675798
mean: 3452.765195960738
nL: 5.0
nR: 3.1702422549155913
norm: 2.3259267582675798
sigma: 319.022578057776
sigmaL: 138.4292902114716
sigmaR: 68.43919690564492
widthL: 138.4292902114716
widthR: 68.43919690564492
x0: 3452.765195960738
