alphaL: 1.4739980724814983
alphaR: 2.1412676836109465
event_sum: 1.2845876964131733
mean: 3453.4433228755174
nL: 4.438128496495884
nR: 2.969409538926976
norm: 1.2845876964131733
sigma: 151.60055113458932
sigmaL: 153.64458103362264
sigmaR: 70.56987976641398
widthL: 153.64458103362264
widthR: 70.56987976641398
x0: 3453.4433228755174
