alphaL: 1.3760751316153965
alphaR: 2.3965825897693267
event_sum: 1.2771226765801607
mean: 3450.474406436887
nL: 3.921580153592053
nR: 1.9612856398520846
norm: 1.2771226765801607
sigma: 151.60055113458932
sigmaL: 149.50405117823234
sigmaR: 73.23496192642088
widthL: 149.50405117823234
widthR: 73.23496192642088
x0: 3450.474406436887
