alphaL: 1.2080946208465222
alphaR: 1.4485203425613649
event_sum: 0.9711579861918107
mean: 3448.089891518312
nL: 4.408198960033722
nR: 3.232127967278333
norm: 0.9711579861918107
sigma: 319.022578057776
sigmaL: 130.06258629046417
sigmaR: 76.42120663339962
widthL: 130.06258629046417
widthR: 76.42120663339962
x0: 3448.089891518312
