alphaL: 1.3349666531526019
alphaR: 2.0009893094514455
event_sum: 0.7757264446264607
mean: 3441.1260208825556
nL: 4.249435210351052
nR: 2.753460264066491
norm: 0.7757264446264607
sigma: 151.60055113458932
sigmaL: 130.7237873920202
sigmaR: 78.21981800877387
widthL: 130.7237873920202
widthR: 78.21981800877387
x0: 3441.1260208825556
