alphaL: 1.3860488705132563
alphaR: 1.6685724957111812
event_sum: 2.3352452428041683
mean: 3455.8297540815306
nL: 4.469835796139668
nR: 2.6950962767794997
norm: 2.3352452428041683
sigma: 319.022578057776
sigmaL: 147.92676803364176
sigmaR: 67.08229423401544
widthL: 147.92676803364176
widthR: 67.08229423401544
x0: 3455.8297540815306
