alphaL: 1.5069447773901263
alphaR: 2.1467925607376155
event_sum: 0.7707076280844698
mean: 3439.48921275556
nL: 1.8779363184801445
nR: 1.8558138583147317
norm: 0.7707076280844698
sigma: 151.60055113458932
sigmaL: 129.36448634680428
sigmaR: 79.56031860003718
widthL: 129.36448634680428
widthR: 79.56031860003718
x0: 3439.48921275556
