alphaL: 1.3703302339413066
alphaR: 1.8610033207078867
event_sum: 0.7787686067895322
fraction: 0.9987371352176411
mean: 3445.794078370867
nL: 6.304501449904696
nR: 3.147253323925022
norm: 0.7783913493516982
sigma: 152.2080535890887
sigmaL: 139.60920097071315
sigmaR: 75.64240567272034
widthL: 139.60920097071315
widthR: 75.64240567272034
x0: 3445.794078370867
