alphaL: 0.8638678613533152
alphaR: 1.9050626733088059
event_sum: 36.41472782409983
mean: 1204.317439838796
nL: 79.71571123158786
nR: 3.8652568366331583
norm_2016: 10.026209014758933
norm_2017: 11.304894976085052
norm_2018: 15.914779175072908
norm_Run2: 36.41472782409983
sigma: 62.468625604818506
sigmaL: 45.47904978540725
sigmaR: 36.27763267724305
widthL: 45.47904978540725
widthR: 36.27763267724305
x0: 1204.317439838796
