alphaL: 1.1259535499734075
alphaR: 1.3808995133626178
event_sum: 20.687455077655613
mean: 1191.0311949806464
nL: 3.045223095098184
nR: 4.824696167453372
norm_2016: 5.404888078104705
norm_2017: 6.341121822129935
norm_2018: 9.358025155961514
norm_Run2: 20.687455077655613
sigma: 67.2
sigmaL: 80.44476770049192
sigmaR: 54.8878664535975
widthL: 80.44476770049192
widthR: 54.8878664535975
x0: 1191.0311949806464
