alphaL: 0.9460698318819866
alphaR: 1.8764491939386883
event_sum: 0.12843248911297878
mean: 3147.423800011766
nL: 0.14039354358550862
nR: 1.76373165292495
norm: 0.12843248911297878
sigma: 330.0
sigmaL: 256.18819790754526
sigmaR: 185.01820329894312
widthL: 256.18819790754526
widthR: 185.01820329894312
x0: 3147.423800011766
