alphaL: 0.7296845092618847
alphaR: 1.6235892778992214
event_sum: 22.876812130000086
fraction: 0.990444663689471
mean: 3294.9472050968084
nL: 19.721184101258764
nR: 3.1195801288455294
norm: 9.772926547154984
sigma: 291.35071799965135
sigmaL: 96.14091905187551
sigmaR: 79.23492372125058
widthL: 96.14091905187551
widthR: 79.23492372125058
x0: 3294.9472050968084
