alphaL: 0.4
alphaR: 1.0640724190585011
event_sum: 6.465071318542942
fraction: 0.5500902439813624
mean: 3319.7028742065786
nL: 0.4
nR: 3.9398397210240574
norm: 0.6360954506110373
sigma: 330.0
sigmaL: 395.96197055963177
sigmaR: 81.13090208713854
widthL: 395.96197055963177
widthR: 81.13090208713854
x0: 3319.7028742065786
