alphaL: 0.9672388495719414
alphaR: 0.3508531366150288
event_sum: 4.421087533458143
fraction: 0.651547430939449
mean: 3284.139957794724
nL: 0.4
nR: 4.214030994664121
norm: 1.0612197484921204
sigma: 330.0
sigmaL: 441.6586808590433
sigmaR: 34.38488500954186
widthL: 441.6586808590433
widthR: 34.38488500954186
x0: 3284.139957794724
