alphaL: 0.40767846929975526
alphaR: 0.9273414438564963
event_sum: 0.1564386982655442
mean: 3260.957356381279
nL: 0.9998310605115258
nR: 3.0749182488121045
norm: 0.1564386982655442
sigma: 330.0
sigmaL: 541.2774699619268
sigmaR: 100.68322463840536
widthL: 541.2774699619268
widthR: 100.68322463840536
x0: 3260.957356381279
