alphaL: 0.08932055712850218
alphaR: 1.1073804832547292
event_sum: 0.10061076406246755
mean: 3336.436223149755
nL: 0.9998054837469519
nR: 3.0064426817775645
norm: 0.10061076406246755
sigma: 330.0
sigmaL: 1005.138663696808
sigmaR: 99.87413962863413
widthL: 1005.138663696808
widthR: 99.87413962863413
x0: 3336.436223149755
