alphaL: 0.4811422498441713
alphaR: 0.8918710870649265
event_sum: 0.07649973230572012
mean: 3299.7514314396494
nL: 0.1
nR: 2.5701163207113886
norm: 0.07649973230572012
sigma: 330.0
sigmaL: 157.30950038249065
sigmaR: 78.919818391767
widthL: 157.30950038249065
widthR: 78.919818391767
x0: 3299.7514314396494
