alphaL: 1.0736023759906324
alphaR: 1.4994855618060565
event_sum: 1.2444641715846956
mean: 1179.2186453568122
nL: 1.0906602801763279
nR: 2.5096344815174687
norm: 1.2444641715846956
sigma: 120.0
sigmaL: 111.30668942013024
sigmaR: 70.9128190329169
widthL: 111.30668942013024
widthR: 70.9128190329169
x0: 1179.2186453568122
