alphaL: 1.296019593528191
alphaR: 1.1342881549544392
event_sum: 8.910067230463028
fraction: 0.9533259455306731
mean: 1190.0257731587603
nL: 1.6732840430694638
nR: 4.410553111680575
norm: 8.451370587572455
sigma: 120.0
sigmaL: 124.98645707157443
sigmaR: 56.77517224271925
widthL: 124.98645707157443
widthR: 56.77517224271925
x0: 1190.0257731587603
