alphaL: 0.6531324196296047
alphaR: 1.3876306439475241
event_sum: 12.872653948143125
fraction: 0.9406659430873578
mean: 1171.9022375582824
nL: 2.665040927415396
nR: 4.497080414238588
norm: 11.878555538132787
sigma: 120.0
sigmaL: 80.42237940938615
sigmaR: 74.25767327876319
widthL: 80.42237940938615
widthR: 74.25767327876319
x0: 1171.9022375582824
