alphaL: 4.595525553800119
alphaR: 0.6865085370365541
event_sum: 0.8900864304159768
mean: 1229.709377924054
nL: 4.179957683191964
nR: 3.778672357456408
norm: 0.8900864304159768
sigma: 120.0
sigmaL: 209.22195412724756
sigmaR: 28.86180176418613
widthL: 209.22195412724756
widthR: 28.86180176418613
x0: 1229.709377924054
