alphaL: 0.9203361213325683
alphaR: 1.1662068543791129
event_sum: 0.6972496453818167
mean: 1187.5171812749743
nL: 0.20186286638358475
nR: 1.6467094684082586
norm: 0.6972496453818167
sigma: 62.08959879865864
sigmaL: 110.11015128424216
sigmaR: 54.48613487774589
widthL: 110.11015128424216
widthR: 54.48613487774589
x0: 1187.5171812749743
