alphaL: 1.2854006330913785
alphaR: 1.2058086262188823
event_sum: 0.8910068920813501
mean: 1193.2572049483967
nL: 1.7547289827659676
nR: 2.993303777554413
norm: 0.8910068920813501
sigma: 120.0
sigmaL: 126.67530131323302
sigmaR: 54.752541795178345
widthL: 126.67530131323302
widthR: 54.752541795178345
x0: 1193.2572049483967
