alphaL: 1.460436075848753
alphaR: 1.2366541137748095
event_sum: 0.8900864304159768
mean: 1194.2828968060996
nL: 1.038878667769765
nR: 3.1325141525879268
norm: 0.8900864304159768
sigma: 120.0
sigmaL: 129.6610523409368
sigmaR: 54.696885727920964
widthL: 129.6610523409368
widthR: 54.696885727920964
x0: 1194.2828968060996
