alphaL: 0.9140388848529684
alphaR: 1.0986173093384348
event_sum: 0.9427060661982978
mean: 1185.2508739418531
nL: 0.20020472944875545
nR: 1.4975440730115042
norm: 0.9427060661982978
sigma: 62.08959879865864
sigmaL: 90.16737222896131
sigmaR: 54.12776413750021
widthL: 90.16737222896131
widthR: 54.12776413750021
x0: 1185.2508739418531
