alphaL: 1.110523091322188
alphaR: 1.3202325435865643
event_sum: 1.286651997914305
mean: 1190.53364680778
nL: 1.0000043255054982
nR: 3.067550327962281
norm: 1.286651997914305
sigma: 120.0
sigmaL: 119.73396025033064
sigmaR: 60.50337697577157
widthL: 119.73396025033064
widthR: 60.50337697577157
x0: 1190.53364680778
