alphaL: 1.108669071234775
alphaR: 1.303744810452322
event_sum: 1.286651997914305
mean: 1191.052301291574
nL: 1.0000043912339418
nR: 3.069636770985531
norm: 1.286651997914305
sigma: 120.0
sigmaL: 119.61269914844164
sigmaR: 59.58036500041214
widthL: 119.61269914844164
widthR: 59.58036500041214
x0: 1191.052301291574
