alphaL: 1.3500154989440962
alphaR: 1.3864162941754965
event_sum: 0.871063555998262
mean: 1184.6688560734096
nL: 1.188058178044223
nR: 2.9531917768973233
norm: 0.871063555998262
sigma: 120.0
sigmaL: 120.37760310139623
sigmaR: 64.20705158120269
widthL: 120.37760310139623
widthR: 64.20705158120269
x0: 1184.6688560734096
