alphaL: 0.6788330509353813
alphaR: 1.3395748497179119
event_sum: 1.2872656390245538
mean: 1176.2304478833607
nL: 2.9086997967222588
nR: 3.6961979985701388
norm: 1.2872656390245538
sigma: 120.0
sigmaL: 86.12681408905706
sigmaR: 70.1956896311385
widthL: 86.12681408905706
widthR: 70.1956896311385
x0: 1176.2304478833607
