alphaL: 1.071538052907805
alphaR: 1.3705311783394882
event_sum: 0.5492505177320381
mean: 1693.99985322856
nL: 2.0972704102211113
nR: 2.248714659427984
norm: 0.5492505177320381
sigma: 95.2
sigmaL: 117.4433560448291
sigmaR: 60.07379939299863
widthL: 117.4433560448291
widthR: 60.07379939299863
x0: 1693.99985322856
