alphaL: 1.074345990479385
alphaR: 1.2917131570151352
event_sum: 6.564185058233976
fraction: 0.9342512816628973
mean: 1683.1065139385944
nL: 1.85764618952789
nR: 4.315670027771504
norm: 5.894969086590334
sigma: 95.2
sigmaL: 106.53540108331194
sigmaR: 68.25147178460844
widthL: 106.53540108331194
widthR: 68.25147178460844
x0: 1683.1065139385944
