alphaL: 0.8781431571223961
alphaR: 1.562529091837448
event_sum: 0.568598870875266
mean: 1676.597471113072
nL: 3.6243481943192104
nR: 3.0775414148824796
norm: 0.568598870875266
sigma: 95.2
sigmaL: 97.98372769950582
sigmaR: 75.57715226421189
widthL: 97.98372769950582
widthR: 75.57715226421189
x0: 1676.597471113072
