alphaL: 0.8462850073210842
alphaR: 1.8593236393449488
event_sum: 0.5553098426571761
mean: 1674.1207714316267
nL: 2.819603123259316
nR: 1.6314725030505508
norm: 0.5553098426571761
sigma: 95.2
sigmaL: 100.60359329835589
sigmaR: 84.6818022503444
widthL: 100.60359329835589
widthR: 84.6818022503444
x0: 1674.1207714316267
