alphaL: 1.1189956961579908
alphaR: 1.533313560959704
event_sum: 0.5813960922298498
mean: 1680.5905694137803
nL: 1.1697662274259382
nR: 4.2438007045277475
norm: 0.5813960922298498
sigma: 95.2
sigmaL: 117.50048371407348
sigmaR: 79.82530682682498
widthL: 117.50048371407348
widthR: 79.82530682682498
x0: 1680.5905694137803
