alphaL: 1.2238761499031907
alphaR: 1.6295534952436896
event_sum: 7.4115266481622255
fraction: 0.8850106161756565
mean: 1678.5577504953872
nL: 0.8354709159040093
nR: 3.4738690427191465
norm: 6.0794391284271185
sigma: 95.2
sigmaL: 116.70233359808088
sigmaR: 83.13975632977554
widthL: 116.70233359808088
widthR: 83.13975632977554
x0: 1678.5577504953872
