alphaL: 0.8618220742059342
alphaR: 1.9478109658429967
event_sum: 33.14185784963296
fraction: 0.9857461664142764
mean: 1701.2121013235173
nL: 16.519846146558184
nR: 2.467178410039614
norm: 9.095599603252893
sigma: 90.00591856397037
sigmaL: 58.20447191332221
sigmaR: 47.487693967287015
widthL: 58.20447191332221
widthR: 47.487693967287015
x0: 1701.2121013235173
