alphaL: 0.9012098400369587
alphaR: 1.3191040496176354
event_sum: 1.0670200608177045
mean: 1535.0652600906012
nL: 2.339973192127041
nR: 3.6513645233134264
norm: 1.0670200608177045
sigma: 86.80000000000001
sigmaL: 95.75398649956966
sigmaR: 66.02775565895188
widthL: 95.75398649956966
widthR: 66.02775565895188
x0: 1535.0652600906012
