alphaL: 1.0530898499409398
alphaR: 1.554690823900804
event_sum: 11.327806104744116
fraction: 0.9546709534945736
mean: 1530.629846177068
nL: 2.3547665427154216
nR: 3.4262275624530587
norm: 10.465093815225991
sigma: 86.80000000000001
sigmaL: 97.9700364801313
sigmaR: 70.4499106290112
widthL: 97.9700364801313
widthR: 70.4499106290112
x0: 1530.629846177068
