alphaL: 0.7886844164627574
alphaR: 1.9257367320208134
event_sum: 1.0229304769074825
mean: 1506.9066633288076
nL: 1.478341009976163
nR: 2.627717894120643
norm: 1.0229304769074825
sigma: 86.80000000000001
sigmaL: 65.89590297255262
sigmaR: 88.58162089066195
widthL: 65.89590297255262
widthR: 88.58162089066195
x0: 1506.9066633288076
