alphaL: 0.8367684434501969
alphaR: 1.5372233630587067
event_sum: 1.021557517667278
mean: 1520.5973101260176
nL: 3.5118340190844632
nR: 4.199605987160006
norm: 1.021557517667278
sigma: 86.80000000000001
sigmaL: 81.99334602622909
sigmaR: 74.41432750253189
widthL: 81.99334602622909
widthR: 74.41432750253189
x0: 1520.5973101260176
