alphaL: 1.0261522369263716
alphaR: 1.3084818145914623
event_sum: 12.732611729742464
fraction: 0.9200474339376695
mean: 1532.335173400899
nL: 1.335080983335019
nR: 4.1980921827679465
norm: 11.06116479825979
sigma: 86.80000000000001
sigmaL: 94.32109009009459
sigmaR: 67.1356454495415
widthL: 94.32109009009459
widthR: 67.1356454495415
x0: 1532.335173400899
