alphaL: 0.9573664275492395
alphaR: 3.0036332306953732
event_sum: 0.989394501833388
mean: 1505.7791617062608
nL: 1.84749312123954
nR: 2.778844070147009
norm: 0.989394501833388
sigma: 86.80000000000001
sigmaL: 83.49399134692446
sigmaR: 99.31522200189717
widthL: 83.49399134692446
widthR: 99.31522200189717
x0: 1505.7791617062608
