alphaL: 0.7902813169631964
alphaR: 1.2877549642151171
event_sum: 26.713417787272967
mean: 1226.4327585452752
nL: 1.8538374801488453
nR: 8.137419588562318
norm_2016: 7.225356132670181
norm_2017: 8.306337394237914
norm_2018: 11.584209887871664
norm_Run2: 26.713417787272967
sigma: 125.0
sigmaL: 95.77669628586774
sigmaR: 74.26030573141777
widthL: 95.77669628586774
widthR: 74.26030573141777
x0: 1226.4327585452752
