alphaL: 1.0641579154428222
alphaR: 1.2992711695395067
event_sum: 13.229372401421234
mean: 1903.381266841147
nL: 0.31811061639594296
nR: 8.330855816015887
norm_2016: 3.410685462199161
norm_2017: 4.235660416523951
norm_2018: 5.795553187790136
norm_Run2: 13.229372401421234
sigma: 195.0
sigmaL: 178.56527484255
sigmaR: 111.2639732975027
widthL: 178.56527484255
widthR: 111.2639732975027
x0: 1903.381266841147
