alphaL: 0.8048745543479969
alphaR: 1.928231501060998
event_sum: 30.821628108185863
mean: 1949.8714179891833
nL: 23.969744129544544
nR: 2.607572599874373
norm_2016: 8.437640999472107
norm_2017: 9.509086740274961
norm_2018: 13.630275294371206
norm_Run2: 30.821628108185863
sigma: 104.97246446602861
sigmaL: 63.87976628298571
sigmaR: 53.77813675034824
widthL: 63.87976628298571
widthR: 53.77813675034824
x0: 1949.8714179891833
