alphaL: 0.7672606175269451
alphaR: 2.1243712260396004
event_sum: 39.536630734246984
mean: 1947.8271298655006
nL: 85.47231552792726
nR: 1.9467265461612446
norm_2016: 9.832347890310265
norm_2017: 12.424224917887729
norm_2018: 18.33804668806748
norm_Run2: 39.536630734246984
sigma: 104.97246446602861
sigmaL: 64.31638145591822
sigmaR: 50.11654153059838
widthL: 64.31638145591822
widthR: 50.11654153059838
x0: 1947.8271298655006
