alphaL: 1.2415796282711222
alphaR: 1.0879178091761263
event_sum: 6.895407464588061
fraction: 0.741597057905556
mean: 2952.2817305317303
nL: 0.4020068591370621
nR: 4.171254291636875
norm: 1.7400558243971318
sigma: 168.0
sigmaL: 192.3484513300139
sigmaR: 101.14971618448449
widthL: 192.3484513300139
widthR: 101.14971618448449
x0: 2952.2817305317303
