alphaL: 1.047578351748759
alphaR: 1.0639403106703056
event_sum: 0.14824545406736434
mean: 2999.849297284915
nL: 1.8876594557423059
nR: 1.3075195558078647
norm: 0.14824545406736434
sigma: 210.72690159074355
sigmaL: 213.81895951554182
sigmaR: 50.14258014608043
widthL: 213.81895951554182
widthR: 50.14258014608043
x0: 2999.849297284915
