alphaL: 0.9543549650154626
alphaR: 0.483548425835696
event_sum: 0.16104242712026462
mean: 2992.5433186658092
nL: 1.0000621317998464
nR: 3.069087205239256
norm: 0.16104242712026462
sigma: 168.0
sigmaL: 179.11784019061076
sigmaR: 36.07047451268511
widthL: 179.11784019061076
widthR: 36.07047451268511
x0: 2992.5433186658092
