alphaL: 1.467553252202966
alphaR: 1.3968616293961906
event_sum: 6.62451052153483
fraction: 0.7919390145901297
mean: 2959.753161899924
nL: 0.4041077152518385
nR: 3.1784123233848622
norm: 3.418619704665616
sigma: 168.0
sigmaL: 248.12619844131848
sigmaR: 112.77470093934033
widthL: 248.12619844131848
widthR: 112.77470093934033
x0: 2959.753161899924
