alphaL: 1.1921052967789665
alphaR: 1.6839794275057052
event_sum: 0.15057217644061893
mean: 2938.785566516387
nL: 0.8693886966973963
nR: 1.673874710251081
norm: 0.15057217644061893
sigma: 168.0
sigmaL: 214.1122172860965
sigmaR: 123.11265210316749
widthL: 214.1122172860965
widthR: 123.11265210316749
x0: 2938.785566516387
