alphaL: 0.8313985027111462
alphaR: 1.936293632140502
event_sum: 0.31111602019518614
mean: 2907.7593859214253
nL: 1.0515528945186154
nR: 1.9431936437807573
norm: 0.31111602019518614
sigma: 168.0
sigmaL: 155.19117893706695
sigmaR: 163.22992162132232
widthL: 155.19117893706695
widthR: 163.22992162132232
x0: 2907.7593859214253
