alphaL: 0.9597997107760297
alphaR: 1.3987438933831133
event_sum: 0.3280678546288982
mean: 2949.3702068127827
nL: 1.0000748929791006
nR: 3.018012463982191
norm: 0.3280678546288982
sigma: 168.0
sigmaL: 188.3285311764148
sigmaR: 114.47254331731978
widthL: 188.3285311764148
widthR: 114.47254331731978
x0: 2949.3702068127827
