alphaL: 1.1259479349438946
alphaR: 1.8593844808323596
event_sum: 0.16104242712026462
mean: 2919.5652304399873
nL: 1.0000000085437255
nR: 3.905553634406094
norm: 0.16104242712026462
sigma: 168.0
sigmaL: 188.92330209464782
sigmaR: 146.01040386611535
widthL: 188.92330209464782
widthR: 146.01040386611535
x0: 2919.5652304399873
