alphaL: 0.9492907351897841
alphaR: 1.3842397700589903
event_sum: 0.3280678546288982
mean: 2957.703769653147
nL: 1.0000725289244108
nR: 2.930278594237257
norm: 0.3280678546288982
sigma: 168.0
sigmaL: 191.96375763205745
sigmaR: 108.28749531385462
widthL: 191.96375763205745
widthR: 108.28749531385462
x0: 2957.703769653147
