alphaL: 1.133058554835176
alphaR: 1.3509574422410615
event_sum: 6.62451052153483
mean: 2963.1264223893077
nL: 1.0000534012337625
nR: 3.3682410406443912
norm: 6.62451052153483
sigma: 168.0
sigmaL: 227.0278274331059
sigmaR: 110.4915024738774
widthL: 227.0278274331059
widthR: 110.4915024738774
x0: 2963.1264223893077
