alphaL: 0.9721350390487751
alphaR: 1.1638207125382491
event_sum: 0.3056316031725146
mean: 3021.694938077928
nL: 1.8030565950783641
nR: 1.6421106030191104
norm: 0.3056316031725146
sigma: 210.72690159074355
sigmaL: 263.1661953909472
sigmaR: 61.231410827726464
widthL: 263.1661953909472
widthR: 61.231410827726464
x0: 3021.694938077928
