alphaL: 0.7906315310803811
alphaR: 0.9005264666865314
event_sum: 6.895407464588061
mean: 2958.795321611631
nL: 1.0000045855089015
nR: 4.107368887382146
norm: 6.895407464588061
sigma: 168.0
sigmaL: 150.09669539297354
sigmaR: 81.23009179390311
widthL: 150.09669539297354
widthR: 81.23009179390311
x0: 2958.795321611631
