alphaL: 0.5500020889743835
alphaR: 0.7803027791941716
event_sum: 0.725597368642308
mean: 2873.2641102618663
nL: 1.0043732382837023
nR: 3.109641588122368
norm: 0.725597368642308
sigma: 285.0
sigmaL: 371.5630125436436
sigmaR: 61.86956482058818
widthL: 371.5630125436436
widthR: 61.86956482058818
x0: 2873.2641102618663
