alphaL: 1.1446915846942047
alphaR: 1.2886510413668046
event_sum: 0.6210254120255885
mean: 2810.6752985633498
nL: 0.16040342438939123
nR: 2.8597618587019857
norm: 0.6210254120255885
sigma: 285.0
sigmaL: 319.9588753526211
sigmaR: 124.48888825800952
widthL: 319.9588753526211
widthR: 124.48888825800952
x0: 2810.6752985633498
