alphaL: 0.9344529903561596
alphaR: 1.5371983274215757
event_sum: 0.3808961071023699
mean: 2790.164871412594
nL: 0.10101149735966294
nR: 2.098340450448262
norm: 0.3808961071023699
sigma: 285.0
sigmaL: 223.5635203367437
sigmaR: 138.43907416010003
widthL: 223.5635203367437
widthR: 138.43907416010003
x0: 2790.164871412594
