alphaL: 0.19344531367857826
alphaR: 1.0425742461312184
event_sum: 0.4912827381096601
mean: 2892.127585127512
nL: 1.0000514632333983
nR: 2.970788984707707
norm: 0.4912827381096601
sigma: 285.0
sigmaL: 649.9883104001811
sigmaR: 78.69481631990182
widthL: 649.9883104001811
widthR: 78.69481631990182
x0: 2892.127585127512
