alphaL: 1.019982345369198
alphaR: 1.011684054645884
event_sum: 12.61695185449488
fraction: 0.6871907114077143
mean: 2819.6346824696084
nL: 0.4
nR: 4.173018629249112
norm: 5.402713729626626
sigma: 285.0
sigmaL: 315.8811930446769
sigmaR: 104.60938172043652
widthL: 315.8811930446769
widthR: 104.60938172043652
x0: 2819.6346824696084
