alphaL: 0.6003524263556184
alphaR: 0.9784274809826544
event_sum: 15.002240926214265
fraction: 0.6343138433934089
mean: 2808.55309744893
nL: 0.40105724731847636
nR: 4.292649665902319
norm: 3.1260758143326646
sigma: 285.0
sigmaL: 202.92530287131817
sigmaR: 107.12887532052413
widthL: 202.92530287131817
widthR: 107.12887532052413
x0: 2808.55309744893
