alphaL: 0.3543344174238124
alphaR: 0.9234723951225869
event_sum: 0.14644141820921305
mean: 3314.1350165597746
nL: 0.9998487231031682
nR: 3.160387885805936
norm: 0.14644141820921305
sigma: 335.0
sigmaL: 586.7112500377297
sigmaR: 104.03892472619984
widthL: 586.7112500377297
widthR: 104.03892472619984
x0: 3314.1350165597746
