alphaL: 0.4
alphaR: 1.1498572635336208
event_sum: 6.381309527313128
fraction: 0.5485185494207345
mean: 3373.882618803997
nL: 0.4
nR: 3.6988602952590908
norm: 0.5788890683707989
sigma: 335.0
sigmaL: 438.8187482402718
sigmaR: 83.41184059667262
widthL: 438.8187482402718
widthR: 83.41184059667262
x0: 3373.882618803997
