alphaL: 0.09174977701788511
alphaR: 1.1271336410948039
event_sum: 0.09273855040712885
mean: 3389.8338242815817
nL: 0.999834293580645
nR: 2.958971392921961
norm: 0.09273855040712885
sigma: 335.0
sigmaL: 1013.8004977710075
sigmaR: 99.08882399630383
widthL: 1013.8004977710075
widthR: 99.08882399630383
x0: 3389.8338242815817
