alphaL: 0.9384769364805731
alphaR: 0.4103496383584145
event_sum: 4.357186835831679
fraction: 0.643770588255247
mean: 3332.5259603060463
nL: 0.4
nR: 3.8266356455856076
norm: 0.9785337486703799
sigma: 335.0
sigmaL: 468.48837423153475
sigmaR: 39.94770843129926
widthL: 468.48837423153475
widthR: 39.94770843129926
x0: 3332.5259603060463
