alphaL: 0.58492428932251
alphaR: 2.0931038279943834
event_sum: 49.228257177709025
fraction: 0.9920105268216385
mean: 3338.577022225338
nL: 130.05630306134242
nR: 1.8270838503649134
norm: 23.045621776676164
sigma: 303.719980231188
sigmaL: 83.69119436436284
sigmaR: 79.58377687879477
widthL: 83.69119436436284
widthR: 79.58377687879477
x0: 3338.577022225338
