alphaL: 0.5015342905363425
alphaR: 0.9493185526313321
event_sum: 0.07003751136962584
mean: 3358.2559118260306
nL: 0.1
nR: 2.4550720772564136
norm: 0.07003751136962584
sigma: 335.0
sigmaL: 191.0477490997613
sigmaR: 77.54197184643357
widthL: 191.0477490997613
widthR: 77.54197184643357
x0: 3358.2559118260306
