alphaL: 0.9284265808434651
alphaR: 1.746265835852384
event_sum: 0.11894952586789147
mean: 3202.0119813354263
nL: 0.13636425732814014
nR: 1.9016212592568356
norm: 0.11894952586789147
sigma: 335.0
sigmaL: 272.88743419963157
sigmaR: 176.91363682369354
widthL: 272.88743419963157
widthR: 176.91363682369354
x0: 3202.0119813354263
