alphaL: 1.0994075827209946
alphaR: 1.223290609007279
event_sum: 0.1442354598390839
mean: 2647.312730908233
nL: 0.1
nR: 4.597166601480906
norm: 0.1442354598390839
sigma: 270.0
sigmaL: 264.0075842606785
sigmaR: 123.53999451435067
widthL: 264.0075842606785
widthR: 123.53999451435067
x0: 2647.312730908233
