alphaL: 0.9459339711393422
alphaR: 0.8262661580757397
event_sum: 0.23194269967625675
mean: 2695.651707225615
nL: 0.3476008509847372
nR: 3.1180309678280844
norm: 0.23194269967625675
sigma: 270.0
sigmaL: 255.224299573236
sigmaR: 79.27254067121888
widthL: 255.224299573236
widthR: 79.27254067121888
x0: 2695.651707225615
