alphaL: 0.21160303454643717
alphaR: 0.9313500772836251
event_sum: 0.18269676756883826
mean: 2746.2659128454884
nL: 1.000919007229095
nR: 3.1463329445751325
norm: 0.18269676756883826
sigma: 270.0
sigmaL: 507.1224219421853
sigmaR: 72.90092847526434
widthL: 507.1224219421853
widthR: 72.90092847526434
x0: 2746.2659128454884
