alphaL: 1.044732497010434
alphaR: 0.9797754728282485
event_sum: 4.378051045314342
fraction: 0.6886867738448578
mean: 2671.4868889071904
nL: 0.4
nR: 4.3060793137571745
norm: 2.115609707573482
sigma: 270.0
sigmaL: 265.56039336074076
sigmaR: 99.19845759304671
widthL: 265.56039336074076
widthR: 99.19845759304671
x0: 2671.4868889071904
