alphaL: 0.6050563195856427
alphaR: 0.8781351948780295
event_sum: 0.2702795054104334
mean: 2716.0544435683964
nL: 1.0002255759666896
nR: 2.2737667718098473
norm: 0.2702795054104334
sigma: 270.0
sigmaL: 369.76027184504085
sigmaR: 63.51176697247823
widthL: 369.76027184504085
widthR: 63.51176697247823
x0: 2716.0544435683964
