alphaL: 0.8816875074918316
alphaR: 1.2871189880094362
event_sum: 4.966251308027552
fraction: 0.6769313488051646
mean: 2672.638591019922
nL: 0.4018619066439288
nR: 3.035104994566015
norm: 1.2702412514650252
sigma: 270.0
sigmaL: 287.3372616336523
sigmaR: 108.37352836381065
widthL: 287.3372616336523
widthR: 108.37352836381065
x0: 2672.638591019922
