alphaL: 1.0194855759199595
alphaR: 2.1992354341727136
event_sum: 124.70066136418025
mean: 1251.4491753552547
nL: 136.38239071501454
nR: 4.6179760891313375
norm_2016: 34.32256345362087
norm_2017: 40.60822523917947
norm_2018: 57.92875201960399
norm_Run2: 124.70066136418025
sigma: 60.96160930427917
sigmaL: 50.666499720577036
sigmaR: 38.254303569824934
widthL: 50.666499720577036
widthR: 38.254303569824934
x0: 1251.4491753552547
