alphaL: 0.8852763731522252
alphaR: 1.9467233281138279
event_sum: 36.269563006120805
mean: 1253.7403534382452
nL: 64.97331597692397
nR: 3.4647124944126553
norm_2016: 9.976273515633007
norm_2017: 11.272915176618346
norm_2018: 15.863223354427639
norm_Run2: 36.269563006120805
sigma: 65.03888874491528
sigmaL: 47.56249760806879
sigmaR: 37.827087259560344
widthL: 47.56249760806879
widthR: 37.827087259560344
x0: 1253.7403534382452
