alphaL: 1.086259274744122
alphaR: 1.368649414587776
event_sum: 21.195046980149186
mean: 1239.8234598480808
nL: 3.4944226543349135
nR: 4.992872191872907
norm_2016: 5.488501110193333
norm_2017: 6.531711743803728
norm_2018: 9.586361430254742
norm_Run2: 21.195046980149186
sigma: 70.0
sigmaL: 82.95207980618265
sigmaR: 56.7531888255149
widthL: 82.95207980618265
widthR: 56.7531888255149
x0: 1239.8234598480808
