alphaL: 0.7630880120800743
alphaR: 1.3271280031860333
event_sum: 18.774401099235885
mean: 1223.6726333266502
nL: 4.066933262556827
nR: 4.86413243133622
norm_2016: 4.67553848832677
norm_2017: 5.852483902037678
norm_2018: 8.576972325919959
norm_Run2: 18.774401099235885
sigma: 125.0
sigmaL: 91.02131052819456
sigmaR: 73.40093327130533
widthL: 91.02131052819456
widthR: 73.40093327130533
x0: 1223.6726333266502
