alphaL: 1.3245097381107878
alphaR: 2.1196667769580397
event_sum: 3.232174851509626
mean: 2601.0547711794557
nL: 4.4741391315721675
nR: 2.570588737987716
norm: 3.232174851509626
sigma: 119.07296723167137
sigmaL: 110.12073661868266
sigmaR: 55.86210502804121
widthL: 110.12073661868266
widthR: 55.86210502804121
x0: 2601.0547711794557
