alphaL: 1.1005509499575568
alphaR: 2.4070959725329075
event_sum: 3.0485549365112092
fraction: 0.9984391617236071
mean: 2594.475853332611
nL: 9.912829988541631
nR: 1.7975757409072692
norm: 3.048042925700429
sigma: 118.96563714679877
sigmaL: 99.44507451537307
sigmaR: 60.260847163516345
widthL: 99.44507451537307
widthR: 60.260847163516345
x0: 2594.475853332611
