alphaL: 1.2380604064815366
alphaR: 1.7507353825656564
event_sum: 0.7554945745214354
mean: 2604.2557834877216
nL: 3.409135795424258
nR: 2.232787240020898
norm: 0.7554945745214354
sigma: 155.57202545132833
sigmaL: 101.67557129202802
sigmaR: 59.04916005283014
widthL: 101.67557129202802
widthR: 59.04916005283014
x0: 2604.2557834877216
