alphaL: 1.0567073775010845
alphaR: 1.9806903699323208
event_sum: 2.504690940171713
fraction: 0.998928264601218
mean: 2596.13945533798
nL: 9.829021083005417
nR: 3.1122629633711196
norm: 2.5036669185501523
sigma: 118.96563714679877
sigmaL: 91.65787352661538
sigmaR: 60.497071944162954
widthL: 91.65787352661538
widthR: 60.497071944162954
x0: 2596.13945533798
