alphaL: 0.9835820803403802
alphaR: 2.2254407900840913
event_sum: 11.453431724978145
fraction: 0.9968817204847317
mean: 2597.446377327119
nL: 9.998759577841085
nR: 1.488230177141494
norm: 11.432031597709283
sigma: 154.95654316183425
sigmaL: 95.20585572912839
sigmaR: 60.04970548942685
widthL: 95.20585572912839
widthR: 60.04970548942685
x0: 2597.446377327119
