alphaL: 1.0689432683027862
alphaR: 2.172672320857184
event_sum: 1.181438528583385
mean: 2595.4317912529805
nL: 4.675914284204645
nR: 1.6501570470216833
norm: 1.181438528583385
sigma: 155.57202545132833
sigmaL: 93.98239875180097
sigmaR: 60.61991789314569
widthL: 93.98239875180097
widthR: 60.61991789314569
x0: 2595.4317912529805
