alphaL: 1.43639095548517
alphaR: 1.3626125081203013
event_sum: 0.7572594954108354
mean: 2616.7185509138767
nL: 3.802082635500926
nR: 3.2398482550360725
norm: 0.7572594954108354
sigma: 155.57202545132833
sigmaL: 117.40109544141752
sigmaR: 49.24239431031211
widthL: 117.40109544141752
widthR: 49.24239431031211
x0: 2616.7185509138767
