alphaL: 1.3785870107027358
alphaR: 1.6661950657778546
event_sum: 0.7591997355339117
mean: 2611.114598280323
nL: 3.43941357053736
nR: 2.2589732465184325
norm: 0.7591997355339117
sigma: 155.59673703363774
sigmaL: 112.8932695727584
sigmaR: 54.56274912484189
widthL: 112.8932695727584
widthR: 54.56274912484189
x0: 2611.114598280323
