alphaL: 1.3450024530807692
alphaR: 2.1066809250605187
event_sum: 11.870923776179552
mean: 2603.8995863436858
nL: 4.498958513080778
nR: 1.6277860749912734
norm: 11.870923776179552
sigma: 154.2391797987258
sigmaL: 111.5039675099257
sigmaR: 56.18681004479939
widthL: 111.5039675099257
widthR: 56.18681004479939
x0: 2603.8995863436858
