alphaL: 0.24386815337024004
alphaR: 2.3560307463022196
event_sum: 0.7572594954108354
mean: 2561.45932056182
nL: 4.4485436714596265
nR: 1.6615077337145918
norm: 0.7572594954108354
sigma: 155.57202545132833
sigmaL: 17.907738932303648
sigmaR: 85.6793397984055
widthL: 17.907738932303648
widthR: 85.6793397984055
x0: 2561.45932056182
