alphaL: 1.375064378912255
alphaR: 1.8970258365000745
event_sum: 2.6406080252636457
mean: 2604.693657280205
nL: 3.9984022178678216
nR: 2.666897324325898
norm: 2.6406080252636457
sigma: 119.07296723167137
sigmaL: 105.87436514884301
sigmaR: 54.81315508567776
widthL: 105.87436514884301
widthR: 54.81315508567776
x0: 2604.693657280205
