alphaL: 1.2928283808831562
alphaR: 2.1833944473040354
event_sum: 1.184270800469676
mean: 2602.013702296601
nL: 4.492254474371179
nR: 1.4936210699335293
norm: 1.184270800469676
sigma: 155.57202545132833
sigmaL: 108.5638738405563
sigmaR: 57.829721198556335
widthL: 108.5638738405563
widthR: 57.829721198556335
x0: 2602.013702296601
