alphaL: 1.6212798024803834
alphaR: 1.8445927307360017
event_sum: 3.23784516339947
mean: 2608.336241961846
nL: 4.499999797175731
nR: 3.297328409106949
norm: 3.23784516339947
sigma: 118.95746108181781
sigmaL: 124.72855729889834
sigmaR: 51.37684619886459
widthL: 124.72855729889834
widthR: 51.37684619886459
x0: 2608.336241961846
