alphaL: 1.4194661653490672
alphaR: 2.1826178407602033
event_sum: 3.232174851509626
mean: 2601.2048065187446
nL: 3.936444846248574
nR: 2.398399281322096
norm: 3.232174851509626
sigma: 119.07296723167137
sigmaL: 113.06944644159414
sigmaR: 56.49615263969036
widthL: 113.06944644159414
widthR: 56.49615263969036
x0: 2601.2048065187446
