alphaL: 1.067979274927643
alphaR: 1.5765042454900438
event_sum: 7.345468093175441
fraction: 0.9977024553198425
mean: 2608.0085629187815
nL: 9.63171530296388
nR: 2.6973031009321273
norm: 7.3150840372545645
sigma: 154.95654316183425
sigmaL: 102.06495264318494
sigmaR: 54.859013261533235
widthL: 102.06495264318494
widthR: 54.859013261533235
x0: 2608.0085629187815
