alphaL: 1.3845283865033013
alphaR: 1.487511877068953
event_sum: 7.610799032321665
mean: 2614.2501554825017
nL: 4.499323947109494
nR: 2.773385877472118
norm: 7.610799032321665
sigma: 154.2391797987258
sigmaL: 115.06556017998211
sigmaR: 50.80444982770885
widthL: 115.06556017998211
widthR: 50.80444982770885
x0: 2614.2501554825017
