alphaL: 1.0837154174740116
alphaR: 1.8688809605144057
event_sum: 2.629779412294738
mean: 2597.0823363991944
nL: 4.713865514421571
nR: 3.682893726597996
norm: 2.629779412294738
sigma: 119.07296723167137
sigmaL: 90.94522769150241
sigmaR: 59.06247156470692
widthL: 90.94522769150241
widthR: 59.06247156470692
x0: 2597.0823363991944
