alphaL: 1.3678840024325538
alphaR: 1.8335405334259698
event_sum: 2.6451779295894084
mean: 2601.285274555799
nL: 4.385019444755055
nR: 3.512849287324384
norm: 2.6451779295894084
sigma: 118.95746108181781
sigmaL: 103.95589713027113
sigmaR: 56.95430384011483
widthL: 103.95589713027113
widthR: 56.95430384011483
x0: 2601.285274555799
