alphaL: 1.218447165795073
alphaR: 1.8813239885838744
event_sum: 2.6406080252636457
mean: 2597.822848370718
nL: 4.480746349586964
nR: 3.2495339153653386
norm: 2.6406080252636457
sigma: 119.07296723167137
sigmaL: 96.40921535570511
sigmaR: 59.060615468333914
widthL: 96.40921535570511
widthR: 59.060615468333914
x0: 2597.822848370718
