alphaL: 1.314707297274516
alphaR: 2.078682688891151
event_sum: 1.184270800469676
mean: 2604.7120904820404
nL: 4.498096445588108
nR: 1.648722510262935
norm: 1.184270800469676
sigma: 155.57202545132833
sigmaL: 111.78441651709637
sigmaR: 56.58096339432107
widthL: 111.78441651709637
widthR: 56.58096339432107
x0: 2604.7120904820404
