alphaL: 1.3425275336683469
alphaR: 2.1524725584554014
event_sum: 3.232174851509626
mean: 2601.3732304956256
nL: 4.494590064752372
nR: 2.3620442335594127
norm: 3.232174851509626
sigma: 119.07296723167137
sigmaL: 110.8830410448157
sigmaR: 55.798000012048114
widthL: 110.8830410448157
widthR: 55.798000012048114
x0: 2601.3732304956256
