alphaL: 1.1131184567597743
alphaR: 2.2177336310228695
event_sum: 3.217792604744318
mean: 2596.0895195641037
nL: 4.75743244832036
nR: 2.4871838184892168
norm: 3.217792604744318
sigma: 119.07296723167137
sigmaL: 98.92215907294721
sigmaR: 58.45232382619889
widthL: 98.92215907294721
widthR: 58.45232382619889
x0: 2596.0895195641037
