alphaL: 0.9026201195303988
alphaR: 2.115247726834211
event_sum: 8.86666184925707
fraction: 0.9924865584994739
mean: 2592.363096574869
nL: 19.936875768388575
nR: 3.094119436589468
norm: 2.4934267023345456
sigma: 116.97558679290326
sigmaL: 84.74999700866464
sigmaR: 66.19265410163545
widthL: 84.74999700866464
widthR: 66.19265410163545
x0: 2592.363096574869
