alphaL: 1.2780763283420167
alphaR: 2.0730988384488507
event_sum: 2.6406080252636457
mean: 2594.3590355265023
nL: 3.6764740837946763
nR: 3.958185828056249
norm: 2.6406080252636457
sigma: 119.07296723167137
sigmaL: 95.97678371728274
sigmaR: 62.942818754252
widthL: 95.97678371728274
widthR: 62.942818754252
x0: 2594.3590355265023
