alphaL: 1.2892105786723143
alphaR: 2.303555691980791
event_sum: 1.1872536223236239
mean: 2597.903452854925
nL: 3.8984258411580712
nR: 1.316593171159918
norm: 1.1872536223236239
sigma: 155.59673703363774
sigmaL: 104.98211479526681
sigmaR: 61.061443408509234
widthL: 104.98211479526681
widthR: 61.061443408509234
x0: 2597.903452854925
