alphaL: 1.4549377829095211
alphaR: 1.6407747065840552
event_sum: 1.2629872683726888
mean: 3206.791863523381
nL: 4.7964831685674145
nR: 2.767446721464486
norm: 1.2629872683726888
sigma: 273.69866140736
sigmaL: 143.82980846723171
sigmaR: 65.46747712189828
widthL: 143.82980846723171
widthR: 65.46747712189828
x0: 3206.791863523381
