alphaL: 1.0411280410286625
alphaR: 2.2384280185436642
event_sum: 1.1217220437994362
mean: 3186.218882422033
nL: 4.172716244480718
nR: 2.4500560023051197
norm: 1.1217220437994362
sigma: 151.56915859405063
sigmaL: 115.14159714560111
sigmaR: 74.0871212818611
widthL: 115.14159714560111
widthR: 74.0871212818611
x0: 3186.218882422033
