alphaL: 1.0852393099991453
alphaR: 1.8727080151763578
event_sum: 1.1047749838274534
fraction: 0.9988181875345816
mean: 3193.898497380847
nL: 9.27649014367981
nR: 3.7313007717408584
norm: 1.1043960623252718
sigma: 150.50990624487883
sigmaL: 123.65546165684376
sigmaR: 68.1329012544793
widthL: 123.65546165684376
widthR: 68.1329012544793
x0: 3193.898497380847
