alphaL: 0.853475624236502
alphaR: 2.033630148619927
event_sum: 0.8911678297182122
mean: 3180.6109993432533
nL: 5.0
nR: 2.6138702737450155
norm: 0.8911678297182122
sigma: 151.56915859405063
sigmaL: 88.84764613943602
sigmaR: 78.39229669381473
widthL: 88.84764613943602
widthR: 78.39229669381473
x0: 3180.6109993432533
