alphaL: 1.0143492116491033
alphaR: 2.3480378262701773
event_sum: 0.8889559755914869
mean: 3185.236872194052
nL: 4.114762564665766
nR: 1.5837183439911566
norm: 0.8889559755914869
sigma: 151.56915859405063
sigmaL: 99.15791510432655
sigmaR: 77.69653502056829
widthL: 99.15791510432655
widthR: 77.69653502056829
x0: 3185.236872194052
