alphaL: 0.9416408540950661
alphaR: 1.8859067399203235
event_sum: 0.860155708848296
fraction: 0.9990859654139418
mean: 3187.9787774137826
nL: 9.727557051185544
nR: 4.143321462531746
norm: 0.8595279047542804
sigma: 150.50990624487883
sigmaL: 102.84653798641865
sigmaR: 74.54928590982436
widthL: 102.84653798641865
widthR: 74.54928590982436
x0: 3187.9787774137826
