alphaL: 0.661611778687105
alphaR: 1.74656140548609
event_sum: 6.321204818666933
fraction: 0.998118818587895
mean: 3195.216698288933
nL: 9.944887541265246
nR: 2.9866173210111753
norm: 6.2197227857275
sigma: 271.86502419704135
sigmaL: 90.1458364874303
sigmaR: 75.04775394624309
widthL: 90.1458364874303
widthR: 75.04775394624309
x0: 3195.216698288933
