alphaL: 1.3189565558962177
alphaR: 1.3849004063742696
event_sum: 1.1265244371161374
mean: 3204.111936051312
nL: 4.470220949844511
nR: 5.0
norm: 1.1265244371161374
sigma: 151.56915859405063
sigmaL: 137.20293092078595
sigmaR: 60.22330829613724
widthL: 137.20293092078595
widthR: 60.22330829613724
x0: 3204.111936051312
