alphaL: 0.9499000848381094
alphaR: 1.717083879106551
event_sum: 11.669989418514723
fraction: 0.9997386276030161
mean: 3193.790185021921
nL: 9.980238042576742
nR: 2.791619234886542
norm: 11.616508981242523
sigma: 271.86502419704135
sigmaL: 109.5014192340847
sigmaR: 71.86616388941319
widthL: 109.5014192340847
widthR: 71.86616388941319
x0: 3193.790185021921
