alphaL: 1.4335658057579028
alphaR: 0.13540060639375545
event_sum: 0.6769514050710254
mean: 3252.145479823386
nL: 5.0
nR: 5.0
norm: 0.6769514050710254
sigma: 273.69866140736
sigmaL: 165.25024768362388
sigmaR: 9.708519059762967
widthL: 165.25024768362388
widthR: 9.708519059762967
x0: 3252.145479823386
