alphaL: 1.0715014522064725
alphaR: 1.7922077847254756
event_sum: 0.6778697316335822
mean: 3192.84508130965
nL: 4.585253334609775
nR: 3.1431768531316497
norm: 0.6778697316335822
sigma: 273.69866140736
sigmaL: 111.81370014746456
sigmaR: 78.75475907189126
widthL: 111.81370014746456
widthR: 78.75475907189126
x0: 3192.84508130965
