alphaL: 1.4819208626838605
alphaR: 1.4467795784394875
event_sum: 1.2636139839607154
mean: 3210.607163975986
nL: 4.472106206982091
nR: 3.060561751622656
norm: 1.2636139839607154
sigma: 273.69866140736
sigmaL: 146.14594570052327
sigmaR: 61.9669524793472
widthL: 146.14594570052327
widthR: 61.9669524793472
x0: 3210.607163975986
