alphaL: 0.6113884810367579
alphaR: 0.8895095705024145
event_sum: 0.16167688420153317
mean: 3121.9501140750026
nL: 0.9998171711179445
nR: 1.9877728800830397
norm: 0.16167688420153317
sigma: 310.0
sigmaL: 470.7838660282867
sigmaR: 71.34513159371113
widthL: 470.7838660282867
widthR: 71.34513159371113
x0: 3121.9501140750026
