alphaL: 0.09846860648636768
alphaR: 0.39672604997930005
event_sum: 0.10088950446690619
mean: 3132.6150933403787
nL: 1.007158937240121
nR: 2.725622377661933
norm: 0.10088950446690619
sigma: 310.0
sigmaL: 693.3072703143105
sigmaR: 38.84361992314622
widthL: 693.3072703143105
widthR: 38.84361992314622
x0: 3132.6150933403787
