alphaL: 1.3177993371437176
alphaR: 1.156864496589538
event_sum: 0.1386056134220874
mean: 3117.108318875279
nL: 0.1
nR: 1.5913386007789183
norm: 0.1386056134220874
sigma: 310.0
sigmaL: 425.72114361505703
sigmaR: 83.18516575920026
widthL: 425.72114361505703
widthR: 83.18516575920026
x0: 3117.108318875279
