alphaL: 0.9683306573183328
alphaR: 0.6668075568175549
event_sum: 3.508268009028453
fraction: 0.6906975537350072
mean: 3114.529333135244
nL: 0.507842277274797
nR: 3.8641888643465547
norm: 1.2585665033687394
sigma: 310.0
sigmaL: 386.0322575394672
sigmaR: 65.7548827729138
widthL: 386.0322575394672
widthR: 65.7548827729138
x0: 3114.529333135244
