alphaL: 0.8184011878825458
alphaR: 1.05472456408804
event_sum: 0.07854290507847583
mean: 3173.1242998934754
nL: 0.11978392989240821
nR: 0.1
norm: 0.07854290507847583
sigma: 310.0
sigmaL: 290.85320928290724
sigmaR: 19.47112639695413
widthL: 290.85320928290724
widthR: 19.47112639695413
x0: 3173.1242998934754
