alphaL: 0.5151033151996992
alphaR: 0.5576851149555734
event_sum: 4.475790182012995
fraction: 0.596609846667836
mean: 3137.3429425944882
nL: 0.4
nR: 3.1636344576447417
norm: 0.6523234961064696
sigma: 310.0
sigmaL: 298.9070444547185
sigmaR: 49.14927897009495
widthL: 298.9070444547185
widthR: 49.14927897009495
x0: 3137.3429425944882
