alphaL: 1.2578909258564084
alphaR: 1.896685004381115
event_sum: 1.3712826591930989
mean: 1949.5413442794802
nL: 4.403782548799347
nR: 2.1628871472718787
norm: 1.3712826591930989
sigma: 105.2591062884023
sigmaL: 77.62501943502228
sigmaR: 51.50414019678536
widthL: 77.62501943502228
widthR: 51.50414019678536
x0: 1949.5413442794802
