alphaL: 1.3615451685595614
alphaR: 2.134059063006081
event_sum: 14.673047881012502
mean: 1947.9042687573876
nL: 4.799312010016388
nR: 3.2304305076320627
norm: 14.673047881012502
sigma: 90.40790078686408
sigmaL: 85.44212608319518
sigmaR: 46.49456693896317
widthL: 85.44212608319518
widthR: 46.49456693896317
x0: 1947.9042687573876
