alphaL: 1.027366787708007
alphaR: 1.9815421750646425
event_sum: 13.756612748625674
fraction: 0.9961107506193749
mean: 1946.8481518529804
nL: 9.9983564799403
nR: 1.9792669903785611
norm: 13.734464536831092
sigma: 105.27290822829592
sigmaL: 71.01065625374643
sigmaR: 52.636703805619675
widthL: 71.01065625374643
widthR: 52.636703805619675
x0: 1946.8481518529804
