alphaL: 0.8048745543479969
alphaR: 1.928231501060998
event_sum: 31.087914469484808
fraction: 0.9887197660164833
mean: 1949.8714179891833
nL: 23.969744129544544
nR: 2.607572599874373
norm: 13.630275294371206
sigma: 104.97246446602861
sigmaL: 63.87976628298571
sigmaR: 53.77813675034824
widthL: 63.87976628298571
widthR: 53.77813675034824
x0: 1949.8714179891833
