alphaL: 1.0868253318196976
alphaR: 2.1113365421881394
event_sum: 1.83763718730438
mean: 1945.4558487076076
nL: 4.87769553676566
nR: 2.056214765307864
norm: 1.83763718730438
sigma: 105.2591062884023
sigmaL: 73.05254251463279
sigmaR: 49.7473284975708
widthL: 73.05254251463279
widthR: 49.7473284975708
x0: 1945.4558487076076
