alphaL: 1.312530737746972
alphaR: 2.244002643523771
event_sum: 14.744840821807394
fraction: 0.9987858760760734
mean: 1946.773762175164
nL: 9.795099623908712
nR: 2.388243076281189
norm: 14.739302926973803
sigma: 90.47378137120471
sigmaL: 84.65833896082917
sigmaR: 47.34249348303952
widthL: 84.65833896082917
widthR: 47.34249348303952
x0: 1946.773762175164
