alphaL: 1.5286662665673967
alphaR: 2.20833572894411
event_sum: 14.752695472406009
mean: 1949.61076440993
nL: 4.500077374696198
nR: 2.224496838016442
norm: 14.752695472406009
sigma: 90.40790078686408
sigmaL: 89.76685358565938
sigmaR: 45.72827147817354
widthL: 89.76685358565938
widthR: 45.72827147817354
x0: 1949.61076440993
