alphaL: 1.2771346245610051
alphaR: 2.1213962131729334
event_sum: 15.171291325624237
fraction: 0.9991225430802491
mean: 1945.1758829112468
nL: 8.710249054286997
nR: 4.06374793723093
norm: 15.170261376122031
sigma: 90.47378137120471
sigmaL: 78.61708475655678
sigmaR: 51.46537797388822
widthL: 78.61708475655678
widthR: 51.46537797388822
x0: 1945.1758829112468
