alphaL: 1.2532789182801725
alphaR: 1.9190455605127066
event_sum: 1.844805239451559
mean: 1950.550870142099
nL: 4.376133381704248
nR: 2.416605945484161
norm: 1.844805239451559
sigma: 105.2591062884023
sigmaL: 81.91288442798077
sigmaR: 46.099224627155
widthL: 81.91288442798077
widthR: 46.099224627155
x0: 1950.550870142099
