alphaL: 1.3019882577783601
alphaR: 2.029178536252743
event_sum: 15.102314269468595
mean: 1948.193408015983
nL: 4.996212952551459
nR: 3.751918463695258
norm: 15.102314269468595
sigma: 90.40790078686408
sigmaL: 80.30209433708423
sigmaR: 49.256680354903025
widthL: 80.30209433708423
widthR: 49.256680354903025
x0: 1948.193408015983
