alphaL: 1.035815831228898
alphaR: 2.0463026733492193
event_sum: 18.481713536639834
fraction: 0.9971933189485067
mean: 1946.6897038172162
nL: 9.989602122834889
nR: 2.112975989341055
norm: 18.46771147219274
sigma: 105.27290822829592
sigmaL: 74.58201583082764
sigmaR: 48.74969758514997
widthL: 74.58201583082764
widthR: 48.74969758514997
x0: 1946.6897038172162
