alphaL: 1.2332604748890825
alphaR: 1.9530267005351474
event_sum: 1.3661088674139519
mean: 1948.9791887076904
nL: 3.4399473777070795
nR: 2.003665886352242
norm: 1.3661088674139519
sigma: 105.2591062884023
sigmaL: 76.51414023200299
sigmaR: 51.417777380737036
widthL: 76.51414023200299
widthR: 51.417777380737036
x0: 1948.9791887076904
