alphaL: 1.4228741929213349
alphaR: 1.9418814796324237
event_sum: 15.158182503160996
mean: 1949.0470321918847
nL: 4.473031622837568
nR: 4.363212843427444
norm: 15.158182503160996
sigma: 90.40790078686408
sigmaL: 82.74714487640985
sigmaR: 48.56548514382971
widthL: 82.74714487640985
widthR: 48.56548514382971
x0: 1949.0470321918847
