alphaL: 1.0246389125125697
alphaR: 1.748823077106612
event_sum: 0.267144766630378
mean: 2404.614650847413
nL: 0.9834605886308432
nR: 3.6657633018560523
norm: 0.267144766630378
sigma: 137.20000000000002
sigmaL: 153.37641732617902
sigmaR: 118.21880389318798
widthL: 153.37641732617902
widthR: 118.21880389318798
x0: 2404.614650847413
