alphaL: 0.9989272986940336
alphaR: 1.5037059493302507
event_sum: 0.4151782030763846
mean: 2412.5001201588484
nL: 1.0900191816508782
nR: 4.195568011082996
norm: 0.4151782030763846
sigma: 137.20000000000002
sigmaL: 126.16688009925649
sigmaR: 109.09687388827953
widthL: 126.16688009925649
widthR: 109.09687388827953
x0: 2412.5001201588484
