alphaL: 1.0054841582371115
alphaR: 1.4297719802277418
event_sum: 6.069430775038845
fraction: 0.8728137589632093
mean: 2422.7368244038803
nL: 1.1030044417956406
nR: 3.831388818266676
norm: 4.317468760794229
sigma: 137.20000000000002
sigmaL: 136.5646398588466
sigmaR: 100.95775214995301
widthL: 136.5646398588466
widthR: 100.95775214995301
x0: 2422.7368244038803
