alphaL: 1.0021561884333396
alphaR: 1.4982449864409213
event_sum: 0.39621606693649486
mean: 2449.162228750774
nL: 1.6256153783886698
nR: 1.7925544018531685
norm: 0.39621606693649486
sigma: 137.20000000000002
sigmaL: 159.5273087212432
sigmaR: 85.39544508257582
widthL: 159.5273087212432
widthR: 85.39544508257582
x0: 2449.162228750774
