alphaL: 1.2615515605146592
alphaR: 1.6140661624211683
event_sum: 5.919321839201847
fraction: 0.7745196609355303
mean: 2402.3853344378726
nL: 0.401259430991006
nR: 3.6421044551150072
norm: 2.8030779636768823
sigma: 137.20000000000002
sigmaL: 144.53048469973942
sigmaR: 120.15650373184455
widthL: 144.53048469973942
widthR: 120.15650373184455
x0: 2402.3853344378726
