alphaL: 0.4442732500971705
alphaR: 1.6367697883797983
event_sum: 0.2502552477478316
mean: 2392.775603722675
nL: 4.037619557964955
nR: 3.27031641219759
norm: 0.2502552477478316
sigma: 137.20000000000002
sigmaL: 93.43123135703549
sigmaR: 120.72955550537006
widthL: 93.43123135703549
widthR: 120.72955550537006
x0: 2392.775603722675
