alphaL: 1.020810930205051
alphaR: 2.0416659895835054
event_sum: 48.092849361063124
fraction: 0.9980882684671107
mean: 2849.0774818218283
nL: 10.0
nR: 1.813593537540501
norm: 47.97680328399462
sigma: 190.79545369126234
sigmaL: 104.57276803075104
sigmaR: 66.05074910984813
widthL: 104.57276803075104
widthR: 66.05074910984813
x0: 2849.0774818218283
