alphaL: 1.3411513173725529
alphaR: 1.5901683558904856
event_sum: 2.5848710007718165
mean: 2857.772861377116
nL: 4.474620116985263
nR: 2.944939704804465
norm: 2.5848710007718165
sigma: 191.58209888769352
sigmaL: 119.92253318638663
sigmaR: 65.96557625942229
widthL: 119.92253318638663
widthR: 65.96557625942229
x0: 2857.772861377116
