alphaL: 0.9894001588030392
alphaR: 1.6866078482141527
event_sum: 25.131467122549513
fraction: 0.9985750814416742
mean: 2849.8550394250424
nL: 9.993671833326276
nR: 2.8186983502733733
norm: 24.92168696103321
sigma: 190.79545369126234
sigmaL: 101.87220515439225
sigmaR: 71.09655691470613
widthL: 101.87220515439225
widthR: 71.09655691470613
x0: 2849.8550394250424
