alphaL: 1.1049482404846223
alphaR: 1.811820807724148
event_sum: 5.375075045273744
fraction: 0.9992062061304625
mean: 2846.036811879425
nL: 9.515518290136978
nR: 4.5
norm: 5.375168421344152
sigma: 127.62957672657657
sigmaL: 102.2627117837665
sigmaR: 66.59732811203686
widthL: 102.2627117837665
widthR: 66.59732811203686
x0: 2846.036811879425
