alphaL: 1.4940040202686824
alphaR: 2.0740887336030567
event_sum: 8.550217543703157
mean: 2854.0025847910347
nL: 4.885985462681087
nR: 2.9776690900471796
norm: 8.550217543703157
sigma: 127.85737069518872
sigmaL: 135.07975498968958
sigmaR: 60.27052344920707
widthL: 135.07975498968958
widthR: 60.27052344920707
x0: 2854.0025847910347
