alphaL: 0.8771541776814001
alphaR: 2.066895567908514
event_sum: 5.375075045273744
fraction: 0.9929208015217227
mean: 2842.149509870309
nL: 19.010495761264732
nR: 2.9533470110774918
norm: 5.352207024049599
sigma: 128.44925671335076
sigmaL: 90.19087524519925
sigmaR: 69.9406534414399
widthL: 90.19087524519925
widthR: 69.9406534414399
x0: 2842.149509870309
