alphaL: 1.098012321685793
alphaR: 2.0754647669763955
event_sum: 5.84126456792596
mean: 2842.1737626979366
nL: 4.58457757330907
nR: 2.873382030218366
norm: 5.84126456792596
sigma: 127.85737069518872
sigmaL: 97.0506639483517
sigmaR: 70.01488072180582
widthL: 97.0506639483517
widthR: 70.01488072180582
x0: 2842.1737626979366
