alphaL: 1.250507475296725
alphaR: 2.0306060107245174
event_sum: 4.978164119960619
mean: 2852.9180366303585
nL: 5.0
nR: 1.8220714322085003
norm: 4.978164119960619
sigma: 191.58209888769352
sigmaL: 115.7589049145722
sigmaR: 63.94566941956415
widthL: 115.7589049145722
widthR: 63.94566941956415
x0: 2852.9180366303585
