alphaL: 1.4805522107240743
alphaR: 1.9237658002454394
event_sum: 4.985503713784008
mean: 2859.1020787904267
nL: 4.496963751591172
nR: 1.9266125993463399
norm: 4.985503713784008
sigma: 191.58209888769352
sigmaL: 129.60514541476672
sigmaR: 60.705384373211
widthL: 129.60514541476672
widthR: 60.705384373211
x0: 2859.1020787904267
