alphaL: 1.234604289158366
alphaR: 1.5251430560016532
event_sum: 2.581220863075715
mean: 2858.7848786554755
nL: 5.0
nR: 2.9636744633114387
norm: 2.581220863075715
sigma: 191.58209888769352
sigmaL: 116.4472349399526
sigmaR: 63.477476324494596
widthL: 116.4472349399526
widthR: 63.477476324494596
x0: 2858.7848786554755
