alphaL: 1.1483737502823395
alphaR: 2.1079829993389576
event_sum: 7.7717626394702615
fraction: 0.9991424330360044
mean: 2846.510517930162
nL: 10.0
nR: 3.16755072371634
norm: 7.770691528997728
sigma: 127.62957672657657
sigmaL: 109.52013442125423
sigmaR: 63.827648767025124
widthL: 109.52013442125423
widthR: 63.827648767025124
x0: 2846.510517930162
