alphaL: 1.3715707244571667
alphaR: 2.010750078701337
event_sum: 8.5813761657658
mean: 2849.6569250248212
nL: 4.500102403340018
nR: 3.443214610972118
norm: 8.5813761657658
sigma: 127.85737069518872
sigmaL: 118.04669230809813
sigmaR: 62.17223808065814
widthL: 118.04669230809813
widthR: 62.17223808065814
x0: 2849.6569250248212
