alphaL: 1.3253630867924329
alphaR: 1.9100410756284005
event_sum: 5.865881426393222
mean: 2849.662043120151
nL: 4.492815442915765
nR: 3.499338714432254
norm: 5.865881426393222
sigma: 127.85737069518872
sigmaL: 112.47343549276488
sigmaR: 66.06369189081629
widthL: 112.47343549276488
widthR: 66.06369189081629
x0: 2849.662043120151
