alphaL: 0.8706769606581568
alphaR: 2.076312379060048
event_sum: 5.352207024049599
mean: 2842.312814485559
nL: 22.036622791691247
nR: 2.944309680287727
norm_2016: 1.5518969586649896
norm_2017: 1.791559559889855
norm_2018: 2.43145706547562
norm_Run2: 5.774913584030464
sigma: 128.44925671335076
sigmaL: 90.4578270712316
sigmaR: 69.7718934420345
widthL: 90.4578270712316
widthR: 69.7718934420345
x0: 2842.312814485559
