alphaL: 0.8294290224956581
alphaR: 2.2904553548704154
event_sum: 7.739037132476364
mean: 2842.3917187067086
nL: 50.81463896511895
nR: 2.410792778835957
norm_2016: 7.739037132476364
norm_2017: 7.739037132476364
norm_2018: 7.739037132476364
norm_Run2: 7.739037132476364
sigma: 128.44925671335076
sigmaL: 93.58051097294361
sigmaR: 66.44231151025187
widthL: 93.58051097294361
widthR: 66.44231151025187
x0: 2842.3917187067086
