alphaL: 0.9236183369696321
alphaR: 1.1675115795597564
event_sum: 3.1909710151437527
mean: 2787.266142662636
nL: 0.10366879637692458
nR: 6.085883228894484
norm_2016: 3.1909710151437527
norm_2017: 3.1909710151437527
norm_2018: 3.1909710151437527
norm_Run2: 3.1909710151437527
sigma: 285.0
sigmaL: 210.95726897881275
sigmaR: 131.8335204630627
widthL: 210.95726897881275
widthR: 131.8335204630627
x0: 2787.266142662636
