alphaL: 0.9516871141353889
alphaR: 1.3024717906961478
event_sum: 4.75457327467949
mean: 2800.7323597660998
nL: 0.7080725706127978
nR: 5.498896451566806
norm_2016: 1.2142227695794354
norm_2017: 1.42866218375012
norm_2018: 2.1642551207642247
norm_Run2: 4.75457327467949
sigma: 159.6
sigmaL: 153.57654739869105
sigmaR: 117.54678037564159
widthL: 153.57654739869105
widthR: 117.54678037564159
x0: 2800.7323597660998
