alphaL: 0.7676592388747965
alphaR: 1.7915907729287326
event_sum: 24.67573366618645
mean: 2844.304982091747
nL: 19.19943863126513
nR: 2.6141436245162137
norm_2016: 6.878293387526424
norm_2017: 7.621484619895193
norm_2018: 10.826913399807577
norm_Run2: 25.326691407229195
sigma: 194.92144016045756
sigmaL: 86.31810132108217
sigmaR: 73.70019311682155
widthL: 86.31810132108217
widthR: 73.70019311682155
x0: 2844.304982091747
