alphaL: 0.7999727266119481
alphaR: 1.4655742252786867
event_sum: 8.381398188661413
mean: 2798.5993624489984
nL: 1.7010008722760563
nR: 3.834918147443997
norm_2016: 8.381398188661413
norm_2017: 8.381398188661413
norm_2018: 8.381398188661413
norm_Run2: 8.381398188661413
sigma: 159.6
sigmaL: 150.76931450897644
sigmaR: 122.44277611739989
widthL: 150.76931450897644
widthR: 122.44277611739989
x0: 2798.5993624489984
