alphaL: 1.126214806777958
alphaR: 1.0866655991623242
event_sum: 5.450470047284925
mean: 2803.804110900009
nL: 0.2376745970311211
nR: 6.1176379687437015
norm_2016: 1.1374675000128693
norm_2017: 1.747179430448552
norm_2018: 2.635785874496843
norm_Run2: 5.450470047284925
sigma: 285.0
sigmaL: 313.02087140913295
sigmaR: 120.72432456844793
widthL: 313.02087140913295
widthR: 120.72432456844793
x0: 2803.804110900009
