alphaL: 0.8199337636108759
alphaR: 1.4815720320626522
event_sum: 8.381398188661413
mean: 2802.164114866889
nL: 1.6925311215037788
nR: 3.6138143683456416
norm_2016: 1.9112460200734707
norm_2017: 2.6239919857218292
norm_2018: 3.9384163956087344
norm_Run2: 8.381398188661413
sigma: 159.6
sigmaL: 159.63010060212312
sigmaR: 121.19916804352653
widthL: 159.63010060212312
widthR: 121.19916804352653
x0: 2802.164114866889
