alphaL: 1.0560961462217533
alphaR: 1.157705789769319
event_sum: 5.450470047284925
mean: 2794.332099604316
nL: 0.3034357081245768
nR: 6.147933988610537
norm_2016: 5.450470047284925
norm_2017: 5.450470047284925
norm_2018: 5.450470047284925
norm_Run2: 5.450470047284925
sigma: 285.0
sigmaL: 294.7072387491447
sigmaR: 129.57850100830052
widthL: 294.7072387491447
widthR: 129.57850100830052
x0: 2794.332099604316
