alphaL: 0.6953260037173098
alphaR: 2.10667290462614
event_sum: 47.56158798030031
mean: 2844.122042367672
nL: 102.32056203763975
nR: 1.7153199696023702
norm_2016: 47.56158798030031
norm_2017: 47.56158798030031
norm_2018: 47.56158798030031
norm_Run2: 47.56158798030031
sigma: 194.92144016045756
sigmaL: 83.57411056286522
sigmaR: 68.47445910481524
widthL: 83.57411056286522
widthR: 68.47445910481524
x0: 2844.122042367672
