alphaL: 1.9541963457589118
alphaR: 2.07960049778116
event_sum: 0.40660092363493155
mean: 827.1905880187404
nL: 2.893896507212807
nR: 3.93248456108923
norm: 0.40660092363493155
sigma: 85.0
sigmaL: 75.38453531446568
sigmaR: 75.24631051426722
widthL: 75.38453531446568
widthR: 75.24631051426722
x0: 827.1905880187404
