alphaL: 1.4435229812366186
alphaR: 1.7880939957745197
event_sum: 0.8866683921618129
mean: 832.9113739190367
nL: 4.312859597819746
nR: 2.4536700159299536
norm: 0.8866683921618129
sigma: 85.0
sigmaL: 69.17070416824183
sigmaR: 65.69668143195936
widthL: 69.17070416824183
widthR: 65.69668143195936
x0: 832.9113739190367
