alphaL: 1.1294293148869639
alphaR: 1.5101853176866225
event_sum: 0.8885744791506873
mean: 841.6938682480763
nL: 2.994886495721546
nR: 3.1217182413364175
norm: 0.8885744791506873
sigma: 85.0
sigmaL: 70.2485940901372
sigmaR: 56.09235420004382
widthL: 70.2485940901372
widthR: 56.09235420004382
x0: 841.6938682480763
