alphaL: 0.7856178149408843
alphaR: 1.453324134372934
event_sum: 4.079403502642643
fraction: 0.9894466204854349
mean: 834.3559858556288
nL: 7.249474433570812
nR: 3.5459894901701916
norm: 4.041540607095559
sigma: 85.0
sigmaL: 56.71846500305227
sigmaR: 58.11801357572906
widthL: 56.71846500305227
widthR: 58.11801357572906
x0: 834.3559858556288
