alphaL: 1.1653586337827702
alphaR: 1.3740237459686044
event_sum: 0.40530583681303434
mean: 848.8970441428953
nL: 1.918955109589558
nR: 2.331579575837061
norm: 0.40530583681303434
sigma: 85.0
sigmaL: 74.955897256602
sigmaR: 46.76516216706601
widthL: 74.955897256602
widthR: 46.76516216706601
x0: 848.8970441428953
