alphaL: 0.7926888568418307
alphaR: 1.5250032898415555
event_sum: 8.90192679858602
fraction: 0.9925861120733385
mean: 836.0245346722712
nL: 9.242212207933916
nR: 4.0158407992463205
norm: 8.847572759434438
sigma: 85.0
sigmaL: 61.6975652521109
sigmaR: 60.853552247800714
widthL: 61.6975652521109
widthR: 60.853552247800714
x0: 836.0245346722712
