alphaL: 0.8290077162908451
alphaR: 1.549459146809455
event_sum: 32.940412556228694
fraction: 0.9842309314461098
mean: 989.9129501526371
nL: 4.3075525912070605
nR: 4.420577630478488
norm: 8.696522889018524
sigma: 56.0
sigmaL: 55.37108798449033
sigmaR: 53.184655181642874
widthL: 55.37108798449033
widthR: 53.184655181642874
x0: 989.9129501526371
