alphaL: 0.9922106177546279
alphaR: 1.4155071963628847
event_sum: 0.46609923589858226
mean: 993.3545639336471
nL: 4.081850501014233
nR: 3.6590093502288896
norm: 0.46609923589858226
sigma: 56.0
sigmaL: 66.91177110704497
sigmaR: 43.87511242751638
widthL: 66.91177110704497
widthR: 43.87511242751638
x0: 993.3545639336471
