alphaL: 1.0397712357545312
alphaR: 1.6057168701802151
event_sum: 0.426057969671092
mean: 991.9906652944384
nL: 1.8725970733343715
nR: 2.0177151495301566
norm: 0.426057969671092
sigma: 51.670600709570465
sigmaL: 68.27877835533265
sigmaR: 46.873121338447184
widthL: 68.27877835533265
widthR: 46.873121338447184
x0: 991.9906652944384
