alphaL: 0.8947965662868798
alphaR: 1.5450892638167792
event_sum: 4.727357518917415
fraction: 0.9871906134431314
mean: 989.4722869166972
nL: 14.671995112782083
nR: 3.5534943407582182
norm: 4.667735962255392
sigma: 56.0
sigmaL: 64.88700860883266
sigmaR: 48.27961905779696
widthL: 64.88700860883266
widthR: 48.27961905779696
x0: 989.4722869166972
