alphaL: 0.9705868919345023
alphaR: 1.3742925808634383
event_sum: 0.8656942539382726
mean: 997.1756368482537
nL: 3.0257744530894297
nR: 3.620133976513057
norm: 0.8656942539382726
sigma: 56.0
sigmaL: 62.82249767738219
sigmaR: 45.4028033688828
widthL: 62.82249767738219
widthR: 45.4028033688828
x0: 997.1756368482537
