alphaL: 0.9714575865415598
alphaR: 1.3767817951441261
event_sum: 0.8656942539382726
mean: 997.1318319122137
nL: 3.0399041940191642
nR: 3.6301133499692915
norm: 0.8656942539382726
sigma: 56.0
sigmaL: 62.896830511419466
sigmaR: 45.50200239729005
widthL: 62.896830511419466
widthR: 45.50200239729005
x0: 997.1318319122137
