alphaL: 1.0109382841135335
alphaR: 1.4351546528146049
event_sum: 8.873003212793265
fraction: 0.9824631675703376
mean: 992.0155321970403
nL: 3.0175417081272986
nR: 4.279329577499439
norm: 8.696522889018524
sigma: 56.0
sigmaL: 62.79307902908949
sigmaR: 49.41991235052785
widthL: 62.79307902908949
widthR: 49.41991235052785
x0: 992.0155321970403
