alphaL: 0.9898941129344129
alphaR: 1.4140023385712337
event_sum: 0.46609923589858226
mean: 993.3638605754592
nL: 4.076012360022411
nR: 3.6320154764331396
norm: 0.46609923589858226
sigma: 56.0
sigmaL: 66.90832909650463
sigmaR: 43.96981151624644
widthL: 66.90832909650463
widthR: 43.96981151624644
x0: 993.3638605754592
