alphaL: 1.0595373081486443
alphaR: 1.4166070789932772
event_sum: 8.873003212793265
fraction: 0.9918288286333904
mean: 994.135940251775
nL: 2.642646113865873
nR: 3.8619846032179086
norm: 8.801162847143132
sigma: 56.0
sigmaL: 65.50929861778395
sigmaR: 47.69159445211957
widthL: 65.50929861778395
widthR: 47.69159445211957
x0: 994.135940251775
