alphaL: 1.0828631531359352
alphaR: 1.5316473909317325
event_sum: 4.727357518917415
fraction: 0.994298899046341
mean: 991.5570029544119
nL: 4.986084227412492
nR: 3.76502340307557
norm: 4.699674884555861
sigma: 56.0
sigmaL: 69.3782437802598
sigmaR: 47.40876725730974
widthL: 69.3782437802598
widthR: 47.40876725730974
x0: 991.5570029544119
