alphaL: 1.1776459947540183
alphaR: 1.4245582188018189
event_sum: 18.000556809070986
fraction: 0.9854225405109849
mean: 995.9443892306069
nL: 3.7888324832887412
nR: 3.9731370898944016
norm: 4.667735962255392
sigma: 56.0
sigmaL: 72.94451995826557
sigmaR: 45.4727640361083
widthL: 72.94451995826557
widthR: 45.4727640361083
x0: 995.9443892306069
