alphaL: 1.0547035645036065
alphaR: 1.6498246346513923
event_sum: 0.4551207190597779
mean: 992.9830760710381
nL: 2.342525114548826
nR: 1.9205522850634633
norm: 0.4551207190597779
sigma: 56.0
sigmaL: 69.44074581721154
sigmaR: 47.143474230471696
widthL: 69.44074581721154
widthR: 47.143474230471696
x0: 992.9830760710381
