alphaL: 1.1318656336706368
alphaR: 1.5128576334217743
event_sum: 4.755200167244766
mean: 990.9171590125774
nL: 4.256560826917563
nR: 3.903450815272092
norm: 4.755200167244766
sigma: 56.0
sigmaL: 69.60739223975342
sigmaR: 47.60067225605058
widthL: 69.60739223975342
widthR: 47.60067225605058
x0: 990.9171590125774
