alphaL: 1.1198081747058068
alphaR: 1.6090671313242424
event_sum: 0.8381061544569093
mean: 994.4481821514245
nL: 2.24406591934388
nR: 2.107648000977613
norm: 0.8381061544569093
sigma: 56.0
sigmaL: 68.28890817247893
sigmaR: 48.61007138441696
widthL: 68.28890817247893
widthR: 48.61007138441696
x0: 994.4481821514245
