alphaL: 0.9212160315444642
alphaR: 1.5405678822925222
event_sum: 0.7806084775365889
mean: 996.0894389547286
nL: 1.8138464451544491
nR: 1.9346919601484764
norm: 0.7806084775365889
sigma: 51.670600709570465
sigmaL: 60.21108505777349
sigmaR: 47.2909703055647
widthL: 60.21108505777349
widthR: 47.2909703055647
x0: 996.0894389547286
