alphaL: 1.0508377136478166
alphaR: 1.436747406745211
event_sum: 8.911286854243372
mean: 993.4971865445574
nL: 2.623280725083441
nR: 3.8728638411172014
norm: 8.911286854243372
sigma: 56.0
sigmaL: 64.70735102939634
sigmaR: 48.108294818210844
widthL: 64.70735102939634
widthR: 48.108294818210844
x0: 993.4971865445574
