alphaL: 0.8739679469185413
alphaR: 1.254313690509675
event_sum: 5.175690998451685
mean: 2751.0068535203627
nL: 0.8285514009479265
nR: 6.158153738776724
norm_2016: 1.3392844354930002
norm_2017: 1.547929892367768
norm_2018: 2.3455800432496092
norm_Run2: 5.175690998451685
sigma: 156.8
sigmaL: 138.0078514775626
sigmaR: 114.72661571985745
widthL: 138.0078514775626
widthR: 114.72661571985745
x0: 2751.0068535203627
