alphaL: 0.7751304257247045
alphaR: 1.77338496525849
event_sum: 24.994856771404354
mean: 2795.6777929767363
nL: 21.668742645790434
nR: 2.688759303727009
norm_2016: 6.967548022939579
norm_2017: 7.703428082510032
norm_2018: 10.980004712048164
norm_Run2: 24.994856771404354
sigma: 187.5168720104662
sigmaL: 86.77082815828058
sigmaR: 72.1221448255716
widthL: 86.77082815828058
widthR: 72.1221448255716
x0: 2795.6777929767363
