alphaL: 0.9701112155439251
alphaR: 1.06712647004761
event_sum: 3.4430102612269824
mean: 2750.026922559907
nL: 0.10081759008327788
nR: 6.1921188555756475
norm_2016: 0.8046118161162283
norm_2017: 1.0731235548165898
norm_2018: 1.5910764150149521
norm_Run2: 3.4430102612269824
sigma: 280.0
sigmaL: 234.48515224857601
sigmaR: 118.89883780794901
widthL: 234.48515224857601
widthR: 118.89883780794901
x0: 2750.026922559907
