alphaL: 0.4953969707434444
alphaR: 1.337006537228329
event_sum: 0.4987616491352003
mean: 1830.8075482009758
nL: 1.0083038543022247
nR: 3.527154781151145
norm: 0.4987616491352003
sigma: 185.0
sigmaL: 141.00685797595403
sigmaR: 86.40087600408444
widthL: 141.00685797595403
widthR: 86.40087600408444
x0: 1830.8075482009758
