alphaL: 0.9140794984464603
alphaR: 0.8623340070988645
event_sum: 0.4667550560880364
mean: 1863.4257917479274
nL: 0.9970595173187802
nR: 2.3560732607299335
norm: 0.4667550560880364
sigma: 185.0
sigmaL: 200.62194285258434
sigmaR: 44.69157263895886
widthL: 200.62194285258434
widthR: 44.69157263895886
x0: 1863.4257917479274
