alphaL: 0.9521078019949986
alphaR: 1.399229356717687
event_sum: 0.44013443832824406
mean: 1826.9068623336088
nL: 0.4285065741611812
nR: 3.1319256131095297
norm: 0.44013443832824406
sigma: 185.0
sigmaL: 180.91141137289912
sigmaR: 89.79857292421784
widthL: 180.91141137289912
widthR: 89.79857292421784
x0: 1826.9068623336088
