alphaL: 1.072639481440847
alphaR: 1.6381345152627407
event_sum: 0.4327391140840459
mean: 1803.0034425659517
nL: 0.5585569300708854
nR: 2.2048448853689595
norm: 0.4327391140840459
sigma: 185.0
sigmaL: 161.3988596039682
sigmaR: 109.94893793418028
widthL: 161.3988596039682
widthR: 109.94893793418028
x0: 1803.0034425659517
