alphaL: 0.8510037318110195
alphaR: 1.268390401447134
event_sum: 5.093581351405846
fraction: 0.8571615308139158
mean: 1816.3500039331784
nL: 1.3201412826084349
nR: 4.181403848276411
norm: 3.960587416520342
sigma: 185.0
sigmaL: 157.01048456203551
sigmaR: 94.93309339785681
widthL: 157.01048456203551
widthR: 94.93309339785681
x0: 1816.3500039331784
