alphaL: 0.7922410749281088
alphaR: 2.165503322319213
event_sum: 38.21468224514663
fraction: 0.9877358055855034
mean: 1847.6610985203483
nL: 64.54116429354963
nR: 1.874447435412063
norm: 9.647552075866562
sigma: 98.518368440983
sigmaL: 62.37430189229694
sigmaR: 48.46842285023998
widthL: 62.37430189229694
widthR: 48.46842285023998
x0: 1847.6610985203483
