alphaL: 0.7447755266287885
alphaR: 1.524792490249363
event_sum: 6.010450511603204
fraction: 0.7968141540193608
mean: 1815.6045595787543
nL: 0.9635846248414286
nR: 4.422980080788558
norm: 3.9624751852989184
sigma: 185.0
sigmaL: 165.18081346955262
sigmaR: 103.80231048378909
widthL: 165.18081346955262
widthR: 103.80231048378909
x0: 1815.6045595787543
