alphaL: 0.9371381774420824
alphaR: 1.4231055129978005
event_sum: 0.9356100595631336
mean: 1877.1648625533658
nL: 2.40633191986859
nR: 3.275147431550815
norm: 0.9356100595631336
sigma: 106.39999999999999
sigmaL: 114.64496215087568
sigmaR: 77.76719932054051
widthL: 114.64496215087568
widthR: 77.76719932054051
x0: 1877.1648625533658
