alphaL: 1.0577862588635674
alphaR: 1.270681255824143
event_sum: 0.8977101243087325
mean: 1890.4455143498628
nL: 2.7271909720975165
nR: 2.284884914674567
norm: 0.8977101243087325
sigma: 106.39999999999999
sigmaL: 134.5302772705911
sigmaR: 66.76451913209837
widthL: 134.5302772705911
widthR: 66.76451913209837
x0: 1890.4455143498628
