alphaL: 1.0647932967564127
alphaR: 1.5105705168246362
event_sum: 0.7508109076835819
mean: 1870.9548444341235
nL: 1.435490763138023
nR: 3.6232592515394626
norm: 0.7508109076835819
sigma: 106.39999999999999
sigmaL: 127.67117861646611
sigmaR: 88.95388709144318
widthL: 127.67117861646611
widthR: 88.95388709144318
x0: 1870.9548444341235
