alphaL: 1.1181300252775008
alphaR: 1.305262127030209
event_sum: 11.181931594610194
fraction: 0.9196954936789602
mean: 1880.2401470111254
nL: 1.5535088511107769
nR: 3.9629458509285125
norm: 9.634724173379533
sigma: 106.39999999999999
sigmaL: 121.25695909217761
sigmaR: 73.77790419375401
widthL: 121.25695909217761
widthR: 73.77790419375401
x0: 1880.2401470111254
