alphaL: 1.2298536855859772
alphaR: 1.4273016800176648
event_sum: 10.543702206893665
fraction: 0.8796916218848762
mean: 1879.805348793205
nL: 0.8443106697248213
nR: 4.294428790929771
norm: 7.800398513593473
sigma: 106.39999999999999
sigmaL: 138.40527634406388
sigmaR: 83.99648175281045
widthL: 138.40527634406388
widthR: 83.99648175281045
x0: 1879.805348793205
