alphaL: 0.8832701077602664
alphaR: 2.47710770502787
event_sum: 0.7150491477909501
mean: 1857.997212942458
nL: 3.1185072692443137
nR: 2.034903820410826
norm: 0.7150491477909501
sigma: 106.39999999999999
sigmaL: 122.01244803042025
sigmaR: 110.34957646538803
widthL: 122.01244803042025
widthR: 110.34957646538803
x0: 1857.997212942458
