alphaL: 1.4575064771085597
alphaR: 2.5456353428841343
event_sum: 68.8395189838484
fraction: 0.9999557225608755
mean: 700.4748747135067
nL: 8.341954250992979
nR: 4.490208092445965
norm: 68.83385457843542
sigma: 33.15696719755993
sigmaL: 33.32941615796747
sigmaR: 27.39238526633774
widthL: 33.32941615796747
widthR: 27.39238526633774
x0: 700.4748747135067
