alphaL: 1.672512248033433
alphaR: 2.784694219407868
event_sum: 68.93016080372036
mean: 700.5567929821913
nL: 2.9624764624347395
nR: 2.1758763391095046
norm: 68.93016080372036
sigma: 33.25200570140686
sigmaL: 33.33162376084344
sigmaR: 27.366612457783162
widthL: 33.33162376084344
widthR: 27.366612457783162
x0: 700.5567929821913
