alphaL: 2.471552898706453
alphaR: 2.9548957212672655
event_sum: 20.068988378159702
fraction: 0.9999716190428845
mean: 699.4296729730131
nL: 7.869776589471789
nR: 3.403610320276299
norm: 20.068988378159702
sigma: 33.15696719755993
sigmaL: 38.25521665526001
sigmaR: 26.31281180502422
widthL: 38.25521665526001
widthR: 26.31281180502422
x0: 699.4296729730131
