alphaL: 0.8585377247117801
alphaR: 3.597824883525015
event_sum: 20.018012020736933
mean: 698.0682952632326
nL: 3.7201260133175156
nR: 4.101497590764052
norm: 20.018012020736933
sigma: 33.25200570140686
sigmaL: 34.549871005394756
sigmaR: 26.98586073008812
widthL: 34.549871005394756
widthR: 26.98586073008812
x0: 698.0682952632326
