alphaL: 0.8515813529156661
alphaR: 3.213852571434832
event_sum: 20.068988378159702
mean: 698.9173124474488
nL: 4.48858574705646
nR: 4.49990439280284
norm: 20.068988378159702
sigma: 33.15696719755993
sigmaL: 36.23643706138374
sigmaR: 26.638320177187286
widthL: 36.23643706138374
widthR: 26.638320177187286
x0: 698.9173124474488
