alphaL: 3.0395832266167884
alphaR: 3.269624019321505
event_sum: 23.20140838623047
mean: 699.6309738651927
nL: 3.260014467468761
nR: 3.100867413809178
norm: 23.20140838623047
sigma: 33.25200570140686
sigmaL: 40.547217134222365
sigmaR: 26.280105911065494
widthL: 40.547217134222365
widthR: 26.280105911065494
x0: 699.6309738651927
