alphaL: 1.6004452482367517
alphaR: 4.074523018784447
event_sum: 20.018012020736933
mean: 698.2823000447258
nL: 3.2309549137714213
nR: 2.6748595792208283
norm: 20.018012020736933
sigma: 33.25200570140686
sigmaL: 36.96297389840559
sigmaR: 27.03857954905191
widthL: 36.96297389840559
widthR: 27.03857954905191
x0: 698.2823000447258
