alphaL: 0.5721385540286198
alphaR: 1.000631613254058
event_sum: 1.3483022583532147
mean: 873.9044682753761
nL: 3.93529360544027
nR: 0.20042910492878804
norm: 1.3483022583532147
sigma: 46.681442075630585
sigmaL: 13.647836518330335
sigmaR: 232.3235718712293
widthL: 13.647836518330335
widthR: 232.3235718712293
x0: 873.9044682753761
