alphaL: 1.017689598906408
alphaR: 1.397719303989583
event_sum: 7.98996393015841
mean: 693.9413510365612
nL: 2.0
nR: 2.974274408921237
norm: 7.98996393015841
sigma: 73.37475436867282
sigmaL: 58.984142410949126
sigmaR: 45.113666903759935
widthL: 58.984142410949126
widthR: 45.113666903759935
x0: 693.9413510365612
