alphaL: 4.12728936312681
alphaR: 1.9685644754836595
event_sum: 0.43961758260411443
mean: 707.4422557981205
nL: 2.264718570343356
nR: 4.156431316752049
norm: 0.43961758260411443
sigma: 34.33294837607327
sigmaL: 39.82740740908896
sigmaR: 19.807080035573822
widthL: 39.82740740908896
widthR: 19.807080035573822
x0: 707.4422557981205
