alphaL: 2.437049544428232
alphaR: 1.1524930133565183
event_sum: 0.7307237167842686
mean: 912.6403233106935
nL: 3.932831369277112
nR: 0.20028459764364034
norm: 0.7307237167842686
sigma: 46.681442075630585
sigmaL: 59.438646153488214
sigmaR: 16.002130578098793
widthL: 59.438646153488214
widthR: 16.002130578098793
x0: 912.6403233106935
