alphaL: 2.3258048972527856
alphaR: 2.321149072369893
event_sum: 1.1317177871242166
mean: 705.9013259911106
nL: 3.7465381016313604
nR: 1.8467479425163331
norm: 1.1317177871242166
sigma: 34.33294837607327
sigmaL: 35.150080816432165
sigmaR: 24.346643316193493
widthL: 35.150080816432165
widthR: 24.346643316193493
x0: 705.9013259911106
