alphaL: 2.5997665068208495
alphaR: 2.1154586975070484
event_sum: 11.324489187973086
fraction: 0.9998097034688218
mean: 705.038004708022
nL: 7.507206273323181
nR: 4.160774820928523
norm: 11.323159632447641
sigma: 34.20639870754314
sigmaL: 34.25092124892997
sigmaR: 24.859085313909283
widthL: 34.25092124892997
widthR: 24.859085313909283
x0: 705.038004708022
