alphaL: 1.3364212759622944
alphaR: 2.3598963141217184
event_sum: 0.43961758260411443
mean: 705.3783227908878
nL: 2.6666832184631146
nR: 2.010838642638685
norm: 0.43961758260411443
sigma: 34.33294837607327
sigmaL: 41.32448446018258
sigmaR: 20.920046341882735
widthL: 41.32448446018258
widthR: 20.920046341882735
x0: 705.3783227908878
