alphaL: 1.0034016570803113
alphaR: 1.164134904185329
event_sum: 3.160353483981453
mean: 695.0139550842039
nL: 2.0
nR: 3.6565492682564296
norm: 3.160353483981453
sigma: 73.37475436867282
sigmaL: 80.49853905541887
sigmaR: 41.29960342233687
widthL: 80.49853905541887
widthR: 41.29960342233687
x0: 695.0139550842039
