alphaL: 2.4214369799640396
alphaR: 1.9473791407069752
event_sum: 1.1319836982584093
mean: 707.7631866464118
nL: 2.95619876653782
nR: 3.836052815127194
norm: 1.1319836982584093
sigma: 34.33294837607327
sigmaL: 36.34814075980988
sigmaR: 23.07640075048799
widthL: 36.34814075980988
widthR: 23.07640075048799
x0: 707.7631866464118
