alphaL: 3.22077956036094
alphaR: 2.5653090706125274
event_sum: 76.28256023861468
mean: 702.6660632015768
nL: 1.5694199937649391
nR: 2.995234912031809
norm: 76.28256023861468
sigma: 33.25200570140686
sigmaL: 37.53363958742545
sigmaR: 26.42006174749247
widthL: 37.53363958742545
widthR: 26.42006174749247
x0: 702.6660632015768
