alphaL: 1.255816505985265
alphaR: 2.5228434850203945
event_sum: 68.8395189838484
mean: 700.4563906594022
nL: 4.491283495636778
nR: 4.455234238010217
norm: 68.8395189838484
sigma: 33.15696719755993
sigmaL: 33.20298210200502
sigmaR: 27.431736965284102
widthL: 33.20298210200502
widthR: 27.431736965284102
x0: 700.4563906594022
