alphaL: 4.042969323660585
alphaR: 1.968440532340437
event_sum: 0.43961758260411443
mean: 707.4160137891193
nL: 2.468620680710568
nR: 4.146619178335251
norm: 0.43961758260411443
sigma: 34.33294837607327
sigmaL: 42.253836191706675
sigmaR: 20.10423450048341
widthL: 42.253836191706675
widthR: 20.10423450048341
x0: 707.4160137891193
