alphaL: 0.9443899034740171
alphaR: 3.3990678199264033
event_sum: 20.018012020736933
mean: 698.411043375765
nL: 3.625169303813932
nR: 4.202933139107762
norm: 20.018012020736933
sigma: 33.25200570140686
sigmaL: 36.45778633655764
sigmaR: 26.815578358324686
widthL: 36.45778633655764
widthR: 26.815578358324686
x0: 698.411043375765
