alphaL: 1.7447693111326275
alphaR: 2.5109611071730646
event_sum: 68.95281842909753
mean: 700.3695807458815
nL: 3.316468016743483
nR: 4.355570284258528
norm: 68.95281842909753
sigma: 33.25200570140686
sigmaL: 33.07630872666955
sigmaR: 27.432191150727743
widthL: 33.07630872666955
widthR: 27.432191150727743
x0: 700.3695807458815
