alphaL: 2.41929660166504
alphaR: 1.94802823132976
event_sum: 1.1319836982584093
mean: 707.7423759060317
nL: 2.9618153128781812
nR: 3.836782471826669
norm: 1.1319836982584093
sigma: 34.33294837607327
sigmaL: 36.3202030472874
sigmaR: 23.094542524835706
widthL: 36.3202030472874
widthR: 23.094542524835706
x0: 707.7423759060317
