alphaL: 2.7639427365621074
alphaR: 2.38623138543601
event_sum: 4.3968401226447895
fraction: 0.999943601170846
mean: 703.4516098380428
nL: 1.609647810700378
nR: 3.992714882829715
norm: 4.396175344882067
sigma: 34.20639870754314
sigmaL: 37.67517263677693
sigmaR: 22.23134155510063
widthL: 37.67517263677693
widthR: 22.23134155510063
x0: 703.4516098380428
