alphaL: 1.7419409664851675
alphaR: 2.510116402769225
event_sum: 68.95281842909753
mean: 700.396202846024
nL: 3.3199825579126854
nR: 4.3549143405736555
norm: 68.95281842909753
sigma: 33.25200570140686
sigmaL: 33.10973269282344
sigmaR: 27.424738828534693
widthL: 33.10973269282344
widthR: 27.424738828534693
x0: 700.396202846024
