alphaL: 0.4803347100427393
alphaR: 0.5030943617379722
event_sum: 4.326771174639239
fraction: 0.580785199916687
mean: 3379.482854910504
nL: 0.4
nR: 2.647819647897175
norm: 0.4345700529734985
sigma: 335.0
sigmaL: 374.315219890021
sigmaR: 64.30131629158521
widthL: 374.315219890021
widthR: 64.30131629158521
x0: 3379.482854910504
