alphaL: 0.7294904761868547
alphaR: 0.9629628742640746
event_sum: 0.05280731028712813
mean: 3441.2884485958625
nL: 0.13893612711771458
nR: 0.1
norm: 0.05280731028712813
sigma: 335.0
sigmaL: 352.7786064520169
sigmaR: 5.536378283633901
widthL: 352.7786064520169
widthR: 5.536378283633901
x0: 3441.2884485958625
