alphaL: 0.8277002406191744
alphaR: 0.6883611025495179
event_sum: 3.1533949249566278
fraction: 0.6706586116233817
mean: 3376.1581866567303
nL: 0.6121776042376155
nR: 3.5058667570324844
norm: 0.9072039746753433
sigma: 335.0
sigmaL: 430.8750447581243
sigmaR: 64.30880373742403
widthL: 430.8750447581243
widthR: 64.30880373742403
x0: 3376.1581866567303
