alphaL: 0.5978207631062127
alphaR: 0.9794412687735067
event_sum: 0.11771148729095122
mean: 3372.963045229551
nL: 0.9996375709098734
nR: 2.0731497040143774
norm: 0.11771148729095122
sigma: 335.0
sigmaL: 536.1580105619623
sigmaR: 82.19733241500768
widthL: 536.1580105619623
widthR: 82.19733241500768
x0: 3372.963045229551
