alphaL: 1.354990303013635
alphaR: 1.8513130145139545
event_sum: 0.10044735236339708
mean: 3326.0421694897755
nL: 0.1
nR: 0.5809364984921239
norm: 0.10044735236339708
sigma: 335.0
sigmaL: 457.98607067565126
sigmaR: 135.83211717023414
widthL: 457.98607067565126
widthR: 135.83211717023414
x0: 3326.0421694897755
