alphaL: 0.11170408398856906
alphaR: 0.398649254110336
event_sum: 0.06953171944264856
mean: 3389.313300214272
nL: 1.0057378755664874
nR: 2.1996762839365314
norm: 0.06953171944264856
sigma: 335.0
sigmaL: 1090.496907660448
sigmaR: 36.509541739361374
widthL: 1090.496907660448
widthR: 36.509541739361374
x0: 3389.313300214272
