alphaL: 0.10624128878022271
alphaR: 0.5948743072050638
event_sum: 0.12561731015170308
mean: 2989.5575035476395
nL: 1.0051355268516353
nR: 3.0628478646591795
norm: 0.12561731015170308
sigma: 295.0
sigmaL: 586.1636255421984
sigmaR: 52.769991855502376
widthL: 586.1636255421984
widthR: 52.769991855502376
x0: 2989.5575035476395
