alphaL: 0.9373563158997978
alphaR: 1.1430055189373114
event_sum: 0.09739505550405743
mean: 2964.5892635255022
nL: 0.1
nR: 2.0611414934453247
norm: 0.09739505550405743
sigma: 295.0
sigmaL: 270.94505780412635
sigmaR: 68.14737499763521
widthL: 270.94505780412635
widthR: 68.14737499763521
x0: 2964.5892635255022
