alphaL: 1.125430111419262
alphaR: 0.7569930939547086
event_sum: 0.1674482386302525
mean: 2971.238088012965
nL: 0.21774965609881647
nR: 2.4085910668203603
norm: 0.1674482386302525
sigma: 295.0
sigmaL: 355.78154079483147
sigmaR: 63.92493762373948
widthL: 355.78154079483147
widthR: 63.92493762373948
x0: 2971.238088012965
