alphaL: 0.5914132251492275
alphaR: 0.8568000691919118
event_sum: 0.19680259071307568
mean: 2968.3001459525112
nL: 1.0000928306262984
nR: 2.090801611141405
norm: 0.19680259071307568
sigma: 295.0
sigmaL: 431.7934742293082
sigmaR: 66.06627280130681
widthL: 431.7934742293082
widthR: 66.06627280130681
x0: 2968.3001459525112
