alphaL: 0.6647398509705581
alphaR: 0.8384865483274483
event_sum: 4.622270909904494
fraction: 0.6282879800231536
mean: 2963.8567271244624
nL: 0.40074381109580126
nR: 3.186103046117232
norm: 0.8283391597628293
sigma: 295.0
sigmaL: 291.4816471824661
sigmaR: 69.5252568507482
widthL: 291.4816471824661
widthR: 69.5252568507482
x0: 2963.8567271244624
