alphaL: 1.0171884732972545
alphaR: 0.7395833826643149
event_sum: 3.8069103684228636
fraction: 0.6814272436083357
mean: 2945.75418264426
nL: 0.4
nR: 4.06477066332738
norm: 1.5214274010848672
sigma: 295.0
sigmaL: 334.8553630458673
sigmaR: 75.84470977240605
widthL: 334.8553630458673
widthR: 75.84470977240605
x0: 2945.75418264426
