alphaL: 1.300961080313328
alphaR: 1.3700596796359341
event_sum: 1.0589910532871727
mean: 793.6355874320635
nL: 0.20071973178239227
nR: 2.1917159691093047
norm: 1.0589910532871727
sigma: 40.43079974257216
sigmaL: 68.0215542910064
sigmaR: 48.01496753153645
widthL: 68.0215542910064
widthR: 48.01496753153645
x0: 793.6355874320635
