alphaL: 1.5209568593658485
alphaR: 1.2717083877284796
event_sum: 1.154519709001761
mean: 801.0384796614327
nL: 1.0007448906046905
nR: 3.112759473800565
norm: 1.154519709001761
sigma: 80.0
sigmaL: 79.23106565645325
sigmaR: 42.660290855393555
widthL: 79.23106565645325
widthR: 42.660290855393555
x0: 801.0384796614327
