alphaL: 1.0509458041769102
alphaR: 1.3446234423804182
event_sum: 0.5303930153895635
mean: 790.1903631068469
nL: 4.416304456920374
nR: 3.1539310845311284
norm: 0.5303930153895635
sigma: 80.0
sigmaL: 70.42745384514392
sigmaR: 48.301843244230966
widthL: 70.42745384514392
widthR: 48.301843244230966
x0: 790.1903631068469
