alphaL: 0.6087276727412971
alphaR: 1.4547099376704622
event_sum: 0.532586782326689
mean: 781.9990696405204
nL: 4.3118402429477145
nR: 3.1121855373234206
norm: 0.532586782326689
sigma: 80.0
sigmaL: 44.6093991138179
sigmaR: 51.579763231075596
widthL: 44.6093991138179
widthR: 51.579763231075596
x0: 781.9990696405204
