alphaL: 1.0531180193389291
alphaR: 1.4639836079723898
event_sum: 11.566135567147285
fraction: 0.9921900156011944
mean: 785.6089280236138
nL: 3.1352764536227777
nR: 4.181285648611955
norm: 11.483370738103986
sigma: 80.0
sigmaL: 60.4780534599918
sigmaR: 54.59000054076844
widthL: 60.4780534599918
widthR: 54.59000054076844
x0: 785.6089280236138
