alphaL: 1.0370388830969564
alphaR: 1.344147418219702
event_sum: 0.5303930153895635
mean: 790.508966622467
nL: 4.498709031838747
nR: 3.1412345100982226
norm: 0.5303930153895635
sigma: 80.0
sigmaL: 70.63428513706727
sigmaR: 48.15555085595102
widthL: 70.63428513706727
widthR: 48.15555085595102
x0: 790.508966622467
