alphaL: 1.6530217041781874
alphaR: 1.2809401326835357
event_sum: 1.1566137592599262
mean: 800.5580506990124
nL: 3.3258753956599483
nR: 3.237963267020792
norm: 1.1566137592599262
sigma: 80.0
sigmaL: 79.8836289132912
sigmaR: 43.28907142126585
widthL: 79.8836289132912
widthR: 43.28907142126585
x0: 800.5580506990124
