alphaL: 1.5149086075879503
alphaR: 1.2717172731265627
event_sum: 1.154519709001761
mean: 801.0434049913034
nL: 1.000728463734524
nR: 3.1151878547386134
norm: 1.154519709001761
sigma: 80.0
sigmaL: 79.19063092272243
sigmaR: 42.659345785439584
widthL: 79.19063092272243
widthR: 42.659345785439584
x0: 801.0434049913034
