alphaL: 1.3657833707077092
alphaR: 1.6708727634442175
event_sum: 1.1522262253856752
mean: 786.2850499834879
nL: 0.7638228441562505
nR: 2.6505187129353844
norm: 1.1522262253856752
sigma: 80.0
sigmaL: 66.79600017795046
sigmaR: 55.14801501862546
widthL: 66.79600017795046
widthR: 55.14801501862546
x0: 786.2850499834879
