alphaL: 1.0712859292255994
alphaR: 1.732462947155231
event_sum: 0.52899698188412
mean: 776.5539407918222
nL: 1.4996961564687015
nR: 1.8615878845710887
norm: 0.52899698188412
sigma: 80.0
sigmaL: 57.603325364331496
sigmaR: 59.99739361175328
widthL: 57.603325364331496
widthR: 59.99739361175328
x0: 776.5539407918222
