alphaL: 2.3677181371056366
alphaR: 1.1360064804109968
event_sum: 5.325866890605539
fraction: 0.9881317464699608
mean: 794.7017508787179
nL: 2.7972177699878196
nR: 3.8646334660376844
norm: 5.269028393551707
sigma: 80.0
sigmaL: 78.97833677223836
sigmaR: 43.06665525830054
widthL: 78.97833677223836
widthR: 43.06665525830054
x0: 794.7017508787179
