alphaL: 0.9885808611325705
alphaR: 1.1262113302669978
event_sum: 0.48163152423512656
mean: 792.1509938428076
nL: 0.2000215552356283
nR: 1.5978125782690606
norm: 0.48163152423512656
sigma: 40.43079974257216
sigmaL: 66.046777066723
sigmaR: 41.80565396489316
widthL: 66.046777066723
widthR: 41.80565396489316
x0: 792.1509938428076
