alphaL: 0.8806077940942932
alphaR: 1.7605307408887392
event_sum: 0.1318353434074196
mean: 2795.3825259564187
nL: 1.0022571502831383
nR: 3.951278201952001
norm: 0.1318353434074196
sigma: 159.6
sigmaL: 176.4016844581655
sigmaR: 139.82857467878216
widthL: 176.4016844581655
widthR: 139.82857467878216
x0: 2795.3825259564187
