alphaL: 1.2267477437461756
alphaR: 2.14016959780302
event_sum: 0.19539087814964193
mean: 2790.721612087496
nL: 0.1
nR: 2.657537028725627
norm: 0.19539087814964193
sigma: 159.6
sigmaL: 211.45415290438328
sigmaR: 148.86795410000695
widthL: 211.45415290438328
widthR: 148.86795410000695
x0: 2790.721612087496
