alphaL: 1.254604273169282
alphaR: 1.7221455650663615
event_sum: 3.956071178523173
fraction: 0.7511099298953801
mean: 2810.480331622518
nL: 0.4
nR: 3.5550318090174655
norm: 1.2419481387218745
sigma: 159.6
sigmaL: 201.16903254590827
sigmaR: 124.83286963032636
widthL: 201.16903254590827
widthR: 124.83286963032636
x0: 2810.480331622518
