alphaL: 1.1527558708329915
alphaR: 1.5985447276387954
event_sum: 0.12457174539965657
mean: 2863.0677096309223
nL: 1.5193121344033023
nR: 1.551220975369983
norm: 0.12457174539965657
sigma: 159.6
sigmaL: 262.0411555600523
sigmaR: 98.46680476229795
widthL: 262.0411555600523
widthR: 98.46680476229795
x0: 2863.0677096309223
