alphaL: 0.9646121749529165
alphaR: 1.3716227997084314
event_sum: 0.20798634350848444
mean: 2815.1636065660086
nL: 1.0842395833626188
nR: 2.984768767930587
norm: 0.20798634350848444
sigma: 159.6
sigmaL: 181.35719074438876
sigmaR: 111.01364700456841
widthL: 181.35719074438876
widthR: 111.01364700456841
x0: 2815.1636065660086
