alphaL: 1.6579941732340526
alphaR: 1.3821421884313756
event_sum: 3.559173285258007
fraction: 0.7774757968511311
mean: 2815.174815813095
nL: 0.4
nR: 3.9288072526217217
norm: 1.9499118089728795
sigma: 159.6
sigmaL: 261.0324606819154
sigmaR: 122.75023135493244
widthL: 261.0324606819154
widthR: 122.75023135493244
x0: 2815.174815813095
