alphaL: 0.6827305351274817
alphaR: 2.3508501069161856
event_sum: 5.057366994654979
mean: 3134.7377003481743
nL: 4.671265447922795
nR: 2.5724111555937736
norm: 5.057366994654979
sigma: 142.74054126704158
sigmaL: 80.48138267424098
sigmaR: 73.71820418266219
widthL: 80.48138267424098
widthR: 73.71820418266219
x0: 3134.7377003481743
