alphaL: 1.3491320605863042
alphaR: 1.6627439336651677
event_sum: 3.366597485856444
mean: 3155.378430767378
nL: 4.475322872151565
nR: 4.308539661205989
norm: 3.366597485856444
sigma: 142.74054126704158
sigmaL: 127.96160315212235
sigmaR: 66.84132164228352
widthL: 127.96160315212235
widthR: 66.84132164228352
x0: 3155.378430767378
