alphaL: 1.2282359092593031
alphaR: 2.0736424460214073
event_sum: 4.681757295083886
fraction: 0.9991605124509088
mean: 3150.5566707197518
nL: 9.794756184883491
nR: 2.9884702371718137
norm: 4.680596627429303
sigma: 142.86278034056875
sigmaL: 128.3363858337587
sigmaR: 67.17794063462416
widthL: 128.3363858337587
widthR: 67.17794063462416
x0: 3150.5566707197518
