alphaL: 0.9485509109383817
alphaR: 1.8091834577608148
event_sum: 49.109572300659046
fraction: 0.9992599454855612
mean: 3148.028824465218
nL: 9.989581470678619
nR: 2.6586598730748667
norm: 48.96054972909747
sigma: 248.43745110060604
sigmaL: 107.81500885248855
sigmaR: 70.30484946540575
widthL: 107.81500885248855
widthR: 70.30484946540575
x0: 3148.028824465218
