alphaL: 1.1416745181155683
alphaR: 1.8803185619399096
event_sum: 3.0574782210915417
fraction: 0.999134464202953
mean: 3150.422703101335
nL: 9.458325411506406
nR: 3.090477927959387
norm: 3.0554076429643398
sigma: 142.86278034056875
sigmaL: 117.1964518264325
sigmaR: 68.62754879828077
widthL: 117.1964518264325
widthR: 68.62754879828077
x0: 3150.422703101335
