alphaL: 0.7001776740296676
alphaR: 1.9520144872119665
event_sum: 23.50924502443669
fraction: 0.9985692992089574
mean: 3134.126563675209
nL: 10.0
nR: 2.09061800924204
norm: 23.172239448002095
sigma: 248.43745110060604
sigmaL: 82.92198437939439
sigmaR: 83.66324989267227
widthL: 82.92198437939439
widthR: 83.66324989267227
x0: 3134.126563675209
