alphaL: 1.0443694369799807
alphaR: 1.797715737755514
event_sum: 2.433779406339859
mean: 3141.6183081247723
nL: 4.511371270847688
nR: 2.5456154231634804
norm: 2.433779406339859
sigma: 250.2968348376125
sigmaL: 105.27006360446508
sigmaR: 80.45334086232482
widthL: 105.27006360446508
widthR: 80.45334086232482
x0: 3141.6183081247723
