alphaL: 1.099665239728603
alphaR: 1.911218782764083
event_sum: 3.3482074409118106
mean: 3147.219950293266
nL: 4.482155160238045
nR: 2.9941940640153915
norm: 3.3482074409118106
sigma: 142.74054126704158
sigmaL: 110.99798170357924
sigmaR: 71.22338685350523
widthL: 110.99798170357924
widthR: 71.22338685350523
x0: 3147.219950293266
