alphaL: 1.4221196420685132
alphaR: 1.7121443797497589
event_sum: 5.121691190216482
mean: 3159.3695745015275
nL: 4.498158820032249
nR: 2.5010418156397853
norm: 5.121691190216482
sigma: 250.2968348376125
sigmaL: 136.71417586640857
sigmaR: 64.18096277072789
widthL: 136.71417586640857
widthR: 64.18096277072789
x0: 3159.3695745015275
