alphaL: 1.0041066607509181
alphaR: 1.7776604817066564
event_sum: 2.427197418895666
mean: 3142.884420874962
nL: 4.934310282068383
nR: 3.020084628873096
norm: 2.427197418895666
sigma: 250.2968348376125
sigmaL: 104.80166270094685
sigmaR: 79.70625689974933
widthL: 104.80166270094685
widthR: 79.70625689974933
x0: 3142.884420874962
