alphaL: 1.3750996324113698
alphaR: 2.1726487420079197
event_sum: 5.079491652587699
mean: 3150.8663021176
nL: 4.498767950721529
nR: 2.6693358691038624
norm: 5.079491652587699
sigma: 142.74054126704158
sigmaL: 131.73862075278106
sigmaR: 67.82114420090419
widthL: 131.73862075278106
widthR: 67.82114420090419
x0: 3150.8663021176
