alphaL: 1.2121236975759155
alphaR: 1.838212854921762
event_sum: 5.118155127871301
mean: 3152.42537599202
nL: 4.914438908460923
nR: 2.434967328979563
norm: 5.118155127871301
sigma: 250.2968348376125
sigmaL: 121.72664219204799
sigmaR: 68.46893144508385
widthL: 121.72664219204799
widthR: 68.46893144508385
x0: 3152.42537599202
