alphaL: 0.9161916471291931
alphaR: 2.005489791959013
event_sum: 3.0491080127639596
mean: 3142.3956035972774
nL: 16.438455752090313
nR: 3.0141841400001597
norm_2016: 0.9339024882206421
norm_2017: 0.9714695279723861
norm_2018: 1.4246306043977544
norm_Run2: 3.330002620590783
sigma: 141.0622473265777
sigmaL: 101.45682409171631
sigmaR: 74.2457793423616
widthL: 101.45682409171631
widthR: 74.2457793423616
x0: 3142.3956035972774
