alphaL: 0.8470997439576441
alphaR: 2.2476829802987144
event_sum: 4.6717575378489515
mean: 3141.5489641225086
nL: 39.31132170601365
nR: 2.815239178462731
norm_2016: 1.1984735581685593
norm_2017: 1.6140378725468874
norm_2018: 2.2280952120571462
norm_Run2: 5.040606642772594
sigma: 141.0622473265777
sigmaL: 103.40564896308815
sigmaR: 71.93154368016886
widthL: 103.40564896308815
widthR: 71.93154368016886
x0: 3141.5489641225086
