alphaL: 0.8470997439576441
alphaR: 2.2476829802987144
event_sum: 4.6717575378489515
mean: 3141.5489641225086
nL: 39.31132170601365
nR: 2.815239178462731
norm_2016: 4.6717575378489515
norm_2017: 4.6717575378489515
norm_2018: 4.6717575378489515
norm_Run2: 4.6717575378489515
sigma: 141.0622473265777
sigmaL: 103.40564896308815
sigmaR: 71.93154368016886
widthL: 103.40564896308815
widthR: 71.93154368016886
x0: 3141.5489641225086
