alphaL: 1.15056992842064
alphaR: 1.2051927466546588
event_sum: 2.656811222769693
mean: 3098.9499693447938
nL: 0.47501365692130515
nR: 7.076820960703631
norm_2016: 0.5914858607513656
norm_2017: 0.8867720627839153
norm_2018: 1.2155729977983318
norm_Run2: 2.6938309213336136
sigma: 176.4
sigmaL: 207.06452691747208
sigmaR: 124.60924732944501
widthL: 207.06452691747208
widthR: 124.60924732944501
x0: 3098.9499693447938
