alphaL: 0.7225278122621859
alphaR: 1.7211518528460263
event_sum: 22.992439337895973
mean: 3142.497157848604
nL: 18.16408014591115
nR: 2.820129983231841
norm_2016: 22.992439337895973
norm_2017: 22.992439337895973
norm_2018: 22.992439337895973
norm_Run2: 22.992439337895973
sigma: 254.2429313050415
sigmaL: 90.03543789528426
sigmaR: 78.79790465580561
widthL: 90.03543789528426
widthR: 78.79790465580561
x0: 3142.497157848604
