alphaL: 1.15056992842064
alphaR: 1.2051927466546588
event_sum: 2.656811222769693
mean: 3098.9499693447938
nL: 0.47501365692130515
nR: 7.076820960703631
norm_2016: 2.656811222769693
norm_2017: 2.656811222769693
norm_2018: 2.656811222769693
norm_Run2: 2.656811222769693
sigma: 176.4
sigmaL: 207.06452691747208
sigmaR: 124.60924732944501
widthL: 207.06452691747208
widthR: 124.60924732944501
x0: 3098.9499693447938
