alphaL: 0.7921729557597311
alphaR: 1.152510984599361
event_sum: 2.138819231697517
mean: 3092.029032441986
nL: 0.10012881762435714
nR: 6.589925462086872
norm_2016: 0.6080635445783207
norm_2017: 0.6565677036484043
norm_2018: 0.9016537010306198
norm_Run2: 2.166284949257345
sigma: 315.0
sigmaL: 248.5680322030826
sigmaR: 135.67841736587891
widthL: 248.5680322030826
widthR: 135.67841736587891
x0: 3092.029032441986
