alphaL: 0.8038308755142933
alphaR: 1.066000456017477
event_sum: 2.138819231697517
mean: 3101.560940908216
nL: 0.1000098075175003
nR: 7.38525404501115
norm_2016: 0.6080635445783207
norm_2017: 0.6565677036484043
norm_2018: 0.9016537010306198
norm_Run2: 2.138819231697517
sigma: 315.0
sigmaL: 268.4080615949841
sigmaR: 126.68822877548754
widthL: 268.4080615949841
widthR: 126.68822877548754
x0: 3101.560940908216
