alphaL: 0.6370090072924789
alphaR: 2.0979026732412067
event_sum: 48.744166223573
mean: 3141.3425500440453
nL: 118.64538937907001
nR: 1.7301944647458316
norm_2016: 48.744166223573
norm_2017: 48.744166223573
norm_2018: 48.744166223573
norm_Run2: 48.744166223573
sigma: 254.2429313050415
sigmaL: 84.78768470194026
sigmaR: 74.92172698025871
widthL: 84.78768470194026
widthR: 74.92172698025871
x0: 3141.3425500440453
