alphaL: 0.8920601313542162
alphaR: 1.279088368622514
event_sum: 3.6577486707660114
mean: 3079.074552763325
nL: 0.30178919488312256
nR: 5.857825220886545
norm_2016: 3.6577486707660114
norm_2017: 3.6577486707660114
norm_2018: 3.6577486707660114
norm_Run2: 3.6577486707660114
sigma: 315.0
sigmaL: 292.6617797922453
sigmaR: 145.6891282936192
widthL: 292.6617797922453
widthR: 145.6891282936192
x0: 3079.074552763325
