alphaL: 1.032297513716585
alphaR: 1.2332377171867277
event_sum: 3.6577486707660114
mean: 3100.5322493857266
nL: 0.20101129543010438
nR: 4.927410336974987
norm_2016: 0.9312003911393459
norm_2017: 1.23082025839379
norm_2018: 1.5340338349090779
norm_Run2: 3.6577486707660114
sigma: 315.0
sigmaL: 360.5980431841472
sigmaR: 130.96539142263717
widthL: 360.5980431841472
widthR: 130.96539142263717
x0: 3100.5322493857266
