alphaL: 0.7241678167835472
alphaR: 1.7927125320338084
event_sum: 5.615618720293923
mean: 3082.2527959520644
nL: 1.6531928152117954
nR: 2.6268782269202005
norm_2016: 1.1268256230228797
norm_2017: 1.7656934001525224
norm_2018: 2.7940194270687537
norm_Run2: 5.686538450244157
sigma: 176.4
sigmaL: 145.53257903669575
sigmaR: 139.79596451024156
widthL: 145.53257903669575
widthR: 139.79596451024156
x0: 3082.2527959520644
