alphaL: 0.8515991197138131
alphaR: 2.294051227396147
event_sum: 1.0567091615335045
mean: 1459.1596839532385
nL: 1.6882423191887024
nR: 2.676107062004359
norm: 1.0567091615335045
sigma: 84.00000000000001
sigmaL: 71.60803605667239
sigmaR: 89.61800860429757
widthL: 71.60803605667239
widthR: 89.61800860429757
x0: 1459.1596839532385
