alphaL: 0.8772982438298166
alphaR: 1.460348359768432
event_sum: 1.0168715417082943
mean: 1477.0464064015912
nL: 3.754150829394309
nR: 4.11215577698857
norm: 1.0168715417082943
sigma: 84.00000000000001
sigmaL: 85.6363697610833
sigmaR: 67.87807484524647
widthL: 85.6363697610833
widthR: 67.87807484524647
x0: 1477.0464064015912
