alphaL: 1.1404382531357409
alphaR: 1.3334560035752356
event_sum: 12.937535708222248
fraction: 0.922750834264928
mean: 1484.1045646232221
nL: 1.1675203956559805
nR: 4.147825804213983
norm: 11.408089085781667
sigma: 84.00000000000001
sigmaL: 96.72942716551495
sigmaR: 65.01084766907037
widthL: 96.72942716551495
widthR: 65.01084766907037
x0: 1484.1045646232221
