alphaL: 0.9002225901574048
alphaR: 1.2894136814100416
event_sum: 1.1016727998199134
mean: 1488.0684872014112
nL: 2.6685993015682183
nR: 3.676674142537523
norm: 1.1016727998199134
sigma: 84.00000000000001
sigmaL: 94.65294511774651
sigmaR: 61.63400060221676
widthL: 94.65294511774651
widthR: 61.63400060221676
x0: 1488.0684872014112
