alphaL: 0.9563726226892707
alphaR: 2.9982619225869156
event_sum: 0.9866615513813863
mean: 1458.0520073138157
nL: 2.0459431302682414
nR: 2.7475211627422516
norm: 0.9866615513813863
sigma: 84.00000000000001
sigmaL: 82.96162668923598
sigmaR: 97.66462573548596
widthL: 82.96162668923598
widthR: 97.66462573548596
x0: 1458.0520073138157
