alphaL: 1.0684400224374042
alphaR: 1.4802605760140117
event_sum: 11.175856773012976
fraction: 0.9606628243581649
mean: 1483.6961419302554
nL: 2.655740875029789
nR: 3.8672433241537463
norm: 10.402692969502418
sigma: 84.00000000000001
sigmaL: 98.05306464123021
sigmaR: 66.45688527606185
widthL: 98.05306464123021
widthR: 66.45688527606185
x0: 1483.6961419302554
