alphaL: 0.5281315851845807
alphaR: 0.8418170339288441
event_sum: 0.09380707937936826
mean: 3316.05643349601
nL: 1.000089675093036
nR: 2.238232812326531
norm: 0.09380707937936826
sigma: 330.0
sigmaL: 556.8869744465343
sigmaR: 69.28565064235602
widthL: 556.8869744465343
widthR: 69.28565064235602
x0: 3316.05643349601
