alphaL: 0.028435521656400314
alphaR: 0.7964922769244077
event_sum: 0.070152948234715
mean: 3403.128726042244
nL: 1.000490587199769
nR: 3.9972988326209364
norm: 0.070152948234715
sigma: 330.0
sigmaL: 1020.959083159785
sigmaR: 74.70310075405904
widthL: 1020.959083159785
widthR: 74.70310075405904
x0: 3403.128726042244
