alphaL: 0.6034666074897048
alphaR: 0.7259129289790037
event_sum: 2.6143987055763054
fraction: 0.6582436541712122
mean: 3284.606791987846
nL: 0.6611919341179282
nR: 4.5
norm: 0.7773293092989921
sigma: 330.0
sigmaL: 376.72286070496136
sigmaR: 78.82382330045948
widthL: 376.72286070496136
widthR: 78.82382330045948
x0: 3284.606791987846
