alphaL: 0.7392991741096863
alphaR: 1.6305359578441294
event_sum: 3.8582045373672296
fraction: 0.6310097769683775
mean: 3281.1359633103507
nL: 0.4
nR: 4.331380209796805
norm: 0.4849762459322542
sigma: 330.0
sigmaL: 511.9794203045255
sigmaR: 167.52086501724045
widthL: 511.9794203045255
widthR: 167.52086501724045
x0: 3281.1359633103507
