alphaL: 0.676135382964916
alphaR: 1.2324855653049758
event_sum: 0.08117225685953074
mean: 3307.0178453317053
nL: 0.5169478881141671
nR: 1.2341395688785086
norm: 0.08117225685953074
sigma: 330.0
sigmaL: 350.494221258321
sigmaR: 73.49747802143195
widthL: 350.494221258321
widthR: 73.49747802143195
x0: 3307.0178453317053
