alphaL: 0.7228960555025234
alphaR: 0.8295567686023159
event_sum: 0.048936363530326245
mean: 3362.6212005197854
nL: 0.1458398215092997
nR: 1.4520234779000896
norm: 0.048936363530326245
sigma: 330.0
sigmaL: 431.37370569077575
sigmaR: 53.34012361149003
widthL: 431.37370569077575
widthR: 53.34012361149003
x0: 3362.6212005197854
