alphaL: 0.9079657245464031
alphaR: 1.056467024790698
event_sum: 8.139815175748355
fraction: 0.731804573017649
mean: 2281.660941871103
nL: 0.5881630711159426
nR: 4.387370263918707
norm: 3.412528529402902
sigma: 230.0
sigmaL: 294.97835869102266
sigmaR: 93.71448502730705
widthL: 294.97835869102266
widthR: 93.71448502730705
x0: 2281.660941871103
