alphaL: 1.0129300812982596
alphaR: 1.4860308635424144
event_sum: 0.37843368463804655
mean: 2246.05588959326
nL: 0.1922694091803843
nR: 2.9650001612944377
norm: 0.37843368463804655
sigma: 230.0
sigmaL: 226.33070871587648
sigmaR: 127.88427866450465
widthL: 226.33070871587648
widthR: 127.88427866450465
x0: 2246.05588959326
