alphaL: 1.426177781212788
alphaR: 1.5830654407242604
event_sum: 0.5359441733520426
mean: 2253.3204607377966
nL: 0.12267307393536737
nR: 2.017612851510753
norm: 0.5359441733520426
sigma: 230.0
sigmaL: 272.89716513049376
sigmaR: 120.76600077196416
widthL: 272.89716513049376
widthR: 120.76600077196416
x0: 2253.3204607377966
