alphaL: 1.2324894470777024
alphaR: 1.1819557411901949
event_sum: 7.709923058961898
fraction: 0.7887997515904487
mean: 2271.155055063361
nL: 0.5292353390707355
nR: 3.868123431218132
norm: 4.966535584376593
sigma: 230.0
sigmaL: 278.64728754230134
sigmaR: 100.31893183929836
widthL: 278.64728754230134
widthR: 100.31893183929836
x0: 2271.155055063361
