alphaL: 0.495797202744585
alphaR: 0.8502510258871123
event_sum: 0.45049685619428875
mean: 2337.6232726653384
nL: 1.0006474159366858
nR: 2.7724046171052863
norm: 0.45049685619428875
sigma: 230.0
sigmaL: 376.9962345808741
sigmaR: 53.680236540842586
widthL: 376.9962345808741
widthR: 53.680236540842586
x0: 2337.6232726653384
