alphaL: 0.8384544098382772
alphaR: 0.7443963400532776
event_sum: 0.5940528034670662
mean: 2298.8947047322094
nL: 1.000618512764633
nR: 3.863408616075237
norm: 0.5940528034670662
sigma: 230.0
sigmaL: 274.82421177663133
sigmaR: 61.68303266307984
widthL: 274.82421177663133
widthR: 61.68303266307984
x0: 2298.8947047322094
