alphaL: 1.0266414845732716
alphaR: 1.8412585268044621
event_sum: 36.098525138777575
mean: 1055.6421308515523
nL: 69.53862669427835
nR: 6.193072108259183
norm_2016: 9.846454280959351
norm_2017: 11.19961691196542
norm_2018: 15.817917208440752
norm_Run2: 36.098525138777575
sigma: 54.34215474438976
sigmaL: 45.07122578595725
sigmaR: 33.020813421762874
widthL: 45.07122578595725
widthR: 33.020813421762874
x0: 1055.6421308515523
