alphaL: 0.9013121453821166
alphaR: 1.387929353575253
event_sum: 17.09598790464667
mean: 1027.9283439351466
nL: 5.269598430110588
nR: 4.1288780587010026
norm_2016: 4.203345968077431
norm_2017: 5.4768045899068225
norm_2018: 7.705288829901508
norm_Run2: 17.09598790464667
sigma: 105.0
sigmaL: 81.62417444594367
sigmaR: 66.84145968203612
widthL: 81.62417444594367
widthR: 66.84145968203612
x0: 1027.9283439351466
