alphaL: 1.1651829740404755
alphaR: 0.7167627425877818
event_sum: 3.4312232834507643
mean: 2590.8264795582745
nL: 2.096523074023196
nR: 2.7172757217561365
norm: 3.4312232834507643
sigma: 186
sigmaL: 340.82419492353233
sigmaR: 62.1278751074456
widthL: 340.82419492353233
widthR: 62.1278751074456
x0: 2590.8264795582745
