alphaL: 0.9817755188586742
alphaR: 1.2639672522770324
event_sum: 5.5493155138608685
mean: 2563.3438405398415
nL: 1.3310622484778984
nR: 2.247912774563461
norm: 5.5493155138608685
sigma: 186
sigmaL: 293.00388209432805
sigmaR: 113.68509047298072
widthL: 293.00388209432805
widthR: 113.68509047298072
x0: 2563.3438405398415
