alphaL: 1.6183839916166811
alphaR: 2.007835559186612
event_sum: 1.1268631456724312
mean: 1156.018649063828
nL: 4.4522610678940335
nR: 3.2917661433669805
norm: 1.1268631456724312
sigma: 59.36712156991569
sigmaL: 60.89641344897764
sigmaR: 29.823238151545628
widthL: 60.89641344897764
widthR: 29.823238151545628
x0: 1156.018649063828
