alphaL: 1.3706205477231321
alphaR: 2.256951952337849
event_sum: 11.28405441189942
fraction: 0.9986082465581746
mean: 1153.243102828341
nL: 10.0
nR: 2.461958241660109
norm: 11.283379428341874
sigma: 59.39806228935333
sigmaL: 57.109843470221335
sigmaR: 31.579066072052722
widthL: 57.109843470221335
widthR: 31.579066072052722
x0: 1153.243102828341
