alphaL: 1.52161060893402
alphaR: 2.3015166706399475
event_sum: 35.01162006640621
mean: 1149.433324277422
nL: 4.478315330025039
nR: 4.787562884234051
norm: 35.01162006640621
sigma: 55.70727001596929
sigmaL: 57.6321794719197
sigmaR: 34.38751010382146
widthL: 57.6321794719197
widthR: 34.38751010382146
x0: 1149.433324277422
