alphaL: 0.9181257357599674
alphaR: 1.8837946244740245
event_sum: 36.60821368978715
fraction: 0.9931541916209738
mean: 1154.7590035097148
nL: 76.32334971915135
nR: 4.6411952605085
norm: 15.920704492081851
sigma: 59.75980198467559
sigmaL: 45.343108452257255
sigmaR: 35.19202625874966
widthL: 45.343108452257255
widthR: 35.19202625874966
x0: 1154.7590035097148
