alphaL: 1.5574198995217698
alphaR: 1.7640624586482978
event_sum: 1.5981990026723984
mean: 1158.225102769645
nL: 4.233338376555481
nR: 3.7712145500233882
norm: 1.5981990026723984
sigma: 59.36712156991569
sigmaL: 58.990658443422916
sigmaR: 31.95477569765754
widthL: 58.990658443422916
widthR: 31.95477569765754
x0: 1158.225102769645
