alphaL: 1.483736077994122
alphaR: 2.4803770211880085
event_sum: 1.1231489923052445
mean: 1151.349981750917
nL: 3.3325657494079644
nR: 2.495999636150514
norm: 1.1231489923052445
sigma: 59.36712156991569
sigmaL: 56.123729954933474
sigmaR: 33.06730476153465
widthL: 56.123729954933474
widthR: 33.06730476153465
x0: 1151.349981750917
