alphaL: 1.330583305441325
alphaR: 2.292461131822063
event_sum: 34.87623744399738
mean: 1148.129307245911
nL: 4.921981171718857
nR: 5.0
norm: 34.87623744399738
sigma: 55.70727001596929
sigmaL: 54.397105869231034
sigmaR: 34.98617440180806
widthL: 54.397105869231034
widthR: 34.98617440180806
x0: 1148.129307245911
