alphaL: 1.376292334714831
alphaR: 2.450774555768957
event_sum: 35.031136938351224
fraction: 0.9994049004410689
mean: 1149.015301590357
nL: 9.950785398719463
nR: 3.2412150874318018
norm: 35.02657956023808
sigma: 55.70128185075004
sigmaL: 56.34531680886565
sigmaR: 34.57088696743989
widthL: 56.34531680886565
widthR: 34.57088696743989
x0: 1149.015301590357
