alphaL: 1.624610582138572
alphaR: 2.09166041449225
event_sum: 70.21237242276196
mean: 1151.5550539512917
nL: 4.498940134644081
nR: 4.894566458625004
norm: 70.21237242276196
sigma: 55.70727001596929
sigmaL: 55.55886522459115
sigmaR: 34.64863222571355
widthL: 55.55886522459115
widthR: 34.64863222571355
x0: 1151.5550539512917
