alphaL: 1.4467159451795246
alphaR: 2.015723586494305
event_sum: 1.592837978914151
mean: 1155.3736715650118
nL: 3.057029224010688
nR: 2.4746951993215927
norm: 1.592837978914151
sigma: 59.36712156991569
sigmaL: 55.23025633794813
sigmaR: 34.23986176366275
widthL: 55.23025633794813
widthR: 34.23986176366275
x0: 1155.3736715650118
