alphaL: 1.4758251976703747
alphaR: 2.128206420756963
event_sum: 69.99269724432602
mean: 1150.575871749504
nL: 5.0
nR: 5.0
norm: 69.99269724432602
sigma: 55.70727001596929
sigmaL: 53.55877181625605
sigmaR: 35.1216147389834
widthL: 53.55877181625605
widthR: 35.1216147389834
x0: 1150.575871749504
