alphaL: 1.4491736805470183
alphaR: 2.140004311390472
event_sum: 70.40914249165887
fraction: 0.9996204516749244
mean: 1150.7048090221456
nL: 9.998986135557729
nR: 4.5
norm: 70.407132592553
sigma: 55.70128185075004
sigmaL: 54.18341322844469
sigmaR: 35.082738896500814
widthL: 54.18341322844469
widthR: 35.082738896500814
x0: 1150.7048090221456
