alphaL: 1.3079244584155045
alphaR: 1.7866373497049077
event_sum: 16.002928525951827
fraction: 0.9987617981826776
mean: 1156.4290059959737
nL: 9.999160548935757
nR: 3.808996769946382
norm: 15.995939207985526
sigma: 59.39806228935333
sigmaL: 55.24146530626668
sigmaR: 33.03790670222818
widthL: 55.24146530626668
widthR: 33.03790670222818
x0: 1156.4290059959737
