alphaL: 1.2398479227751145
alphaR: 1.3278854407988225
event_sum: 0.8715788514745122
mean: 2982.5139084832695
nL: 1.039418181816006
nR: 2.276441840471926
norm: 0.8715788514745122
sigma: 255.48384456075382
sigmaL: 255.46235048449054
sigmaR: 103.59745152389361
widthL: 255.46235048449054
widthR: 103.59745152389361
x0: 2982.5139084832695
