alphaL: 0.8202425024314113
alphaR: 1.65003967196424
event_sum: 5.761397450059033
mean: 2950.7339436041875
nL: 2.0853743350990634
nR: 2.0024245900563375
norm: 5.761397450059033
sigma: 255.15199766028056
sigmaL: 188.9009125270363
sigmaR: 126.18272403742856
widthL: 188.9009125270363
widthR: 126.18272403742856
x0: 2950.7339436041875
