alphaL: 0.9465801851736261
alphaR: 1.5645603398415424
event_sum: 5.762137292850237
mean: 2954.74915405408
nL: 1.564638716596305
nR: 2.2364569432394137
norm: 5.762137292850237
sigma: 255.21287945842604
sigmaL: 201.41931051650494
sigmaR: 123.0557266378125
widthL: 201.41931051650494
widthR: 123.0557266378125
x0: 2954.74915405408
