alphaL: 0.10617355923683584
alphaR: 1.362731229553843
event_sum: 10.174944896089832
mean: 3013.8227912281322
nL: 2.999949023447109
nR: 2.9999856438309767
norm: 10.174944896089832
sigma: 902
sigmaL: 113.51759615744885
sigmaR: 101.89730169004501
widthL: 113.51759615744885
widthR: 101.89730169004501
x0: 3013.8227912281322
