alphaL: 1.092140435860052
alphaR: 1.5296338893175303
event_sum: 3.0500016432490895
mean: 2955.4890260997126
nL: 0.7243376634329195
nR: 2.9585669619909565
norm: 3.0500016432490895
sigma: 255
sigmaL: 204.0048789602468
sigmaR: 124.11614392577025
widthL: 204.0048789602468
widthR: 124.11614392577025
x0: 2955.4890260997126
