alphaL: 0.7493305680198592
alphaR: 1.5198701477381074
event_sum: 7.984030384118673
mean: 2945.062892632919
nL: 2.0908884126743934
nR: 2.9744901339829584
norm: 7.984030384118673
sigma: 255
sigmaL: 171.82413896085498
sigmaR: 127.3447363051578
widthL: 171.82413896085498
widthR: 127.3447363051578
x0: 2945.062892632919
