alphaL: 1.470265495650591
alphaR: 1.2413906904428404
event_sum: 1.235622018473213
mean: 2982.8969226254158
nL: 0.25876508775542234
nR: 2.824010448891313
norm: 1.235622018473213
sigma: 255
sigmaL: 218.00225428995836
sigmaR: 94.60674971235626
widthL: 218.00225428995836
widthR: 94.60674971235626
x0: 2982.8969226254158
