alphaL: 1.1095216570905617
alphaR: 1.5346620046532515
event_sum: 3.0500016432490895
mean: 2954.5465695372723
nL: 0.681627611053244
nR: 2.995996678835719
norm: 3.0500016432490895
sigma: 255.21287945842604
sigmaL: 202.6563968179264
sigmaR: 123.42634072361105
widthL: 202.6563968179264
widthR: 123.42634072361105
x0: 2954.5465695372723
