alphaL: 0.9200753745763476
alphaR: 1.5388566554175906
event_sum: 3.0500016432490895
mean: 2949.8048931419703
nL: 1.0476039301638904
nR: 2.9802833916819322
norm: 3.0500016432490895
sigma: 255.15199766028056
sigmaL: 182.0154722644482
sigmaR: 126.16070436950885
widthL: 182.0154722644482
widthR: 126.16070436950885
x0: 2949.8048931419703
