alphaL: 1.1215585076138894
alphaR: 1.5069280143706658
event_sum: 0.46040478455349493
mean: 2960.40403601841
nL: 0.6333185789350531
nR: 2.535423656226761
norm: 0.46040478455349493
sigma: 255.48384456075382
sigmaL: 203.5756155134044
sigmaR: 121.53226980942873
widthL: 203.5756155134044
widthR: 121.53226980942873
x0: 2960.40403601841
