alphaL: 1.1478632978408154
alphaR: 1.575573048310464
event_sum: 0.46040478455349493
mean: 2959.0309871730715
nL: 0.6199908135660723
nR: 2.1860950442109512
norm: 0.46040478455349493
sigma: 255.48384456075382
sigmaL: 212.16025899726537
sigmaR: 123.8533508913235
widthL: 212.16025899726537
widthR: 123.8533508913235
x0: 2959.0309871730715
