alphaL: 0.10006659574152653
alphaR: 0.8619346038490074
event_sum: 22.021374624834948
mean: 3071.463787518014
nL: 0.20021961168357694
nR: 2.8629435724726884
norm: 22.021374624834948
sigma: 255
sigmaL: 1273.822801118756
sigmaR: 63.684270884138975
widthL: 1273.822801118756
widthR: 63.684270884138975
x0: 3071.463787518014
