alphaL: 0.1000091665954394
alphaR: 0.855030325718606
event_sum: 6.306641404555574
mean: 3013.1232439154014
nL: 0.20023122525478904
nR: 2.7017975387453603
norm: 6.306641404555574
sigma: 255
sigmaL: 1275.6700395426233
sigmaR: 56.32191369682454
widthL: 1275.6700395426233
widthR: 56.32191369682454
x0: 3013.1232439154014
