alphaL: 3.438511316019967
alphaR: 2.5795332550290486
event_sum: 12.317766101618744
mean: 2800.193150943465
nL: 2.6473016272614567
nR: 2.552238341042783
norm: 12.317766101618744
sigma: 902
sigmaL: 1948.5029109795464
sigmaR: 238.5755629973919
widthL: 1948.5029109795464
widthR: 238.5755629973919
x0: 2800.193150943465
