alphaL: 1.221292038693236
alphaR: 1.311733855910551
event_sum: 0.8715788514745122
mean: 2980.1162471638463
nL: 1.068595387389203
nR: 2.4811322196400947
norm: 0.8715788514745122
sigma: 255.48384456075382
sigmaL: 249.16732029016043
sigmaR: 105.26553401893736
widthL: 249.16732029016043
widthR: 105.26553401893736
x0: 2980.1162471638463
