alphaL: 0.7167971918371541
alphaR: 1.4992479309363502
event_sum: 14.021896757360082
fraction: 0.8697103592524494
mean: 2950.008705638913
nL: 2.037120300054897
nR: 3.213162565950458
norm: 6.911059049365576
sigma: 168.0
sigmaL: 166.21909264906995
sigmaR: 125.05232407017614
widthL: 166.21909264906995
widthR: 125.05232407017614
x0: 2950.008705638913
