alphaL: 1.312871315399013
alphaR: 0.898017296562243
event_sum: 0.7066001335988403
mean: 3005.596697548851
nL: 1.0000708132832177
nR: 2.700559594988593
norm: 0.7066001335988403
sigma: 168.0
sigmaL: 275.8238282214508
sigmaR: 62.47079358790153
widthL: 275.8238282214508
widthR: 62.47079358790153
x0: 3005.596697548851
