alphaL: 0.7381185322415619
alphaR: 1.6405729594460658
event_sum: 0.6652151169546414
mean: 2949.9867270336417
nL: 3.3681863891568544
nR: 1.9307148719656382
norm: 0.6652151169546414
sigma: 217.91794754304522
sigmaL: 180.4968017044915
sigmaR: 125.7510948390759
widthL: 180.4968017044915
widthR: 125.7510948390759
x0: 2949.9867270336417
