alphaL: 0.9778966748202992
alphaR: 1.6876119004868897
event_sum: 0.3675688858565991
mean: 2936.2339440877045
nL: 1.0000351757582513
nR: 3.350203403207253
norm: 0.3675688858565991
sigma: 168.0
sigmaL: 190.2140599355656
sigmaR: 140.6751887528703
widthL: 190.2140599355656
widthR: 140.6751887528703
x0: 2936.2339440877045
