alphaL: 1.033991016509254
alphaR: 1.5255856574518585
event_sum: 7.066000930091832
mean: 2950.1111509628167
nL: 1.0000481212508856
nR: 3.1637186091724776
norm: 7.066000930091832
sigma: 168.0
sigmaL: 193.1991731479256
sigmaR: 126.10403070434106
widthL: 193.1991731479256
widthR: 126.10403070434106
x0: 2950.1111509628167
