alphaL: 1.1786651880573895
alphaR: 1.3451745981506074
event_sum: 15.284848512616009
fraction: 0.7331854511792144
mean: 2952.153435971691
nL: 0.4000684397489365
nR: 4.0793136491798325
norm: 3.788910830509849
sigma: 168.0
sigmaL: 190.27662194061324
sigmaR: 121.7097509288173
widthL: 190.27662194061324
widthR: 121.7097509288173
x0: 2952.153435971691
