alphaL: 0.9601299286435188
alphaR: 1.1698023264029875
event_sum: 3.6756886454531923
mean: 2964.3456311675814
nL: 1.0000062595664074
nR: 4.42793862511194
norm: 3.6756886454531923
sigma: 168.0
sigmaL: 192.88097528573076
sigmaR: 103.3531938621321
widthL: 192.88097528573076
widthR: 103.3531938621321
x0: 2964.3456311675814
