alphaL: 0.9361346792106047
alphaR: 1.2571420073695172
event_sum: 0.3675688858565991
mean: 2960.7560304684453
nL: 1.0000050797495683
nR: 4.488970354854662
norm: 0.3675688858565991
sigma: 168.0
sigmaL: 181.93971885467724
sigmaR: 109.02221794184725
widthL: 181.93971885467724
widthR: 109.02221794184725
x0: 2960.7560304684453
