alphaL: 1.0099805548248966
alphaR: 1.52715272908234
event_sum: 14.672131910803728
mean: 2950.4597999454218
nL: 1.0000244416835014
nR: 3.1941280678031654
norm: 14.672131910803728
sigma: 168.0
sigmaL: 191.89420918386708
sigmaR: 125.45778068035712
widthL: 191.89420918386708
widthR: 125.45778068035712
x0: 2950.4597999454218
