alphaL: 1.43342915734242
alphaR: 1.2424324873821757
event_sum: 14.021896757360082
fraction: 0.8024604292212194
mean: 2977.1956704772792
nL: 0.46999885171052513
nR: 4.16517203515406
norm: 7.091692412097473
sigma: 168.0
sigmaL: 259.5608112668948
sigmaR: 106.97992633231718
widthL: 259.5608112668948
widthR: 106.97992633231718
x0: 2977.1956704772792
