alphaL: 1.0432643657673626
alphaR: 1.4639152435610778
event_sum: 0.33996483385999454
mean: 2966.2084284521693
nL: 1.328810097983494
nR: 2.1669024603306326
norm: 0.33996483385999454
sigma: 217.91794754304522
sigmaL: 208.58491016967122
sigmaR: 115.25517327319015
widthL: 208.58491016967122
widthR: 115.25517327319015
x0: 2966.2084284521693
