alphaL: 1.005085848670859
alphaR: 1.529444391188397
event_sum: 0.7066001335988403
mean: 2950.3046904426137
nL: 1.0000296408482647
nR: 3.1992066269154416
norm: 0.7066001335988403
sigma: 168.0
sigmaL: 193.97703082140094
sigmaR: 122.3427674089218
widthL: 193.97703082140094
widthR: 122.3427674089218
x0: 2950.3046904426137
