alphaL: 1.2929837440735066
alphaR: 1.3172457980735628
event_sum: 14.672131910803728
mean: 2968.4225639065157
nL: 0.6646962286955787
nR: 3.836881431266595
norm: 14.672131910803728
sigma: 168.0
sigmaL: 241.26059366400372
sigmaR: 112.19079141556051
widthL: 241.26059366400372
widthR: 112.19079141556051
x0: 2968.4225639065157
