alphaL: 0.7160057361124624
alphaR: 1.2976005181771475
event_sum: 16.00897696847096
mean: 2952.655089691786
nL: 1.0003152977015355
nR: 4.056431644736462
norm: 16.00897696847096
sigma: 168.0
sigmaL: 147.94208797874433
sigmaR: 115.11456326264988
widthL: 147.94208797874433
widthR: 115.11456326264988
x0: 2952.655089691786
