alphaL: 0.5211894391978203
alphaR: 1.7478997770667721
event_sum: 0.6693438677684753
mean: 2926.801363739039
nL: 2.7026455160708487
nR: 2.23793014946366
norm: 0.6693438677684753
sigma: 168.0
sigmaL: 120.01899632739486
sigmaR: 138.89641620237987
widthL: 120.01899632739486
widthR: 138.89641620237987
x0: 2926.801363739039
