alphaL: 1.2707984312239844
alphaR: 1.169023383835157
event_sum: 15.284848512616009
fraction: 0.7118318405979204
mean: 2954.7325268751833
nL: 0.3001068590668807
nR: 5.994152540928184
norm: 3.788910830509849
sigma: 168.0
sigmaL: 191.8506879344715
sigmaR: 113.73097894375627
widthL: 191.8506879344715
widthR: 113.73097894375627
x0: 2954.7325268751833
