alphaL: 0.8843660427295877
alphaR: 1.346865717140476
event_sum: 0.34140790411038324
mean: 2948.0345973900407
nL: 1.5910495646280056
nR: 3.3668361683259236
norm: 0.34140790411038324
sigma: 168.0
sigmaL: 172.63166258428723
sigmaR: 119.73664465831021
widthL: 172.63166258428723
widthR: 119.73664465831021
x0: 2948.0345973900407
