alphaL: 1.233269292981766
alphaR: 1.1881164500355375
event_sum: 15.284848512616009
fraction: 0.7180162025568414
mean: 2950.041268220977
nL: 0.39774306598065995
nR: 6.118833222062594
norm: 3.604899289435707
sigma: 168.0
sigmaL: 188.77264192800754
sigmaR: 117.44852802042347
widthL: 188.77264192800754
widthR: 117.44852802042347
x0: 2950.041268220977
