alphaL: 1.0946217462687282
alphaR: 1.2198933921547164
event_sum: 16.00897696847096
mean: 2957.4317811479145
nL: 0.5002092513874015
nR: 4.4964929394662
norm: 16.00897696847096
sigma: 168.0
sigmaL: 187.43558136995495
sigmaR: 111.20942356511189
widthL: 187.43558136995495
widthR: 111.20942356511189
x0: 2957.4317811479145
