alphaL: 0.7353894566895904
alphaR: 1.4276741500681565
event_sum: 14.021896757360082
fraction: 0.867461389943206
mean: 2950.4937256208004
nL: 1.6089550912600588
nR: 3.869479326290022
norm: 7.091692412097473
sigma: 168.0
sigmaL: 160.43778645976087
sigmaR: 122.86675312305962
widthL: 160.43778645976087
widthR: 122.86675312305962
x0: 2950.4937256208004
