alphaL: 1.3356538862273126
alphaR: 1.8739035803092274
event_sum: 3.6606403336448303
mean: 1354.8419549065104
nL: 4.473178415740542
nR: 3.4764762967545786
norm: 3.6606403336448303
sigma: 70.22297949820003
sigmaL: 59.40006261246941
sigmaR: 39.788960286588896
widthL: 59.40006261246941
widthR: 39.788960286588896
x0: 1354.8419549065104
