alphaL: 1.303140970057979
alphaR: 2.2756530118615994
event_sum: 28.947589304140056
fraction: 0.9983307197271426
mean: 1353.9671197366365
nL: 9.831215605428886
nR: 2.206188699454337
norm: 28.93241852474875
sigma: 70.05879213038911
sigmaL: 62.564446425688615
sigmaR: 35.47324096826805
widthL: 62.564446425688615
widthR: 35.47324096826805
x0: 1353.9671197366365
