alphaL: 1.511743426688183
alphaR: 2.203232285295608
event_sum: 112.02850261714791
mean: 1355.2089711425197
nL: 4.496701200038669
nR: 3.12258644809255
norm: 112.02850261714791
sigma: 65.46055881267112
sigmaL: 62.469610361956015
sigmaR: 37.96319035344117
widthL: 62.469610361956015
widthR: 37.96319035344117
x0: 1355.2089711425197
