alphaL: 1.3826722314300366
alphaR: 2.2100060378158295
event_sum: 62.17476080817076
fraction: 0.9990078956549937
mean: 1354.1510275963285
nL: 10.0
nR: 3.9138347057142733
norm: 62.16588438677799
sigma: 65.52276068075004
sigmaL: 65.03051987933337
sigmaR: 35.7165150919877
widthL: 65.03051987933337
widthR: 35.7165150919877
x0: 1354.1510275963285
