alphaL: 1.4211979880218726
alphaR: 2.4375172564167444
event_sum: 67.12782023514526
mean: 1353.391742155881
nL: 4.988850878937775
nR: 2.6084006205402535
norm: 67.12782023514526
sigma: 65.46055881267112
sigmaL: 64.447147450547
sigmaR: 36.22537460639155
widthL: 64.447147450547
widthR: 36.22537460639155
x0: 1353.391742155881
