alphaL: 1.5088899310604151
alphaR: 2.162242004414964
event_sum: 2.963086698745998
mean: 1355.400711478294
nL: 4.507255937890634
nR: 2.422386562578262
norm: 2.963086698745998
sigma: 70.22297949820003
sigmaL: 65.89046164782762
sigmaR: 34.54857935432174
widthL: 65.89046164782762
widthR: 34.54857935432174
x0: 1355.400711478294
