alphaL: 1.3397983745433484
alphaR: 2.2294325016476506
event_sum: 111.62028981478062
mean: 1353.708183933833
nL: 4.995906000568363
nR: 3.146571189658701
norm: 111.62028981478062
sigma: 65.46055881267112
sigmaL: 59.03623110827873
sigmaR: 38.631933115400464
widthL: 59.03623110827873
widthR: 38.631933115400464
x0: 1353.708183933833
