alphaL: 1.1668881432514928
alphaR: 1.9946495577958074
event_sum: 3.6487873652751768
mean: 1353.2550571772474
nL: 4.620400108844735
nR: 2.718843235590747
norm: 3.6487873652751768
sigma: 70.22297949820003
sigmaL: 55.36746589083788
sigmaR: 40.5471482697418
widthL: 55.36746589083788
widthR: 40.5471482697418
x0: 1353.2550571772474
