alphaL: 1.377013585728882
alphaR: 2.527007000777108
event_sum: 2.953380847640656
mean: 1351.6579680143084
nL: 3.9707034148511555
nR: 1.7770228903631542
norm: 2.953380847640656
sigma: 70.22297949820003
sigmaL: 62.283087968094684
sigmaR: 39.35033598312099
widthL: 62.283087968094684
widthR: 39.35033598312099
x0: 1351.6579680143084
