alphaL: 1.3013982716689856
alphaR: 2.25345232297811
event_sum: 103.54997833595337
fraction: 0.9989962082335686
mean: 1353.7968576554852
nL: 10.0
nR: 2.9725015462092683
norm: 103.52555382844523
sigma: 65.52276068075004
sigmaL: 59.598009432898465
sigmaR: 38.80973296416039
widthL: 59.598009432898465
widthR: 38.80973296416039
x0: 1353.7968576554852
