alphaL: 1.5877526434906948
alphaR: 2.3843808889570273
event_sum: 67.4113344306588
mean: 1354.5470275665955
nL: 4.486392586057192
nR: 2.6953959313925493
norm: 67.4113344306588
sigma: 65.46055881267112
sigmaL: 67.35758268519982
sigmaR: 35.66130559877633
widthL: 67.35758268519982
widthR: 35.66130559877633
x0: 1354.5470275665955
