alphaL: 1.1550231919490612
alphaR: 1.9455945796588512
event_sum: 35.77758984723613
fraction: 0.9982593266754236
mean: 1354.4520429325685
nL: 9.988767255706188
nR: 3.028223761241918
norm: 35.75250982763919
sigma: 70.05879213038911
sigmaL: 57.40230878049708
sigmaR: 40.012470167809845
widthL: 57.40230878049708
widthR: 40.012470167809845
x0: 1354.4520429325685
