alphaL: 0.9886889041174213
alphaR: 2.2438338733657224
event_sum: 103.2681458387533
mean: 1351.3636527268102
nL: 123.06295736454314
nR: 3.5338016717564504
norm_2016: 28.339118854734302
norm_2017: 34.11964541095268
norm_2018: 47.99572607155985
norm_Run2: 103.2681458387533
sigma: 65.46945728176867
sigmaL: 53.05973262732853
sigmaR: 39.90997338298592
widthL: 53.05973262732853
widthR: 39.90997338298592
x0: 1351.3636527268102
