alphaL: 1.0600213867589265
alphaR: 2.4761392539798823
event_sum: 61.97223242870592
mean: 1351.5843324032567
nL: 113.20242994595073
nR: 2.5911335603515124
norm_2016: 16.434292377793856
norm_2017: 20.334171084705144
norm_2018: 29.727132559457544
norm_Run2: 66.49559602195654
sigma: 65.46945728176867
sigmaL: 58.847898413786766
sigmaR: 37.07394104582789
widthL: 58.847898413786766
widthR: 37.07394104582789
x0: 1351.5843324032567
