alphaL: 0.9575026977353327
alphaR: 1.4773497957479655
event_sum: 27.79798896344217
mean: 1338.9416719134326
nL: 2.4871882794136413
nR: 3.973826239462859
norm_2016: 27.79798896344217
norm_2017: 27.79798896344217
norm_2018: 27.79798896344217
norm_Run2: 27.79798896344217
sigma: 75.60000000000001
sigmaL: 84.90790146659242
sigmaR: 63.19570509709123
widthL: 84.90790146659242
widthR: 63.19570509709123
x0: 1338.9416719134326
