alphaL: 0.9581992849560504
alphaR: 1.4948478188301983
event_sum: 27.79798896344217
mean: 1338.5041470648703
nL: 2.4386554808819136
nR: 3.8656903249945107
norm_2016: 7.577304487290537
norm_2017: 8.666695950856944
norm_2018: 12.066163881389029
norm_Run2: 27.79798896344217
sigma: 75.60000000000001
sigmaL: 84.39229339911972
sigmaR: 63.60780816337405
widthL: 84.39229339911972
widthR: 63.60780816337405
x0: 1338.5041470648703
