alphaL: 0.9656985504634652
alphaR: 2.031601569980738
event_sum: 35.61506366428597
mean: 1352.6019789126874
nL: 31.117396039795416
nR: 2.6524111525473018
norm_2016: 35.61506366428597
norm_2017: 35.61506366428597
norm_2018: 35.61506366428597
norm_Run2: 35.61506366428597
sigma: 70.17941502510884
sigmaL: 52.68489410175064
sigmaR: 41.0705988024988
widthL: 52.68489410175064
widthR: 41.0705988024988
x0: 1352.6019789126874
