alphaL: 0.7783432227242707
alphaR: 1.3591434524899488
event_sum: 25.025493384919965
mean: 1326.0701303921546
nL: 1.423986573547992
nR: 6.08325464222654
norm_2016: 6.773493320315923
norm_2017: 7.760228112036559
norm_2018: 10.90095109893226
norm_Run2: 25.434672531284743
sigma: 135.0
sigmaL: 102.68444616210914
sigmaR: 78.3484667594815
widthL: 102.68444616210914
widthR: 78.3484667594815
x0: 1326.0701303921546
