alphaL: 0.9579370016186406
alphaR: 2.3401416868077005
event_sum: 28.844947151108762
mean: 1351.220841606464
nL: 61.314737174955084
nR: 2.179517303638296
norm_2016: 28.844947151108762
norm_2017: 28.844947151108762
norm_2018: 28.844947151108762
norm_Run2: 28.844947151108762
sigma: 70.17941502510884
sigmaL: 54.423473723615
sigmaR: 37.000479978423144
widthL: 54.423473723615
widthR: 37.000479978423144
x0: 1351.220841606464
