alphaL: 0.9136284452397998
alphaR: 1.1711568858941035
event_sum: 19.195784116343372
mean: 1327.8150835109268
nL: 2.9270907619184228
nR: 5.4117479960783985
norm_2016: 4.855460054644738
norm_2017: 5.9929434523955125
norm_2018: 8.684820418161596
norm_Run2: 19.195784116343372
sigma: 135.0
sigmaL: 114.04617804140867
sigmaR: 70.5743410452876
widthL: 114.04617804140867
widthR: 70.5743410452876
x0: 1327.8150835109268
