alphaL: 0.9952198337345142
alphaR: 1.3509996670382207
event_sum: 21.93850544199626
mean: 1337.0046391520718
nL: 4.537663773880874
nR: 5.3463261013123695
norm_2016: 5.5897412929098165
norm_2017: 6.880123315128693
norm_2018: 9.881860624946988
norm_Run2: 22.351725232985498
sigma: 75.60000000000001
sigmaL: 87.2709801401545
sigmaR: 60.779229423954874
widthL: 87.2709801401545
widthR: 60.779229423954874
x0: 1337.0046391520718
