alphaL: 0.933616737239242
alphaR: 1.165767034631478
event_sum: 19.195784116343372
mean: 1328.5618594499301
nL: 2.6779893204721223
nR: 5.468422900550855
norm_2016: 4.855460054644738
norm_2017: 5.9929434523955125
norm_2018: 8.684820418161596
norm_Run2: 19.195784116343372
sigma: 135.0
sigmaL: 116.19358812126836
sigmaR: 70.25495220728902
widthL: 116.19358812126836
widthR: 70.25495220728902
x0: 1328.5618594499301
