alphaL: 1.0068707242855512
alphaR: 1.3441492170380922
event_sum: 21.93850544199626
mean: 1337.4079895829495
nL: 4.392821772808372
nR: 5.329224240711976
norm_2016: 5.5897412929098165
norm_2017: 6.880123315128693
norm_2018: 9.881860624946988
norm_Run2: 21.93850544199626
sigma: 75.60000000000001
sigmaL: 87.96670401756411
sigmaR: 60.48383356934968
widthL: 87.96670401756411
widthR: 60.48383356934968
x0: 1337.4079895829495
