alphaL: 0.9173879669160065
alphaR: 2.6196850296297325
event_sum: 42.36070616869256
fraction: 0.9999744783580188
mean: 703.7824364709832
nL: 9.766364459278918
nR: 4.447403232829385
norm: 42.353827082552016
sigma: 39.49822136946172
sigmaL: 33.86092869669678
sigmaR: 25.2624422451684
widthL: 33.86092869669678
widthR: 25.2624422451684
x0: 703.7824364709832
