alphaL: 4.735596221230344
alphaR: 2.55980699442199
event_sum: 47.120215783361346
mean: 705.6598155097543
nL: 3.691589673919701
nR: 3.534261190671942
norm: 47.120215783361346
sigma: 39.52225969981647
sigmaL: 39.219176743856956
sigmaR: 24.397197518778334
widthL: 39.219176743856956
widthR: 24.397197518778334
x0: 705.6598155097543
