alphaL: 1.1655244803351092
alphaR: 2.5398666695539682
event_sum: 42.563903347589076
mean: 703.7494067969932
nL: 0.35968532510886814
nR: 4.945800342003997
norm: 42.563903347589076
sigma: 39.52225969981647
sigmaL: 34.498096544115114
sigmaR: 25.258343948246083
widthL: 34.498096544115114
widthR: 25.258343948246083
x0: 703.7494067969932
