alphaL: 0.842808333106242
alphaR: 2.408862803008061
event_sum: 9.86774456774583
fraction: 0.9999085361956621
mean: 702.8749911899298
nL: 25.622111189948132
nR: 6.079328096971095
norm: 2.478590361191891
sigma: 34.41848132076964
sigmaL: 33.73459785688762
sigmaR: 23.793648944883394
widthL: 33.73459785688762
widthR: 23.793648944883394
x0: 702.8749911899298
