alphaL: 2.2643984415430967
alphaR: 2.5591277630450695
event_sum: 42.563903347589076
mean: 704.4029048538029
nL: 4.274469365776867
nR: 4.418370718729486
norm: 42.563903347589076
sigma: 39.52225969981647
sigmaL: 36.37221749194921
sigmaR: 24.956997906282844
widthL: 36.37221749194921
widthR: 24.956997906282844
x0: 704.4029048538029
