alphaL: 2.265015962148467
alphaR: 2.5627155369397925
event_sum: 42.563903347589076
mean: 704.4656190594251
nL: 4.2822519752183545
nR: 4.419000599609781
norm: 42.563903347589076
sigma: 39.52225969981647
sigmaL: 36.50975774773636
sigmaR: 24.926893882905336
widthL: 36.50975774773636
widthR: 24.926893882905336
x0: 704.4656190594251
