alphaL: 2.594489110398235
alphaR: 2.6053076314413306
event_sum: 0.773636263282242
mean: 707.502956459077
nL: 3.066660922892043
nR: 1.329206321902576
norm: 0.773636263282242
sigma: 34.51438458749532
sigmaL: 38.24156087498309
sigmaR: 24.007731223561333
widthL: 38.24156087498309
widthR: 24.007731223561333
x0: 707.502956459077
