alphaL: 2.710062251098504
alphaR: 1.9524519174359638
event_sum: 0.25679935021253186
mean: 711.1240130068027
nL: 3.242140868284908
nR: 4.101603364934374
norm: 0.25679935021253186
sigma: 34.42005153414691
sigmaL: 45.40272768135556
sigmaR: 17.747182109466053
widthL: 45.40272768135556
widthR: 17.747182109466053
x0: 711.1240130068027
