alphaL: 1.086096675481889
alphaR: 3.0939109225340644
event_sum: 44.96520488290116
fraction: 0.9999112005990707
mean: 701.971878995717
nL: 67.53736057200459
nR: 3.189473504188614
norm: 11.791988205164671
sigma: 35.978064682222005
sigmaL: 38.71822953161968
sigmaR: 25.9503261661512
widthL: 38.71822953161968
widthR: 25.9503261661512
x0: 701.971878995717
