alphaL: 1.0039361794779638
alphaR: 2.8880284450194718
event_sum: 2.4793692344683222
fraction: 0.99999136678465
mean: 699.0009946799274
nL: 2.1412771963635793
nR: 4.46959487517158
norm: 2.4789675883948803
sigma: 34.34590163526208
sigmaL: 31.549686111837303
sigmaR: 25.066795109596455
widthL: 31.549686111837303
widthR: 25.066795109596455
x0: 699.0009946799274
