alphaL: 2.716704240267057
alphaR: 1.9529040612385598
event_sum: 0.25679935021253186
mean: 711.210909253807
nL: 3.2375573221094522
nR: 4.1027104567163555
norm: 0.25679935021253186
sigma: 34.42005153414691
sigmaL: 45.543241635610315
sigmaR: 17.706291915842186
widthL: 45.543241635610315
widthR: 17.706291915842186
x0: 711.210909253807
