alphaL: 0.9452509143224079
alphaR: 2.901253240409502
event_sum: 11.84928173199296
mean: 703.0914806408541
nL: 3.950571257293738
nR: 4.499411415849302
norm: 11.84928173199296
sigma: 39.52225969981647
sigmaL: 39.954870835426874
sigmaR: 24.91015961979641
widthL: 39.954870835426874
widthR: 24.91015961979641
x0: 703.0914806408541
