alphaL: 1.9823854443119964
alphaR: 1.8538530514996516
event_sum: 6.812679167254828
fraction: 0.9995784719687607
mean: 709.6607163728953
nL: 9.02910350435272
nR: 3.7220347860109766
norm: 6.811097001831513
sigma: 34.34590163526208
sigmaL: 37.63236455166281
sigmaR: 21.169135563496976
widthL: 37.63236455166281
widthR: 21.169135563496976
x0: 709.6607163728953
