alphaL: 0.17195904074186424
alphaR: 2.9493259594091605
event_sum: 11.856160818133503
mean: 699.490461429852
nL: 4.452912367251839
nR: 4.42336659779701
norm: 11.856160818133503
sigma: 39.4549948510124
sigmaL: 10.004214648910112
sigmaR: 26.370331992741455
widthL: 10.004214648910112
widthR: 26.370331992741455
x0: 699.490461429852
