alphaL: 3.6162538400309745
alphaR: 1.8253665361494518
event_sum: 0.7066382944140059
mean: 705.8877407764454
nL: 1.6711473549673614
nR: 3.697974772433677
norm: 0.7066382944140059
sigma: 34.42005153414691
sigmaL: 35.412829988380146
sigmaR: 24.160109379108714
widthL: 35.412829988380146
widthR: 24.160109379108714
x0: 705.8877407764454
