alphaL: 3.6161927848331734
alphaR: 1.8248924090040364
event_sum: 0.7066382944140059
mean: 705.8938081639228
nL: 1.6713266276911831
nR: 3.6973795267380516
norm: 0.7066382944140059
sigma: 34.42005153414691
sigmaL: 35.41142350999549
sigmaR: 24.156893405267628
widthL: 35.41142350999549
widthR: 24.156893405267628
x0: 705.8938081639228
