alphaL: 1.03825574646789
alphaR: 3.0016504764115948
event_sum: 11.84928173199296
mean: 702.80905264882
nL: 4.487966505487345
nR: 4.49952925957901
norm: 11.84928173199296
sigma: 39.52225969981647
sigmaL: 39.674567104311144
sigmaR: 25.084002990167683
widthL: 39.674567104311144
widthR: 25.084002990167683
x0: 702.80905264882
