alphaL: 3.461241448627658
alphaR: 2.9737363558616603
event_sum: 13.48712151357904
mean: 704.1641616376742
nL: 2.326595183660889
nR: 3.1711250937515194
norm: 13.48712151357904
sigma: 39.52225969981647
sigmaL: 41.94488816514043
sigmaR: 24.4302749128979
widthL: 41.94488816514043
widthR: 24.4302749128979
x0: 704.1641616376742
