alphaL: 1.5610628608641994
alphaR: 2.4156014858539043
event_sum: 0.25676162749005016
mean: 706.1815342012214
nL: 0.7866418198038754
nR: 2.058374091517185
norm: 0.25676162749005016
sigma: 34.42005153414691
sigmaL: 42.02942112239322
sigmaR: 20.910074106751445
widthL: 42.02942112239322
widthR: 20.910074106751445
x0: 706.1815342012214
