alphaL: 4.294401226269487
alphaR: 2.559196548771747
event_sum: 42.57078243372962
mean: 704.4252732897188
nL: 3.4538978123422015
nR: 4.444762400406773
norm: 42.57078243372962
sigma: 39.4549948510124
sigmaL: 36.43824099209302
sigmaR: 24.978503668765516
widthL: 36.43824099209302
widthR: 24.978503668765516
x0: 704.4252732897188
