alphaL: 1.0207743719728857
alphaR: 1.4299825167624638
event_sum: 5.098802802851424
mean: 694.4839857898722
nL: 2.0
nR: 4.109187066699754
norm: 5.098802802851424
sigma: 71.33056270853989
sigmaL: 69.63130275456213
sigmaR: 47.98026013699697
widthL: 69.63130275456213
widthR: 47.98026013699697
x0: 694.4839857898722
