alphaL: 1.034719760909924
alphaR: 3.0675957970285515
event_sum: 11.84928173199296
mean: 703.0582653888025
nL: 4.775681706246119
nR: 2.7332107066278533
norm: 11.84928173199296
sigma: 39.52225969981647
sigmaL: 40.103084090372334
sigmaR: 24.90645739254682
widthL: 40.103084090372334
widthR: 24.90645739254682
x0: 703.0582653888025
