alphaL: 3.024190990209628
alphaR: 2.3283621646929253
event_sum: 0.7061356895646895
mean: 706.0276398753748
nL: 3.0801856177654994
nR: 1.8661802573307738
norm: 0.7061356895646895
sigma: 34.42005153414691
sigmaL: 34.4832998628721
sigmaR: 24.04176047912996
widthL: 34.4832998628721
widthR: 24.04176047912996
x0: 706.0276398753748
