alphaL: 0.9997687755885717
alphaR: 1.1634182196570397
event_sum: 1.7990349867613986
mean: 702.3676437665389
nL: 2.0
nR: 2.9700508702914674
norm: 1.7990349867613986
sigma: 71.33056270853989
sigmaL: 72.77736459755718
sigmaR: 35.423964633045905
widthL: 72.77736459755718
widthR: 35.423964633045905
x0: 702.3676437665389
