alphaL: 1.0840294293438868
alphaR: 2.997285289717731
event_sum: 11.798867291305214
fraction: 0.9999945269451387
mean: 703.5075264349157
nL: 5.794345866119555
nR: 4.447266822614468
norm: 11.791988205164671
sigma: 39.49822136946172
sigmaL: 40.56111296491074
sigmaR: 24.758642001861688
widthL: 40.56111296491074
widthR: 24.758642001861688
x0: 703.5075264349157
