alphaL: 2.4079063852374594
alphaR: 2.83207662258666
event_sum: 0.29301350147579797
mean: 703.3606045136328
nL: 2.2515633761908194
nR: 2.123822883026963
norm: 0.29301350147579797
sigma: 34.51438458749532
sigmaL: 41.112132661866404
sigmaR: 23.715932083882766
widthL: 41.112132661866404
widthR: 23.715932083882766
x0: 703.3606045136328
