alphaL: 0.4795509324782966
alphaR: 0.8300026920607738
event_sum: 0.08464214640707059
mean: 3411.302763115508
nL: 1.0000687125530348
nR: 2.1842797995524323
norm: 0.08464214640707059
sigma: 340.0
sigmaL: 612.2161489757788
sigmaR: 73.0475508103407
widthL: 612.2161489757788
widthR: 73.0475508103407
x0: 3411.302763115508
