alphaL: 0.5579899628405867
alphaR: 0.6660718834737498
event_sum: 2.457655601989294
fraction: 0.6294592844708652
mean: 3377.029656002275
nL: 0.5821398408606387
nR: 4.5
norm: 0.6498876787173262
sigma: 340.0
sigmaL: 379.34560188239334
sigmaR: 79.37864106454057
widthL: 379.34560188239334
widthR: 79.37864106454057
x0: 3377.029656002275
