alphaL: 0.7336092453533656
alphaR: 1.5562654289587852
event_sum: 22.53641320951708
fraction: 0.9910783165494459
mean: 3396.617819436233
nL: 21.044472488103317
nR: 3.324287574981916
norm: 5.866935829817264
sigma: 316.0892424627246
sigmaL: 100.1292248997893
sigmaR: 79.4084460854327
widthL: 100.1292248997893
widthR: 79.4084460854327
x0: 3396.617819436233
