alphaL: 0.7392469575051864
alphaR: 1.6424614598587741
event_sum: 3.6801397949573986
fraction: 0.6168295838344218
mean: 3405.481565767024
nL: 0.4
nR: 3.1885827404233145
norm: 0.3911305624620696
sigma: 340.0
sigmaL: 614.6669125808382
sigmaR: 143.02753832003037
widthL: 614.6669125808382
widthR: 143.02753832003037
x0: 3405.481565767024
