alphaL: 0.04633905727709592
alphaR: 0.7684040825807243
event_sum: 0.05980810817903702
mean: 3486.143801432602
nL: 1.00034420962152
nR: 3.4706380897589235
norm: 0.05980810817903702
sigma: 340.0
sigmaL: 1047.2954512937808
sigmaR: 65.04367450894577
widthL: 1047.2954512937808
widthR: 65.04367450894577
x0: 3486.143801432602
