alphaL: 0.7308784517424873
alphaR: 0.8731596436687409
event_sum: 0.0415684703849065
mean: 3450.369408099163
nL: 0.13226281993486622
nR: 1.3667897214820135
norm: 0.0415684703849065
sigma: 340.0
sigmaL: 459.0403248125349
sigmaR: 54.8858129565925
widthL: 459.0403248125349
widthR: 54.8858129565925
x0: 3450.369408099163
