alphaL: 0.6984604583584437
alphaR: 1.1099573034531127
event_sum: 0.07138386114523163
mean: 3382.44087766309
nL: 0.38924100593670985
nR: 1.6278965751647314
norm: 0.07138386114523163
sigma: 340.0
sigmaL: 352.0390268058143
sigmaR: 88.7684201076078
widthL: 352.0390268058143
widthR: 88.7684201076078
x0: 3382.44087766309
