alphaL: 0.7224893560955636
alphaR: 2.1311897312859482
event_sum: 45.99183720466681
mean: 2595.1943370208232
nL: 117.56364664516121
nR: 1.7432531240616207
norm_2016: 11.318315862677991
norm_2017: 14.704659220995381
norm_2018: 21.3792532235384
norm_Run2: 45.99183720466681
sigma: 157.89859941050076
sigmaL: 80.8705359964553
sigmaR: 63.93498314865656
widthL: 80.8705359964553
widthR: 63.93498314865656
x0: 2595.1943370208232
