alphaL: 0.9918280499004122
alphaR: 1.452112200606489
event_sum: 11.283273129258305
mean: 2555.7564635801823
nL: 1.1182158239185813
nR: 4.281567372337614
norm_2016: 2.6534877875819802
norm_2017: 3.5465398121159524
norm_2018: 5.245096639730036
norm_Run2: 11.283273129258305
sigma: 145.6
sigmaL: 148.64844719054506
sigmaR: 114.77724133244385
widthL: 148.64844719054506
widthR: 114.77724133244385
x0: 2555.7564635801823
