alphaL: 1.3393252598009642
alphaR: 1.3571590609050765
event_sum: 0.5677049250982514
mean: 1058.4838401016343
nL: 2.087771897654356
nR: 3.4607013195355325
norm: 0.5677049250982514
sigma: 58.800000000000004
sigmaL: 82.66237999401767
sigmaR: 42.983461753197915
widthL: 82.66237999401767
widthR: 42.983461753197915
x0: 1058.4838401016343
