alphaL: 1.085660629552875
alphaR: 1.6802683319710148
event_sum: 0.5533540506885433
mean: 1050.3174625491365
nL: 1.7805114342287238
nR: 1.8408799394166366
norm: 0.5533540506885433
sigma: 58.800000000000004
sigmaL: 67.5590992469232
sigmaR: 48.428697571080264
widthL: 67.5590992469232
widthR: 48.428697571080264
x0: 1050.3174625491365
