alphaL: 1.066824238015712
alphaR: 1.5614666837078315
event_sum: 0.9765568446546153
mean: 1048.7092615040394
nL: 2.1327458499212915
nR: 2.972555743033809
norm: 0.9765568446546153
sigma: 58.800000000000004
sigmaL: 67.3033852863874
sigmaR: 51.74517082801663
widthL: 67.3033852863874
widthR: 51.74517082801663
x0: 1048.7092615040394
