alphaL: 0.9334390136167223
alphaR: 1.4711568964414563
event_sum: 1.0023453822227828
mean: 1051.8734454417777
nL: 3.147270935785767
nR: 3.721773413509352
norm: 1.0023453822227828
sigma: 58.800000000000004
sigmaL: 65.31237865277859
sigmaR: 47.068452281854334
widthL: 65.31237865277859
widthR: 47.068452281854334
x0: 1051.8734454417777
