alphaL: 0.7534294740615881
alphaR: 1.6043372161403113
event_sum: 10.383020776505402
fraction: 0.9894266272912975
mean: 1043.715096472737
nL: 4.87844645415521
nR: 4.5
norm: 10.257059846110828
sigma: 58.800000000000004
sigmaL: 55.89321297076468
sigmaR: 55.54413124120755
widthL: 55.89321297076468
widthR: 55.54413124120755
x0: 1043.715096472737
