alphaL: 1.0735027100204253
alphaR: 1.4428629293883495
event_sum: 5.861109251987362
fraction: 0.9895860113714368
mean: 1050.572629980385
nL: 3.201853999063647
nR: 4.03282878273594
norm: 5.7890388142163
sigma: 58.800000000000004
sigmaL: 69.99667720879448
sigmaR: 48.09497502148367
widthL: 69.99667720879448
widthR: 48.09497502148367
x0: 1050.572629980385
