alphaL: 1.3186415662143818
alphaR: 1.8339293314670133
event_sum: 4.357645364611524
fraction: 0.7762323233732786
mean: 2602.813276344999
nL: 0.40002785213870184
nR: 3.669640749883501
norm: 1.7715119494454903
sigma: 148.39999999999998
sigmaL: 184.27648580885133
sigmaR: 128.6126799515212
widthL: 184.27648580885133
widthR: 128.6126799515212
x0: 2602.813276344999
