alphaL: 1.0069256726808002
alphaR: 1.9242575831805089
event_sum: 0.18511842695134592
mean: 2592.6851818849946
nL: 1.0000164518159695
nR: 3.7808537291116577
norm: 0.18511842695134592
sigma: 148.39999999999998
sigmaL: 174.39296224742498
sigmaR: 143.94831854753673
widthL: 174.39296224742498
widthR: 143.94831854753673
x0: 2592.6851818849946
