alphaL: 0.8367289212633411
alphaR: 1.740518743553199
event_sum: 0.17481480601034716
mean: 2643.2211032968003
nL: 2.7878238508400095
nR: 1.6331900288984456
norm: 0.17481480601034716
sigma: 148.39999999999998
sigmaL: 196.29900359496756
sigmaR: 108.88621788330043
widthL: 196.29900359496756
widthR: 108.88621788330043
x0: 2643.2211032968003
