alphaL: 1.5574785007760006
alphaR: 1.3577801869748638
event_sum: 4.055892424380705
fraction: 0.8068403987026476
mean: 2617.1624619827926
nL: 0.4
nR: 4.5
norm: 2.5576611779926686
sigma: 148.39999999999998
sigmaL: 221.58248302997146
sigmaR: 114.20902936963225
widthL: 221.58248302997146
widthR: 114.20902936963225
x0: 2617.1624619827926
