alphaL: 0.8976150795249568
alphaR: 2.6604122568151514
event_sum: 0.25428494016028996
mean: 2574.1047715224545
nL: 1.083981107555091
nR: 2.561381613193078
norm: 0.25428494016028996
sigma: 148.39999999999998
sigmaL: 161.2632429464512
sigmaR: 165.11708221570558
widthL: 161.2632429464512
widthR: 165.11708221570558
x0: 2574.1047715224545
