alphaL: 0.9898862257825269
alphaR: 1.2579099865296837
event_sum: 0.2697510110588917
mean: 2631.800385331509
nL: 1.0514042901876721
nR: 2.847879618784304
norm: 0.2697510110588917
sigma: 148.39999999999998
sigmaL: 167.12738615071834
sigmaR: 91.89363500035915
widthL: 167.12738615071834
widthR: 91.89363500035915
x0: 2631.800385331509
