alphaL: 0.10882719802504413
alphaR: 1.2609731563560338
event_sum: 0.28777249702297975
mean: 3220.1801844671973
nL: 0.9999315729613976
nR: 3.366063943600894
norm: 0.28777249702297975
sigma: 320.0
sigmaL: 773.4029470337083
sigmaR: 99.39805321413193
widthL: 773.4029470337083
widthR: 99.39805321413193
x0: 3220.1801844671973
