alphaL: 0.7139020624545138
alphaR: 0.01
event_sum: 0.2168033944547881
mean: 3306.7753616221803
nL: 0.1
nR: 2.645558748311973
norm: 0.2168033944547881
sigma: 320.0
sigmaL: 359.81473174288965
sigmaR: 5.0
widthL: 359.81473174288965
widthR: 5.0
x0: 3306.7753616221803
