alphaL: 0.8610922252650381
alphaR: 1.2862307482881752
event_sum: 10.589024921169964
fraction: 0.6702054410315846
mean: 3150.0
nL: 0.4625800908529109
nR: 4.366778574189324
norm: 3.2444854608573293
sigma: 320.0
sigmaL: 333.3951733989801
sigmaR: 136.5984561741739
widthL: 333.3951733989801
widthR: 136.5984561741739
x0: 3150.0
