alphaL: 1.0506121893861338
alphaR: 1.5323983645288866
event_sum: 0.36799306881008176
mean: 3153.286365856525
nL: 0.12264048074220751
nR: 1.6119279989381552
norm: 0.36799306881008176
sigma: 320.0
sigmaL: 371.2903682256115
sigmaR: 135.00677257016227
widthL: 371.2903682256115
widthR: 135.00677257016227
x0: 3153.286365856525
