alphaL: 0.44887985591375945
alphaR: 0.875650870003184
event_sum: 14.727159813286127
fraction: 0.5907507816763357
mean: 3198.1207186263173
nL: 0.4
nR: 3.7270475251139965
norm: 1.844860951048019
sigma: 320.0
sigmaL: 320.76815719914083
sigmaR: 94.3854607276917
widthL: 320.76815719914083
widthR: 94.3854607276917
x0: 3198.1207186263173
