alphaL: 0.47107416910333516
alphaR: 1.2264383093139763
event_sum: 0.43201416679878474
mean: 3223.336961701967
nL: 0.9953264586607906
nR: 2.4998310939189805
norm: 0.43201416679878474
sigma: 320.0
sigmaL: 544.7849926694936
sigmaR: 94.76829896266487
widthL: 544.7849926694936
widthR: 94.76829896266487
x0: 3223.336961701967
