alphaL: 1.2050254846850936
alphaR: 1.486147665345455
event_sum: 8.171758953659678
fraction: 0.9269021367435031
mean: 1438.1029206471774
nL: 1.037183936950361
nR: 3.334511920790737
norm: 7.323790902366113
sigma: 81.2
sigmaL: 102.90654386240024
sigmaR: 67.56720665403195
widthL: 102.90654386240024
widthR: 67.56720665403195
x0: 1438.1029206471774
