alphaL: 1.0665882706807988
alphaR: 1.5315975479056094
event_sum: 6.184094469509632
fraction: 0.9549435349091898
mean: 1431.9691321300809
nL: 2.1646713951584426
nR: 3.201192363950001
norm: 5.815014642573632
sigma: 81.2
sigmaL: 94.48513884282745
sigmaR: 66.32996429234504
widthL: 94.48513884282745
widthR: 66.32996429234504
x0: 1431.9691321300809
