alphaL: 0.9674843222332679
alphaR: 1.5717389667577117
event_sum: 0.685280760551091
mean: 1444.530567817709
nL: 2.0460916420382653
nR: 1.8764153999912192
norm: 0.685280760551091
sigma: 81.2
sigmaL: 100.72907665141423
sigmaR: 63.27449549470158
widthL: 100.72907665141423
widthR: 63.27449549470158
x0: 1444.530567817709
