alphaL: 1.080349307720853
alphaR: 1.518423697708721
event_sum: 0.713453813006834
mean: 1438.1086723959936
nL: 1.8152151351051424
nR: 2.926941747971266
norm: 0.713453813006834
sigma: 81.2
sigmaL: 100.79076352705731
sigmaR: 67.66225183362431
widthL: 100.79076352705731
widthR: 67.66225183362431
x0: 1438.1086723959936
