alphaL: 0.9675095585823739
alphaR: 1.7680798435731782
event_sum: 0.5520647662616204
mean: 1425.9375321966916
nL: 2.561827444441929
nR: 2.11214790755957
norm: 0.5520647662616204
sigma: 81.2
sigmaL: 87.14360275908972
sigmaR: 71.21277113214576
widthL: 87.14360275908972
widthR: 71.21277113214576
x0: 1425.9375321966916
