alphaL: 0.8986147815183173
alphaR: 1.3739384197155609
event_sum: 0.5704000063595442
mean: 1437.772142506389
nL: 3.7524401144561637
nR: 3.4695247577215933
norm: 0.5704000063595442
sigma: 81.2
sigmaL: 92.07954486860423
sigmaR: 60.41043498314862
widthL: 92.07954486860423
widthR: 60.41043498314862
x0: 1437.772142506389
