alphaL: 0.5767410552770871
alphaR: 2.3934062546534713
event_sum: 0.2644088331554246
mean: 3041.977087358222
nL: 2.446588598858551
nR: 1.2418049983690684
norm: 0.2644088331554246
sigma: 176.4
sigmaL: 148.47398455168118
sigmaR: 179.34190847290827
widthL: 148.47398455168118
widthR: 179.34190847290827
x0: 3041.977087358222
