alphaL: 1.6993279968419137
alphaR: 1.3002807541932704
event_sum: 6.286247500979378
fraction: 0.7588986071487479
mean: 3118.272930863258
nL: 0.4
nR: 2.817606486811968
norm: 2.907961221375525
sigma: 176.4
sigmaL: 281.03348356608063
sigmaR: 104.14218266886873
widthL: 281.03348356608063
widthR: 104.14218266886873
x0: 3118.272930863258
