alphaL: 1.0848206782184515
alphaR: 1.0795036327422152
event_sum: 6.61215117573774
fraction: 0.7697228766447315
mean: 3110.379543471633
nL: 0.7337155520133358
nR: 4.5
norm: 1.3223986999456738
sigma: 176.4
sigmaL: 208.9392002720156
sigmaR: 103.25114173121241
widthL: 208.9392002720156
widthR: 103.25114173121241
x0: 3110.379543471633
