alphaL: 1.1576712748491533
alphaR: 1.873519251267281
event_sum: 0.12245384526657588
mean: 3066.380763351989
nL: 0.9939608781568534
nR: 3.9864482299095534
norm: 0.12245384526657588
sigma: 176.4
sigmaL: 191.1598741210772
sigmaR: 149.69383085606216
widthL: 191.1598741210772
widthR: 149.69383085606216
x0: 3066.380763351989
