alphaL: 0.9733982316102492
alphaR: 1.396898783828235
event_sum: 0.2794788666001962
mean: 3100.171191946522
nL: 1.0408149083758573
nR: 2.9699531962508607
norm: 0.2794788666001962
sigma: 176.4
sigmaL: 200.60978007594477
sigmaR: 110.28747632877835
widthL: 200.60978007594477
widthR: 110.28747632877835
x0: 3100.171191946522
