alphaL: 1.6481810624387483
alphaR: 2.321491460568355
event_sum: 0.11500444888645552
mean: 3060.059188839278
nL: 0.1
nR: 0.45796175635463904
norm: 0.11500444888645552
sigma: 176.4
sigmaL: 252.11345853413812
sigmaR: 164.03904121624947
widthL: 252.11345853413812
widthR: 164.03904121624947
x0: 3060.059188839278
