alphaL: 1.0359942448420008
alphaR: 1.173835784110344
event_sum: 7.384168924635976
mean: 2300.3156227558884
nL: 0.25167805002499094
nR: 6.768505425357559
norm_2016: 1.8873227283530984
norm_2017: 2.363339865136786
norm_2018: 3.2156923693464043
norm_Run2: 7.384168924635976
sigma: 235.0
sigmaL: 243.11396766423798
sigmaR: 118.05730329093912
widthL: 243.11396766423798
widthR: 118.05730329093912
x0: 2300.3156227558884
