alphaL: 0.42828352754904236
alphaR: 1.8675322754582604
event_sum: 0.5912819145130649
mean: 3020.2507492581594
nL: 3.406748620272619
nR: 1.791811886304564
norm: 0.5912819145130649
sigma: 173.6
sigmaL: 114.26314216361585
sigmaR: 144.9918390180382
widthL: 114.26314216361585
widthR: 144.9918390180382
x0: 3020.2507492581594
