alphaL: 1.5108941486543421
alphaR: 1.1743112791018486
event_sum: 13.361116570644292
fraction: 0.7879498470328651
mean: 3085.1797881974258
nL: 0.4
nR: 4.372280057601612
norm: 6.2467570178761065
sigma: 173.6
sigmaL: 285.0849140876051
sigmaR: 101.51062497767631
widthL: 285.0849140876051
widthR: 101.51062497767631
x0: 3085.1797881974258
