alphaL: 1.3533195718508304
alphaR: 0.898416076174675
event_sum: 0.6240057184289237
mean: 3109.143837177896
nL: 0.9340155209107726
nR: 2.502015004310695
norm: 0.6240057184289237
sigma: 173.6
sigmaL: 294.4140460194333
sigmaR: 58.771552553148105
widthL: 294.4140460194333
widthR: 58.771552553148105
x0: 3109.143837177896
