alphaL: 0.7663026476197936
alphaR: 1.3134219286417423
event_sum: 0.28370124167018795
mean: 3047.0642382377105
nL: 2.9252032753325516
nR: 2.9723083462360838
norm: 0.28370124167018795
sigma: 173.6
sigmaL: 178.13869255704876
sigmaR: 117.70583962314791
widthL: 178.13869255704876
widthR: 117.70583962314791
x0: 3047.0642382377105
