alphaL: 0.9537089784307251
alphaR: 1.9590870123636215
event_sum: 0.3073730351461102
mean: 3006.930723954137
nL: 0.9917440945106182
nR: 3.6581300195806805
norm: 0.3073730351461102
sigma: 173.6
sigmaL: 187.0754525936466
sigmaR: 169.11423448257756
widthL: 187.0754525936466
widthR: 169.11423448257756
x0: 3006.930723954137
