alphaL: 1.014479716976162
alphaR: 1.4301428780146188
event_sum: 14.925478343075081
fraction: 0.7419508545218486
mean: 3050.0
nL: 0.5549328094869622
nR: 4.094912051077829
norm: 3.1615213686519166
sigma: 173.6
sigmaL: 168.12824793167036
sigmaR: 132.92969327669584
widthL: 168.12824793167036
widthR: 132.92969327669584
x0: 3050.0
