alphaL: 1.1126566413386991
alphaR: 1.2219124145000348
event_sum: 9.575954262167215
fraction: 0.9823554744044249
mean: 1007.9102002626053
nL: 1.9230225799896365
nR: 3.1457551108195716
norm: 9.441638072021306
sigma: 100.0
sigmaL: 104.83269506937701
sigmaR: 47.06434226847181
widthL: 104.83269506937701
widthR: 47.06434226847181
x0: 1007.9102002626053
