alphaL: 1.098249197640415
alphaR: 1.347118380042756
event_sum: 0.5236356254754355
mean: 982.7207541840851
nL: 3.0293946139888397
nR: 4.4807852544015585
norm: 0.5236356254754355
sigma: 100.0
sigmaL: 84.01051480699215
sigmaR: 65.57312910316715
widthL: 84.01051480699215
widthR: 65.57312910316715
x0: 982.7207541840851
