alphaL: 1.0923767923250036
alphaR: 1.3007607614477064
event_sum: 9.575954262167215
fraction: 0.9906640550198741
mean: 1005.9826541888601
nL: 1.9450648676838884
nR: 2.9603180755591225
norm: 9.533486643224023
sigma: 100.0
sigmaL: 102.62907492046234
sigmaR: 49.673506280786924
widthL: 102.62907492046234
widthR: 49.673506280786924
x0: 1005.9826541888601
