alphaL: 0.946718645756408
alphaR: 1.7829129868244018
event_sum: 0.9575954403262585
mean: 986.2574639064114
nL: 3.1876261096546936
nR: 3.6967942262625875
norm: 0.9575954403262585
sigma: 100.0
sigmaL: 92.74795400297715
sigmaR: 70.2857089893444
widthL: 92.74795400297715
widthR: 70.2857089893444
x0: 986.2574639064114
