alphaL: 1.2043390322059249
alphaR: 1.0180933651144
event_sum: 5.248207606142387
fraction: 0.996502197694251
mean: 992.2009159979598
nL: 2.795494793730849
nR: 8.713263857847535
norm: 5.213640939560719
sigma: 100.0
sigmaL: 93.66158015443868
sigmaR: 54.387297080511644
widthL: 93.66158015443868
widthR: 54.387297080511644
x0: 992.2009159979598
