alphaL: 1.1291278640558458
alphaR: 1.7026670888522146
event_sum: 0.5236356254754355
mean: 977.5778039314818
nL: 2.2989314053559182
nR: 3.625347139216595
norm: 0.5236356254754355
sigma: 100.0
sigmaL: 81.02311999557358
sigmaR: 77.10716683460387
widthL: 81.02311999557358
widthR: 77.10716683460387
x0: 977.5778039314818
