alphaL: 1.0480828116029757
alphaR: 1.1555965210624732
event_sum: 0.4378115291838185
mean: 992.3651795817678
nL: 0.2002059503238072
nR: 1.5901691678586862
norm: 0.4378115291838185
sigma: 52.024142502549665
sigmaL: 93.29872735894384
sigmaR: 52.54355791326357
widthL: 93.29872735894384
widthR: 52.54355791326357
x0: 992.3651795817678
