alphaL: 1.0625750786025765
alphaR: 1.5378246198785912
event_sum: 0.7714292475648108
mean: 1000.2633460203614
nL: 0.20013741659152007
nR: 2.146269274111926
norm: 0.7714292475648108
sigma: 52.024142502549665
sigmaL: 97.08408857487412
sigmaR: 56.64982345412092
widthL: 97.08408857487412
widthR: 56.64982345412092
x0: 1000.2633460203614
