alphaL: 1.3849572532351555
alphaR: 1.5386247837965388
event_sum: 0.5224504826037446
mean: 998.7626907363239
nL: 1.9023381729948408
nR: 1.9542800913803624
norm: 0.5224504826037446
sigma: 100.0
sigmaL: 105.24928633125177
sigmaR: 56.37989337494691
widthL: 105.24928633125177
widthR: 56.37989337494691
x0: 998.7626907363239
