alphaL: 1.1145255914522767
alphaR: 1.2128355623188407
event_sum: 0.9561140117366449
mean: 1005.8884251222275
nL: 1.8226725891652023
nR: 3.7386431488607696
norm: 0.9561140117366449
sigma: 100.0
sigmaL: 104.15439282376019
sigmaR: 48.95059296670172
widthL: 104.15439282376019
widthR: 48.95059296670172
x0: 1005.8884251222275
