alphaL: 1.1991860837552113
alphaR: 1.153652398783869
event_sum: 0.5248207683471264
mean: 999.1016858788055
nL: 3.0248037113880963
nR: 2.7607875667322235
norm: 0.5248207683471264
sigma: 100.0
sigmaL: 95.24612857019997
sigmaR: 48.67986118121331
widthL: 95.24612857019997
widthR: 48.67986118121331
x0: 999.1016858788055
