alphaL: 1.1115948168227827
alphaR: 1.1936319130253032
event_sum: 0.9561140117366449
mean: 1007.2393227630739
nL: 1.8702010739309727
nR: 3.631941329255503
norm: 0.9561140117366449
sigma: 100.0
sigmaL: 104.16590887156218
sigmaR: 47.69384419205837
widthL: 104.16590887156218
widthR: 47.69384419205837
x0: 1007.2393227630739
