alphaL: 1.2232493461743779
alphaR: 1.2233277754037069
event_sum: 5.248207606142387
fraction: 0.986644796606581
mean: 990.4910540867562
nL: 2.6065652080059936
nR: 4.306955345352683
norm: 5.179074272979051
sigma: 100.0
sigmaL: 92.38476556902464
sigmaR: 58.02913781381131
widthL: 92.38476556902464
widthR: 58.02913781381131
x0: 990.4910540867562
