alphaL: 1.1342836695978236
alphaR: 1.497962861104551
event_sum: 0.9548301069589797
mean: 1007.9183017435643
nL: 1.5052282624335562
nR: 1.7405600109039712
norm: 0.9548301069589797
sigma: 100.0
sigmaL: 99.75704825988109
sigmaR: 47.72883076234212
widthL: 99.75704825988109
widthR: 47.72883076234212
x0: 1007.9183017435643
