alphaL: 0.9758083106759919
alphaR: 1.381302975612567
event_sum: 16.45600022340659
fraction: 0.9930000600359544
mean: 980.1617851585254
nL: 5.438996162281058
nR: 3.984508346025036
norm: 5.213640939560719
sigma: 100.0
sigmaL: 82.68717535070567
sigmaR: 64.130638308277
widthL: 82.68717535070567
widthR: 64.130638308277
x0: 980.1617851585254
