alphaL: 1.323045686903358
alphaR: 1.8469562930374754
event_sum: 2.694861545847655
mean: 2790.8424971035483
nL: 4.36800879070434
nR: 4.037914550583662
norm: 2.694861545847655
sigma: 123.00911621601864
sigmaL: 105.97993744668852
sigmaR: 67.81781443273647
widthL: 105.97993744668852
widthR: 67.81781443273647
x0: 2790.8424971035483
