alphaL: 1.1541809884959808
alphaR: 1.9592375829749458
event_sum: 4.181367070045608
mean: 2789.665578789796
nL: 4.877373623087145
nR: 4.268490364731348
norm: 4.181367070045608
sigma: 123.00911621601864
sigmaL: 103.84123574315903
sigmaR: 62.03809986202962
widthL: 103.84123574315903
widthR: 62.03809986202962
x0: 2789.665578789796
