alphaL: 1.1909299665025974
alphaR: 1.7220842707997204
event_sum: 1.1064485106152855
mean: 2798.585522146248
nL: 4.631899520118479
nR: 3.0440843853808186
norm: 1.1064485106152855
sigma: 185.75917980744947
sigmaL: 108.61022255818382
sigmaR: 71.10761661453051
widthL: 108.61022255818382
widthR: 71.10761661453051
x0: 2798.585522146248
