alphaL: 1.2828277213937034
alphaR: 1.6614385148683837
event_sum: 1.108005261302517
mean: 2797.933743215018
nL: 4.1596664944280235
nR: 3.137619277425268
norm: 1.108005261302517
sigma: 185.75917980744947
sigmaL: 111.87815981792338
sigmaR: 70.47811739829848
widthL: 111.87815981792338
widthR: 70.47811739829848
x0: 2797.933743215018
