alphaL: 1.1426172784348145
alphaR: 1.937767157513404
event_sum: 22.206109644708896
fraction: 0.998005489736368
mean: 2799.6127816667927
nL: 10.0
nR: 1.9735281460327965
norm: 22.15494810623959
sigma: 183.73360317262268
sigmaL: 113.31692383371596
sigmaR: 62.99775454576627
widthL: 113.31692383371596
widthR: 62.99775454576627
x0: 2799.6127816667927
