alphaL: 1.1302765997619566
alphaR: 2.0790737033545987
event_sum: 2.6845678149360332
mean: 2784.0490491377013
nL: 4.68797521378359
nR: 3.0397008921391295
norm: 2.6845678149360332
sigma: 123.00911621601864
sigmaL: 95.63828961904446
sigmaR: 72.3591752692358
widthL: 95.63828961904446
widthR: 72.3591752692358
x0: 2784.0490491377013
