alphaL: 1.5576612298548946
alphaR: 1.8690071111601676
event_sum: 2.215578926227692
mean: 2808.4298649740404
nL: 4.469076854047314
nR: 1.9303419946365803
norm: 2.215578926227692
sigma: 185.75917980744947
sigmaL: 134.37492268796655
sigmaR: 58.631365156511855
widthL: 134.37492268796655
widthR: 58.631365156511855
x0: 2808.4298649740404
