alphaL: 1.3837143983996851
alphaR: 1.9119391414503901
event_sum: 4.198865660656362
mean: 2795.1813137237664
nL: 4.478519557725772
nR: 4.221198505626922
norm: 4.198865660656362
sigma: 123.00911621601864
sigmaL: 116.64205029454075
sigmaR: 59.6662587699746
widthL: 116.64205029454075
widthR: 59.6662587699746
x0: 2795.1813137237664
