alphaL: 1.401890811857963
alphaR: 1.9483743342838282
event_sum: 2.2126646880075285
mean: 2802.718605072434
nL: 4.572935968257681
nR: 1.8622942633293063
norm: 2.2126646880075285
sigma: 185.75917980744947
sigmaL: 123.29997953948141
sigmaR: 61.72781140353514
widthL: 123.29997953948141
widthR: 61.72781140353514
x0: 2802.718605072434
