alphaL: 1.0029193064597108
alphaR: 1.6753790797573682
event_sum: 11.16320985891428
fraction: 0.998445046783099
mean: 2796.2682663163046
nL: 10.0
nR: 3.054469663925336
norm: 11.077393022341512
sigma: 183.73360317262268
sigmaL: 101.31604063185203
sigmaR: 71.18251117742912
widthL: 101.31604063185203
widthR: 71.18251117742912
x0: 2796.2682663163046
