alphaL: 1.1452275465404858
alphaR: 1.9938043698976302
event_sum: 4.2195654354500745
fraction: 0.9991355220870926
mean: 2790.2971444466584
nL: 9.898352816484474
nR: 3.8408563394976962
norm: 4.219983263906969
sigma: 122.57866667761333
sigmaL: 106.83098866518355
sigmaR: 61.38544973500961
widthL: 106.83098866518355
widthR: 61.38544973500961
x0: 2790.2971444466584
