alphaL: 1.1293820131195988
alphaR: 2.152623813537073
event_sum: 2.698672744217277
fraction: 0.9992740735371689
mean: 2784.9278657383506
nL: 9.907209954797624
nR: 2.92228428570355
norm: 2.698682969169226
sigma: 122.57866667761333
sigmaL: 99.16260572632264
sigmaR: 71.84113855264538
widthL: 99.16260572632264
widthR: 71.84113855264538
x0: 2784.9278657383506
