alphaL: 1.226316784463217
alphaR: 1.5712771378670671
event_sum: 0.11266062815821888
mean: 2914.7984891152532
nL: 1.0525914252056023
nR: 1.611301174648065
norm: 0.11266062815821888
sigma: 162.4
sigmaL: 271.853663648485
sigmaR: 96.19471624134259
widthL: 271.853663648485
widthR: 96.19471624134259
x0: 2914.7984891152532
