alphaL: 0.8464781876903775
alphaR: 1.6966246226348118
event_sum: 0.11953278437123226
mean: 2847.895523202675
nL: 1.0031124591785994
nR: 3.997543359947073
norm: 0.11953278437123226
sigma: 162.4
sigmaL: 174.39718823904457
sigmaR: 135.23458240038474
widthL: 174.39718823904457
widthR: 135.23458240038474
x0: 2847.895523202675
