alphaL: 1.5886452491748604
alphaR: 1.4247488658136551
event_sum: 3.433755641245842
fraction: 0.7765316796813947
mean: 2862.320926591229
nL: 0.4
nR: 3.5486456205835157
norm: 1.8063258292174924
sigma: 162.4
sigmaL: 261.7578531118082
sigmaR: 125.27386931415724
widthL: 261.7578531118082
widthR: 125.27386931415724
x0: 2862.320926591229
