alphaL: 1.2213238375026554
alphaR: 1.674264112838017
event_sum: 3.8678082834769234
fraction: 0.7419636610919906
mean: 2861.910201786551
nL: 0.4
nR: 3.4930293655076334
norm: 1.121675416422073
sigma: 162.4
sigmaL: 199.95732385207612
sigmaR: 122.86467498415887
widthL: 199.95732385207612
widthR: 122.86467498415887
x0: 2861.910201786551
