alphaL: 0.9672979659358691
alphaR: 1.3955615906208434
event_sum: 0.1937627053566228
mean: 2860.838943531211
nL: 1.0622376472326636
nR: 3.009634747130783
norm: 0.1937627053566228
sigma: 162.4
sigmaL: 184.63165548219987
sigmaR: 114.95945354694081
widthL: 184.63165548219987
widthR: 114.95945354694081
x0: 2860.838943531211
