alphaL: 1.3386735292558765
alphaR: 1.9434987853538603
event_sum: 0.18204393051130405
mean: 2847.9257766073265
nL: 0.1
nR: 2.592183044242168
norm: 0.18204393051130405
sigma: 162.4
sigmaL: 228.69715154873757
sigmaR: 140.21968580992086
widthL: 228.69715154873757
widthR: 140.21968580992086
x0: 2847.9257766073265
