alphaL: 1.4538900621486943
alphaR: 2.7516802473309334
event_sum: 22.388629596558467
fraction: 0.9987725081001356
mean: 1258.8389231807703
nL: 9.98939193006746
nR: 1.6589146403730366
norm: 22.384127066206865
sigma: 61.17731840040831
sigmaL: 61.632669502829884
sigmaR: 34.996736227926306
widthL: 61.632669502829884
widthR: 34.996736227926306
x0: 1258.8389231807703
