alphaL: 1.1480529269982849
alphaR: 1.8905389733882088
event_sum: 11.329146143264705
fraction: 0.9984403599084354
mean: 1259.908707407372
nL: 9.992762200066702
nR: 4.009963985107143
norm: 11.32185405011151
sigma: 65.1856723374436
sigmaL: 54.12598563217111
sigmaR: 37.81278161832151
widthL: 54.12598563217111
widthR: 37.81278161832151
x0: 1259.908707407372
