alphaL: 1.4795984514277338
alphaR: 2.7920261886477062
event_sum: 22.24553802731223
mean: 1258.2465447140835
nL: 4.934176196350163
nR: 1.5132337984070456
norm: 22.24553802731223
sigma: 61.10879561787115
sigmaL: 60.50157358030239
sigmaR: 35.24881305428953
widthL: 60.50157358030239
widthR: 35.24881305428953
x0: 1258.2465447140835
