alphaL: 1.0194855759199595
alphaR: 2.1992354341727136
event_sum: 124.97720413515843
fraction: 0.9958772183560982
mean: 1251.4491753552547
nL: 136.38239071501454
nR: 4.6179760891313375
norm: 40.60822523917947
sigma: 60.96160930427917
sigmaL: 50.666499720577036
sigmaR: 38.254303569824934
widthL: 50.666499720577036
widthR: 38.254303569824934
x0: 1251.4491753552547
