alphaL: 1.5429738675126814
alphaR: 2.5541121888320593
event_sum: 0.8254427576026067
mean: 1261.0554435307636
nL: 4.4386117842907655
nR: 1.8284333392159557
norm: 0.8254427576026067
sigma: 65.18257337242653
sigmaL: 62.263254647019295
sigmaR: 33.90240545456222
widthL: 62.263254647019295
widthR: 33.90240545456222
x0: 1261.0554435307636
