alphaL: 1.2784372127931687
alphaR: 1.9594063460125857
event_sum: 1.126782920056786
mean: 1259.9622700296552
nL: 3.5836368573568476
nR: 3.028618261677297
norm: 1.126782920056786
sigma: 65.18257337242653
sigmaL: 55.0941747342916
sigmaR: 37.97976608180184
widthL: 55.0941747342916
widthR: 37.97976608180184
x0: 1259.9622700296552
