alphaL: 1.5931471251328362
alphaR: 2.043410528909054
event_sum: 8.26559334904841
fraction: 0.9984400882327557
mean: 1262.8457959323298
nL: 6.07224745676617
nR: 3.668543631224891
norm: 8.263473731690043
sigma: 65.1856723374436
sigmaL: 64.2545207899006
sigmaR: 32.307818725575885
widthL: 64.2545207899006
widthR: 32.307818725575885
x0: 1262.8457959323298
