alphaL: 1.3771980839771731
alphaR: 2.1336575153981583
event_sum: 40.68793326823056
fraction: 0.9993561049299459
mean: 1261.2515528288386
nL: 9.99395206841306
nR: 4.5
norm: 40.68169383869188
sigma: 61.17731840040831
sigmaL: 59.30840393630612
sigmaR: 36.86244111957955
widthL: 59.30840393630612
widthR: 36.86244111957955
x0: 1261.2515528288386
