alphaL: 1.4054900045879812
alphaR: 1.8551628884256168
event_sum: 1.1302676194581331
mean: 1261.9160490558015
nL: 4.24006498775492
nR: 3.851301407911336
norm: 1.1302676194581331
sigma: 65.18257337242653
sigmaL: 58.304727164691194
sigmaR: 36.301134327216886
widthL: 58.304727164691194
widthR: 36.301134327216886
x0: 1261.9160490558015
