alphaL: 1.6050280493357738
alphaR: 2.443108620126575
event_sum: 0.8229252544479253
mean: 1260.6011864019897
nL: 2.5839316918984947
nR: 2.1011801561972367
norm: 0.8229252544479253
sigma: 65.18257337242653
sigmaL: 60.98905279915215
sigmaR: 34.01100215423567
widthL: 60.98905279915215
widthR: 34.01100215423567
x0: 1260.6011864019897
