alphaL: 1.4078672330556476
alphaR: 2.260415171854308
event_sum: 40.51887700209605
mean: 1261.0005333886377
nL: 4.964681712107075
nR: 3.3787943248790335
norm: 40.51887700209605
sigma: 61.10879561787115
sigmaL: 58.77668731985447
sigmaR: 37.0647443716765
widthL: 58.77668731985447
widthR: 37.0647443716765
x0: 1261.0005333886377
