alphaL: 1.7139333640281507
alphaR: 2.3424517319459337
event_sum: 22.314945858753088
mean: 1260.175193517473
nL: 4.235323915224173
nR: 4.388719740035744
norm: 22.314945858753088
sigma: 61.10879561787115
sigmaL: 64.30650612256228
sigmaR: 34.272270507337616
widthL: 64.30650612256228
widthR: 34.272270507337616
x0: 1260.175193517473
