alphaL: 1.5588957445088172
alphaR: 2.133202873988898
event_sum: 40.65194241222717
mean: 1262.2450880081274
nL: 4.4884371221882455
nR: 4.3642570259571105
norm: 40.65194241222717
sigma: 61.10879561787115
sigmaL: 61.257758749307655
sigmaR: 36.37647902437511
widthL: 61.257758749307655
widthR: 36.37647902437511
x0: 1262.2450880081274
