alphaL: 0.9513667133770826
alphaR: 1.345253293886042
event_sum: 4.854742577360736
fraction: 0.9919035608653751
mean: 749.3723529013164
nL: 2.1333303756124327
nR: 3.2682251940155544
norm: 4.815095010629603
sigma: 42.0
sigmaL: 50.60583690587134
sigmaR: 33.86365598254716
widthL: 50.60583690587134
widthR: 33.86365598254716
x0: 749.3723529013164
