alphaL: 1.4934101257566694
alphaR: 1.6526299016365429
event_sum: 1.1473616038054766
mean: 750.0983632608979
nL: 2.5258352696468713
nR: 1.9011713452284469
norm: 1.1473616038054766
sigma: 42.0
sigmaL: 53.32817996067783
sigmaR: 38.01947207924825
widthL: 53.32817996067783
widthR: 38.01947207924825
x0: 750.0983632608979
