alphaL: 1.0105696246676839
alphaR: 1.5377805136778027
event_sum: 11.570087367897248
fraction: 0.9953091778424249
mean: 746.290448307219
nL: 8.626248997413997
nR: 3.9953295767627317
norm: 11.505756004205697
sigma: 42.0
sigmaL: 48.580255326978694
sigmaR: 40.956278339854755
widthL: 48.580255326978694
widthR: 40.956278339854755
x0: 746.290448307219
