alphaL: 0.7010517925814884
alphaR: 1.5933452588076786
event_sum: 0.48012700849279116
mean: 747.1411690571572
nL: 2.506001069949971
nR: 1.821554321530702
norm: 0.48012700849279116
sigma: 42.0
sigmaL: 37.31645595570792
sigmaR: 36.64405672754423
widthL: 37.31645595570792
widthR: 36.64405672754423
x0: 747.1411690571572
