alphaL: 0.6180052745314703
alphaR: 1.3058879904959058
event_sum: 0.47886067445648767
mean: 750.3078143408624
nL: 3.628223650070229
nR: 2.874072164552442
norm: 0.47886067445648767
sigma: 42.0
sigmaL: 41.0325862239978
sigmaR: 30.741714600857936
widthL: 41.0325862239978
widthR: 30.741714600857936
x0: 750.3078143408624
