alphaL: 0.9630298393546888
alphaR: 1.5072906177920353
event_sum: 1.1444560685134588
mean: 747.5523976953004
nL: 4.680405949254458
nR: 3.4323380878024383
norm: 1.1444560685134588
sigma: 42.0
sigmaL: 47.61453110179232
sigmaR: 39.576368792439155
widthL: 47.61453110179232
widthR: 39.576368792439155
x0: 747.5523976953004
