alphaL: 1.0168895124461252
alphaR: 1.0749833974211203
event_sum: 6.385554788646481
fraction: 0.7386898508627824
mean: 2078.2227793555344
nL: 0.40736239467947427
nR: 3.803085832537703
norm: 3.3700908731277033
sigma: 210.0
sigmaL: 205.35437312332152
sigmaR: 81.9011422045466
widthL: 205.35437312332152
widthR: 81.9011422045466
x0: 2078.2227793555344
