alphaL: 0.9155878414781974
alphaR: 1.2111509826301123
event_sum: 5.828116613702317
fraction: 0.8064325933413745
mean: 2066.4950553598715
nL: 0.8456171105454783
nR: 4.315408033579218
norm: 4.099460311506407
sigma: 210.0
sigmaL: 167.02928336159215
sigmaR: 103.39459691789388
widthL: 167.02928336159215
widthR: 103.39459691789388
x0: 2066.4950553598715
