alphaL: 0.5713152965845659
alphaR: 0.9635184533226339
event_sum: 0.42696042153400204
mean: 2131.583876542899
nL: 1.0006399007335156
nR: 2.787129781281974
norm: 0.42696042153400204
sigma: 210.0
sigmaL: 282.4094637960986
sigmaR: 56.557902055826894
widthL: 282.4094637960986
widthR: 56.557902055826894
x0: 2131.583876542899
