alphaL: 1.122927425263354
alphaR: 1.5464516941832847
event_sum: 0.3669133866546276
mean: 2052.0251644939453
nL: 0.22182519929188407
nR: 2.6857930833660673
norm: 0.3669133866546276
sigma: 210.0
sigmaL: 188.73822032036867
sigmaR: 121.03718988387682
widthL: 188.73822032036867
widthR: 121.03718988387682
x0: 2052.0251644939453
