alphaL: 0.9881777735313733
alphaR: 1.4447464725405113
event_sum: 0.4360891869985592
mean: 2060.5723240830253
nL: 0.6274557775522922
nR: 2.7930272846842095
norm: 0.4360891869985592
sigma: 210.0
sigmaL: 175.0744471288904
sigmaR: 115.71642229534817
widthL: 175.0744471288904
widthR: 115.71642229534817
x0: 2060.5723240830253
