alphaL: 0.7856991683441985
alphaR: 1.0851153685077772
event_sum: 0.47985436044199825
mean: 2098.738860006335
nL: 0.9986184165523206
nR: 3.305111818679653
norm: 0.47985436044199825
sigma: 210.0
sigmaL: 193.75995598003678
sigmaR: 78.74864573123531
widthL: 193.75995598003678
widthR: 78.74864573123531
x0: 2098.738860006335
