alphaL: 0.982668948929489
alphaR: 1.9576973839998404
event_sum: 2.5430249502975357
fraction: 0.9929573883880596
mean: 3243.8881150218444
nL: 13.80326983262806
nR: 3.0873506616956856
norm: 0.787516620309715
sigma: 144.88143976721665
sigmaL: 109.17615898430672
sigmaR: 74.4967077867868
widthL: 109.17615898430672
widthR: 74.4967077867868
x0: 3243.8881150218444
