alphaL: 1.4688878058517663
alphaR: 1.5973508584432572
event_sum: 1.2658108563061072
mean: 3257.3913638128624
nL: 4.803256573431674
nR: 2.844643656692338
norm: 1.2658108563061072
sigma: 286.40091803206326
sigmaL: 147.06769811678416
sigmaR: 65.72411264676794
widthL: 147.06769811678416
widthR: 65.72411264676794
x0: 3257.3913638128624
