alphaL: 0.636318956808464
alphaR: 1.7647069949138363
event_sum: 6.233742524403416
fraction: 0.9980938275849428
mean: 3244.4873400995084
nL: 9.944342503368684
nR: 2.9253348631998732
norm: 6.124531769957815
sigma: 284.27323557904475
sigmaL: 89.89722319628892
sigmaR: 76.4416892658862
widthL: 89.89722319628892
widthR: 76.4416892658862
x0: 3244.4873400995084
