alphaL: 0.8653804202172419
alphaR: 2.0164815368205247
event_sum: 0.8158996226581441
mean: 3231.223118353864
nL: 5.0
nR: 2.5464528745975397
norm: 0.8158996226581441
sigma: 153.3533880682205
sigmaL: 91.95619289703617
sigmaR: 78.97044697773234
widthL: 91.95619289703617
widthR: 78.97044697773234
x0: 3231.223118353864
