alphaL: 0.936743668242469
alphaR: 1.8757785690625814
event_sum: 0.7879070094553251
fraction: 0.9991221500340031
mean: 3237.0123542463493
nL: 9.757165914726109
nR: 4.31325864152754
norm: 0.7872268003337903
sigma: 152.4156093641946
sigmaL: 103.65951485816713
sigmaR: 76.11431011313384
widthL: 103.65951485816713
widthR: 76.11431011313384
x0: 3237.0123542463493
