alphaL: 1.0422167854389086
alphaR: 2.358210264606222
event_sum: 0.8142115510139958
mean: 3234.8448184796366
nL: 3.9283256266643405
nR: 1.5721777299519304
norm: 0.8142115510139958
sigma: 153.3533880682205
sigmaL: 101.81177392371414
sigmaR: 79.21700640398589
widthL: 101.81177392371414
widthR: 79.21700640398589
x0: 3234.8448184796366
