alphaL: 1.4867965392788163
alphaR: 1.3967732448881889
event_sum: 1.2667066600130552
mean: 3260.8695079707977
nL: 4.4579642531043335
nR: 3.163264474996287
norm: 1.2667066600130552
sigma: 286.40091803206326
sigmaL: 148.82941036758749
sigmaR: 62.39473638391487
widthL: 148.82941036758749
widthR: 62.39473638391487
x0: 3260.8695079707977
