alphaL: 1.4200370672311695
alphaR: 0.16053810417701203
event_sum: 0.6717234287633584
mean: 3301.5080214185136
nL: 5.0
nR: 5.0
norm: 0.6717234287633584
sigma: 286.40091803206326
sigmaL: 166.4769917458217
sigmaR: 11.702582419619048
widthL: 166.4769917458217
widthR: 11.702582419619048
x0: 3301.5080214185136
