alphaL: 0.9464935042197261
alphaR: 1.6636298329330155
event_sum: 11.606768963491016
fraction: 0.9998449060092813
mean: 3243.6041996946556
nL: 9.978071460784479
nR: 2.937361299703232
norm: 11.548628282052588
sigma: 284.27323557904475
sigmaL: 110.7629538772052
sigmaR: 72.5419030697806
widthL: 110.7629538772052
widthR: 72.5419030697806
x0: 3243.6041996946556
