alphaL: 1.0488006841421857
alphaR: 2.23130983803833
event_sum: 1.024108136288358
mean: 3235.976154488233
nL: 4.124051175924413
nR: 2.4660369055993496
norm: 1.024108136288358
sigma: 153.3533880682205
sigmaL: 117.61530676676301
sigmaR: 75.21896471925234
widthL: 117.61530676676301
widthR: 75.21896471925234
x0: 3235.976154488233
