alphaL: 1.3333397377390024
alphaR: 1.3398881144189825
event_sum: 1.0286951868018572
mean: 3255.070493652469
nL: 4.452875308731725
nR: 5.0
norm: 1.0286951868018572
sigma: 153.3533880682205
sigmaL: 140.84156148954966
sigmaR: 60.227590071686166
widthL: 140.84156148954966
widthR: 60.227590071686166
x0: 3255.070493652469
