alphaL: 1.0268892446086675
alphaR: 1.8188464615994944
event_sum: 0.6729211069097785
mean: 3240.5974257007833
nL: 4.644968269476288
nR: 3.1526701113055915
norm: 0.6729211069097785
sigma: 286.40091803206326
sigmaL: 110.14001719640315
sigmaR: 81.34918542391193
widthL: 110.14001719640315
widthR: 81.34918542391193
x0: 3240.5974257007833
