alphaL: 1.1095030287863978
alphaR: 1.8498435076623696
event_sum: 1.0132829211056535
fraction: 0.9987890401298362
mean: 3243.9302273561366
nL: 8.94545253215345
nR: 3.821383889768927
norm: 1.0129448479532102
sigma: 152.4156093641946
sigmaL: 127.17040535388658
sigmaR: 69.11159630326274
widthL: 127.17040535388658
widthR: 69.11159630326274
x0: 3243.9302273561366
