alphaL: 1.217686467231765
alphaR: 1.545481333002944
event_sum: 0.8770500710525084
mean: 2006.634980959164
nL: 4.477325570099096
nR: 3.6167926529893846
norm: 0.8770500710525084
sigma: 107.3990318835972
sigmaL: 82.70364042640774
sigmaR: 46.36329083920304
widthL: 82.70364042640774
widthR: 46.36329083920304
x0: 2006.634980959164
