alphaL: 1.263126571326984
alphaR: 2.132703577804131
event_sum: 1.0438570340484148
mean: 2003.3729918617894
nL: 3.406675377753358
nR: 1.807721134514629
norm: 1.0438570340484148
sigma: 107.3990318835972
sigmaL: 85.90333580688244
sigmaR: 45.659375845416875
widthL: 85.90333580688244
widthR: 45.659375845416875
x0: 2003.3729918617894
