alphaL: 1.370817624375912
alphaR: 2.06039885942648
event_sum: 10.50448982580565
mean: 2003.775260613499
nL: 4.499852723960237
nR: 2.023254302915652
norm: 10.50448982580565
sigma: 107.3990318835972
sigmaL: 88.6742831297608
sigmaR: 45.788234628419616
widthL: 88.6742831297608
widthR: 45.788234628419616
x0: 2003.775260613499
