alphaL: 1.3555114361933331
alphaR: 1.9685191101702249
event_sum: 7.829273704788648
mean: 2000.4949450164763
nL: 4.7081022193238775
nR: 3.5414441965556276
norm: 7.829273704788648
sigma: 93.80945133781825
sigmaL: 90.8637213381998
sigmaR: 46.7409291073347
widthL: 90.8637213381998
widthR: 46.7409291073347
x0: 2000.4949450164763
