alphaL: 1.5909274237243354
alphaR: 2.0445567762301615
event_sum: 7.865231685223989
mean: 2001.975690355042
nL: 3.934414763570934
nR: 2.82354975355399
norm: 7.865231685223989
sigma: 93.80945133781825
sigmaL: 96.30074964349569
sigmaR: 46.37941297075765
widthL: 96.30074964349569
widthR: 46.37941297075765
x0: 2001.975690355042
