alphaL: 1.121855327877227
alphaR: 1.4818103707101344
event_sum: 0.874363484341302
mean: 2007.8502991219057
nL: 4.999564741115766
nR: 4.0635016337553695
norm: 0.874363484341302
sigma: 107.3990318835972
sigmaL: 80.70351830322899
sigmaR: 45.131197356916886
widthL: 80.70351830322899
widthR: 45.131197356916886
x0: 2007.8502991219057
