alphaL: 1.3367827268515038
alphaR: 2.0912074032251384
event_sum: 8.676207204116508
mean: 1999.8345285573012
nL: 4.4999686442992255
nR: 3.182556677442947
norm: 8.676207204116508
sigma: 93.80945133781825
sigmaL: 80.21709658403455
sigmaR: 50.47240971321888
widthL: 80.21709658403455
widthR: 50.47240971321888
x0: 1999.8345285573012
