alphaL: 1.24757399235318
alphaR: 1.5243051349139005
event_sum: 0.8770500710525084
mean: 2007.9487974258302
nL: 4.499440760853087
nR: 3.6006344912050787
norm: 0.8770500710525084
sigma: 107.3990318835972
sigmaL: 84.46669729079407
sigmaR: 45.30546772466987
widthL: 84.46669729079407
widthR: 45.30546772466987
x0: 2007.9487974258302
