alphaL: 1.5268347486965557
alphaR: 2.1100876645733844
event_sum: 8.689691781415604
mean: 2002.454807317683
nL: 4.499982286944848
nR: 3.0239713228215144
norm: 8.689691781415604
sigma: 93.28438154543998
sigmaL: 87.14708538744017
sigmaR: 49.493545980954664
widthL: 87.14708538744017
widthR: 49.493545980954664
x0: 2002.454807317683
