alphaL: 1.0792584028207342
alphaR: 1.5568808309517501
event_sum: 8.324004102381878
fraction: 0.9980700163489437
mean: 2007.3906017954962
nL: 9.974695331790642
nR: 3.5002067256430385
norm: 8.313343253801577
sigma: 107.4471429929559
sigmaL: 81.22152975073469
sigmaR: 45.480863943610416
widthL: 81.22152975073469
widthR: 45.480863943610416
x0: 2007.3906017954962
