alphaL: 1.413838389639707
alphaR: 1.9671293097235873
event_sum: 7.463216634117998
fraction: 0.9988528557705818
mean: 2003.0573197341866
nL: 9.372777647970528
nR: 3.0558710272523415
norm: 7.461718384874985
sigma: 93.33988635550011
sigmaL: 96.27428198564839
sigmaR: 45.33672571216166
widthL: 96.27428198564839
widthR: 45.33672571216166
x0: 2003.0573197341866
