alphaL: 1.0435440116368828
alphaR: 2.1330718224741405
event_sum: 9.97148764890153
fraction: 0.9969720032543121
mean: 2000.4778991321057
nL: 9.990304182184575
nR: 1.8937341490819386
norm: 9.962023124913685
sigma: 107.4471429929559
sigmaL: 78.09058209611605
sigmaR: 46.84115804747991
widthL: 78.09058209611605
widthR: 46.84115804747991
x0: 2000.4778991321057
