alphaL: 0.9585709489383658
alphaR: 1.9786457680244325
event_sum: 29.125260516651906
fraction: 0.994600992219546
mean: 1999.42441468348
nL: 40.88218168147751
nR: 4.577424945591301
norm: 8.178861389751546
sigma: 92.89629974140715
sigmaL: 73.07413661317005
sigmaR: 51.23376878326561
widthL: 73.07413661317005
widthR: 51.23376878326561
x0: 1999.42441468348
