alphaL: 1.1763126001907764
alphaR: 2.1056777014578723
event_sum: 1.0483649455854902
mean: 1999.8686209500434
nL: 4.447960998924701
nR: 2.1152416061433237
norm: 1.0483649455854902
sigma: 107.3990318835972
sigmaL: 79.67198755919104
sigmaR: 47.48860414266834
widthL: 79.67198755919104
widthR: 47.48860414266834
x0: 1999.8686209500434
