alphaL: 1.0887372838776472
alphaR: 2.3187703631834133
event_sum: 8.212739638402127
fraction: 0.9988225982596686
mean: 1996.1726171298583
nL: 9.948436844417001
nR: 2.4816127487571205
norm: 8.211241389159113
sigma: 93.33988635550011
sigmaL: 72.57081391792433
sigmaR: 53.02218153935486
widthL: 72.57081391792433
widthR: 53.02218153935486
x0: 1996.1726171298583
