alphaL: 1.3923228406729211
alphaR: 2.1348065498318536
event_sum: 8.676207204116508
mean: 2000.4627883843627
nL: 3.9970973362533524
nR: 2.9680014766084803
norm: 8.676207204116508
sigma: 93.80945133781825
sigmaL: 81.87361149775296
sigmaR: 50.3882545274458
widthL: 81.87361149775296
widthR: 50.3882545274458
x0: 2000.4627883843627
