alphaL: 1.5637154957687676
alphaR: 2.018354334796732
event_sum: 7.865231685223989
mean: 2002.8232110628592
nL: 4.499990340257045
nR: 2.9449874534274945
norm: 7.865231685223989
sigma: 93.80945133781825
sigmaL: 97.0868115022286
sigmaR: 45.82480866051841
widthL: 97.0868115022286
widthR: 45.82480866051841
x0: 2002.8232110628592
