alphaL: 1.3252237133508136
alphaR: 2.200333647587511
event_sum: 1.056462459062459
mean: 2002.7757575869075
nL: 3.698648482865064
nR: 1.734721232332518
norm: 1.056462459062459
sigma: 107.56206832658344
sigmaL: 88.10222905145169
sigmaR: 47.230023872639656
widthL: 88.10222905145169
widthR: 47.230023872639656
x0: 2002.7757575869075
