alphaL: 1.727150724702903
alphaR: 2.0189922133417673
event_sum: 7.881936248042621
mean: 2004.7719809913965
nL: 4.491952005919626
nR: 2.842949499100755
norm: 7.881936248042621
sigma: 93.28438154543998
sigmaL: 101.27199611092422
sigmaR: 44.83743805721458
widthL: 101.27199611092422
widthR: 44.83743805721458
x0: 2004.7719809913965
