alphaL: 1.4119621422932571
alphaR: 1.6318120266393084
event_sum: 0.8785093030892313
mean: 2009.623910270388
nL: 3.4681261181828167
nR: 2.701000114185214
norm: 0.8785093030892313
sigma: 107.56206832658344
sigmaL: 90.13840784698202
sigmaR: 45.25734876973527
widthL: 90.13840784698202
widthR: 45.25734876973527
x0: 2009.623910270388
