alphaL: 1.3943846833175981
alphaR: 1.5155439080524915
event_sum: 8.78981350059621
mean: 2010.0633041095657
nL: 4.4940250770868975
nR: 3.579346385329781
norm: 8.78981350059621
sigma: 107.3990318835972
sigmaL: 90.07671467365333
sigmaR: 44.3221037851051
widthL: 90.07671467365333
widthR: 44.3221037851051
x0: 2010.0633041095657
