alphaL: 1.3365322533994761
alphaR: 2.0939880920550777
event_sum: 8.676207204116508
mean: 1999.8217238870266
nL: 4.499976335278238
nR: 3.1733192119395666
norm: 8.676207204116508
sigma: 93.80945133781825
sigmaL: 80.19925967266553
sigmaR: 50.491456378701756
widthL: 80.19925967266553
widthR: 50.491456378701756
x0: 1999.8217238870266
