alphaL: 0.16916734052744772
alphaR: 2.595547992438412
event_sum: 7.865231685223989
mean: 1968.5315495725747
nL: 4.499987373190901
nR: 1.967731422539597
norm: 7.865231685223989
sigma: 93.80945133781825
sigmaL: 10.388598094300008
sigmaR: 62.70581129799793
widthL: 10.388598094300008
widthR: 62.70581129799793
x0: 1968.5315495725747
