alphaL: 1.2752184280850012
alphaR: 1.9996757607314326
event_sum: 1.0483649455854902
mean: 1998.1792536169216
nL: 3.440528476872962
nR: 3.7414854204328174
norm: 1.0483649455854902
sigma: 107.3990318835972
sigmaL: 79.93166754891855
sigmaR: 49.54463599055584
widthL: 79.93166754891855
widthR: 49.54463599055584
x0: 1998.1792536169216
