alphaL: 1.1443960769529593
alphaR: 2.1807530627867204
event_sum: 8.643133961653803
mean: 1996.7595876092964
nL: 4.869585696999507
nR: 3.1742842974033247
norm: 8.643133961653803
sigma: 93.80945133781825
sigmaL: 73.6337708691184
sigmaR: 52.26291785600578
widthL: 73.6337708691184
widthR: 52.26291785600578
x0: 1996.7595876092964
