alphaL: 1.2231546364671033
alphaR: 1.6020075840442778
event_sum: 1.0781171228115014
mean: 2899.90110354392
nL: 4.282302947211518
nR: 3.0469072769303556
norm: 1.0781171228115014
sigma: 197.90519767758062
sigmaL: 113.04018802391337
sigmaR: 68.98802163371158
widthL: 113.04018802391337
widthR: 68.98802163371158
x0: 2899.90110354392
