alphaL: 0.8376704513211571
alphaR: 2.293925285015211
event_sum: 7.148464155843629
fraction: 0.9933827447504543
mean: 2891.6652730486403
nL: 51.44337764127826
nR: 2.422480367715733
norm: 3.5387909770828707
sigma: 130.74399069744027
sigmaL: 94.95579291958224
sigmaR: 67.81542915798971
widthL: 94.95579291958224
widthR: 67.81542915798971
x0: 2891.6652730486403
