alphaL: 1.5321390529853764
alphaR: 1.7640593665022002
event_sum: 2.238732313444033
mean: 2909.856624411603
nL: 4.4481366220953715
nR: 2.2472325095039354
norm: 2.238732313444033
sigma: 197.90519767758062
sigmaL: 136.87512024338176
sigmaR: 58.434545518614044
widthL: 136.87512024338176
widthR: 58.434545518614044
x0: 2909.856624411603
