alphaL: 1.1686542017135684
alphaR: 2.0114264602151937
event_sum: 3.5222882385017606
mean: 2890.96202034052
nL: 4.870736686182238
nR: 4.113729159256133
norm: 3.5222882385017606
sigma: 127.63920367382752
sigmaL: 108.66834180540528
sigmaR: 63.957369468320394
widthL: 108.66834180540528
widthR: 63.957369468320394
x0: 2890.96202034052
