alphaL: 0.8843006535760178
alphaR: 1.7138239206678962
event_sum: 10.880783772552737
fraction: 0.9984450946473838
mean: 2891.5890817674253
nL: 10.0
nR: 2.8567990061118462
norm: 10.778539251532116
sigma: 196.1797715849579
sigmaL: 93.34448427019997
sigmaR: 74.55195174995211
widthL: 93.34448427019997
widthR: 74.55195174995211
x0: 2891.5890817674253
