alphaL: 1.106421591956529
alphaR: 2.1087540764200456
event_sum: 2.214861535550377
fraction: 0.9991977418434261
mean: 2887.0460009868316
nL: 9.664254337294397
nR: 2.9404132487652133
norm: 2.2148483462136
sigma: 127.66706150185684
sigmaL: 102.7655210011581
sigmaR: 72.26193363148205
widthL: 102.7655210011581
widthR: 72.26193363148205
x0: 2887.0460009868316
