alphaL: 1.281051755503639
alphaR: 1.8780367561561662
event_sum: 2.2096725538251762
mean: 2891.7830844942487
nL: 4.2714003728378085
nR: 3.7148126125738044
norm: 2.2096725538251762
sigma: 127.63920367382752
sigmaL: 107.39823947051084
sigmaR: 69.12869875518732
widthL: 107.39823947051084
widthR: 69.12869875518732
x0: 2891.7830844942487
