alphaL: 1.1790410757533296
alphaR: 2.043805443029784
event_sum: 3.5524590269494083
fraction: 0.9991758398520877
mean: 2891.9855610033997
nL: 9.931070865218869
nR: 3.535029271508481
norm: 3.5526734555501296
sigma: 127.66706150185684
sigmaL: 113.51890975157596
sigmaR: 63.33203922705855
widthL: 113.51890975157596
widthR: 63.33203922705855
x0: 2891.9855610033997
