alphaL: 1.13971236638974
alphaR: 2.083343006729687
event_sum: 2.2002445464927796
mean: 2885.6107372545002
nL: 4.323865561397386
nR: 2.8077421980509087
norm: 2.2002445464927796
sigma: 127.63920367382752
sigmaL: 98.66499475640097
sigmaR: 73.2711346445687
widthL: 98.66499475640097
widthR: 73.2711346445687
x0: 2885.6107372545002
