alphaL: 1.3385300977259915
alphaR: 1.8257876048594888
event_sum: 2.236623432443301
mean: 2902.78160953581
nL: 4.723975770115294
nR: 2.2205784693458983
norm: 2.236623432443301
sigma: 197.90519767758062
sigmaL: 122.73537814435723
sigmaR: 62.03900410290854
widthL: 122.73537814435723
widthR: 62.03900410290854
x0: 2902.78160953581
