alphaL: 1.4222183148065908
alphaR: 1.9726385018951518
event_sum: 3.5369096613399464
mean: 2897.6031972296264
nL: 4.4628697193066085
nR: 3.829779374440413
norm: 3.5369096613399464
sigma: 127.63920367382752
sigmaL: 124.00118816428017
sigmaR: 61.11270300617288
widthL: 124.00118816428017
widthR: 61.11270300617288
x0: 2897.6031972296264
