alphaL: 1.0783844106555347
alphaR: 1.715679598873256
event_sum: 1.0761524266722184
mean: 2893.988935406206
nL: 4.716628410974739
nR: 3.0593647768140437
norm: 1.0761524266722184
sigma: 197.90519767758062
sigmaL: 102.2499337432109
sigmaR: 73.88293372425827
widthL: 102.2499337432109
widthR: 73.88293372425827
x0: 2893.988935406206
