alphaL: 1.0711530560066433
alphaR: 1.8979601254553353
event_sum: 22.43799629713898
fraction: 0.998386421641082
mean: 2898.062992350332
nL: 10.0
nR: 2.1214292345007477
norm: 22.385994375681467
sigma: 196.1797715849579
sigmaL: 110.2046083125635
sigmaR: 64.79968629991588
widthL: 110.2046083125635
widthR: 64.79968629991588
x0: 2898.062992350332
