alphaL: 4.770450806831533
alphaR: 0.25197923401488187
event_sum: 12.936163889521302
mean: 826.7953365094903
nL: 2.0838985492738247
nR: 2.99996431104808
norm: 12.936163889521302
sigma: 60
sigmaL: 60.51980978251307
sigmaR: 2.033862882651932
widthL: 60.51980978251307
widthR: 2.033862882651932
x0: 826.7953365094903
