alphaL: 3.5760320361155666
alphaR: 2.095964683689117
event_sum: 29.159503619069028
mean: 813.5382711830861
nL: 2.8604695753899816
nR: 2.9999795203858435
norm: 29.159503619069028
sigma: 60
sigmaL: 51.20299983758551
sigmaR: 23.645528583332258
widthL: 51.20299983758551
widthR: 23.645528583332258
x0: 813.5382711830861
