alphaL: 1.0981196517964662
alphaR: 1.5891380910128095
event_sum: 6.0881465604761615
fraction: 0.9563806403914324
mean: 1381.6910793784214
nL: 2.151183909063746
nR: 2.9184519680528718
norm: 5.765072677866556
sigma: 78.4
sigmaL: 91.12490912188811
sigmaR: 66.27725447679062
widthL: 91.12490912188811
widthR: 66.27725447679062
x0: 1381.6910793784214
