alphaL: 1.2035586415720434
alphaR: 1.4541037590063592
event_sum: 8.38927928020712
mean: 1392.343671162267
nL: 1.2439943404094058
nR: 3.145171977126912
norm: 8.38927928020712
sigma: 78.4
sigmaL: 101.37655627510128
sigmaR: 62.12205771010114
widthL: 101.37655627510128
widthR: 62.12205771010114
x0: 1392.343671162267
