alphaL: 1.128005560592334
alphaR: 1.4691436370475592
event_sum: 8.322282907669432
fraction: 0.9368773363334962
mean: 1390.1295492964143
nL: 1.4598815816857562
nR: 3.3301876594903574
norm: 7.561413437360898
sigma: 78.4
sigmaL: 98.62461922045038
sigmaR: 63.71570817694218
widthL: 98.62461922045038
widthR: 63.71570817694218
x0: 1390.1295492964143
