alphaL: 0.9500314206819386
alphaR: 1.3050833305458789
event_sum: 0.5660381534034968
mean: 1391.7025353982901
nL: 3.3937035029485316
nR: 3.64039290204418
norm: 0.5660381534034968
sigma: 78.4
sigmaL: 91.27109658555358
sigmaR: 56.1699946160213
widthL: 91.27109658555358
widthR: 56.1699946160213
x0: 1391.7025353982901
