alphaL: 0.9470993016051399
alphaR: 1.591480658704806
event_sum: 0.7096639002484153
mean: 1393.9452734434071
nL: 1.8560752162159306
nR: 1.8668335649510657
norm: 0.7096639002484153
sigma: 78.4
sigmaL: 94.03805729451079
sigmaR: 61.83927716133271
widthL: 94.03805729451079
widthR: 61.83927716133271
x0: 1393.9452734434071
