alphaL: 0.9482243170975507
alphaR: 1.2976018389473074
event_sum: 0.5660381534034968
mean: 1391.7065623883404
nL: 3.401456666600921
nR: 3.6008671053525365
norm: 0.5660381534034968
sigma: 78.4
sigmaL: 91.25159255882227
sigmaR: 55.910856792385985
widthL: 91.25159255882227
widthR: 55.910856792385985
x0: 1391.7065623883404
