alphaL: 1.0484074773419398
alphaR: 1.512625130840167
event_sum: 0.7379098062083358
mean: 1389.9184333103346
nL: 2.0516555572896804
nR: 2.801636888442645
norm: 0.7379098062083358
sigma: 78.4
sigmaL: 96.90746902996213
sigmaR: 63.85191079293235
widthL: 96.90746902996213
widthR: 63.85191079293235
x0: 1389.9184333103346
