alphaL: 0.9439267502445176
alphaR: 1.8047407727411344
event_sum: 0.5089141813077731
mean: 1381.253454476355
nL: 2.050895950147968
nR: 1.7974515015309491
norm: 0.5089141813077731
sigma: 72.85073039836153
sigmaL: 87.29349476954735
sigmaR: 67.4387643043647
widthL: 87.29349476954735
widthR: 67.4387643043647
x0: 1381.253454476355
