alphaL: 1.0360444051823081
alphaR: 1.5002750102878453
event_sum: 30.554356784326956
fraction: 0.9252708541945325
mean: 1388.3322222698819
nL: 1.8649220297850198
nR: 3.5942042875432327
norm: 7.359580111457035
sigma: 78.4
sigmaL: 91.68283857875046
sigmaR: 65.26258019120344
widthL: 91.68283857875046
widthR: 65.26258019120344
x0: 1388.3322222698819
