alphaL: 1.0803962645133036
alphaR: 1.6069562903942336
event_sum: 6.1257051329594105
mean: 1381.706248299641
nL: 2.2324925454152673
nR: 2.8745166536367246
norm: 6.1257051329594105
sigma: 78.4
sigmaL: 90.93654721341291
sigmaR: 66.4494708626927
widthL: 90.93654721341291
widthR: 66.4494708626927
x0: 1381.706248299641
