alphaL: 0.9728065294833709
alphaR: 1.8092366005000555
event_sum: 0.5481774621657678
mean: 1375.5994644760128
nL: 2.4406376143038266
nR: 2.092193126110984
norm: 0.5481774621657678
sigma: 78.4
sigmaL: 81.40141670821097
sigmaR: 70.40283492255531
widthL: 81.40141670821097
widthR: 70.40283492255531
x0: 1375.5994644760128
