alphaL: 1.1630895065820341
alphaR: 1.5149241738402215
event_sum: 0.6522951394144911
mean: 1395.7304577750876
nL: 0.863895497038504
nR: 1.8432416867561578
norm: 0.6522951394144911
sigma: 72.85073039836153
sigmaL: 103.54796913476729
sigmaR: 60.20662801236834
widthL: 103.54796913476729
widthR: 60.20662801236834
x0: 1395.7304577750876
