alphaL: 1.225365978080457
alphaR: 1.3501921678695568
event_sum: 0.7379098062083358
mean: 1396.8452902272447
nL: 1.3539864628645428
nR: 3.3109653411253093
norm: 0.7379098062083358
sigma: 78.4
sigmaL: 104.66398453747708
sigmaR: 58.19152170057442
widthL: 104.66398453747708
widthR: 58.19152170057442
x0: 1396.8452902272447
