alphaL: 0.8701777832835733
alphaR: 2.7138446172321475
event_sum: 0.7525993303308521
mean: 1807.4249110287033
nL: 2.916516058735574
nR: 2.343335067877413
norm: 0.7525993303308521
sigma: 103.6
sigmaL: 115.67340346655776
sigmaR: 111.75321719111446
widthL: 115.67340346655776
widthR: 111.75321719111446
x0: 1807.4249110287033
