alphaL: 1.213772788897789
alphaR: 1.4996847873443095
event_sum: 10.800232630424645
fraction: 0.8827573966306381
mean: 1828.0873253819084
nL: 0.8485967938534704
nR: 4.236337016008058
norm: 8.206061752807571
sigma: 103.6
sigmaL: 127.8413115263396
sigmaR: 84.74973145146312
widthL: 127.8413115263396
widthR: 84.74973145146312
x0: 1828.0873253819084
