alphaL: 0.9632794383191539
alphaR: 1.6160024297911817
event_sum: 0.7902546424599026
mean: 1822.6471121783104
nL: 1.6776679749628465
nR: 3.1714161370068688
norm: 0.7902546424599026
sigma: 103.6
sigmaL: 115.98345914954837
sigmaR: 87.56169904499886
widthL: 115.98345914954837
widthR: 87.56169904499886
x0: 1822.6471121783104
