alphaL: 1.0845892572338103
alphaR: 1.2529759965970824
event_sum: 0.9187275808677687
mean: 1838.4500361938153
nL: 2.6169876164953285
nR: 2.2210932094452582
norm: 0.9187275808677687
sigma: 103.6
sigmaL: 130.9746822519808
sigmaR: 66.77238742833221
widthL: 130.9746822519808
widthR: 66.77238742833221
x0: 1838.4500361938153
