alphaL: 1.212272819570771
alphaR: 1.3086552791020734
event_sum: 11.291528142480741
fraction: 0.9176503799473109
mean: 1829.9736377031616
nL: 1.3128514117138008
nR: 4.023992512275016
norm: 9.848904618009835
sigma: 103.6
sigmaL: 122.98518525247975
sigmaR: 74.53800312150773
widthL: 122.98518525247975
widthR: 74.53800312150773
x0: 1829.9736377031616
