alphaL: 0.9848057793092182
alphaR: 1.412415162922025
event_sum: 0.9568779195648864
mean: 1826.0034556526573
nL: 2.1833153513365846
nR: 3.361524779896521
norm: 0.9568779195648864
sigma: 103.6
sigmaL: 113.25226369644217
sigmaR: 78.03420587665238
widthL: 113.25226369644217
widthR: 78.03420587665238
x0: 1826.0034556526573
