alphaL: 1.417757183819891
alphaR: 1.9967107558487385
event_sum: 2.199238334655545
mean: 2752.476924585172
nL: 4.525020704021569
nR: 1.7314976901953256
norm: 2.199238334655545
sigma: 179.91312082216695
sigmaL: 122.56443641329903
sigmaR: 61.41660512007509
widthL: 122.56443641329903
widthR: 61.41660512007509
x0: 2752.476924585172
