alphaL: 1.1646538440794323
alphaR: 1.9592049106233358
event_sum: 22.07615540942825
fraction: 0.9978156820206026
mean: 2750.0483487303763
nL: 9.99990947981676
nR: 1.9043688989005958
norm: 22.0258561222697
sigma: 177.80998045195523
sigmaL: 113.68151377193855
sigmaR: 62.09840171151496
widthL: 113.68151377193855
widthR: 62.09840171151496
x0: 2750.0483487303763
