alphaL: 1.1443001405833992
alphaR: 2.159507512126232
event_sum: 2.9911561803635016
fraction: 0.9992935452922757
mean: 2734.6284594336944
nL: 9.980683211323809
nR: 2.938091100697665
norm: 2.9910845677909546
sigma: 120.31637188347125
sigmaL: 97.97793741384343
sigmaR: 71.16360673944627
widthL: 97.97793741384343
widthR: 71.16360673944627
x0: 2734.6284594336944
