alphaL: 1.1527967106006134
alphaR: 1.9485057917867374
event_sum: 4.541562242738446
mean: 2739.4086259592723
nL: 4.877126087441366
nR: 4.258302104170224
norm: 4.541562242738446
sigma: 120.91266760304886
sigmaL: 101.99541859351483
sigmaR: 61.0949108524176
widthL: 101.99541859351483
widthR: 61.0949108524176
x0: 2739.4086259592723
