alphaL: 1.3058520216200638
alphaR: 1.6865386411674128
event_sum: 1.1236136317540568
mean: 2747.1322767305874
nL: 4.121792945206705
nR: 3.1606669714353566
norm: 1.1236136317540568
sigma: 179.91312082216695
sigmaL: 110.94627618177205
sigmaR: 70.74506038340738
widthL: 110.94627618177205
widthR: 70.74506038340738
x0: 2747.1322767305874
