alphaL: 1.0543308730277852
alphaR: 1.6554318205422525
event_sum: 11.312215721283735
fraction: 0.998438979679162
mean: 2748.2760004355496
nL: 10.0
nR: 3.148620960278064
norm: 11.233703503415294
sigma: 177.80998045195523
sigmaL: 104.41367533698374
sigmaR: 69.3927242048303
widthL: 104.41367533698374
widthR: 69.3927242048303
x0: 2748.2760004355496
