alphaL: 0.8464474346245507
alphaR: 2.272998640960307
event_sum: 9.176726366575986
fraction: 0.9928680144728825
mean: 2742.396251897977
nL: 54.67290600716443
nR: 2.4966618676989927
norm: 4.562853411718902
sigma: 123.85978874517177
sigmaL: 91.302639349296
sigmaR: 64.89118600480155
widthL: 91.302639349296
widthR: 64.89118600480155
x0: 2742.396251897977
