alphaL: 1.3442283157756851
alphaR: 1.8325001309499052
event_sum: 2.988221973409969
mean: 2740.8617503856954
nL: 4.411895991710137
nR: 4.159137078479158
norm: 2.988221973409969
sigma: 120.91266760304886
sigmaL: 105.5570604210816
sigmaR: 66.88509410217311
widthL: 105.5570604210816
widthR: 66.88509410217311
x0: 2740.8617503856954
