alphaL: 1.2385995024218848
alphaR: 1.7278251713164177
event_sum: 1.1221226413611356
mean: 2750.3379118393964
nL: 4.5824176964353205
nR: 3.004220887836631
norm: 1.1221226413611356
sigma: 179.91312082216695
sigmaL: 110.79811579220925
sigmaR: 69.67880232948029
widthL: 110.79811579220925
widthR: 69.67880232948029
x0: 2750.3379118393964
