alphaL: 1.1318285263181367
alphaR: 2.0774069368204917
event_sum: 2.97708275421795
mean: 2733.8726158128875
nL: 4.8197909272969035
nR: 3.116852932477504
norm: 2.97708275421795
sigma: 120.91266760304886
sigmaL: 94.55146911523376
sigmaR: 71.52553085111407
widthL: 94.55146911523376
widthR: 71.52553085111407
x0: 2733.8726158128875
