alphaL: 1.3706859089158994
alphaR: 1.8974763189190853
event_sum: 4.560958838311855
mean: 2744.3443688560446
nL: 4.4855128743113255
nR: 4.308877015525632
norm: 4.560958838311855
sigma: 120.91266760304886
sigmaL: 113.51480509882414
sigmaR: 58.95153078072788
widthL: 113.51480509882414
widthR: 58.95153078072788
x0: 2744.3443688560446
