alphaL: 1.1352789180761123
alphaR: 1.978219027018091
event_sum: 4.583117037249615
fraction: 0.999113067091215
mean: 2739.788185364554
nL: 9.870495726870848
nR: 3.937054453181368
norm: 4.583509293557089
sigma: 120.31637188347125
sigmaL: 104.07074061006176
sigmaR: 60.5074380853333
widthL: 104.07074061006176
widthR: 60.5074380853333
x0: 2739.788185364554
