alphaL: 1.5562370190118184
alphaR: 1.910274727426316
event_sum: 2.202628676792499
mean: 2757.5746350044233
nL: 4.4784110749065436
nR: 1.8163561189610409
norm: 2.202628676792499
sigma: 179.91312082216695
sigmaL: 132.1717839409373
sigmaR: 58.53889791391241
widthL: 132.1717839409373
widthR: 58.53889791391241
x0: 2757.5746350044233
