alphaL: 0.9101259626607353
alphaR: 1.6715553763945863
event_sum: 0.8251567766989997
mean: 2063.6694735713068
nL: 1.8780349298347954
nR: 3.7278586093751205
norm: 0.8251567766989997
sigma: 117.6
sigmaL: 119.48385303784337
sigmaR: 103.44620866980534
widthL: 119.48385303784337
widthR: 103.44620866980534
x0: 2063.6694735713068
