alphaL: 1.1217052169611241
alphaR: 1.4913085730975915
event_sum: 9.649614633953144
fraction: 0.8450707478718691
mean: 2062.7297249320336
nL: 0.7477689589548937
nR: 3.777266087431248
norm: 6.262981523215255
sigma: 117.6
sigmaL: 124.77421415075696
sigmaR: 96.71347320257868
widthL: 124.77421415075696
widthR: 96.71347320257868
x0: 2062.7297249320336
