alphaL: 0.9540155689683253
alphaR: 1.2798395875656006
event_sum: 10.408439209013723
fraction: 0.9184285213502754
mean: 2083.407507235027
nL: 1.8634966508999755
nR: 3.9962305983406354
norm: 8.526792515107433
sigma: 117.6
sigmaL: 138.04939322443482
sigmaR: 78.95568790613675
widthL: 138.04939322443482
widthR: 78.95568790613675
x0: 2083.407507235027
