alphaL: 1.1129872987379
alphaR: 1.1025028919721789
event_sum: 0.6013627925966074
mean: 2088.1557895530386
nL: 0.9121238324799191
nR: 3.5792256174852812
norm: 0.6013627925966074
sigma: 117.6
sigmaL: 140.0185272550641
sigmaR: 69.96087149603657
widthL: 140.0185272550641
widthR: 69.96087149603657
x0: 2088.1557895530386
