alphaL: 0.9127599465698798
alphaR: 1.402668902384006
event_sum: 0.5688886027472745
mean: 2080.862047604897
nL: 2.178745482602087
nR: 2.141127371304533
norm: 0.5688886027472745
sigma: 117.6
sigmaL: 139.17359053222873
sigmaR: 85.02648482980973
widthL: 139.17359053222873
widthR: 85.02648482980973
x0: 2080.862047604897
