alphaL: 0.973457757629369
alphaR: 1.5980136710977102
event_sum: 0.7912857623664408
mean: 2080.7385119478126
nL: 1.9859840061089535
nR: 1.9854781923279632
norm: 0.7912857623664408
sigma: 117.6
sigmaL: 140.79340167487126
sigmaR: 86.37446264554109
widthL: 140.79340167487126
widthR: 86.37446264554109
x0: 2080.7385119478126
