alphaL: 1.3873829591387787
alphaR: 2.0152808827402797
event_sum: 14.026181792712942
mean: 2551.054482593266
nL: 4.4999202379637575
nR: 3.2440774312467338
norm: 14.026181792712942
sigma: 115.58100131674935
sigmaL: 108.46434753074504
sigmaR: 56.07209253771447
widthL: 108.46434753074504
widthR: 56.07209253771447
x0: 2551.054482593266
