alphaL: 1.0525070486844892
alphaR: 1.7207218417605632
event_sum: 27.079789653729968
fraction: 0.9979481522141608
mean: 2553.251685939976
nL: 9.996591988501779
nR: 2.8018408082451
norm: 26.953004281911223
sigma: 152.94091010007054
sigmaL: 97.23603660775662
sigmaR: 63.22878711333162
widthL: 97.23603660775662
widthR: 63.22878711333162
x0: 2553.251685939976
