alphaL: 1.1856436273842155
alphaR: 2.0720601183768954
event_sum: 12.717849072442908
fraction: 0.9990073225491062
mean: 2548.475821638055
nL: 9.945128117052768
nR: 3.145880075800979
norm: 12.716095856417615
sigma: 115.45336589789272
sigmaL: 101.84194154531308
sigmaR: 57.709178824522425
widthL: 101.84194154531308
widthR: 57.709178824522425
x0: 2548.475821638055
