alphaL: 1.0885444492375933
alphaR: 1.9251987079159782
event_sum: 9.803260657456844
fraction: 0.9991319905295324
mean: 2544.2619312608476
nL: 9.842259875122167
nR: 4.1851498140686685
norm: 9.800360650961283
sigma: 115.45336589789272
sigmaL: 90.82306194997345
sigmaR: 63.91275336660171
widthL: 90.82306194997345
widthR: 63.91275336660171
x0: 2544.2619312608476
