alphaL: 1.138857797377241
alphaR: 2.019788479600582
event_sum: 2.787966173697068
mean: 2549.925922043731
nL: 4.96370159989964
nR: 2.083812576269571
norm: 2.787966173697068
sigma: 153.00612324489236
sigmaL: 97.1741611804242
sigmaR: 69.82747041250882
widthL: 97.1741611804242
widthR: 69.82747041250882
x0: 2549.925922043731
