alphaL: 1.3411025904352083
alphaR: 1.8930750710158621
event_sum: 10.760866110564638
mean: 2549.4271861204443
nL: 4.499379778128779
nR: 3.8963534911876794
norm: 10.760866110564638
sigma: 115.58100131674935
sigmaL: 101.16382679120342
sigmaR: 60.82910000724317
widthL: 101.16382679120342
widthR: 60.82910000724317
x0: 2549.4271861204443
