alphaL: 1.3811657628320106
alphaR: 1.9802868299336696
event_sum: 4.784566755147599
mean: 2556.1418681398854
nL: 4.500129169468738
nR: 1.8674715394651114
norm: 4.784566755147599
sigma: 153.00612324489236
sigmaL: 111.86957297331175
sigmaR: 56.76741014866153
widthL: 111.86957297331175
widthR: 56.76741014866153
x0: 2556.1418681398854
