alphaL: 1.1340122389667844
alphaR: 2.0992496098221376
event_sum: 10.717260889685516
mean: 2543.7134044717463
nL: 4.823367254603802
nR: 3.0105459706039213
norm: 10.717260889685516
sigma: 115.58100131674935
sigmaL: 90.17007881663609
sigmaR: 64.75979732740579
widthL: 90.17007881663609
widthR: 64.75979732740579
x0: 2543.7134044717463
