alphaL: 0.8101833623302623
alphaR: 2.272499166102784
event_sum: 13.962819274969796
mean: 2535.9349114414367
nL: 5.0
nR: 2.6946871060683177
norm: 13.962819274969796
sigma: 115.58100131674935
sigmaL: 69.90692107788723
sigmaR: 64.04363695707033
widthL: 69.90692107788723
widthR: 64.04363695707033
x0: 2535.9349114414367
