alphaL: 1.183614710650392
alphaR: 2.0477371276028435
event_sum: 4.772941254364395
mean: 2551.215026859886
nL: 4.850466478523485
nR: 1.7865693661576412
norm: 4.772941254364395
sigma: 153.00612324489236
sigmaL: 101.69604017935123
sigmaR: 59.28762567980089
widthL: 101.69604017935123
widthR: 59.28762567980089
x0: 2551.215026859886
