alphaL: 1.3676828192427535
alphaR: 1.6222112604211922
event_sum: 2.794785283793456
mean: 2559.5799446097044
nL: 4.44492577015236
nR: 2.886342979753855
norm: 2.794785283793456
sigma: 153.00612324489236
sigmaL: 111.10199031650572
sigmaR: 59.27428865227563
widthL: 111.10199031650572
widthR: 59.27428865227563
x0: 2559.5799446097044
