alphaL: 1.0532635984302876
alphaR: 2.053720263823096
event_sum: 46.10384211897681
fraction: 0.9972183537926347
mean: 2550.740920880446
nL: 9.999544520033552
nR: 1.7944339146515595
norm: 46.02079905699666
sigma: 152.94091010007054
sigmaL: 97.84102760913396
sigmaR: 59.711227732101754
widthL: 97.84102760913396
widthR: 59.711227732101754
x0: 2550.740920880446
