alphaL: 0.8804407417855362
alphaR: 2.0901855336340063
event_sum: 9.764740824775382
mean: 2542.8765464753765
nL: 32.71152240314042
nR: 3.2365719396091
norm_2016: 9.764740824775382
norm_2017: 9.764740824775382
norm_2018: 9.764740824775382
norm_Run2: 9.764740824775382
sigma: 115.40575085725196
sigmaL: 83.66882968742448
sigmaR: 65.081232054809
widthL: 83.66882968742448
widthR: 65.081232054809
x0: 2542.8765464753765
