alphaL: 0.8804407417855362
alphaR: 2.0901855336340063
event_sum: 9.764740824775382
mean: 2542.8765464753765
nL: 32.71152240314042
nR: 3.2365719396091
norm_2016: 2.751114199409216
norm_2017: 3.2569113898004343
norm_2018: 4.56302026931583
norm_Run2: 10.57104585852548
sigma: 115.40575085725196
sigmaL: 83.66882968742448
sigmaR: 65.081232054809
widthL: 83.66882968742448
widthR: 65.081232054809
x0: 2542.8765464753765
