alphaL: 0.8585566216048122
alphaR: 2.254412167134272
event_sum: 12.669958606798208
mean: 2543.6244550719657
nL: 71.519088649233
nR: 2.532257462183498
norm_2016: 3.3013347097208956
norm_2017: 4.283864013960747
norm_2018: 6.217029380146938
norm_Run2: 13.802228103828579
sigma: 115.40575085725196
sigmaL: 86.69716139562922
sigmaR: 60.75512693846245
widthL: 86.69716139562922
widthR: 60.75512693846245
x0: 2543.6244550719657
