alphaL: 0.5673516692384473
alphaR: 1.514663154221183
event_sum: 7.50153229765847
mean: 2494.5028891034162
nL: 1.1387887157182526
nR: 4.704417664261298
norm_2016: 1.989544049878912
norm_2017: 2.319935306480229
norm_2018: 3.289222838045766
norm_Run2: 7.598702194404908
sigma: 142.8
sigmaL: 84.99387386961364
sigmaR: 119.50243439139236
widthL: 84.99387386961364
widthR: 119.50243439139236
x0: 2494.5028891034162
