alphaL: 0.5802835149070147
alphaR: 1.3977102915433302
event_sum: 7.50153229765847
mean: 2501.4793303803053
nL: 1.2094525172814354
nR: 5.593286708927591
norm_2016: 1.989544049878912
norm_2017: 2.319935306480229
norm_2018: 3.289222838045766
norm_Run2: 7.50153229765847
sigma: 142.8
sigmaL: 91.76472764954308
sigmaR: 112.78222388270666
widthL: 91.76472764954308
widthR: 112.78222388270666
x0: 2501.4793303803053
