alphaL: 0.8055691403229053
alphaR: 1.804841017942575
event_sum: 26.7401446750587
mean: 2549.503731547864
nL: 27.791259369022953
nR: 2.6027282356155466
norm_2016: 26.7401446750587
norm_2017: 26.7401446750587
norm_2018: 26.7401446750587
norm_Run2: 26.7401446750587
sigma: 153.37906048591276
sigmaL: 83.9068278702657
sigmaR: 65.42339976072574
widthL: 83.9068278702657
widthR: 65.42339976072574
x0: 2549.503731547864
