alphaL: 1.090101605005509
alphaR: 1.390751223010274
event_sum: 5.279844687469837
mean: 2483.376164258894
nL: 0.123434821001
nR: 4.239933968366669
norm_2016: 5.279844687469837
norm_2017: 5.279844687469837
norm_2018: 5.279844687469837
norm_Run2: 5.279844687469837
sigma: 255.0
sigmaL: 253.36598083796724
sigmaR: 137.94074228418256
widthL: 253.36598083796724
widthR: 137.94074228418256
x0: 2483.376164258894
