alphaL: 1.1719970094117593
alphaR: 1.0715852551094842
event_sum: 8.091701372445735
mean: 2509.445892775717
nL: 0.2852381700662038
nR: 7.02574725052527
norm_2016: 1.7303813703253086
norm_2017: 2.653967274585257
norm_2018: 3.8215603417825768
norm_Run2: 8.091701372445735
sigma: 255.0
sigmaL: 280.7269426232723
sigmaR: 115.62776605953968
widthL: 280.7269426232723
widthR: 115.62776605953968
x0: 2509.445892775717
