alphaL: 0.7456519322053988
alphaR: 2.0968205126174193
event_sum: 45.64084496895016
mean: 2546.2058593336405
nL: 75.1417816932145
nR: 1.8048531481982222
norm_2016: 45.64084496895016
norm_2017: 45.64084496895016
norm_2018: 45.64084496895016
norm_Run2: 45.64084496895016
sigma: 153.37906048591276
sigmaL: 80.94892186288115
sigmaR: 62.072808720973214
widthL: 80.94892186288115
widthR: 62.072808720973214
x0: 2546.2058593336405
