alphaL: 0.932888342215022
alphaR: 1.4514781438584665
event_sum: 11.938734806482888
mean: 2503.3256073058474
nL: 1.322807592060737
nR: 4.500683381804709
norm_2016: 2.7983963697985192
norm_2017: 3.757299916253471
norm_2018: 5.567893625373816
norm_Run2: 11.938734806482888
sigma: 142.8
sigmaL: 137.26477432318353
sigmaR: 113.40723310119934
widthL: 137.26477432318353
widthR: 113.40723310119934
x0: 2503.3256073058474
