alphaL: 1.1606027413203897
alphaR: 1.1954479916267429
event_sum: 8.091701372445735
mean: 2500.759943555695
nL: 0.28726478501709496
nR: 6.198786503960786
norm_2016: 1.7303813703253086
norm_2017: 2.653967274585257
norm_2018: 3.8215603417825768
norm_Run2: 8.091701372445735
sigma: 255.0
sigmaL: 272.4491613066247
sigmaR: 125.94109968662883
widthL: 272.4491613066247
widthR: 125.94109968662883
x0: 2500.759943555695
