alphaL: 1.2087242375196827
alphaR: 1.624467443518006
event_sum: 0.4486967796238715
mean: 1081.5569507389757
nL: 3.288711906633024
nR: 3.062952978965218
norm: 0.4486967796238715
sigma: 110.0
sigmaL: 110.96680544857814
sigmaR: 71.82952054782136
widthL: 110.96680544857814
widthR: 71.82952054782136
x0: 1081.5569507389757
