alphaL: 0.6778401093643762
alphaR: 1.3450915330281377
event_sum: 8.157717519574113
fraction: 0.9650653753684378
mean: 1083.5910831474364
nL: 3.3516280088895396
nR: 4.386739544974184
norm: 7.835870045944162
sigma: 110.0
sigmaL: 90.96603549740911
sigmaR: 62.18100366149679
widthL: 90.96603549740911
widthR: 62.18100366149679
x0: 1083.5910831474364
