alphaL: 1.112700618479459
alphaR: 1.5918142252499912
event_sum: 0.815345828397656
mean: 1080.592921590381
nL: 2.157918626102411
nR: 2.5002937038728317
norm: 0.815345828397656
sigma: 110.0
sigmaL: 94.83203762589291
sigmaR: 66.6085747500393
widthL: 94.83203762589291
widthR: 66.6085747500393
x0: 1080.592921590381
