alphaL: 0.801603049194985
alphaR: 1.4310028116218587
event_sum: 0.8253042005853158
mean: 1085.1259057465995
nL: 2.9773738873532305
nR: 3.998489839197777
norm: 0.8253042005853158
sigma: 110.0
sigmaL: 96.40924328803929
sigmaR: 61.59162318531754
widthL: 96.40924328803929
widthR: 61.59162318531754
x0: 1085.1259057465995
