alphaL: 0.9934142700202963
alphaR: 1.4259568498820525
event_sum: 4.443418943628759
fraction: 0.9705987649054956
mean: 1079.9425237434214
nL: 4.407883555904589
nR: 3.9890872588101107
norm: 4.299925649784665
sigma: 110.0
sigmaL: 90.3970322871662
sigmaR: 68.1706100110799
widthL: 90.3970322871662
widthR: 68.1706100110799
x0: 1079.9425237434214
