alphaL: 0.7761870145049726
alphaR: 2.082606915496979
event_sum: 0.4442500249955944
mean: 1047.879191044471
nL: 1.6642080934996555
nR: 3.3059494430635423
norm: 0.4442500249955944
sigma: 110.0
sigmaL: 52.98339822574073
sigmaR: 93.8138740074497
widthL: 52.98339822574073
widthR: 93.8138740074497
x0: 1047.879191044471
