alphaL: 1.4380134258978114
alphaR: 2.041977145796031
event_sum: 41.62888208601151
fraction: 0.9994262306099879
mean: 1154.562570207664
nL: 9.960933446576389
nR: 4.4647151747498555
norm: 41.62293367325108
sigma: 56.20382934303805
sigmaL: 55.72672664903204
sigmaR: 32.61873218498913
widthL: 55.72672664903204
widthR: 32.61873218498913
x0: 1154.562570207664
