alphaL: 1.6039796304849787
alphaR: 2.4281582187666793
event_sum: 20.24008916032508
mean: 1155.1683260189777
nL: 4.87261313158939
nR: 3.4632141091378448
norm: 20.24008916032508
sigma: 56.22503989132832
sigmaL: 63.28278278936809
sigmaR: 29.827421007145873
widthL: 63.28278278936809
widthR: 29.827421007145873
x0: 1155.1683260189777
