alphaL: 1.2929457686340007
alphaR: 1.8071701726517844
event_sum: 10.064337171674522
fraction: 0.9990493129560793
mean: 1156.2911990943915
nL: 9.38025849350495
nR: 4.438490089231692
norm: 10.061385823800157
sigma: 59.95724044924242
sigmaL: 52.36332756372544
sigmaR: 32.83579486770573
widthL: 52.36332756372544
widthR: 32.83579486770573
x0: 1156.2911990943915
