alphaL: 1.5959422931692628
alphaR: 2.0578790102212117
event_sum: 43.11993341854166
mean: 1156.0755568546413
nL: 4.514913243096335
nR: 4.266247478151788
norm: 43.11993341854166
sigma: 56.22503989132832
sigmaL: 57.98034347095817
sigmaR: 31.913556818535934
widthL: 57.98034347095817
widthR: 31.913556818535934
x0: 1156.0755568546413
