alphaL: 1.3313974150366006
alphaR: 2.554307955233567
event_sum: 6.323205869138857
fraction: 0.9978192560132011
mean: 1154.0394100604274
nL: 10.0
nR: 1.6121824075178268
norm: 6.319362027236056
sigma: 59.95724044924242
sigmaL: 57.26942260247985
sigmaR: 30.879108081144
widthL: 57.26942260247985
widthR: 30.879108081144
x0: 1154.0394100604274
