alphaL: 1.5630607601973252
alphaR: 2.4856152510996203
event_sum: 19.7093413808663
fraction: 0.9990465674945296
mean: 1153.6056881375252
nL: 8.354221803030281
nR: 2.78971977622323
norm: 19.71005070365023
sigma: 56.20382934303805
sigmaL: 62.169764508702414
sigmaR: 31.036726114305566
widthL: 62.169764508702414
widthR: 31.036726114305566
x0: 1153.6056881375252
