alphaL: 1.331854471790491
alphaR: 2.601322023051424
event_sum: 0.6321460950115655
mean: 1151.8959644119163
nL: 3.0297528183250613
nR: 1.7641979268248589
norm: 0.6321460950115655
sigma: 60.143887962548874
sigmaL: 52.747956227952876
sigmaR: 32.16347195730378
widthL: 52.747956227952876
widthR: 32.16347195730378
x0: 1151.8959644119163
