alphaL: 1.6938474599427602
alphaR: 2.1800398669398544
event_sum: 20.360419861249007
mean: 1156.1822034874012
nL: 4.49675270911432
nR: 4.3169689624681515
norm: 20.360419861249007
sigma: 56.22503989132832
sigmaL: 64.9310545906647
sigmaR: 29.252225063458596
widthL: 64.9310545906647
widthR: 29.252225063458596
x0: 1156.1822034874012
