alphaL: 1.5173982708951388
alphaR: 1.8197983248023424
event_sum: 1.010457694778836
mean: 1159.7644032616627
nL: 3.8818468218272164
nR: 3.828955394739402
norm: 1.010457694778836
sigma: 60.143887962548874
sigmaL: 56.482020238708294
sigmaR: 30.37685957440112
widthL: 56.482020238708294
widthR: 30.37685957440112
x0: 1159.7644032616627
