alphaL: 1.2992871229392833
alphaR: 2.127965650006881
event_sum: 0.6347122071984579
mean: 1153.0459413743806
nL: 4.167170828164411
nR: 3.7417121475698947
norm: 0.6347122071984579
sigma: 60.143887962548874
sigmaL: 55.248145400896846
sigmaR: 31.48477153781116
widthL: 55.248145400896846
widthR: 31.48477153781116
x0: 1153.0459413743806
