alphaL: 1.3975198967732854
alphaR: 2.096859321657046
event_sum: 42.999455973968224
mean: 1154.1928282143936
nL: 5.0
nR: 4.154938870617247
norm: 42.999455973968224
sigma: 56.22503989132832
sigmaL: 54.0423742175132
sigmaR: 32.90362966133247
widthL: 54.0423742175132
widthR: 32.90362966133247
x0: 1154.1928282143936
