alphaL: 1.317626920523904
alphaR: 1.9421450401747262
event_sum: 1.006298380542542
mean: 1154.8522937715243
nL: 3.6323706342745608
nR: 3.3875397339592914
norm: 1.006298380542542
sigma: 60.143887962548874
sigmaL: 49.757826038440264
sigmaR: 33.54930639194413
widthL: 49.757826038440264
widthR: 33.54930639194413
x0: 1154.8522937715243
