alphaL: 1.6422385213382915
alphaR: 1.9410665071951798
event_sum: 2.1582130808383226
mean: 2608.2792998228547
nL: 3.5663222384543856
nR: 1.7653905853486802
norm: 2.1582130808383226
sigma: 161.3470847676165
sigmaL: 126.95842032226713
sigmaR: 54.57545318372906
widthL: 126.95842032226713
widthR: 54.57545318372906
x0: 2608.2792998228547
