alphaL: 1.530916882276201
alphaR: 1.9319527908166851
event_sum: 21.61857322230935
mean: 2606.229562668434
nL: 4.499931933345587
nR: 1.8564169934889463
norm: 21.61857322230935
sigma: 159.85605792418144
sigmaL: 123.21288545320003
sigmaR: 55.8244566074152
widthL: 123.21288545320003
widthR: 55.8244566074152
x0: 2606.229562668434
