alphaL: 2.0815470701665437
alphaR: 0.3323745854286826
event_sum: 4.113571447931463
mean: 2638.979152231142
nL: 4.483101435588434
nR: 4.472958212593131
norm: 4.113571447931463
sigma: 115.26426216128829
sigmaL: 145.09749127783562
sigmaR: 10.002230558893618
widthL: 145.09749127783562
widthR: 10.002230558893618
x0: 2638.979152231142
