alphaL: 0.8552244179279445
alphaR: 2.2520719969054026
event_sum: 11.733356947574066
fraction: 0.9923532841953109
mean: 2593.1272307473137
nL: 57.902434373050596
nR: 2.570843367682252
norm: 5.771310807700502
sigma: 116.97558679290326
sigmaL: 87.64948577900977
sigmaR: 61.96694285161338
widthL: 87.64948577900977
widthR: 61.96694285161338
x0: 2593.1272307473137
