alphaL: 1.366293694417237
alphaR: 2.0509500960001725
event_sum: 2.1522181952605024
mean: 2600.5639172398387
nL: 4.555456468206035
nR: 1.652083802353679
norm: 2.1522181952605024
sigma: 161.7184399276159
sigmaL: 113.86546079851892
sigmaR: 59.42516448387458
widthL: 113.86546079851892
widthR: 59.42516448387458
x0: 2600.5639172398387
