alphaL: 1.5106516818169968
alphaR: 1.561941648029517
event_sum: 11.783186050597578
mean: 2608.957974401384
nL: 4.499938921460908
nR: 3.1947456445155615
norm: 11.783186050597578
sigma: 159.85605792418144
sigmaL: 121.5222311186526
sigmaR: 59.46041719388722
widthL: 121.5222311186526
widthR: 59.46041719388722
x0: 2608.957974401384
