alphaL: 1.374689953055068
alphaR: 1.958096805928747
event_sum: 5.7751056250417605
mean: 2594.1755093953475
nL: 4.498797119094809
nR: 3.864414999500714
norm: 5.7751056250417605
sigma: 115.92653142568287
sigmaL: 107.77870181966698
sigmaR: 56.85307534403241
widthL: 107.77870181966698
widthR: 56.85307534403241
x0: 2594.1755093953475
