alphaL: 1.6105043562768477
alphaR: 1.191109037789612
event_sum: 1.1721694927546196
mean: 2618.630896770925
nL: 4.3402177557327555
nR: 4.2625540259249135
norm: 1.1721694927546196
sigma: 161.7184399276159
sigmaL: 133.2674262479051
sigmaR: 48.83501444483309
widthL: 133.2674262479051
widthR: 48.83501444483309
x0: 2618.630896770925
