alphaL: 1.1609710466990624
alphaR: 2.0736428422148183
event_sum: 4.097972454037517
mean: 2586.9665111683103
nL: 4.944101221727116
nR: 3.1147919750153337
norm: 4.097972454037517
sigma: 115.92653142568287
sigmaL: 93.22294499739253
sigmaR: 66.82071655350677
widthL: 93.22294499739253
widthR: 66.82071655350677
x0: 2586.9665111683103
