alphaL: 1.3247359753976247
alphaR: 1.729230105642636
event_sum: 1.1721694927546196
mean: 2596.22338499734
nL: 4.161871912532141
nR: 3.077729701189638
norm: 1.1721694927546196
sigma: 161.7184399276159
sigmaL: 105.76331410202552
sigmaR: 68.25178980499538
widthL: 105.76331410202552
widthR: 68.25178980499538
x0: 2596.22338499734
