alphaL: 1.372917069084691
alphaR: 1.9508117762195245
event_sum: 5.7751056250417605
mean: 2594.2396787027315
nL: 4.4995350308659425
nR: 3.9081110342634777
norm: 5.7751056250417605
sigma: 115.92653142568287
sigmaL: 107.67876276129243
sigmaR: 56.8018762959392
widthL: 107.67876276129243
widthR: 56.8018762959392
x0: 2594.2396787027315
