alphaL: 1.3985916455635006
alphaR: 1.7970522412480578
event_sum: 4.1139933340018615
mean: 2593.9266024445906
nL: 4.499998147941138
nR: 4.2630202642379285
norm: 4.1139933340018615
sigma: 115.92653142568287
sigmaL: 105.36594310770035
sigmaR: 62.4348288888081
widthL: 105.36594310770035
widthR: 62.4348288888081
x0: 2593.9266024445906
