alphaL: 1.145303671025219
alphaR: 2.018515357106161
event_sum: 21.61857322230935
fraction: 0.9973070033174555
mean: 2599.42242913306
nL: 9.996806024283341
nR: 1.7678679170735392
norm: 21.575362666975707
sigma: 159.85605792418144
sigmaL: 107.30668318452243
sigmaR: 59.30339252800342
widthL: 107.30668318452243
widthR: 59.30339252800342
x0: 2599.42242913306
