alphaL: 1.4009727496195425
alphaR: 1.7976765943398239
event_sum: 4.1139933340018615
mean: 2593.9645757074295
nL: 4.499844765595869
nR: 4.253797991498064
norm: 4.1139933340018615
sigma: 115.92653142568287
sigmaL: 105.416200151098
sigmaR: 62.41418675583644
widthL: 105.416200151098
widthR: 62.41418675583644
x0: 2593.9645757074295
