alphaL: 1.1424574359284703
alphaR: 1.6080481815448413
event_sum: 11.783186050597578
fraction: 0.9983814831824707
mean: 2601.5243031086807
nL: 9.995189240315703
nR: 3.3324256940315387
norm: 11.72335605090484
sigma: 159.85605792418144
sigmaL: 106.61420247219706
sigmaR: 63.89713454428881
widthL: 106.61420247219706
widthR: 63.89713454428881
x0: 2601.5243031086807
