alphaL: 1.525914177799348
alphaR: 1.5738093921364702
event_sum: 1.1729346457868814
mean: 2608.560944929657
nL: 3.9974155184424927
nR: 3.125225051381355
norm: 1.1729346457868814
sigma: 161.3470847676165
sigmaL: 122.5405687667179
sigmaR: 60.364801489312214
widthL: 122.5405687667179
widthR: 60.364801489312214
x0: 2608.560944929657
