alphaL: 1.1946669206419533
alphaR: 2.0943845090243456
event_sum: 4.113571447931463
fraction: 0.9992466038725545
mean: 2588.175517983657
nL: 9.999564372461748
nR: 3.1237803849439
norm: 4.112728243781021
sigma: 115.26426216128829
sigmaL: 97.33606003301125
sigmaR: 66.42333136588195
widthL: 97.33606003301125
widthR: 66.42333136588195
x0: 2588.175517983657
