alphaL: 1.4711111833653248
alphaR: 1.9527170260017666
event_sum: 2.157037834462244
mean: 2604.6254108955045
nL: 4.495000494467406
nR: 1.775026753651072
norm: 2.157037834462244
sigma: 161.7184399276159
sigmaL: 120.21350773082129
sigmaR: 56.82083081736797
widthL: 120.21350773082129
widthR: 56.82083081736797
x0: 2604.6254108955045
