alphaL: 1.3042201243559113
alphaR: 1.7668280045739138
event_sum: 1.17017515929183
mean: 2601.3822724624238
nL: 4.437253698787184
nR: 2.7025679179169053
norm: 1.17017515929183
sigma: 161.7184399276159
sigmaL: 109.37744265208862
sigmaR: 65.58255475074188
widthL: 109.37744265208862
widthR: 65.58255475074188
x0: 2601.3822724624238
