alphaL: 1.470001762066479
alphaR: 1.9366906350422297
event_sum: 2.157037834462244
mean: 2604.5811621100224
nL: 4.4956929106779455
nR: 1.8428196982935423
norm: 2.157037834462244
sigma: 161.7184399276159
sigmaL: 120.15059865863438
sigmaR: 56.78870198399418
widthL: 120.15059865863438
widthR: 56.78870198399418
x0: 2604.5811621100224
