alphaL: 1.4257155435060735
alphaR: 1.919939459686757
event_sum: 4.1139933340018615
mean: 2592.064258850653
nL: 3.9949980332424055
nR: 3.8528364617179864
norm: 4.1139933340018615
sigma: 115.92653142568287
sigmaL: 103.84615506644656
sigmaR: 63.817642138292385
widthL: 103.84615506644656
widthR: 63.817642138292385
x0: 2592.064258850653
