alphaL: 1.1774888948779614
alphaR: 2.0005682806998117
event_sum: 5.747701488260645
mean: 2590.787919487726
nL: 4.88882901319553
nR: 3.774142267487557
norm: 5.747701488260645
sigma: 115.92653142568287
sigmaL: 99.18836744923988
sigmaR: 58.405295864105916
widthL: 99.18836744923988
widthR: 58.405295864105916
x0: 2590.787919487726
