alphaL: 1.1457013405824052
alphaR: 1.9916878218456513
event_sum: 5.794920523912879
fraction: 0.9990457820713958
mean: 2590.336128647852
nL: 9.796349223617991
nR: 3.838743499654371
norm: 5.794498921837658
sigma: 115.26426216128829
sigmaL: 99.30300848277338
sigmaR: 58.3946080512976
widthL: 99.30300848277338
widthR: 58.3946080512976
x0: 2590.336128647852
