alphaL: 1.5462771622473228
alphaR: 1.9655771462325697
event_sum: 5.794920523912879
mean: 2596.4987766193817
nL: 4.499749210397706
nR: 3.5235620878651974
norm: 5.794920523912879
sigma: 115.26426216128829
sigmaL: 113.39763566076522
sigmaR: 55.629002492845956
widthL: 113.39763566076522
widthR: 55.629002492845956
x0: 2596.4987766193817
