alphaL: 1.4083597793006706
alphaR: 2.0429334675768143
event_sum: 5.7751056250417605
mean: 2595.0412588765375
nL: 3.928709544924203
nR: 3.3666627902810937
norm: 5.7751056250417605
sigma: 115.92653142568287
sigmaL: 108.48875206461527
sigmaR: 56.25909247808524
widthL: 108.48875206461527
widthR: 56.25909247808524
x0: 2595.0412588765375
