alphaL: 1.1585236205890177
alphaR: 1.0840178111938759
event_sum: 6.640897614912361
mean: 2656.8570235190573
nL: 0.2429461287399231
nR: 6.071806186332062
norm_2016: 1.3530571063169559
norm_2017: 2.133787964314179
norm_2018: 3.2444419559995894
norm_Run2: 6.640897614912361
sigma: 270.0
sigmaL: 297.683356456161
sigmaR: 118.3164999674078
widthL: 297.683356456161
widthR: 118.3164999674078
x0: 2656.8570235190573
