alphaL: 1.0296334601018495
alphaR: 2.1822182363065963
event_sum: 26.366205920490653
mean: 2048.9648398350355
nL: 113.88142560921415
nR: 2.6961486198972966
norm_2016: 6.925968850260421
norm_2017: 8.838156973152024
norm_2018: 12.799175082585851
norm_Run2: 26.366205920490653
sigma: 94.93843115997393
sigmaL: 82.57464117727336
sigmaR: 50.02308979146065
widthL: 82.57464117727336
widthR: 50.02308979146065
x0: 2048.9648398350355
