alphaL: 1.0197895137658484
alphaR: 1.453999963580672
event_sum: 0.37382073369833263
mean: 2501.796545993534
nL: 1.4335520686825123
nR: 1.7252419221180963
norm: 0.37382073369833263
sigma: 140.0
sigmaL: 160.91909759574403
sigmaR: 82.9146169552236
widthL: 160.91909759574403
widthR: 82.9146169552236
x0: 2501.796545993534
