alphaL: 0.5547349919912221
alphaR: 1.8632573853346632
event_sum: 0.23025939137985216
mean: 2441.262885431049
nL: 4.342582079111931
nR: 2.9602320843707988
norm: 0.23025939137985216
sigma: 140.0
sigmaL: 118.34420179169018
sigmaR: 129.34883889136734
widthL: 118.34420179169018
widthR: 129.34883889136734
x0: 2441.262885431049
