alphaL: 1.0309562217781483
alphaR: 1.531484547128133
event_sum: 0.3920571504102485
mean: 2462.514852571178
nL: 1.0390951154894048
nR: 3.9678034132365605
norm: 0.3920571504102485
sigma: 140.0
sigmaL: 130.85646549502886
sigmaR: 111.90207453431142
widthL: 130.85646549502886
widthR: 111.90207453431142
x0: 2462.514852571178
