alphaL: 1.0680707333284578
alphaR: 1.3421638332527392
event_sum: 5.888883814469787
fraction: 0.8653116965384049
mean: 2480.313020081935
nL: 1.0099438351702952
nR: 3.830784407023722
norm: 4.081128854283553
sigma: 140.0
sigmaL: 149.79506909010564
sigmaR: 95.77119276536526
widthL: 149.79506909010564
widthR: 95.77119276536526
x0: 2480.313020081935
