alphaL: 0.9784455142304023
alphaR: 1.6157147266742522
event_sum: 0.2459450613833493
mean: 2468.4634090971513
nL: 0.982091473593497
nR: 3.6205791645154024
norm: 0.2459450613833493
sigma: 140.0
sigmaL: 156.32136826875282
sigmaR: 110.5302547727166
widthL: 156.32136826875282
widthR: 110.5302547727166
x0: 2468.4634090971513
