alphaL: 1.246897044465917
alphaR: 1.6251018657168415
event_sum: 5.749089970284253
fraction: 0.768986998570853
mean: 2458.337701443007
nL: 0.4009960571199268
nR: 3.645416119722483
norm: 2.589927563029307
sigma: 140.0
sigmaL: 151.78736446682484
sigmaR: 120.95999742153285
widthL: 151.78736446682484
widthR: 120.95999742153285
x0: 2458.337701443007
