alphaL: 0.8051208523947886
alphaR: 1.4420744674709747
event_sum: 29.52530516247498
fraction: 0.9946932711424277
mean: 884.7776104783547
nL: 6.793342153222816
nR: 4.848709816207472
norm: 9.157010144088417
sigma: 90.0
sigmaL: 68.16366999786072
sigmaR: 60.005602634702555
widthL: 68.16366999786072
widthR: 60.005602634702555
x0: 884.7776104783547
