alphaL: 0.7756526874579112
alphaR: 1.505691941994559
event_sum: 9.212439987575635
fraction: 0.9935557959667473
mean: 886.8100682124541
nL: 7.7848460789351055
nR: 4.112682877203515
norm: 9.157010144088417
sigma: 90.0
sigmaL: 67.65929717030345
sigmaR: 60.84670762791631
widthL: 67.65929717030345
widthR: 60.84670762791631
x0: 886.8100682124541
