alphaL: 1.0837696202858773
alphaR: 1.4501572661708957
event_sum: 0.9212440132687334
mean: 894.4659784019157
nL: 4.055015609910857
nR: 3.9486588357011625
norm: 0.9212440132687334
sigma: 90.0
sigmaL: 85.83745326529514
sigmaR: 56.97104081186524
widthL: 85.83745326529514
widthR: 56.97104081186524
x0: 894.4659784019157
