alphaL: 0.88391224852889
alphaR: 1.6053278158770075
event_sum: 0.9195811179379234
mean: 887.3903796085337
nL: 4.218977855026534
nR: 3.3284891163244814
norm: 0.9195811179379234
sigma: 90.0
sigmaL: 71.48076214172983
sigmaR: 61.525187082477544
widthL: 71.48076214172983
widthR: 61.525187082477544
x0: 887.3903796085337
