alphaL: 1.348289985987279
alphaR: 1.5417779798892823
event_sum: 0.4416834764779196
mean: 901.0882832958708
nL: 1.8696744310734603
nR: 1.8893744053286192
norm: 0.4416834764779196
sigma: 90.0
sigmaL: 91.26128668764727
sigmaR: 50.07890773470938
widthL: 91.26128668764727
widthR: 50.07890773470938
x0: 901.0882832958708
