alphaL: 1.409087484565853
alphaR: 1.818844115375392
event_sum: 0.44279207336512627
mean: 878.3565044682497
nL: 4.296190856599489
nR: 3.7656491274860873
norm: 0.44279207336512627
sigma: 90.0
sigmaL: 83.30496492060607
sigmaR: 74.30039508732183
widthL: 83.30496492060607
widthR: 74.30039508732183
x0: 878.3565044682497
