alphaL: 0.9079247731824939
alphaR: 1.6349439740494607
event_sum: 0.4441778194741346
mean: 883.8834060445164
nL: 4.491192561828992
nR: 2.613037838389789
norm: 0.4441778194741346
sigma: 90.0
sigmaL: 65.16374439378745
sigmaR: 63.0208110403267
widthL: 65.16374439378745
widthR: 63.0208110403267
x0: 883.8834060445164
