alphaL: 1.0766063154492407
alphaR: 1.1969916131475304
event_sum: 0.38190562833915465
mean: 893.7589032924631
nL: 0.20011256249426357
nR: 1.6776419202356092
norm: 0.38190562833915465
sigma: 46.40214033484259
sigmaL: 82.21088598932634
sigmaR: 50.59745175111605
widthL: 82.21088598932634
widthR: 50.59745175111605
x0: 893.7589032924631
