alphaL: 1.4121249167530068
alphaR: 1.8327253300953623
event_sum: 0.44279207336512627
mean: 879.1068109344316
nL: 4.273677915236857
nR: 3.7793572372416078
norm: 0.44279207336512627
sigma: 90.0
sigmaL: 84.44237930181242
sigmaR: 73.18963867350382
widthL: 84.44237930181242
widthR: 73.18963867350382
x0: 879.1068109344316
