alphaL: 0.8670702424546652
alphaR: 1.555245752931284
event_sum: 4.4417781247757375
fraction: 0.9899467637286817
mean: 883.0370931168627
nL: 8.022701703980266
nR: 3.2426702995099657
norm: 4.403901065059472
sigma: 90.0
sigmaL: 65.51868400214167
sigmaR: 62.42708394455743
widthL: 65.51868400214167
widthR: 62.42708394455743
x0: 883.0370931168627
