alphaL: 0.909889788368354
alphaR: 1.5043881485196522
event_sum: 0.9195811179379234
mean: 887.8422097322285
nL: 4.471615929260316
nR: 4.368817373670086
norm: 0.9195811179379234
sigma: 90.0
sigmaL: 74.08409727977958
sigmaR: 61.06164935974858
widthL: 74.08409727977958
widthR: 61.06164935974858
x0: 887.8422097322285
