alphaL: 0.97876401817138
alphaR: 1.296101676546751
event_sum: 0.7932920540988562
mean: 895.1664580382933
nL: 0.20041151473517083
nR: 2.240965829350552
norm: 0.7932920540988562
sigma: 46.40214033484259
sigmaL: 77.51252857230762
sigmaR: 53.20317775337272
widthL: 77.51252857230762
widthR: 53.20317775337272
x0: 895.1664580382933
