alphaL: 0.9494912560888229
alphaR: 1.673711286336293
event_sum: 0.9181953718289151
mean: 887.3832693337049
nL: 3.1726125569818118
nR: 2.573376814080575
norm: 0.9181953718289151
sigma: 90.0
sigmaL: 74.4265635049958
sigmaR: 62.45419849216826
widthL: 74.4265635049958
widthR: 62.45419849216826
x0: 887.3832693337049
