alphaL: 0.8669687633471799
alphaR: 1.5884761887817485
event_sum: 0.541131402417678
mean: 2084.548430424036
nL: 2.681236090003691
nR: 1.9062373284730334
norm: 0.541131402417678
sigma: 117.6
sigmaL: 125.88712643047239
sigmaR: 89.89995531934302
widthL: 125.88712643047239
widthR: 89.89995531934302
x0: 2084.548430424036
