alphaL: 1.1283928174984672
alphaR: 1.5318550758720888
event_sum: 0.4098879369961758
mean: 2102.918148967524
nL: 0.7496231370477447
nR: 1.6652547176460804
norm: 0.4098879369961758
sigma: 117.6
sigmaL: 149.1197258204439
sigmaR: 81.90663539296806
widthL: 149.1197258204439
widthR: 81.90663539296806
x0: 2102.918148967524
