alphaL: 0.8059233257195924
alphaR: 1.3397552765614382
event_sum: 0.5664803385204312
mean: 2079.0203667464825
nL: 2.2210841361716174
nR: 3.8192419132189457
norm: 0.5664803385204312
sigma: 117.6
sigmaL: 117.48535026938241
sigmaR: 89.4763254017638
widthL: 117.48535026938241
widthR: 89.4763254017638
x0: 2079.0203667464825
