alphaL: 1.0008485387505734
alphaR: 1.2160509692726749
event_sum: 0.43318864739662105
mean: 2102.7293195783914
nL: 0.7750136300755742
nR: 3.2133763444965364
norm: 0.43318864739662105
sigma: 117.6
sigmaL: 129.3858297352376
sigmaR: 74.42750735966877
widthL: 129.3858297352376
widthR: 74.42750735966877
x0: 2102.7293195783914
