alphaL: 1.0789395766273575
alphaR: 1.4374546258733782
event_sum: 6.983918291191553
fraction: 0.8450037812912237
mean: 2088.337701505898
nL: 0.8358309083797426
nR: 3.493529375826316
norm: 4.546485250291998
sigma: 117.6
sigmaL: 138.10353038558014
sigmaR: 92.11675360084517
widthL: 138.10353038558014
widthR: 92.11675360084517
x0: 2088.337701505898
