alphaL: 0.9351521847081291
alphaR: 1.326925866108078
event_sum: 7.174445671968607
fraction: 0.9185356396663918
mean: 2081.381361263926
nL: 1.7810825080478685
nR: 4.104521373953548
norm: 5.825127463283083
sigma: 117.6
sigmaL: 124.48473744863549
sigmaR: 89.37134647903893
widthL: 124.48473744863549
widthR: 89.37134647903893
x0: 2081.381361263926
