alphaL: 1.1428660612684773
alphaR: 1.637268103125014
event_sum: 0.5364781586015589
mean: 1239.8894645843482
nL: 2.217506538093249
nR: 2.161200607776045
norm: 0.5364781586015589
sigma: 70.0
sigmaL: 82.34675129549167
sigmaR: 55.504057107787595
widthL: 82.34675129549167
widthR: 55.504057107787595
x0: 1239.8894645843482
