alphaL: 1.231062513005526
alphaR: 1.3909654732994914
event_sum: 5.787325941424899
fraction: 0.9732883283224134
mean: 1243.3982907225527
nL: 2.905198360704974
nR: 3.4162993134016357
norm: 5.577904192169287
sigma: 70.0
sigmaL: 89.15328384971704
sigmaR: 51.6433401413903
widthL: 89.15328384971704
widthR: 51.6433401413903
x0: 1243.3982907225527
