alphaL: 1.2155959397101892
alphaR: 1.3676434601046907
event_sum: 0.5512972388151247
mean: 1246.8286122041918
nL: 3.2491679702007676
nR: 3.331910679033423
norm: 0.5512972388151247
sigma: 70.0
sigmaL: 88.87321510742281
sigmaR: 49.095282842299284
widthL: 88.87321510742281
widthR: 49.095282842299284
x0: 1246.8286122041918
