alphaL: 0.8098693963371851
alphaR: 1.5677117640836595
event_sum: 0.8032391097983497
mean: 1238.8009608562832
nL: 2.9745012123792693
nR: 3.3026889629518115
norm: 0.8032391097983497
sigma: 70.0
sigmaL: 70.08024254813111
sigmaR: 59.067548312173166
widthL: 70.08024254813111
widthR: 59.067548312173166
x0: 1238.8009608562832
