alphaL: 0.9514332761087467
alphaR: 1.6083536236154607
event_sum: 0.7746433995657613
mean: 1245.2029945464503
nL: 1.9627040673579517
nR: 2.0217074209200563
norm: 0.7746433995657613
sigma: 70.0
sigmaL: 81.7631222721639
sigmaR: 54.774645310538624
widthL: 81.7631222721639
widthR: 54.774645310538624
x0: 1245.2029945464503
