alphaL: 0.782788582464061
alphaR: 1.5715806286513505
event_sum: 8.653184778401897
fraction: 0.9634923443511023
mean: 1237.945329188113
nL: 3.428781394651839
nR: 3.5530915975407726
norm: 8.181712130691247
sigma: 70.0
sigmaL: 70.13163570381641
sigmaR: 59.87446543509649
widthL: 70.13163570381641
widthR: 59.87446543509649
x0: 1237.945329188113
