alphaL: 1.0535298380864353
alphaR: 1.44177852596399
event_sum: 1.894742129782949
mean: 1127.1669053965372
nL: 1.6953390454332027
nR: 3.2683068326537215
norm: 1.894742129782949
sigma: 115.0
sigmaL: 92.82481292692698
sigmaR: 71.13628409048717
widthL: 92.82481292692698
widthR: 71.13628409048717
x0: 1127.1669053965372
