alphaL: 1.0152572937307005
alphaR: 1.290860539305461
event_sum: 18.88461492635462
fraction: 0.9657236415968854
mean: 1133.0331723649583
nL: 2.905504988704859
nR: 4.5
norm: 18.087654773608605
sigma: 115.0
sigmaL: 99.3387579928288
sigmaR: 65.85032724954499
widthL: 99.3387579928288
widthR: 65.85032724954499
x0: 1133.0331723649583
