alphaL: 1.193103678146931
alphaR: 1.4815911339161185
event_sum: 3.0589629434468053
mean: 1135.9115635019753
nL: 1.7729132968160426
nR: 3.509828150394661
norm: 3.0589629434468053
sigma: 115.0
sigmaL: 111.86921879472605
sigmaR: 68.31763473847292
widthL: 111.86921879472605
widthR: 68.31763473847292
x0: 1135.9115635019753
