alphaL: 1.3230478141593758
alphaR: 0.604555323077409
event_sum: 2.992438185436113
mean: 1163.2130745452653
nL: 0.8774945194726618
nR: 4.451041495933499
norm: 2.992438185436113
sigma: 115.0
sigmaL: 134.3280310814711
sigmaR: 26.88555960234354
widthL: 134.3280310814711
widthR: 26.88555960234354
x0: 1163.2130745452653
