alphaL: 1.0785062285126985
alphaR: 1.280672835296551
event_sum: 1.9240078089352726
mean: 1135.3533972049875
nL: 2.031048944699726
nR: 4.103053559325896
norm: 1.9240078089352726
sigma: 115.0
sigmaL: 101.0269553629244
sigmaR: 63.4201513334238
widthL: 101.0269553629244
widthR: 63.4201513334238
x0: 1135.3533972049875
