alphaL: 0.9723921942269732
alphaR: 1.3642864915231647
event_sum: 30.029571524114033
fraction: 0.9522782383135259
mean: 1133.7767266567362
nL: 1.1476595490180062
nR: 4.285137091965979
norm: 28.270286514242002
sigma: 115.0
sigmaL: 103.36449212899767
sigmaR: 67.20444919954454
widthL: 103.36449212899767
widthR: 67.20444919954454
x0: 1133.7767266567362
