alphaL: 0.6102707877277425
alphaR: 0.9600906173758544
event_sum: 0.12506602473517323
mean: 3323.747151504275
nL: 0.9996128489797048
nR: 2.017127621908309
norm: 0.12506602473517323
sigma: 330.0
sigmaL: 523.1820456828475
sigmaR: 80.04706985405964
widthL: 523.1820456828475
widthR: 80.04706985405964
x0: 3323.747151504275
