alphaL: 0.7285002519174225
alphaR: 0.969196646526959
event_sum: 0.057910182760943577
mean: 3401.500679887617
nL: 0.14153280523069678
nR: 0.1
norm: 0.057910182760943577
sigma: 330.0
sigmaL: 337.3842697748012
sigmaR: 5.0
widthL: 337.3842697748012
widthR: 5.0
x0: 3401.500679887617
