alphaL: 1.3987545933645955
alphaR: 1.7477321894592728
event_sum: 0.10743829929919982
mean: 3287.7660048361276
nL: 0.1
nR: 0.6937689218796755
norm: 0.10743829929919982
sigma: 330.0
sigmaL: 465.3644921646639
sigmaR: 124.69660734346901
widthL: 465.3644921646639
widthR: 124.69660734346901
x0: 3287.7660048361276
