alphaL: 0.8620325915045748
alphaR: 0.6684762515062336
event_sum: 3.2063429282858262
fraction: 0.6813491655040789
mean: 3327.2357516870875
nL: 0.6263319725504928
nR: 3.5762190380733974
norm: 0.9725363751991185
sigma: 330.0
sigmaL: 428.99140823780033
sigmaR: 62.58537031742297
widthL: 428.99140823780033
widthR: 62.58537031742297
x0: 3327.2357516870875
