alphaL: 0.11000354208117491
alphaR: 0.3474968804592814
event_sum: 0.0751414352674173
mean: 3334.9012455185734
nL: 1.0067140806981123
nR: 2.2735437374434855
norm: 0.0751414352674173
sigma: 330.0
sigmaL: 982.7850020575451
sigmaR: 33.59875263041068
widthL: 982.7850020575451
widthR: 33.59875263041068
x0: 3334.9012455185734
