alphaL: 0.45252198175951175
alphaR: 0.44936772499988914
event_sum: 4.347318131338752
fraction: 0.5780384409246688
mean: 3338.1745224249858
nL: 0.4
nR: 2.8144304817915407
norm: 0.47448750036962045
sigma: 330.0
sigmaL: 349.9794976468345
sigmaR: 53.97843305445819
widthL: 349.9794976468345
widthR: 53.97843305445819
x0: 3338.1745224249858
