alphaL: 0.9999982150556288
alphaR: 1.871144572704259
event_sum: 29.617112259454554
fraction: 0.9973866998660491
mean: 2101.0125766602555
nL: 9.99394433327163
nR: 2.491953998561342
norm: 29.556990486920746
sigma: 115.34643173833183
sigmaL: 76.84330272762288
sigmaR: 56.254311264321956
widthL: 76.84330272762288
widthR: 56.254311264321956
x0: 2101.0125766602555
