alphaL: 1.2198189409736955
alphaR: 2.008627510646581
event_sum: 26.03766961459449
mean: 2098.43440193287
nL: 4.988269926076686
nR: 3.785671301375655
norm: 26.03766961459449
sigma: 96.93469672863438
sigmaL: 80.35295071167116
sigmaR: 53.32160959565974
widthL: 80.35295071167116
widthR: 53.32160959565974
x0: 2098.43440193287
