alphaL: 1.23369596375248
alphaR: 1.9452574355590948
event_sum: 4.311090962001213
mean: 2104.9552795928566
nL: 4.653848300424621
nR: 2.1249044437591724
norm: 4.311090962001213
sigma: 115.45578848844403
sigmaL: 88.19770310822773
sigmaR: 48.216087651574334
widthL: 88.19770310822773
widthR: 48.216087651574334
x0: 2104.9552795928566
