alphaL: 1.5296468763435431
alphaR: 2.1203486883208327
event_sum: 27.046943294933364
mean: 2102.669504751401
nL: 4.498106939955707
nR: 2.727904368024738
norm: 27.046943294933364
sigma: 96.93469672863438
sigmaL: 97.2271449562119
sigmaR: 48.87671014410751
widthL: 97.2271449562119
widthR: 48.87671014410751
x0: 2102.669504751401
