alphaL: 1.3904747965601354
alphaR: 1.9010161573052702
event_sum: 26.131047537471883
mean: 2101.755561709821
nL: 4.49996729010656
nR: 4.16943461829647
norm: 26.131047537471883
sigma: 96.93469672863438
sigmaL: 86.3958956939945
sigmaR: 51.324122631253054
widthL: 86.3958956939945
widthR: 51.324122631253054
x0: 2101.755561709821
