alphaL: 1.3441466689102093
alphaR: 0.811949565028964
event_sum: 3.0728751626695896
mean: 2124.085880571698
nL: 4.96964402686628
nR: 3.8456666070665078
norm: 3.0728751626695896
sigma: 115.45578848844403
sigmaL: 99.68994334829516
sigmaR: 23.54688401116262
widthL: 99.68994334829516
widthR: 23.54688401116262
x0: 2124.085880571698
