alphaL: 0.9099369288138581
alphaR: 2.032838191991764
event_sum: 23.91984909049946
fraction: 0.9946627140627335
mean: 2096.4021669541985
nL: 38.594369760697674
nR: 3.8805427693503622
norm: 23.845302975519225
sigma: 96.98056257854071
sigmaL: 72.08832492176393
sigmaR: 54.57884998485296
widthL: 72.08832492176393
widthR: 54.57884998485296
x0: 2096.4021669541985
