alphaL: 1.3589193060602742
alphaR: 1.9942835771354943
event_sum: 4.325213248534966
mean: 2105.0484979545727
nL: 4.486556892053117
nR: 1.9646583197173189
norm: 4.325213248534966
sigma: 115.45578848844403
sigmaL: 92.38269071265425
sigmaR: 49.707349110858736
widthL: 92.38269071265425
widthR: 49.707349110858736
x0: 2105.0484979545727
