alphaL: 1.1041458384907348
alphaR: 2.0551855356087465
event_sum: 41.50453244521668
fraction: 0.9968702082828111
mean: 2102.597751451183
nL: 9.99837478723031
nR: 1.9017927316141652
norm: 41.46257796224975
sigma: 115.34643173833183
sigmaL: 84.77115809264244
sigmaR: 50.42646128410582
widthL: 84.77115809264244
widthR: 50.42646128410582
x0: 2102.597751451183
