alphaL: 1.2421734810286076
alphaR: 1.8938321610684985
event_sum: 23.91984909049946
fraction: 0.9992611092509975
mean: 2101.627083028907
nL: 9.989821394044283
nR: 4.024972903568516
norm: 23.916970859464545
sigma: 96.73996242206907
sigmaL: 84.71013492326848
sigmaR: 51.49435991063437
widthL: 84.71013492326848
widthR: 51.49435991063437
x0: 2101.627083028907
