alphaL: 1.4624761700868691
alphaR: 2.1189614658378515
event_sum: 26.9225814348967
mean: 2103.4343990823363
nL: 4.998449071064643
nR: 2.8602691900734643
norm: 26.9225814348967
sigma: 96.93469672863438
sigmaL: 101.33590010749039
sigmaR: 48.6440222297166
widthL: 101.33590010749039
widthR: 48.6440222297166
x0: 2103.4343990823363
