alphaL: 1.3285255857930445
alphaR: 1.7560871222750327
event_sum: 3.0828063128708796
mean: 2106.742007894177
nL: 4.466300567655997
nR: 2.7598968212608646
norm: 3.0828063128708796
sigma: 115.45578848844403
sigmaL: 89.86234102453778
sigmaR: 52.94406810401381
widthL: 89.86234102453778
widthR: 52.94406810401381
x0: 2106.742007894177
