alphaL: 1.3412805261535476
alphaR: 2.20073132346919
event_sum: 24.659551125815867
fraction: 0.9989092909253099
mean: 2100.6961273507536
nL: 9.966447799338754
nR: 2.456423386225751
norm: 24.654464081729916
sigma: 96.73996242206907
sigmaL: 93.08529989460189
sigmaR: 50.1337593446108
widthL: 93.08529989460189
widthR: 50.1337593446108
x0: 2100.6961273507536
