alphaL: 0.8996036406342744
alphaR: 2.038553764760993
event_sum: 23.845302975519225
mean: 2096.1402676032953
nL: 40.75618689654584
nR: 3.861380964504784
norm_2016: 23.845302975519225
norm_2017: 23.845302975519225
norm_2018: 23.845302975519225
norm_Run2: 23.845302975519225
sigma: 96.98056257854071
sigmaL: 71.43837266220449
sigmaR: 54.730778270965175
widthL: 71.43837266220449
widthR: 54.730778270965175
x0: 2096.1402676032953
