alphaL: 1.0069331695835837
alphaR: 2.2361729069198555
event_sum: 24.55312884247176
mean: 2097.822504136351
nL: 118.33426118944877
nR: 2.545613201382955
norm_2016: 6.420678416451355
norm_2017: 8.253931091246548
norm_2018: 11.947644465895602
norm_Run2: 26.622253973593505
sigma: 96.98056257854071
sigmaL: 82.76878016828488
sigmaR: 51.551665783215924
widthL: 82.76878016828488
widthR: 51.551665783215924
x0: 2097.822504136351
