alphaL: 0.9278187610405966
alphaR: 1.3917260135478215
event_sum: 10.5294915573052
mean: 2042.90693256132
nL: 0.4540612117089355
nR: 6.0018550308192165
norm_2016: 10.5294915573052
norm_2017: 10.5294915573052
norm_2018: 10.5294915573052
norm_Run2: 10.5294915573052
sigma: 210.0
sigmaL: 181.76865495971055
sigmaR: 121.67923758960211
widthL: 181.76865495971055
widthR: 121.67923758960211
x0: 2042.90693256132
