alphaL: 0.7891464754508166
alphaR: 1.9172772280185464
event_sum: 29.331721979957592
mean: 2098.114428835777
nL: 28.416648611500364
nR: 2.577508045859137
norm_2016: 29.331721979957592
norm_2017: 29.331721979957592
norm_2018: 29.331721979957592
norm_Run2: 29.331721979957592
sigma: 115.599264266881
sigmaL: 67.55381193237554
sigmaR: 58.000894566306414
widthL: 67.55381193237554
widthR: 58.000894566306414
x0: 2098.114428835777
