alphaL: 0.9696448832505311
alphaR: 1.4412038441743849
event_sum: 13.860264606393242
mean: 2072.949048714172
nL: 1.1747045612443674
nR: 4.219479739800947
norm_2016: 13.860264606393242
norm_2017: 13.860264606393242
norm_2018: 13.860264606393242
norm_Run2: 13.860264606393242
sigma: 117.6
sigmaL: 126.91695147642362
sigmaR: 93.42803738347229
widthL: 126.91695147642362
widthR: 93.42803738347229
x0: 2072.949048714172
