alphaL: 0.7791959933460538
alphaR: 1.9193905708801302
event_sum: 29.331721979957592
mean: 2098.2758250380703
nL: 32.36651233564261
nR: 2.5574420437072813
norm_2016: 7.890642008080223
norm_2017: 9.198551873580133
norm_2018: 12.996526556996347
norm_Run2: 29.331721979957592
sigma: 115.599264266881
sigmaL: 67.586218935457
sigmaR: 57.89450423613461
widthL: 67.586218935457
widthR: 57.89450423613461
x0: 2098.2758250380703
