alphaL: 0.8557985893683249
alphaR: 1.5016687332057677
event_sum: 13.860264606393242
mean: 2068.4461700679044
nL: 1.4008698162015998
nR: 4.006328198745953
norm_2016: 3.5732565442760094
norm_2017: 4.400589834288253
norm_2018: 6.104253791441423
norm_Run2: 13.860264606393242
sigma: 117.6
sigmaL: 114.9799959895793
sigmaR: 97.36818720517175
widthL: 114.9799959895793
widthR: 97.36818720517175
x0: 2068.4461700679044
