alphaL: 0.8882142367085506
alphaR: 1.2660540890967973
event_sum: 18.071264816922888
mean: 2076.327620965223
nL: 2.2088830453613513
nR: 4.963128860207026
norm_2016: 4.35088015732976
norm_2017: 5.716296033434905
norm_2018: 8.342973494005216
norm_Run2: 18.071264816922888
sigma: 117.6
sigmaL: 124.38763867820998
sigmaR: 84.50829545588735
widthL: 124.38763867820998
widthR: 84.50829545588735
x0: 2076.327620965223
