alphaL: 1.1313210922035801
alphaR: 1.3432265852985272
event_sum: 13.132238100641805
mean: 2057.3152184013775
nL: 0.5139365887364398
nR: 4.899258980835658
norm_2016: 13.132238100641805
norm_2017: 13.132238100641805
norm_2018: 13.132238100641805
norm_Run2: 13.132238100641805
sigma: 210.0
sigmaL: 201.44091749447477
sigmaR: 112.68233649308966
widthL: 201.44091749447477
widthR: 112.68233649308966
x0: 2057.3152184013775
