alphaL: 0.88961288307329
alphaR: 1.246124521015013
event_sum: 18.071264816922888
mean: 2078.06438317678
nL: 2.3030332804970723
nR: 4.981074713295339
norm_2016: 18.071264816922888
norm_2017: 18.071264816922888
norm_2018: 18.071264816922888
norm_Run2: 18.071264816922888
sigma: 117.6
sigmaL: 126.68141234576089
sigmaR: 83.00360413906418
widthL: 126.68141234576089
widthR: 83.00360413906418
x0: 2078.06438317678
