alphaL: 0.7503320035063759
alphaR: 2.147664304080828
event_sum: 41.19402551910511
mean: 2097.338249885327
nL: 80.09479746396279
nR: 1.757382185158119
norm_2016: 41.19402551910511
norm_2017: 41.19402551910511
norm_2018: 41.19402551910511
norm_Run2: 41.19402551910511
sigma: 115.599264266881
sigmaL: 67.53982076839529
sigmaR: 53.28234816559049
widthL: 67.53982076839529
widthR: 53.28234816559049
x0: 2097.338249885327
