alphaL: 0.9156408005291279
alphaR: 1.9495507799044385
event_sum: 28.337711415693256
fraction: 0.9973402626922176
mean: 2295.97934072568
nL: 9.995146290869704
nR: 2.282478940210399
norm: 28.252668704423378
sigma: 131.2859614954726
sigmaL: 75.96165739400482
sigmaR: 62.57750933565028
widthL: 75.96165739400482
widthR: 62.57750933565028
x0: 2295.97934072568
