alphaL: 1.1664069766918983
alphaR: 1.9722517794738816
event_sum: 16.069500682907872
fraction: 0.9991254152495974
mean: 2298.4392824218503
nL: 10.0
nR: 3.463340146948065
norm: 16.065066954236514
sigma: 106.07261162047412
sigmaL: 87.45890915937818
sigmaR: 57.21798073063991
widthL: 87.45890915937818
widthR: 57.21798073063991
x0: 2298.4392824218503
