alphaL: 1.1883425556786376
alphaR: 2.041168634572353
event_sum: 4.521909499452081
mean: 2301.2405928216044
nL: 4.595277464373188
nR: 1.8403796073710028
norm: 4.521909499452081
sigma: 131.3880864689056
sigmaL: 90.54545001713593
sigmaR: 54.71091257939424
widthL: 90.54545001713593
widthR: 54.71091257939424
x0: 2301.2405928216044
