alphaL: 1.252385337520277
alphaR: 1.8226130723732468
event_sum: 2.948451454286719
mean: 2302.1885826114976
nL: 4.487982906529667
nR: 2.556005447453978
norm: 2.948451454286719
sigma: 131.3880864689056
sigmaL: 91.50771826748591
sigmaR: 59.5390522633772
widthL: 91.50771826748591
widthR: 59.5390522633772
x0: 2302.1885826114976
