alphaL: 1.1777740908127639
alphaR: 2.066114268997809
event_sum: 17.531076038608195
mean: 2297.3387336620563
nL: 4.960068050015262
nR: 2.9532192763953735
norm: 17.531076038608195
sigma: 106.04534955207652
sigmaL: 85.70574224261676
sigmaR: 58.05136120292753
widthL: 85.70574224261676
widthR: 58.05136120292753
x0: 2297.3387336620563
