alphaL: 1.446297439150758
alphaR: 2.2236241854860532
event_sum: 20.310203145028936
mean: 2301.504557077832
nL: 4.50042064725425
nR: 2.3739072229059466
norm: 20.310203145028936
sigma: 106.04534955207652
sigmaL: 102.25612135399962
sigmaR: 52.67087835312707
widthL: 102.25612135399962
widthR: 52.67087835312707
x0: 2301.504557077832
