alphaL: 0.6130852315959252
alphaR: 2.4432912098390966
event_sum: 20.21833719659167
mean: 2281.5319813486553
nL: 4.9951933672732265
nR: 2.2428349735803557
norm: 20.21833719659167
sigma: 106.04534955207652
sigmaL: 44.6366238770859
sigmaR: 62.10888321185836
widthL: 44.6366238770859
widthR: 62.10888321185836
x0: 2281.5319813486553
