alphaL: 1.3731083678595897
alphaR: 1.8276038421159564
event_sum: 17.598334478828086
mean: 2301.823455672307
nL: 4.500037437648829
nR: 4.228031689535097
norm: 17.598334478828086
sigma: 106.04534955207652
sigmaL: 93.63270644371146
sigmaR: 54.69684198738044
widthL: 93.63270644371146
widthR: 54.69684198738044
x0: 2301.823455672307
