alphaL: 1.3300530416071914
alphaR: 1.9519465688617785
event_sum: 4.5336199545544895
mean: 2304.2902916534995
nL: 4.485068939265499
nR: 2.012175841995359
norm: 4.5336199545544895
sigma: 131.3880864689056
sigmaL: 97.59728026276116
sigmaR: 53.331392269752456
widthL: 97.59728026276116
widthR: 53.331392269752456
x0: 2304.2902916534995
