alphaL: 1.2666478810237911
alphaR: 2.212725371441301
event_sum: 18.488441680414155
fraction: 0.9988506335414912
mean: 2299.877821442515
nL: 10.0
nR: 2.4504142090275494
norm: 18.483160017051816
sigma: 106.07261162047412
sigmaL: 98.2162405261541
sigmaR: 53.650618256381485
widthL: 98.2162405261541
widthR: 53.650618256381485
x0: 2299.877821442515
