alphaL: 1.0835939751913837
alphaR: 1.994709126502065
event_sum: 43.46257126006684
fraction: 0.997132777374314
mean: 2302.1168394624406
nL: 9.9995957892564
nR: 1.9760623128741317
norm: 43.40670732404205
sigma: 131.2859614954726
sigmaL: 90.28538785129699
sigmaR: 54.048945453710544
widthL: 90.28538785129699
widthR: 54.048945453710544
x0: 2302.1168394624406
