alphaL: 1.303399490501678
alphaR: 0.8853594181706312
event_sum: 2.9391604134075506
mean: 2319.872397918452
nL: 4.9551987303093235
nR: 3.5741514071566938
norm: 2.9391604134075506
sigma: 131.3880864689056
sigmaL: 101.97887801946912
sigmaR: 29.396118259406247
widthL: 101.97887801946912
widthR: 29.396118259406247
x0: 2319.872397918452
