alphaL: 0.8574853654803607
alphaR: 2.0892512748202545
event_sum: 16.023483684370248
mean: 2293.243705800365
nL: 44.83908151646613
nR: 3.2591976027147487
norm_2016: 16.023483684370248
norm_2017: 16.023483684370248
norm_2018: 16.023483684370248
norm_Run2: 16.023483684370248
sigma: 105.88053423298618
sigmaL: 74.61692856240755
sigmaR: 60.464957306120844
widthL: 74.61692856240755
widthR: 60.464957306120844
x0: 2293.243705800365
