alphaL: 0.8346326750258986
alphaR: 2.083751919256108
event_sum: 16.023483684370248
mean: 2293.021630951026
nL: 52.89927241551848
nR: 3.2493607458806064
norm_2016: 4.5894894675466835
norm_2017: 5.4307807805959465
norm_2018: 7.333323275537624
norm_Run2: 16.023483684370248
sigma: 105.88053423298618
sigmaL: 73.06116529004089
sigmaR: 60.27363287688101
widthL: 73.06116529004089
widthR: 60.27363287688101
x0: 2293.021630951026
