alphaL: 0.9005372965117374
alphaR: 2.279460150497555
event_sum: 18.42500171011055
mean: 2295.004447591765
nL: 127.13756138949452
nR: 2.4423666183776174
norm_2016: 4.768749309391184
norm_2017: 6.26170559696955
norm_2018: 8.977296110069421
norm_Run2: 18.42500171011055
sigma: 105.88053423298618
sigmaL: 82.7078585820532
sigmaR: 55.74033735381546
widthL: 82.7078585820532
widthR: 55.74033735381546
x0: 2295.004447591765
