alphaL: 0.9081405351711296
alphaR: 2.2997473569403697
event_sum: 18.42500171011055
mean: 2295.2109463296756
nL: 119.13703067769961
nR: 2.3553305370437143
norm_2016: 18.42500171011055
norm_2017: 18.42500171011055
norm_2018: 18.42500171011055
norm_Run2: 18.42500171011055
sigma: 105.88053423298618
sigmaL: 83.1292815269901
sigmaR: 55.82754745045942
widthL: 83.1292815269901
widthR: 55.82754745045942
x0: 2295.2109463296756
