alphaL: 0.7225755969792937
alphaR: 1.9650156625962119
event_sum: 28.065337753460906
mean: 2294.821135933312
nL: 33.68488296286816
nR: 2.290811241749494
norm_2016: 7.42653828289116
norm_2017: 8.948463059645675
norm_2018: 12.440475363524733
norm_Run2: 28.065337753460906
sigma: 131.40972988367963
sigmaL: 67.7420363550664
sigmaR: 63.37575337957735
widthL: 67.7420363550664
widthR: 63.37575337957735
x0: 2294.821135933312
