alphaL: 0.7218350401950698
alphaR: 1.9715268640127463
event_sum: 28.065337753460906
mean: 2295.1312164820356
nL: 36.02534782177139
nR: 2.254226601153425
norm_2016: 28.065337753460906
norm_2017: 28.065337753460906
norm_2018: 28.065337753460906
norm_Run2: 28.065337753460906
sigma: 131.40972988367963
sigmaL: 67.88105552140675
sigmaR: 63.1467598521807
widthL: 67.88105552140675
widthR: 63.1467598521807
x0: 2295.1312164820356
