alphaL: 0.9407718970329482
alphaR: 1.2616938986472586
event_sum: 7.946053727438239
mean: 2246.268270578236
nL: 0.38861220155157
nR: 5.693573226737856
norm_2016: 2.0369048719984044
norm_2017: 2.5185491747157376
norm_2018: 3.4760720305659003
norm_Run2: 8.031526077280041
sigma: 230.0
sigmaL: 223.39845567421614
sigmaR: 121.1810069021144
widthL: 223.39845567421614
widthR: 121.1810069021144
x0: 2246.268270578236
