alphaL: 0.9407718970329482
alphaR: 1.2616938986472586
event_sum: 7.946053727438239
mean: 2246.268270578236
nL: 0.38861220155157
nR: 5.693573226737856
norm_2016: 7.946053727438239
norm_2017: 7.946053727438239
norm_2018: 7.946053727438239
norm_Run2: 7.946053727438239
sigma: 230.0
sigmaL: 223.39845567421614
sigmaR: 121.1810069021144
widthL: 223.39845567421614
widthR: 121.1810069021144
x0: 2246.268270578236
