alphaL: 0.8310343505843525
alphaR: 1.6459540371895507
event_sum: 10.582979427424497
mean: 2253.175839269865
nL: 1.0424788593591021
nR: 3.4952048035697394
norm_2016: 10.582979427424497
norm_2017: 10.582979427424497
norm_2018: 10.582979427424497
norm_Run2: 10.582979427424497
sigma: 128.8
sigmaL: 106.93899494901774
sigmaR: 111.64259154698851
widthL: 106.93899494901774
widthR: 111.64259154698851
x0: 2253.175839269865
