alphaL: 0.9853821432029854
alphaR: 1.2175915176641638
event_sum: 7.946053727438239
mean: 2250.6159167755523
nL: 0.3451348747161568
nR: 6.114275815757928
norm_2016: 2.0369048719984044
norm_2017: 2.5185491747157376
norm_2018: 3.4760720305659003
norm_Run2: 7.946053727438239
sigma: 230.0
sigmaL: 232.16534535111643
sigmaR: 116.96343062672808
widthL: 232.16534535111643
widthR: 116.96343062672808
x0: 2250.6159167755523
