alphaL: 0.7440792128252856
alphaR: 1.3406243373551545
event_sum: 15.544713464934762
mean: 2261.1033471340006
nL: 2.2399240905500504
nR: 5.220358378073357
norm_2016: 3.8041660572830844
norm_2017: 4.866900886386456
norm_2018: 7.135088648656441
norm_Run2: 15.806155592325982
sigma: 128.8
sigmaL: 113.78493832981056
sigmaR: 99.28216338727846
widthL: 113.78493832981056
widthR: 99.28216338727846
x0: 2261.1033471340006
