alphaL: 1.1955510591625997
alphaR: 1.1647308661900238
event_sum: 10.981664531641774
mean: 2259.4580731949263
nL: 0.3700013040030273
nR: 7.923681610302953
norm_2016: 10.981664531641774
norm_2017: 10.981664531641774
norm_2018: 10.981664531641774
norm_Run2: 10.981664531641774
sigma: 230.0
sigmaL: 250.26666485647218
sigmaR: 116.72707934185047
widthL: 250.26666485647218
widthR: 116.72707934185047
x0: 2259.4580731949263
