alphaL: 0.7362154667139902
alphaR: 2.122622079689601
event_sum: 43.17856140054777
mean: 2296.554220451103
nL: 70.37248971349285
nR: 1.7145262771332508
norm_2016: 10.437163758553432
norm_2017: 13.700891902026699
norm_2018: 20.24170488953289
norm_Run2: 43.17856140054777
sigma: 131.40972988367963
sigmaL: 72.19433845460051
sigmaR: 57.27477757743782
widthL: 72.19433845460051
widthR: 57.27477757743782
x0: 2296.554220451103
