alphaL: 0.7440792128252856
alphaR: 1.3406243373551545
event_sum: 15.544713464934762
mean: 2261.1033471340006
nL: 2.2399240905500504
nR: 5.220358378073357
norm_2016: 15.544713464934762
norm_2017: 15.544713464934762
norm_2018: 15.544713464934762
norm_Run2: 15.544713464934762
sigma: 128.8
sigmaL: 113.78493832981056
sigmaR: 99.28216338727846
widthL: 113.78493832981056
widthR: 99.28216338727846
x0: 2261.1033471340006
