alphaL: 0.7347210775652596
alphaR: 2.1210285059645493
event_sum: 43.17856140054777
mean: 2296.8410848942885
nL: 65.4192010396684
nR: 1.719228186614986
norm_2016: 43.17856140054777
norm_2017: 43.17856140054777
norm_2018: 43.17856140054777
norm_Run2: 43.17856140054777
sigma: 131.40972988367963
sigmaL: 71.94289145046692
sigmaR: 57.04429616600754
widthL: 71.94289145046692
widthR: 57.04429616600754
x0: 2296.8410848942885
