alphaL: 1.0808993589799238
alphaR: 1.8199904779696807
event_sum: 35.93893196666613
mean: 1006.0836945224711
nL: 66.14626518184184
nR: 6.969010532134524
norm_2016: 9.803728849859908
norm_2017: 11.14528092497494
norm_2018: 15.721044314093888
norm_Run2: 35.93893196666613
sigma: 51.633331124246844
sigmaL: 44.93528445280726
sigmaR: 31.935207003269486
widthL: 44.93528445280726
widthR: 31.935207003269486
x0: 1006.0836945224711
