alphaL: 1.1776459947540183
alphaR: 1.4245582188018189
event_sum: 17.74576096999226
mean: 995.9443892306069
nL: 3.7888324832887412
nR: 3.9731370898944016
norm_2016: 4.667735962255392
norm_2017: 5.467459034174681
norm_2018: 7.980182153638452
norm_Run2: 17.74576096999226
sigma: 56.0
sigmaL: 72.94451995826557
sigmaR: 45.4727640361083
widthL: 72.94451995826557
widthR: 45.4727640361083
x0: 995.9443892306069
