alphaL: 0.9758083106759919
alphaR: 1.381302975612567
event_sum: 16.349048067990225
mean: 980.1617851585254
nL: 5.438996162281058
nR: 3.984508346025036
norm_2016: 4.092789233953226
norm_2017: 5.213640939560719
norm_2018: 7.322052172385156
norm_Run2: 16.349048067990225
sigma: 100.0
sigmaL: 82.68717535070567
sigmaR: 64.130638308277
widthL: 82.68717535070567
widthR: 64.130638308277
x0: 980.1617851585254
