alphaL: 0.8973475040864579
alphaR: 1.992279864083284
event_sum: 0.7426615423588278
mean: 3282.586564114633
nL: 5.0
nR: 2.5575757360251097
norm: 0.7426615423588278
sigma: 154.72915655064668
sigmaL: 96.52185207461986
sigmaR: 79.2539716516447
widthL: 96.52185207461986
widthR: 79.2539716516447
x0: 3282.586564114633
