alphaL: 1.4682408312624418
alphaR: 1.5749795069788681
event_sum: 1.2675193788704644
mean: 3307.5494004222946
nL: 4.813137155474382
nR: 2.8790087170855756
norm: 1.2675193788704644
sigma: 299.02356297823957
sigmaL: 149.2836158727953
sigmaR: 66.15841514463598
widthL: 149.2836158727953
widthR: 66.15841514463598
x0: 3307.5494004222946
