alphaL: 0.9349258141174875
alphaR: 1.8693409722943566
event_sum: 0.7171361944890422
fraction: 0.9991516724765566
mean: 3286.3081883954355
nL: 9.792871526009877
nR: 4.427845234758454
norm: 0.7164469564214689
sigma: 153.95123477483264
sigmaL: 104.6552816949749
sigmaR: 77.59655638215196
widthL: 104.6552816949749
widthR: 77.59655638215196
x0: 3286.3081883954355
