alphaL: 0.6401354480314191
alphaR: 1.7608343118771044
event_sum: 6.153865597230018
fraction: 0.9980942440996515
mean: 3294.880977634246
nL: 9.916603599088374
nR: 2.865383682217691
norm: 6.037187215163245
sigma: 296.52227421097996
sigmaL: 92.1875223300272
sigmaR: 76.96300497500248
widthL: 92.1875223300272
widthR: 76.96300497500248
x0: 3294.880977634246
