alphaL: 1.0620575371515744
alphaR: 2.2318897062145715
event_sum: 0.9343677470497386
mean: 3286.1372472103835
nL: 4.118517433305772
nR: 2.4498985048937416
norm: 0.9343677470497386
sigma: 154.72915655064668
sigmaL: 120.53675202885098
sigmaR: 76.22926306114272
widthL: 120.53675202885098
widthR: 76.22926306114272
x0: 3286.1372472103835
