alphaL: 1.0822372718347721
alphaR: 2.345624400671222
event_sum: 0.7413272816144024
mean: 3285.136729093048
nL: 3.712880706409334
nR: 1.6442884878440944
norm: 0.7413272816144024
sigma: 154.72915655064668
sigmaL: 105.48892726903533
sigmaR: 80.36652099522243
widthL: 105.48892726903533
widthR: 80.36652099522243
x0: 3285.136729093048
