alphaL: 1.3528851292482753
alphaR: 1.3295489634766282
event_sum: 0.9387493250231442
mean: 3306.1682488638808
nL: 4.429422078181068
nR: 5.0
norm: 0.9387493250231442
sigma: 154.72915655064668
sigmaL: 144.74334953535075
sigmaR: 60.317033080100934
widthL: 144.74334953535075
widthR: 60.317033080100934
x0: 3306.1682488638808
