alphaL: 1.4842167604468879
alphaR: 1.3762993304707956
event_sum: 1.2689119246329337
mean: 3310.6994254629562
nL: 4.439527299895764
nR: 3.203819588718085
norm: 1.2689119246329337
sigma: 299.02356297823957
sigmaL: 150.97080647861455
sigmaR: 63.10995266970023
widthL: 150.97080647861455
widthR: 63.10995266970023
x0: 3310.6994254629562
