alphaL: 1.406134914413035
alphaR: 0.23963005201433477
event_sum: 0.6668945878226705
mean: 3349.1893256626727
nL: 5.0
nR: 5.0
norm: 0.6668945878226705
sigma: 299.02356297823957
sigmaL: 166.51374358996011
sigmaR: 15.863593327842091
widthL: 166.51374358996011
widthR: 15.863593327842091
x0: 3349.1893256626727
