alphaL: 1.0064180356004329
alphaR: 1.8189279332998192
event_sum: 0.668468301805424
mean: 3289.7369160770254
nL: 4.665807672916249
nR: 3.1772111730761474
norm: 0.668468301805424
sigma: 299.02356297823957
sigmaL: 110.29603553342116
sigmaR: 82.86618922638995
widthL: 110.29603553342116
widthR: 82.86618922638995
x0: 3289.7369160770254
