alphaL: 1.143630122122462
alphaR: 1.845947266073857
event_sum: 0.9269995628618077
fraction: 0.998738254460635
mean: 3294.1194063044754
nL: 8.541191080238798
nR: 3.857908498123848
norm: 0.9267080901764001
sigma: 153.95123477483264
sigmaL: 131.2040617523288
sigmaR: 70.20595286377858
widthL: 131.2040617523288
widthR: 70.20595286377858
x0: 3294.1194063044754
