alphaL: 0.9399572040405622
alphaR: 1.6299512920588055
event_sum: 11.535352449280424
fraction: 0.9998410758975379
mean: 3293.335122768767
nL: 9.977465827936745
nR: 3.0453136625787263
norm: 11.472170239670671
sigma: 296.52227421097996
sigmaL: 111.86631941909526
sigmaR: 73.26951384793426
widthL: 111.86631941909526
widthR: 73.26951384793426
x0: 3293.335122768767
