alphaL: 0.9216471767944989
alphaR: 1.3494618226080803
event_sum: 7.426886242162281
fraction: 0.8834717691938825
mean: 1940.1204568965577
nL: 1.2681036040341684
nR: 3.4809726492065227
norm: 5.405893565370913
sigma: 109.2
sigmaL: 119.67669605256904
sigmaR: 81.41047939911097
widthL: 119.67669605256904
widthR: 81.41047939911097
x0: 1940.1204568965577
