alphaL: 1.0887694665496621
alphaR: 1.5422295095398322
event_sum: 0.5989387521803494
mean: 1942.0511211676762
nL: 1.6574703668920088
nR: 2.0639314569560137
norm: 0.5989387521803494
sigma: 109.2
sigmaL: 130.43025613629362
sigmaR: 78.84527991336151
widthL: 130.43025613629362
widthR: 78.84527991336151
x0: 1942.0511211676762
