alphaL: 0.8744471066135657
alphaR: 1.5639959061820232
event_sum: 0.6226657433890763
mean: 1921.872557969678
nL: 2.211811408322263
nR: 3.6662435638429614
norm: 0.6226657433890763
sigma: 109.2
sigmaL: 100.57883992198097
sigmaR: 94.00208638842959
widthL: 100.57883992198097
widthR: 94.00208638842959
x0: 1921.872557969678
