alphaL: 0.8910176654487432
alphaR: 1.2331807712912835
event_sum: 0.5199570279769199
mean: 1947.994104175362
nL: 1.4743480697565667
nR: 2.9457092896580646
norm: 0.5199570279769199
sigma: 109.2
sigmaL: 114.6824166131603
sigmaR: 68.66942887341851
widthL: 114.6824166131603
widthR: 68.66942887341851
x0: 1947.994104175362
