alphaL: 1.0510545143719037
alphaR: 1.495528699663185
event_sum: 7.545978775838705
fraction: 0.9255809891449465
mean: 1928.0681192162267
nL: 1.6018503232169718
nR: 3.7976981893606028
norm: 6.401190337744069
sigma: 109.2
sigmaL: 115.92738717423923
sigmaR: 90.21733659530986
widthL: 115.92738717423923
widthR: 90.21733659530986
x0: 1928.0681192162267
