alphaL: 0.8929221995902147
alphaR: 1.4752911958169308
event_sum: 0.4918295085883737
mean: 1949.8547329572384
nL: 1.3249153041584618
nR: 1.867929785566504
norm: 0.4918295085883737
sigma: 109.2
sigmaL: 114.74007567638662
sigmaR: 75.70111956421532
widthL: 114.74007567638662
widthR: 75.70111956421532
x0: 1949.8547329572384
