alphaL: 1.2567161290276014
alphaR: 1.8832435296565613
event_sum: 7.5850784870563075
mean: 3001.5518242785706
nL: 4.499785154689276
nR: 2.0905335400243152
norm: 7.5850784870563075
sigma: 217.24386580198134
sigmaL: 112.07236101068308
sigmaR: 78.95093576201197
widthL: 112.07236101068308
widthR: 78.95093576201197
x0: 3001.5518242785706
