alphaL: 1.3557153935551811
alphaR: 2.3019880648653377
event_sum: 2.0547251664102077
mean: 3007.219031582418
nL: 4.472749232853487
nR: 2.24223544293314
norm: 2.0547251664102077
sigma: 131.7992502864111
sigmaL: 121.53182404933021
sigmaR: 65.71452849982632
widthL: 121.53182404933021
widthR: 65.71452849982632
x0: 3007.219031582418
