alphaL: 1.3585383185156146
alphaR: 2.330805747372878
event_sum: 2.0547251664102077
mean: 3007.0575693710184
nL: 4.481691541605659
nR: 2.1082098710963533
norm: 2.0547251664102077
sigma: 131.7992502864111
sigmaL: 121.64201550747659
sigmaR: 65.79175557896363
widthL: 121.64201550747659
widthR: 65.79175557896363
x0: 3007.0575693710184
