alphaL: 1.7354433882544589
alphaR: 1.9134527848785838
event_sum: 2.057800888112979
mean: 3018.3056049422917
nL: 4.4925482215371
nR: 3.5452810767668534
norm: 2.057800888112979
sigma: 131.66137827794333
sigmaL: 142.32693943217458
sigmaR: 59.203756737976626
widthL: 142.32693943217458
widthR: 59.203756737976626
x0: 3018.3056049422917
