alphaL: 1.5805642249130942
alphaR: 1.6283671231029717
event_sum: 1.3233513660816243
mean: 3014.196110012245
nL: 4.2302413489263495
nR: 4.429346623767873
norm: 1.3233513660816243
sigma: 131.66137827794333
sigmaL: 129.58193595762944
sigmaR: 62.96622161746365
widthL: 129.58193595762944
widthR: 62.96622161746365
x0: 3014.196110012245
