alphaL: 1.3845429396461832
alphaR: 2.0520666254511837
event_sum: 1.3202755679376423
mean: 3006.8102529402063
nL: 3.6264518191923
nR: 2.4748576110843286
norm: 1.3202755679376423
sigma: 131.7992502864111
sigmaL: 119.5640145190103
sigmaR: 69.16324564699893
widthL: 119.5640145190103
widthR: 69.16324564699893
x0: 3006.8102529402063
