alphaL: 1.4294762041361027
alphaR: 1.7473752783789998
event_sum: 0.7503270808374509
mean: 3005.5424550477414
nL: 3.6660005882946334
nR: 2.3913482752503197
norm: 0.7503270808374509
sigma: 219.11326536766586
sigmaL: 120.05107537484812
sigmaR: 76.6483802632179
widthL: 120.05107537484812
widthR: 76.6483802632179
x0: 3005.5424550477414
