alphaL: 1.2588645281942539
alphaR: 1.8121629320203456
event_sum: 0.7503270808374509
mean: 3001.444175414442
nL: 4.405219285238483
nR: 2.382751195152328
norm: 0.7503270808374509
sigma: 219.13308485632004
sigmaL: 111.2186634452691
sigmaR: 77.872057182111
widthL: 111.2186634452691
widthR: 77.872057182111
x0: 3001.444175414442
