alphaL: 2.9160924947096896
alphaR: 2.1978788532405917
event_sum: 1.3233513660816243
fraction: 0.9999864158371049
mean: 3041.9092829451024
nL: 9.09390691326617
nR: 1.0253095546931164
norm: 1.3229319203237537
sigma: 131.66137827794333
sigmaL: 175.25386089836044
sigmaR: 52.14416283516341
widthL: 175.25386089836044
widthR: 52.14416283516341
x0: 3041.9092829451024
