alphaL: 1.2016080517264394
alphaR: 1.7697417225807768
event_sum: 1.3141236961819232
mean: 3006.342013197768
nL: 4.373684416609886
nR: 4.215566132058709
norm: 1.3141236961819232
sigma: 131.7992502864111
sigmaL: 110.5828190276024
sigmaR: 67.39357873376291
widthL: 110.5828190276024
widthR: 67.39357873376291
x0: 3006.342013197768
