alphaL: 1.4825875748733932
alphaR: 1.594533539397035
event_sum: 1.3202755679376423
mean: 3015.372316798796
nL: 4.003987116456572
nR: 3.9708970627886697
norm: 1.3202755679376423
sigma: 131.7992502864111
sigmaL: 127.61004353534064
sigmaR: 59.45507643234772
widthL: 127.61004353534064
widthR: 59.45507643234772
x0: 3015.372316798796
