alphaL: 1.633420791742272
alphaR: 0.1737650730394559
event_sum: 2.047175141982734
mean: 3056.4564403049117
nL: 4.790820119069632
nR: 4.522198822308885
norm: 2.047175141982734
sigma: 131.7992502864111
sigmaL: 159.42589774726522
sigmaR: 5.039586711282249
widthL: 159.42589774726522
widthR: 5.039586711282249
x0: 3056.4564403049117
