alphaL: 1.427406477105246
alphaR: 2.0089178336860978
event_sum: 1.559302270419721
mean: 3011.8904636294105
nL: 4.498768999962197
nR: 1.8918435210555598
norm: 1.559302270419721
sigma: 219.13308485632004
sigmaL: 129.19714767339823
sigmaR: 67.21373354501172
widthL: 129.19714767339823
widthR: 67.21373354501172
x0: 3011.8904636294105
