alphaL: 1.4192262843377033
alphaR: 1.9773351676812716
event_sum: 15.626436949940398
mean: 3013.4516998711347
nL: 4.496634811242328
nR: 1.9343148295724975
norm: 15.626436949940398
sigma: 217.24386580198134
sigmaL: 130.0198201158591
sigmaR: 65.98519905457762
widthL: 130.0198201158591
widthR: 65.98519905457762
x0: 3013.4516998711347
