alphaL: 1.1804025113358518
alphaR: 1.9239548316471136
event_sum: 0.7494053030968644
mean: 2996.0383990371542
nL: 4.550784010164479
nR: 2.0430327354189335
norm: 0.7494053030968644
sigma: 219.13308485632004
sigmaL: 104.13595707155332
sigmaR: 81.7771060054567
widthL: 104.13595707155332
widthR: 81.7771060054567
x0: 2996.0383990371542
