alphaL: 1.3811258674800238
alphaR: 2.0360563971054932
event_sum: 1.559302270419721
mean: 3010.1181118786553
nL: 4.494457034840543
nR: 1.803199244880479
norm: 1.559302270419721
sigma: 219.13308485632004
sigmaL: 126.10277179245483
sigmaR: 68.44113185360185
widthL: 126.10277179245483
widthR: 68.44113185360185
x0: 3010.1181118786553
