alphaL: 1.5184472669319489
alphaR: 1.6216280655369912
event_sum: 1.3202755679376423
mean: 3015.03516013067
nL: 4.092066380882725
nR: 4.022694426002731
norm: 1.3202755679376423
sigma: 131.7992502864111
sigmaL: 128.88603042313022
sigmaR: 61.03214265724475
widthL: 128.88603042313022
widthR: 61.03214265724475
x0: 3015.03516013067
