alphaL: 1.497528679746284
alphaR: 2.473343729317065
event_sum: 2.0547251664102077
mean: 3011.2843399628846
nL: 3.661187396741494
nR: 1.521636628561024
norm: 2.0547251664102077
sigma: 131.7992502864111
sigmaL: 132.228442930264
sigmaR: 64.6535800654718
widthL: 132.228442930264
widthR: 64.6535800654718
x0: 3011.2843399628846
