alphaL: 1.2104502844935587
alphaR: 2.2206431342875326
event_sum: 2.057800888112979
fraction: 0.9993132951380654
mean: 3006.178405480703
nL: 9.99719843663018
nR: 2.7570194204349763
norm: 2.0573814423551084
sigma: 131.66137827794333
sigmaL: 118.11351101027282
sigmaR: 66.2048618247028
widthL: 118.11351101027282
widthR: 66.2048618247028
x0: 3006.178405480703
