alphaL: 1.2419291965345294
alphaR: 1.1773815687706342
event_sum: 7.5850784870563075
fraction: 0.9989497228236724
mean: 3018.6545719232163
nL: 8.721927225747233
nR: 4.497137911261741
norm: 7.502118491451256
sigma: 217.24386580198134
sigmaL: 126.50612981060809
sigmaR: 59.35297874470037
widthL: 126.50612981060809
widthR: 59.35297874470037
x0: 3018.6545719232163
