alphaL: 1.5952805540315538
alphaR: 1.8977262478586527
event_sum: 1.559302270419721
mean: 3020.752751688273
nL: 3.8740661572947825
nR: 2.108337649894008
norm: 1.559302270419721
sigma: 219.11326536766586
sigmaL: 140.19567256912515
sigmaR: 61.974854456833754
widthL: 140.19567256912515
widthR: 61.974854456833754
x0: 3020.752751688273
