alphaL: 0.9272934390736768
alphaR: 2.262417547883906
event_sum: 15.626436949940398
fraction: 0.9988553663169945
mean: 2998.1840980332136
nL: 9.987894659958002
nR: 1.4996461341499203
norm: 15.589565840782598
sigma: 217.24386580198134
sigmaL: 98.22921822876795
sigmaR: 75.11447653598559
widthL: 98.22921822876795
widthR: 75.11447653598559
x0: 2998.1840980332136
