alphaL: 1.3439665351482115
alphaR: 2.2814849948830775
event_sum: 1.5582652704615612
mean: 3010.5585650152457
nL: 4.743524302436367
nR: 1.2480615933633759
norm: 1.5582652704615612
sigma: 219.13308485632004
sigmaL: 125.8439062074746
sigmaR: 69.76397250417597
widthL: 125.8439062074746
widthR: 69.76397250417597
x0: 3010.5585650152457
