alphaL: 1.2603399481262791
alphaR: 1.8089386820319548
event_sum: 0.7503270808374509
mean: 3001.7332792122043
nL: 4.406571522283233
nR: 2.375557401165256
norm: 0.7503270808374509
sigma: 219.13308485632004
sigmaL: 111.40627868074867
sigmaR: 77.60978297087588
widthL: 111.40627868074867
widthR: 77.60978297087588
x0: 3001.7332792122043
