alphaL: 0.7179103009874418
alphaR: 1.8255608247205304
event_sum: 24.268182864994742
fraction: 0.9885437051095463
mean: 2989.9353620785355
nL: 15.751318940725115
nR: 2.50545779043637
norm: 7.435289606102742
sigma: 217.13514461043164
sigmaL: 84.17600150813412
sigmaR: 78.7143566287042
widthL: 84.17600150813412
widthR: 78.7143566287042
x0: 2989.9353620785355
