alphaL: 0.8141312140406675
alphaR: 1.5894829526911172
event_sum: 12.843506375793368
fraction: 0.9928303217337209
mean: 881.4904646397129
nL: 3.882460357701564
nR: 3.5784944182810023
norm: 12.76639215531759
sigma: 90.0
sigmaL: 64.5464123610076
sigmaR: 62.27607636110729
widthL: 64.5464123610076
widthR: 62.27607636110729
x0: 881.4904646397129
