alphaL: 1.0
alphaR: 2.9320895167897008
event_sum: 0.0255274660885334
mean: 600.0801889967581
nL: 0.20001694981607696
nR: 3.8726627021994378
norm: 0.0255274660885334
sigma: 34.27074368272211
sigmaL: 171.22958990591857
sigmaR: 17.941674310909825
widthL: 171.22958990591857
widthR: 17.941674310909825
x0: 600.0801889967581
