alphaL: 1.1326434527116498
alphaR: 1.571435900610113
event_sum: 1.2843507781508379
mean: 891.8655744297835
nL: 3.8800973580569984
nR: 3.3744257166644602
norm: 1.2843507781508379
sigma: 90.0
sigmaL: 86.43977279020658
sigmaR: 56.05979879261994
widthL: 86.43977279020658
widthR: 56.05979879261994
x0: 891.8655744297835
