alphaL: 2.183227684528752
alphaR: 1.4026852824563807
event_sum: 0.6449674559844425
mean: 888.9397666146782
nL: 4.420936026655218
nR: 4.022611869444702
norm: 0.6449674559844425
sigma: 90.0
sigmaL: 98.00082518837385
sigmaR: 55.69487672948384
widthL: 98.00082518837385
widthR: 55.69487672948384
x0: 888.9397666146782
