alphaL: 1.2231462162747408
alphaR: 1.2514375683140868
event_sum: 6.449673853931017
fraction: 0.9921803021333756
mean: 882.8210489581955
nL: 4.517122107353695
nR: 4.4861088042297546
norm: 6.396491632913239
sigma: 90.0
sigmaL: 81.25833006555686
sigmaR: 54.651992172777845
widthL: 81.25833006555686
widthR: 54.651992172777845
x0: 882.8210489581955
