alphaL: 1.510732567613708
alphaR: 1.615297470023163
event_sum: 0.6432390336121898
mean: 879.2282755484158
nL: 3.848299124319542
nR: 3.3705335884187995
norm: 0.6432390336121898
sigma: 90.0
sigmaL: 86.10879308024131
sigmaR: 64.21737891304994
widthL: 86.10879308024131
widthR: 64.21737891304994
x0: 879.2282755484158
