alphaL: 0.907006046800579
alphaR: 1.571960170992411
event_sum: 1.2820905335101997
mean: 884.0535064262938
nL: 3.49764488489908
nR: 3.5448468910685937
norm: 1.2820905335101997
sigma: 90.0
sigmaL: 70.77955782182498
sigmaR: 61.72191834575771
widthL: 70.77955782182498
widthR: 61.72191834575771
x0: 884.0535064262938
