alphaL: 0.9471623021878722
alphaR: 1.5402014157437192
event_sum: 1.2820905335101997
mean: 883.5874719655629
nL: 2.9393009118422637
nR: 3.7586027486401536
norm: 1.2820905335101997
sigma: 90.0
sigmaL: 70.98399996044014
sigmaR: 60.90826064578306
widthL: 70.98399996044014
widthR: 60.90826064578306
x0: 883.5874719655629
