alphaL: 0.8064342024004859
alphaR: 1.608567890974981
event_sum: 14.420424462237861
fraction: 0.9873772554414173
mean: 876.7404249398022
nL: 20.520597025444523
nR: 2.763756091907617
norm: 6.396491632913239
sigma: 90.0
sigmaL: 63.937759219050385
sigmaR: 63.42048960760658
widthL: 63.937759219050385
widthR: 63.42048960760658
x0: 876.7404249398022
