alphaL: 1.5080535008376799
alphaR: 1.6111522415594393
event_sum: 0.6432390336121898
mean: 879.2223048553786
nL: 3.8140365799948177
nR: 3.3612278697574296
norm: 0.6432390336121898
sigma: 90.0
sigmaL: 85.81928064741365
sigmaR: 64.02510360944368
widthL: 85.81928064741365
widthR: 64.02510360944368
x0: 879.2223048553786
