alphaL: 0.9636866431683938
alphaR: 1.6343003642376555
event_sum: 1.2798302888695616
mean: 884.5628917293781
nL: 2.764954253391017
nR: 2.7594370546402587
norm: 1.2798302888695616
sigma: 90.0
sigmaL: 72.56042920901955
sigmaR: 60.88270221763369
widthL: 72.56042920901955
widthR: 60.88270221763369
x0: 884.5628917293781
