alphaL: 1.0
alphaR: 2.8203198946674233
event_sum: 0.05590780984493904
mean: 603.7634897249612
nL: 0.2000372527875118
nR: 3.7268398592255183
norm: 0.05590780984493904
sigma: 34.27074368272211
sigmaL: 154.89662488966664
sigmaR: 9.157984858072632
widthL: 154.89662488966664
widthR: 9.157984858072632
x0: 603.7634897249612
