alphaL: 1.8552010121882025
alphaR: 1.4549826253747762
event_sum: 0.6424413002096117
mean: 897.1993387333634
nL: 0.3011305512004009
nR: 1.630145790034429
norm: 0.6424413002096117
sigma: 90.0
sigmaL: 97.57998231197935
sigmaR: 46.43936582186638
widthL: 97.57998231197935
widthR: 46.43936582186638
x0: 897.1993387333634
