alphaL: 1.387981421956485
alphaR: 2.066039649896006
event_sum: 0.6675077001127647
mean: 1205.8881442792956
nL: 4.302109875621962
nR: 3.606403475150699
norm: 0.6675077001127647
sigma: 62.83700396087972
sigmaL: 60.70151736320601
sigmaR: 30.850325613041736
widthL: 60.70151736320601
widthR: 30.850325613041736
x0: 1205.8881442792956
