alphaL: 1.4115585940120143
alphaR: 1.7877201822656457
event_sum: 1.0106509317993186
mean: 1208.47559296809
nL: 3.736261044561334
nR: 3.807618803884654
norm: 1.0106509317993186
sigma: 62.83700396087972
sigmaL: 55.61234238505554
sigmaR: 32.03479501282281
widthL: 55.61234238505554
widthR: 32.03479501282281
x0: 1208.47559296809
