alphaL: 1.3984897240423755
alphaR: 1.885040173684599
event_sum: 10.12607399141416
mean: 1206.5708007432
nL: 4.462134867587263
nR: 3.440322377927358
norm: 10.12607399141416
sigma: 62.63178061431881
sigmaL: 54.45487743332946
sigmaR: 33.54474170884018
widthL: 54.45487743332946
widthR: 33.54474170884018
x0: 1206.5708007432
