alphaL: 1.7440104587314254
alphaR: 2.040342292384767
event_sum: 39.36163702327758
mean: 1207.0587419550634
nL: 4.499923680616819
nR: 3.9740490439917235
norm: 39.36163702327758
sigma: 58.60450994204551
sigmaL: 61.78909554300261
sigmaR: 32.45636057829938
widthL: 61.78909554300261
widthR: 32.45636057829938
x0: 1207.0587419550634
