alphaL: 1.6828136356665533
alphaR: 2.0231540183821046
event_sum: 19.713075002655387
mean: 1206.0656947927478
nL: 4.499909736557778
nR: 4.395425219402471
norm: 19.713075002655387
sigma: 58.764048728610675
sigmaL: 67.11024028977633
sigmaR: 30.181884303996995
widthL: 67.11024028977633
widthR: 30.181884303996995
x0: 1206.0656947927478
