alphaL: 1.3382917865090964
alphaR: 2.1115030447090803
event_sum: 39.20020499266684
mean: 1203.4694143519475
nL: 4.999716675362257
nR: 4.059046121568114
norm: 39.20020499266684
sigma: 58.764048728610675
sigmaL: 54.27853404089896
sigmaR: 34.26327162077344
widthL: 54.27853404089896
widthR: 34.26327162077344
x0: 1203.4694143519475
