alphaL: 1.4670049786640105
alphaR: 2.4022685813764166
event_sum: 19.01352700870484
fraction: 0.998941738179627
mean: 1202.8767212656621
nL: 9.988060508168592
nR: 2.592511051995923
norm: 19.01352700870484
sigma: 58.655568455121106
sigmaL: 63.54410002667407
sigmaR: 32.40132499688761
widthL: 63.54410002667407
widthR: 32.40132499688761
x0: 1202.8767212656621
