alphaL: 1.6721799448929955
alphaR: 2.0373370168372964
event_sum: 19.713075002655387
mean: 1205.824280808104
nL: 4.494391863604335
nR: 4.402049676724345
norm: 19.713075002655387
sigma: 58.764048728610675
sigmaL: 66.89448362250015
sigmaR: 30.374265531085108
widthL: 66.89448362250015
widthR: 30.374265531085108
x0: 1205.824280808104
