alphaL: 1.4703127106654783
alphaR: 1.9537236620018337
event_sum: 1.0113351124382461
mean: 1207.3759477115814
nL: 3.1813690195014255
nR: 2.8436638551199613
norm: 1.0113351124382461
sigma: 62.76005144855769
sigmaL: 55.56746271840547
sigmaR: 33.40559605501823
widthL: 55.56746271840547
widthR: 33.40559605501823
x0: 1207.3759477115814
