alphaL: 1.5191474680582322
alphaR: 2.62757820312277
event_sum: 0.6666024232254131
mean: 1204.6050464664968
nL: 3.355482414029953
nR: 1.8765366685612683
norm: 0.6666024232254131
sigma: 62.76005144855769
sigmaL: 60.89878291979
sigmaR: 32.02617751581697
widthL: 60.89878291979
widthR: 32.02617751581697
x0: 1204.6050464664968
