alphaL: 1.4117629444348616
alphaR: 1.787149728475761
event_sum: 1.0106509317993186
mean: 1208.453412760898
nL: 3.7365780841361245
nR: 3.8076207051506907
norm: 1.0106509317993186
sigma: 62.83700396087972
sigmaL: 55.61261764826211
sigmaR: 32.045230094912164
widthL: 55.61261764826211
widthR: 32.045230094912164
x0: 1208.453412760898
