alphaL: 1.387003754498726
alphaR: 2.1150500886828865
event_sum: 0.6675077001127647
mean: 1205.2426517062172
nL: 4.333482638237508
nR: 3.539831916991205
norm: 0.6675077001127647
sigma: 62.83700396087972
sigmaL: 60.295948542316324
sigmaR: 31.466539909218216
widthL: 60.295948542316324
widthR: 31.466539909218216
x0: 1205.2426517062172
