alphaL: 1.6973142638489034
alphaR: 2.1106576497542733
event_sum: 19.713075002655387
mean: 1205.6917344842486
nL: 3.9999696600757244
nR: 3.7061992711484444
norm: 19.713075002655387
sigma: 58.764048728610675
sigmaL: 66.65399437062115
sigmaR: 30.419666134359233
widthL: 66.65399437062115
widthR: 30.419666134359233
x0: 1205.6917344842486
