alphaL: 1.2193977848483104
alphaR: 2.036698711626623
event_sum: 1.0065554465472815
mean: 1203.0565480863795
nL: 3.502423969927963
nR: 2.9480959874661536
norm: 1.0065554465472815
sigma: 62.83700396087972
sigmaL: 48.37569572389307
sigmaR: 35.40784369790356
widthL: 48.37569572389307
widthR: 35.40784369790356
x0: 1203.0565480863795
