alphaL: 1.3666272794665382
alphaR: 2.07420943196535
event_sum: 37.878995028324425
fraction: 0.9992977023324566
mean: 1203.8115154848372
nL: 9.952997847562386
nR: 4.0935350023107295
norm: 37.872455628588796
sigma: 58.655568455121106
sigmaL: 55.858355842103855
sigmaR: 33.927968619202474
widthL: 55.858355842103855
widthR: 33.927968619202474
x0: 1203.8115154848372
