alphaL: 1.2051424281189325
alphaR: 2.579138267837928
event_sum: 0.6651803742934135
mean: 1202.280743217825
nL: 3.2233547213027545
nR: 1.6756469340199034
norm: 0.6651803742934135
sigma: 62.83700396087972
sigmaL: 53.2600147403192
sigmaR: 32.86061132907477
widthL: 53.2600147403192
widthR: 32.86061132907477
x0: 1202.280743217825
