alphaL: 1.5670330825387808
alphaR: 2.046693853769331
event_sum: 39.315376196522266
mean: 1205.6629620746367
nL: 4.4994588696196365
nR: 4.352193668545169
norm: 39.315376196522266
sigma: 58.764048728610675
sigmaL: 58.887210333640645
sigmaR: 33.14107617539012
widthL: 58.887210333640645
widthR: 33.14107617539012
x0: 1205.6629620746367
