alphaL: 1.1950512038846455
alphaR: 2.6777766398919955
event_sum: 6.660033403197303
fraction: 0.9976025770125002
mean: 1202.5290420992494
nL: 9.809437710801713
nR: 1.5677085823971857
norm: 6.656295491033234
sigma: 62.570207857431775
sigmaL: 56.01095284162749
sigmaR: 32.74003555527306
widthL: 56.01095284162749
widthR: 32.74003555527306
x0: 1202.5290420992494
