alphaL: 1.633154557280856
alphaR: 2.094496114378801
event_sum: 39.315376196522266
mean: 1205.755645921953
nL: 3.9990916046750864
nR: 3.7026087257967566
norm: 39.315376196522266
sigma: 58.764048728610675
sigmaL: 59.36439689353605
sigmaR: 33.19184166375574
widthL: 59.36439689353605
widthR: 33.19184166375574
x0: 1205.755645921953
