alphaL: 1.4986124738214488
alphaR: 2.2521563661717305
event_sum: 6.689080781361554
mean: 1204.0762558485212
nL: 4.4341352685245266
nR: 3.7976227835658136
norm: 6.689080781361554
sigma: 62.63178061431881
sigmaL: 61.086886771480565
sigmaR: 31.73140157764642
widthL: 61.086886771480565
widthR: 31.73140157764642
x0: 1204.0762558485212
