alphaL: 1.531460976939828
alphaR: 2.0501957726100195
event_sum: 19.610494798980653
mean: 1204.7945505644825
nL: 4.95437677492383
nR: 4.974960290538572
norm: 19.610494798980653
sigma: 58.764048728610675
sigmaL: 64.87332671573297
sigmaR: 30.886294654303747
widthL: 64.87332671573297
widthR: 30.886294654303747
x0: 1204.7945505644825
