alphaL: 1.1506052419662567
alphaR: 1.859503745924889
event_sum: 10.087656491261441
fraction: 0.9988298207880988
mean: 1203.9954230672854
nL: 9.259770158027198
nR: 4.4718035212932055
norm: 10.083918579097372
sigma: 62.570207857431775
sigmaL: 50.45135519364064
sigmaR: 35.092265877944364
widthL: 50.45135519364064
widthR: 35.092265877944364
x0: 1203.9954230672854
