alphaL: 1.8020899946213786
alphaR: 2.073117450764477
event_sum: 19.75182220619172
mean: 1206.4066306029133
nL: 4.490614040253337
nR: 3.6864863856038577
norm: 19.75182220619172
sigma: 58.60450994204551
sigmaL: 68.13994059292466
sigmaR: 30.056021450390713
widthL: 68.13994059292466
widthR: 30.056021450390713
x0: 1206.4066306029133
