alphaL: 1.5671337901187996
alphaR: 2.0463062421627356
event_sum: 39.315376196522266
mean: 1205.6642094260555
nL: 4.499296107386164
nR: 4.3474082398493055
norm: 39.315376196522266
sigma: 58.764048728610675
sigmaL: 58.889931302617065
sigmaR: 33.13744800357925
widthL: 58.889931302617065
widthR: 33.13744800357925
x0: 1205.6642094260555
