alphaL: 1.3353319557480516
alphaR: 2.070256757030647
event_sum: 7.923358475616942
mean: 2050.5657485018337
nL: 4.487369425425786
nR: 3.1863938017800453
norm: 7.923358475616942
sigma: 95.85861557970586
sigmaL: 82.77000858608304
sigmaR: 50.671437160108106
widthL: 82.77000858608304
widthR: 50.671437160108106
x0: 2050.5657485018337
