alphaL: 1.294045442052283
alphaR: 2.1379483361873555
event_sum: 1.0585002208323184
mean: 2055.060784031976
nL: 3.4181595443015675
nR: 1.7291597816570046
norm: 1.0585002208323184
sigma: 111.33605059427556
sigmaL: 90.47558946412961
sigmaR: 45.529685841325765
widthL: 90.47558946412961
widthR: 45.529685841325765
x0: 2055.060784031976
