alphaL: 1.231855931920978
alphaR: 1.580183966081909
event_sum: 0.864889252952742
mean: 2055.4563844261093
nL: 4.4430976238657385
nR: 3.4407142215251785
norm: 0.864889252952742
sigma: 111.33605059427556
sigmaL: 84.7483621125559
sigmaR: 47.72254903395719
widthL: 84.7483621125559
widthR: 47.72254903395719
x0: 2055.4563844261093
