alphaL: 1.5558172242859751
alphaR: 2.1611148510693687
event_sum: 7.331244603321964
mean: 2051.8187769989268
nL: 4.499684420221575
nR: 2.441974762235804
norm: 7.331244603321964
sigma: 95.85861557970586
sigmaL: 98.26950251187066
sigmaR: 47.529991423699606
widthL: 98.26950251187066
widthR: 47.529991423699606
x0: 2051.8187769989268
