alphaL: 1.05936013079619
alphaR: 1.5977765977978102
event_sum: 8.14140553609421
fraction: 0.9979160258857298
mean: 2054.82305851581
nL: 9.964926574037985
nR: 3.3355261214752328
norm: 8.12873089441956
sigma: 111.2129008064556
sigmaL: 81.1989177682148
sigmaR: 47.910947129286384
widthL: 81.1989177682148
widthR: 47.910947129286384
x0: 2054.82305851581
