alphaL: 1.2196458747513337
alphaR: 2.1430957424541686
event_sum: 1.0629705402552736
mean: 2051.8729600157562
nL: 4.552904604531291
nR: 1.794796067650814
norm: 1.0629705402552736
sigma: 111.33605059427556
sigmaL: 85.0033419647912
sigmaR: 47.24550091449839
widthL: 85.0033419647912
widthR: 47.24550091449839
x0: 2051.8729600157562
