alphaL: 1.123523056614737
alphaR: 2.1859836994298854
event_sum: 10.017503220584056
fraction: 0.9965440715205239
mean: 2051.5926865545134
nL: 9.958922029525379
nR: 1.7185409193339205
norm: 10.007569632527144
sigma: 111.2129008064556
sigmaL: 82.83030847688316
sigmaR: 47.29448288569602
widthL: 82.83030847688316
widthR: 47.29448288569602
x0: 2051.5926865545134
