alphaL: 1.1069375966699404
alphaR: 1.5225127520717439
event_sum: 0.8622407521280121
mean: 2054.861772506327
nL: 4.8535361439538995
nR: 3.871207103007481
norm: 0.8622407521280121
sigma: 111.33605059427556
sigmaL: 80.22966605552648
sigmaR: 47.7810491405846
widthL: 80.22966605552648
widthR: 47.7810491405846
x0: 2054.861772506327
