alphaL: 1.3936372654823261
alphaR: 1.9368151409758123
event_sum: 6.95919902991177
fraction: 0.9989074856063335
mean: 2052.5010073580684
nL: 9.45672067967558
nR: 3.4190398746329937
norm: 6.9581829513364415
sigma: 95.48934795496334
sigmaL: 97.07615016213819
sigmaR: 46.31247094833087
widthL: 97.07615016213819
widthR: 46.31247094833087
x0: 2052.5010073580684
