alphaL: 1.0814803587956574
alphaR: 2.280608163083253
event_sum: 7.506197496374046
fraction: 0.9988029756576622
mean: 2046.7313545249713
nL: 9.946739046562104
nR: 2.494873257606259
norm: 7.505070727819545
sigma: 95.48934795496334
sigmaL: 74.46194632679544
sigmaR: 53.29813743344793
widthL: 74.46194632679544
widthR: 53.29813743344793
x0: 2046.7313545249713
