alphaL: 1.1368939445361388
alphaR: 2.18578035781513
event_sum: 7.892677499895801
mean: 2047.3435757871118
nL: 4.899190411576586
nR: 2.9402622077371157
norm: 7.892677499895801
sigma: 95.85861557970586
sigmaL: 75.83710574240382
sigmaR: 52.60146643109051
widthL: 75.83710574240382
widthR: 52.60146643109051
x0: 2047.3435757871118
