alphaL: 1.32616175777864
alphaR: 2.1124467652115198
event_sum: 7.29660059287976
mean: 2049.009528068476
nL: 4.811687732589247
nR: 3.074775624394111
norm: 7.29660059287976
sigma: 95.85861557970586
sigmaL: 90.72739099502942
sigmaR: 48.54220705596305
widthL: 90.72739099502942
widthR: 48.54220705596305
x0: 2049.009528068476
