alphaL: 1.2447133009981797
alphaR: 2.2638209862487524
event_sum: 62.11522487763958
mean: 1649.4080186242702
nL: 4.997573353697924
nR: 2.706933066849216
norm: 62.11522487763958
sigma: 78.16591519376878
sigmaL: 66.04618038573102
sigmaR: 46.94670376864591
widthL: 66.04618038573102
widthR: 46.94670376864591
x0: 1649.4080186242702
