alphaL: 1.391642051104749
alphaR: 2.4211766014606404
event_sum: 44.55403123823159
fraction: 0.9988255238098517
mean: 1652.0642380793952
nL: 10.0
nR: 1.9766592357523027
norm: 44.544667859457604
sigma: 78.2759549691804
sigmaL: 76.43713650531139
sigmaR: 41.517783210458234
widthL: 76.43713650531139
widthR: 41.517783210458234
x0: 1652.0642380793952
