alphaL: 1.5457602840334301
alphaR: 0.517173373802616
event_sum: 3.565795540704135
mean: 1675.5465233137438
nL: 4.870567580304312
nR: 4.434834324130131
norm: 3.565795540704135
sigma: 87.45868507425526
sigmaL: 89.06300093301994
sigmaR: 11.81013434784192
widthL: 89.06300093301994
widthR: 11.81013434784192
x0: 1675.5465233137438
