alphaL: 1.1334025469183102
alphaR: 2.3253654313738195
event_sum: 34.92329684855218
fraction: 0.9966011729663734
mean: 1650.1371939395492
nL: 9.979562072231605
nR: 1.6226373460090007
norm: 34.892449314492865
sigma: 87.42776658933202
sigmaL: 68.18195912202852
sigmaR: 44.24546402046164
widthL: 68.18195912202852
widthR: 44.24546402046164
x0: 1650.1371939395492
