alphaL: 1.2307291408726437
alphaR: 2.0553655398153365
event_sum: 57.560884737501304
fraction: 0.9991318898352803
mean: 1650.5284295473898
nL: 9.990915541723492
nR: 3.7849339204736867
norm: 57.53630034400381
sigma: 78.2759549691804
sigmaL: 67.67279687884205
sigmaR: 46.121580367094836
widthL: 67.67279687884205
widthR: 46.121580367094836
x0: 1650.5284295473898
