alphaL: 1.4362423753084261
alphaR: 2.437567213956881
event_sum: 48.12823694386847
mean: 1651.071627757391
nL: 4.993524125256617
nR: 2.022596886306727
norm: 48.12823694386847
sigma: 78.16591519376878
sigmaL: 75.74676180106458
sigmaR: 42.1069802570514
widthL: 75.74676180106458
widthR: 42.1069802570514
x0: 1651.071627757391
