alphaL: 1.3674900572724809
alphaR: 2.2894580310583215
event_sum: 3.57866216885338
mean: 1652.8041834936396
nL: 4.50513264799996
nR: 1.5957682352391547
norm: 3.57866216885338
sigma: 87.45868507425526
sigmaL: 73.40900480471096
sigmaR: 42.678835105704444
widthL: 73.40900480471096
widthR: 42.678835105704444
x0: 1652.8041834936396
