alphaL: 1.0632418613152657
alphaR: 1.8362513732732926
event_sum: 33.49122821669389
fraction: 0.9975779831731956
mean: 1653.5495398505877
nL: 9.994283978525733
nR: 2.6688796491718696
norm: 33.450257894767624
sigma: 87.42776658933202
sigmaL: 63.3943728636736
sigmaR: 44.59916049504378
widthL: 63.3943728636736
widthR: 44.59916049504378
x0: 1653.5495398505877
