alphaL: 1.3408736895178888
alphaR: 1.7411734699450625
event_sum: 3.4238157068690587
mean: 1657.5852871322024
nL: 4.4662384284441075
nR: 2.779396642023819
norm: 3.4238157068690587
sigma: 87.45868507425526
sigmaL: 71.24499839259798
sigmaR: 41.93413426647208
widthL: 71.24499839259798
widthR: 41.93413426647208
x0: 1657.5852871322024
