alphaL: 1.233534090198083
alphaR: 1.8710257699565405
event_sum: 3.4115624879245487
mean: 1655.308147686473
nL: 4.318203191757846
nR: 2.3209689863373457
norm: 3.4115624879245487
sigma: 87.45868507425526
sigmaL: 66.87140248577698
sigmaR: 43.149249820966375
widthL: 66.87140248577698
widthR: 43.149249820966375
x0: 1655.308147686473
