alphaL: 1.437239939476533
alphaR: 2.05975928551353
event_sum: 62.34928725122934
mean: 1652.3101610117715
nL: 4.499245119073113
nR: 3.5275592139472356
norm: 62.34928725122934
sigma: 78.16591519376878
sigmaL: 71.50710777469304
sigmaR: 45.0377198831975
widthL: 71.50710777469304
widthR: 45.0377198831975
x0: 1652.3101610117715
