alphaL: 0.8590371518511701
alphaR: 2.3772445004756384
event_sum: 57.560884737501304
fraction: 0.9919078895832878
mean: 1646.4501340410152
nL: 136.1643432192719
nR: 2.197032460555037
norm: 57.216360788888295
sigma: 78.29733239963164
sigmaL: 56.299630251736964
sigmaR: 48.458835771027275
widthL: 56.299630251736964
widthR: 48.458835771027275
x0: 1646.4501340410152
