alphaL: 1.608842397651204
alphaR: 2.3848988951047665
event_sum: 48.309959339288135
mean: 1652.7144542197002
nL: 4.492462495933507
nR: 2.224506148494966
norm: 48.309959339288135
sigma: 78.16591519376878
sigmaL: 79.21512606489999
sigmaR: 41.35101220050833
widthL: 79.21512606489999
widthR: 41.35101220050833
x0: 1652.7144542197002
