alphaL: 0.8722568864284899
alphaR: 2.3486139317417973
event_sum: 57.216360788888295
mean: 1646.6767244615091
nL: 126.95603908704715
nR: 2.330972097037862
norm_2016: 57.216360788888295
norm_2017: 57.216360788888295
norm_2018: 57.216360788888295
norm_Run2: 57.216360788888295
sigma: 78.29733239963164
sigmaL: 56.94639931202509
sigmaR: 48.312389068637536
widthL: 56.94639931202509
widthR: 48.312389068637536
x0: 1646.6767244615091
