alphaL: 1.0468150600599513
alphaR: 2.4504977200819953
event_sum: 44.26495615320416
mean: 1649.4447495335744
nL: 83.6504506247194
nR: 2.0628266616757855
norm_2016: 44.26495615320416
norm_2017: 44.26495615320416
norm_2018: 44.26495615320416
norm_Run2: 44.26495615320416
sigma: 78.29733239963164
sigmaL: 67.90900249612395
sigmaR: 42.73338069821913
widthL: 67.90900249612395
widthR: 42.73338069821913
x0: 1649.4447495335744
