alphaL: 0.8650316790542691
alphaR: 1.956279570304789
event_sum: 33.14245617927634
mean: 1651.1719478290868
nL: 17.051302084850086
nR: 2.346157949336609
norm_2016: 9.183787965669614
norm_2017: 10.488024002327686
norm_2018: 14.276668787968129
norm_Run2: 33.14245617927634
sigma: 87.36321763172548
sigmaL: 56.767511959313836
sigmaR: 46.40157446858364
widthL: 56.767511959313836
widthR: 46.40157446858364
x0: 1651.1719478290868
