alphaL: 1.1250183244890601
alphaR: 1.2349937822080352
event_sum: 19.067836324431905
mean: 1616.4410444850803
nL: 0.40794442120628704
nR: 7.66131690905879
norm_2016: 5.133289045881324
norm_2017: 5.973483602899429
norm_2018: 8.255254312951182
norm_Run2: 19.362026961731935
sigma: 165.0
sigmaL: 154.2655168791935
sigmaR: 92.05931818571936
widthL: 154.2655168791935
widthR: 92.05931818571936
x0: 1616.4410444850803
