alphaL: 1.123454217635684
alphaR: 1.2520265334651302
event_sum: 19.067836324431905
mean: 1616.1487521171898
nL: 0.4103263883900502
nR: 7.380075750593379
norm_2016: 5.133289045881324
norm_2017: 5.973483602899429
norm_2018: 8.255254312951182
norm_Run2: 19.067836324431905
sigma: 165.0
sigmaL: 154.39611479102604
sigmaR: 92.58626371173166
widthL: 154.39611479102604
widthR: 92.58626371173166
x0: 1616.1487521171898
