alphaL: 0.9666778270450014
alphaR: 1.469795800136099
event_sum: 22.941055202961902
mean: 1629.5286644329117
nL: 1.4338056865370996
nR: 4.308856212877644
norm_2016: 6.237454221961107
norm_2017: 7.094494150043514
norm_2018: 10.036522529313169
norm_Run2: 23.368470901317792
sigma: 92.4
sigmaL: 97.37310627496579
sigmaR: 78.52893644655352
widthL: 97.37310627496579
widthR: 78.52893644655352
x0: 1629.5286644329117
