alphaL: 0.8647970006390626
alphaR: 1.9565203676325247
event_sum: 33.14245617927634
mean: 1651.1610579601088
nL: 17.052788193348164
nR: 2.3457778320709677
norm_2016: 9.183787965669614
norm_2017: 10.488024002327686
norm_2018: 14.276668787968129
norm_Run2: 33.14245617927634
sigma: 87.36321763172548
sigmaL: 56.75248288734006
sigmaR: 46.40857044680262
widthL: 56.75248288734006
widthR: 46.40857044680262
x0: 1651.1610579601088
