alphaL: 1.0808127905935812
alphaR: 1.5539677082087477
event_sum: 22.9333972834007
mean: 1632.6580141594798
nL: 1.9693817384760877
nR: 3.0317558956166835
norm_2016: 5.878065024704138
norm_2017: 7.158752041562214
norm_2018: 10.365361397062344
norm_Run2: 22.9333972834007
sigma: 92.4
sigmaL: 105.76396244893644
sigmaR: 73.47090533984182
widthL: 105.76396244893644
widthR: 73.47090533984182
x0: 1632.6580141594798
