alphaL: 0.9468714743613166
alphaR: 1.3441081874105305
event_sum: 18.229374326999306
mean: 1613.4732110610248
nL: 1.4855926211550496
nR: 4.264168200526375
norm_2016: 4.594539640264497
norm_2017: 5.64675675956489
norm_2018: 8.288379426105463
norm_Run2: 18.229374326999306
sigma: 165.0
sigmaL: 134.22533739103105
sigmaR: 92.58555869236477
widthL: 134.22533739103105
widthR: 92.58555869236477
x0: 1613.4732110610248
