alphaL: 0.8032491337035943
alphaR: 2.4369097413698593
event_sum: 34.59806724824891
mean: 1647.2422039911394
nL: 66.85594921429788
nR: 1.3284412747480778
norm_2016: 8.818490790642361
norm_2017: 10.979224283392204
norm_2018: 15.695387381606716
norm_Run2: 34.59806724824891
sigma: 87.36321763172548
sigmaL: 56.88462542800423
sigmaR: 45.34837732674907
widthL: 56.88462542800423
widthR: 45.34837732674907
x0: 1647.2422039911394
