alphaL: 0.9446172009509108
alphaR: 1.3407456496838352
event_sum: 18.229374326999306
mean: 1613.6730378042737
nL: 1.4868310099298852
nR: 4.26296658266045
norm_2016: 18.229374326999306
norm_2017: 18.229374326999306
norm_2018: 18.229374326999306
norm_Run2: 18.229374326999306
sigma: 165.0
sigmaL: 134.10293808103188
sigmaR: 92.15886424519404
widthL: 134.10293808103188
widthR: 92.15886424519404
x0: 1613.6730378042737
