alphaL: 0.8097686908405605
alphaR: 2.4273243691554165
event_sum: 34.59806724824891
mean: 1647.413733121488
nL: 61.34630695843018
nR: 1.3541204027092504
norm_2016: 8.818490790642361
norm_2017: 10.979224283392204
norm_2018: 15.695387381606716
norm_Run2: 34.59806724824891
sigma: 87.36321763172548
sigmaL: 57.279919052229786
sigmaR: 45.258178683860265
widthL: 57.279919052229786
widthR: 45.258178683860265
x0: 1647.413733121488
