alphaL: 1.1310960231928677
alphaR: 1.5748422143008123
event_sum: 1.3947038988408167
mean: 893.0702853024583
nL: 3.544449004504011
nR: 4.054123871646292
norm: 1.3947038988408167
sigma: 50.4
sigmaL: 59.474358446917854
sigmaR: 46.529356037679406
widthL: 59.474358446917854
widthR: 46.529356037679406
x0: 893.0702853024583
