alphaL: 1.3077272714529762
alphaR: 1.5869768488465983
event_sum: 14.012185682659037
mean: 894.1068811996323
nL: 2.0730620935266177
nR: 3.630357151661941
norm: 14.012185682659037
sigma: 50.4
sigmaL: 61.98754411985633
sigmaR: 45.87271081894779
widthL: 61.98754411985633
widthR: 45.87271081894779
x0: 894.1068811996323
