alphaL: 1.1296741078952006
alphaR: 1.439714320413192
event_sum: 0.7281976409867639
mean: 893.5114973774727
nL: 3.9255717983528307
nR: 3.828842166933007
norm: 0.7281976409867639
sigma: 50.4
sigmaL: 58.8529786292123
sigmaR: 42.433892756988556
widthL: 58.8529786292123
widthR: 42.433892756988556
x0: 893.5114973774727
