alphaL: 1.2503363277983677
alphaR: 1.4443478367237916
event_sum: 7.316544056520797
fraction: 0.9964240143552855
mean: 893.1069460308984
nL: 3.2113037202829764
nR: 3.792590812233565
norm: 7.291282501537353
sigma: 50.4
sigmaL: 61.538696955622406
sigmaR: 41.90472566073405
widthL: 61.538696955622406
widthR: 41.90472566073405
x0: 893.1069460308984
