alphaL: 0.9999999541148168
alphaR: 0.8709966249210103
event_sum: 0.013428510806988925
mean: 828.187364801169
nL: 0.2002297667534189
nR: 0.5273089802348554
norm: 0.013428510806988925
sigma: 34.27074368272211
sigmaL: 171.31812962026328
sigmaR: 21.602768166942965
widthL: 171.31812962026328
widthR: 21.602768166942965
x0: 828.187364801169
