alphaL: 1.3543896900387509
alphaR: 1.373175165086426
event_sum: 7.316544056520797
mean: 893.9089177882278
nL: 2.7157419260839997
nR: 4.234891500819711
norm: 7.316544056520797
sigma: 50.4
sigmaL: 63.745566760165346
sigmaR: 41.034495216600355
widthL: 63.745566760165346
widthR: 41.034495216600355
x0: 893.9089177882278
