alphaL: 1.2417366107489753
alphaR: 1.7150896914434868
event_sum: 1.3606672736641485
mean: 895.6776096981446
nL: 2.1696590857124214
nR: 2.204819461864179
norm: 1.3606672736641485
sigma: 50.4
sigmaL: 62.68971290614514
sigmaR: 45.01957508247063
widthL: 62.68971290614514
widthR: 45.01957508247063
x0: 895.6776096981446
