alphaL: 1.0
alphaR: 1.2639668467154435
event_sum: 0.03749346581753343
mean: 727.2548183128145
nL: 0.20000770154659467
nR: 3.9996901669659946
norm: 0.03749346581753343
sigma: 34.27074368272211
sigmaL: 171.35367548681413
sigmaR: 41.115518906742885
widthL: 171.35367548681413
widthR: 41.115518906742885
x0: 727.2548183128145
