alphaL: 1.0689214524072894
alphaR: 1.4046212661077802
event_sum: 0.7281976409867639
mean: 894.9254740080162
nL: 3.758988943231488
nR: 3.6649282250031363
norm: 0.7281976409867639
sigma: 50.4
sigmaL: 57.94542695395381
sigmaR: 39.43691518463432
widthL: 57.94542695395381
widthR: 39.43691518463432
x0: 894.9254740080162
