alphaL: 1.2273774967859241
alphaR: 1.5531317830252935
event_sum: 14.012185682659037
fraction: 0.9968593653036424
mean: 894.0955428877211
nL: 2.4810120164198066
nR: 3.8855048501560785
norm: 13.973628572421148
sigma: 50.4
sigmaL: 61.05350588901893
sigmaR: 45.69757708848702
widthL: 61.05350588901893
widthR: 45.69757708848702
x0: 894.0955428877211
