alphaL: 1.2816832262844542
alphaR: 1.6446613176099134
event_sum: 0.7111793283984298
mean: 892.8886736084094
nL: 2.3649629960274474
nR: 2.1249674328514234
norm: 0.7111793283984298
sigma: 50.4
sigmaL: 62.24657589188435
sigmaR: 43.05595193510232
widthL: 62.24657589188435
widthR: 43.05595193510232
x0: 892.8886736084094
