alphaL: 1.22202008903656
alphaR: 1.5461502615080982
event_sum: 1.3947038988408167
mean: 894.0198669632229
nL: 2.639558857929565
nR: 4.208782369903046
norm: 1.3947038988408167
sigma: 50.4
sigmaL: 61.12097404476627
sigmaR: 45.871232414608265
widthL: 61.12097404476627
widthR: 45.871232414608265
x0: 894.0198669632229
