alphaL: 0.54755531706713
alphaR: 1.7835814187374337
event_sum: 3.937971004096866
fraction: 0.8500391063960717
mean: 3150.0
nL: 1.43739942045898
nR: 4.059822687508616
norm: 1.713806752231578
sigma: 179.20000000000002
sigmaL: 112.3860686644146
sigmaR: 155.48655536793783
widthL: 112.3860686644146
widthR: 155.48655536793783
x0: 3150.0
