alphaL: 1.0634017692675746
alphaR: 1.4139030754148694
event_sum: 0.08385567457130116
mean: 3147.128992855837
nL: 0.9808349978608923
nR: 2.303142901581995
norm: 0.08385567457130116
sigma: 179.20000000000002
sigmaL: 186.98408449093643
sigmaR: 109.0455466992085
widthL: 186.98408449093643
widthR: 109.0455466992085
x0: 3147.128992855837
