alphaL: 0.3751743860836356
alphaR: 1.7672569247236685
event_sum: 0.1548674441828255
mean: 3100.2246609797276
nL: 3.3905954896641943
nR: 3.44767170689614
norm: 0.1548674441828255
sigma: 179.20000000000002
sigmaL: 101.88682816297218
sigmaR: 171.98949181015294
widthL: 101.88682816297218
widthR: 171.98949181015294
x0: 3100.2246609797276
