alphaL: 0.7494535600398338
alphaR: 0.39409745869617235
event_sum: 0.07493302644202672
mean: 3209.4443857592482
nL: 0.1
nR: 2.25992435792576
norm: 0.07493302644202672
sigma: 179.20000000000002
sigmaL: 176.45380032033478
sigmaR: 68.80435341979634
widthL: 176.45380032033478
widthR: 68.80435341979634
x0: 3209.4443857592482
