alphaL: 1.1338517883793289
alphaR: 0.9836115677639171
event_sum: 4.726623552978006
fraction: 0.7141856439580522
mean: 3152.675818713128
nL: 0.4018234939787167
nR: 4.5
norm: 0.8997191912839656
sigma: 179.20000000000002
sigmaL: 192.28072052719193
sigmaR: 108.6275251185221
widthL: 192.28072052719193
widthR: 108.6275251185221
x0: 3152.675818713128
