alphaL: 0.8776628860985125
alphaR: 1.1043986190318995
event_sum: 0.16247858136514529
mean: 3188.3933827241194
nL: 1.0160821225382077
nR: 2.9418960953521363
norm: 0.16247858136514529
sigma: 179.20000000000002
sigmaL: 188.85856343844105
sigmaR: 91.32331897104234
widthL: 188.85856343844105
widthR: 91.32331897104234
x0: 3188.3933827241194
