alphaL: 0.8574563909934917
alphaR: 1.189758974246791
event_sum: 0.1406733987502295
mean: 3285.3532069553066
nL: 1.0188111714599992
nR: 3.1519964536949203
norm: 0.1406733987502295
sigma: 184.8
sigmaL: 195.6269449495534
sigmaR: 97.36184937069112
widthL: 195.6269449495534
widthR: 97.36184937069112
x0: 3285.3532069553066
