alphaL: 1.122267713137291
alphaR: 1.0559210557497716
event_sum: 4.651462962461208
fraction: 0.7100935515003372
mean: 3250.0
nL: 0.402921965666675
nR: 4.5
norm: 0.7641581395248029
sigma: 184.8
sigmaL: 209.55765302833169
sigmaR: 119.73189685454369
widthL: 209.55765302833169
widthR: 119.73189685454369
x0: 3250.0
