alphaL: 0.6009806472184822
alphaR: 1.9660649948668651
event_sum: 3.75817669105003
fraction: 0.8253690470812888
mean: 3250.0
nL: 1.293260410035538
nR: 3.426145388780589
norm: 1.4887699478670733
sigma: 184.8
sigmaL: 128.4179683290053
sigmaR: 160.28017424182528
widthL: 128.4179683290053
widthR: 160.28017424182528
x0: 3250.0
