alphaL: 1.057498121004691
alphaR: 1.587581146063245
event_sum: 0.07186437323274444
mean: 3234.1380554435345
nL: 0.977622686906909
nR: 2.5075445040021553
norm: 0.07186437323274444
sigma: 184.8
sigmaL: 199.3475597188353
sigmaR: 128.2456027826443
widthL: 199.3475597188353
widthR: 128.2456027826443
x0: 3234.1380554435345
