alphaL: 0.42874481686387816
alphaR: 1.883471894648074
event_sum: 0.1337486756623504
mean: 3196.9627801471493
nL: 3.71080313720783
nR: 3.3625289559813716
norm: 0.1337486756623504
sigma: 184.8
sigmaL: 125.65826931085762
sigmaR: 180.2330150047267
widthL: 125.65826931085762
widthR: 180.2330150047267
x0: 3196.9627801471493
