alphaL: 0.7139048394952365
alphaR: 0.2777000646116746
event_sum: 0.06382499414677982
mean: 3311.9420457223528
nL: 0.1
nR: 2.292291329865618
norm: 0.06382499414677982
sigma: 184.8
sigmaL: 207.1129376134478
sigmaR: 72.59656413254432
widthL: 207.1129376134478
widthR: 72.59656413254432
x0: 3311.9420457223528
