alphaL: 1.1359846716800222
alphaR: 1.295874506695588
event_sum: 16.223579657351355
fraction: 0.7709838686486775
mean: 2312.4848899885815
nL: 0.49865854159020745
nR: 4.5
norm: 10.164310795946031
sigma: 235.0
sigmaL: 259.6518684993545
sigmaR: 119.91003546575278
widthL: 259.6518684993545
widthR: 119.91003546575278
x0: 2312.4848899885815
