alphaL: 1.1215585574832039
alphaR: 0.4181298709327774
event_sum: 0.8337728724477755
mean: 2370.766955367563
nL: 0.11394025109200143
nR: 3.1383718963248266
norm: 0.8337728724477755
sigma: 235.0
sigmaL: 324.9411394388327
sigmaR: 29.430030220339283
widthL: 324.9411394388327
widthR: 29.430030220339283
x0: 2370.766955367563
