alphaL: 1.32922344913721
alphaR: 1.6149720392620281
event_sum: 1.1511374049216996
mean: 2295.491794840312
nL: 0.1537164412375509
nR: 2.7270671899215007
norm: 1.1511374049216996
sigma: 235.0
sigmaL: 253.09947306052163
sigmaR: 136.5015545992232
widthL: 253.09947306052163
widthR: 136.5015545992232
x0: 2295.491794840312
