alphaL: 0.6523910318629647
alphaR: 1.3162523017549401
event_sum: 1.2800055093694553
mean: 2310.325765270879
nL: 1.0023607049400243
nR: 4.081606324835441
norm: 1.2800055093694553
sigma: 235.0
sigmaL: 208.10789105573488
sigmaR: 121.60564621818092
widthL: 208.10789105573488
widthR: 121.60564621818092
x0: 2310.325765270879
