alphaL: 0.6986832942700074
alphaR: 1.9918082975682843
event_sum: 28.156657635319426
fraction: 0.9900608952072321
mean: 2343.654756135957
nL: 31.56448581669359
nR: 2.1656199969256047
norm: 27.88877498963489
sigma: 135.6150867979142
sigmaL: 66.43361448224326
sigmaR: 64.7445615060146
widthL: 66.43361448224326
widthR: 64.7445615060146
x0: 2343.654756135957
