alphaL: 0.9263048082669829
alphaR: 1.1577448523195724
event_sum: 17.934351269168232
fraction: 0.7048016406747392
mean: 2315.9612523829755
nL: 0.4043628273977804
nR: 4.5
norm: 7.191227252931667
sigma: 235.0
sigmaL: 259.9839328338594
sigmaR: 107.53173887542181
widthL: 259.9839328338594
widthR: 107.53173887542181
x0: 2315.9612523829755
