alphaL: 0.3958303630878703
alphaR: 0.7482272191442874
event_sum: 0.9988284031007144
mean: 2368.871876554921
nL: 1.0004399808850104
nR: 3.7415595403515387
norm: 0.9988284031007144
sigma: 235.0
sigmaL: 314.47640780591456
sigmaR: 61.58725088560326
widthL: 314.47640780591456
widthR: 61.58725088560326
x0: 2368.871876554921
