alphaL: 0.9934071765502589
alphaR: 1.497332643435913
event_sum: 6.060671132297885
fraction: 0.886545539507163
mean: 1926.3232187689182
nL: 1.1681051422752284
nR: 3.5794940167725797
norm: 4.438104401142342
sigma: 109.2
sigmaL: 114.6073542963956
sigmaR: 87.13928493473634
widthL: 114.6073542963956
widthR: 87.13928493473634
x0: 1926.3232187689182
