alphaL: 1.0493370436301916
alphaR: 1.4394902660547073
event_sum: 0.5131312436819407
mean: 1917.670672222329
nL: 1.3559060211736051
nR: 4.298280429531872
norm: 0.5131312436819407
sigma: 109.2
sigmaL: 122.1180379404054
sigmaR: 88.29351123514773
widthL: 122.1180379404054
widthR: 88.29351123514773
x0: 1917.670672222329
