alphaL: 1.119084437251431
alphaR: 1.2516150038839502
event_sum: 0.46381390045013093
mean: 1942.7662861099282
nL: 0.9829445703186407
nR: 3.9584457198699283
norm: 0.46381390045013093
sigma: 109.2
sigmaL: 128.27090551318645
sigmaR: 71.9066422627244
widthL: 128.27090551318645
widthR: 71.9066422627244
x0: 1942.7662861099282
