alphaL: 0.9757916739757525
alphaR: 1.8244073093651971
event_sum: 0.4919753377881021
mean: 1920.1506590391486
nL: 2.0818242713599235
nR: 1.6018135338741852
norm: 0.4919753377881021
sigma: 109.2
sigmaL: 126.52520320438208
sigmaR: 89.3844893447725
widthL: 126.52520320438208
widthR: 89.3844893447725
x0: 1920.1506590391486
