alphaL: 0.971546769999994
alphaR: 1.5514277700536532
event_sum: 5.695638821666212
fraction: 0.9201322254351133
mean: 1919.8357660455115
nL: 1.7312241528129442
nR: 3.219688619679002
norm: 4.848921473733368
sigma: 109.2
sigmaL: 120.85109864880961
sigmaR: 87.8410352816878
widthL: 120.85109864880961
widthR: 87.8410352816878
x0: 1919.8357660455115
