alphaL: 0.8596361426357817
alphaR: 1.6210601055140996
event_sum: 0.442090027475544
mean: 1938.7574022726997
nL: 1.7990032766164281
nR: 1.8833050225766235
norm: 0.442090027475544
sigma: 109.2
sigmaL: 120.43064833319542
sigmaR: 80.92467826114749
widthL: 120.43064833319542
widthR: 80.92467826114749
x0: 1938.7574022726997
