alphaL: 1.158320788791943
alphaR: 1.4465399230970915
event_sum: 13.915075638058243
fraction: 0.9565709673824894
mean: 1243.5496098378676
nL: 1.7691796733545007
nR: 3.8959468219817204
norm: 13.115224123986541
sigma: 70.0
sigmaL: 88.78529373515524
sigmaR: 55.8936980345146
widthL: 88.78529373515524
widthR: 55.8936980345146
x0: 1243.5496098378676
