alphaL: 1.1591249987615135
alphaR: 1.8332624870099192
event_sum: 0.9277782493593888
mean: 1235.6812050514816
nL: 2.3660681714521727
nR: 2.284688414635427
norm: 0.9277782493593888
sigma: 70.0
sigmaL: 83.87126845377153
sigmaR: 62.12766795205092
widthL: 83.87126845377153
widthR: 62.12766795205092
x0: 1235.6812050514816
