alphaL: 0.9089852370148648
alphaR: 1.371770233893483
event_sum: 1.2790751575394947
mean: 1245.7202913363776
nL: 3.157918178696204
nR: 3.6530698509788873
norm: 1.2790751575394947
sigma: 70.0
sigmaL: 81.46832438848446
sigmaR: 53.43499805537519
widthL: 81.46832438848446
widthR: 53.43499805537519
x0: 1245.7202913363776
