alphaL: 0.9427907483993231
alphaR: 2.5198939504873357
event_sum: 26.807988849628554
fraction: 0.9924727114095175
mean: 1251.0068988647354
nL: 69.60590900697665
nR: 1.9648013579901313
norm: 12.124475344088436
sigma: 65.03888874491528
sigmaL: 50.65433845837836
sigmaR: 35.89783896731572
widthL: 50.65433845837836
widthR: 35.89783896731572
x0: 1251.0068988647354
