alphaL: 1.0161874149650294
alphaR: 1.961020322279304
event_sum: 1.2336110619395395
mean: 1239.6963236633817
nL: 2.2322397881815883
nR: 2.2161260956336206
norm: 1.2336110619395395
sigma: 70.0
sigmaL: 85.58146346506162
sigmaR: 62.69745857647971
widthL: 85.58146346506162
widthR: 62.69745857647971
x0: 1239.6963236633817
