alphaL: 1.0517456695415188
alphaR: 1.3979604169458912
event_sum: 0.9560283580584816
mean: 1241.0510685346753
nL: 3.703534498714447
nR: 4.175340538657077
norm: 0.9560283580584816
sigma: 70.0
sigmaL: 82.74548914154994
sigmaR: 55.82742861263664
widthL: 82.74548914154994
widthR: 55.82742861263664
x0: 1241.0510685346753
