alphaL: 0.9001308718724172
alphaR: 1.6458646399513885
event_sum: 10.112056879076867
fraction: 0.9749425505293812
mean: 1228.4944903213052
nL: 3.3054528468231292
nR: 3.5934381873014853
norm: 9.735835254094068
sigma: 70.0
sigmaL: 67.78611657147752
sigmaR: 64.97258918658717
widthL: 67.78611657147752
widthR: 64.97258918658717
x0: 1228.4944903213052
