alphaL: 1.2648173495354547
alphaR: 1.3149793599210147
event_sum: 11.795277397520426
fraction: 0.8531194227399932
mean: 1439.8938706787055
nL: 0.4
nR: 4.420969338353233
norm: 9.832512760360041
sigma: 145.0
sigmaL: 161.99937848141428
sigmaR: 71.32209619972727
widthL: 161.99937848141428
widthR: 71.32209619972727
x0: 1439.8938706787055
