alphaL: 1.2032101582182941
alphaR: 1.1047133660876454
event_sum: 0.9367800491399211
mean: 1432.8880618184598
nL: 1.1105689504344083
nR: 3.8377797604773667
norm: 0.9367800491399211
sigma: 145.0
sigmaL: 147.28021822989487
sigmaR: 65.74701130661236
widthL: 147.28021822989487
widthR: 65.74701130661236
x0: 1432.8880618184598
