alphaL: 0.82232209784405
alphaR: 1.2917626547000283
event_sum: 1.1343431683995213
mean: 1440.55067386266
nL: 1.117197331287591
nR: 4.043819546648402
norm: 1.1343431683995213
sigma: 145.0
sigmaL: 137.34110904511726
sigmaR: 69.7211279718424
widthL: 137.34110904511726
widthR: 69.7211279718424
x0: 1440.55067386266
