alphaL: 1.1615408768900606
alphaR: 1.371506900104874
event_sum: 0.888356538591097
mean: 1418.9246490002715
nL: 1.2240561776495469
nR: 3.5084407842923193
norm: 0.888356538591097
sigma: 145.0
sigmaL: 134.047698113285
sigmaR: 82.27160220071937
widthL: 134.047698113285
widthR: 82.27160220071937
x0: 1418.9246490002715
