alphaL: 1.0374829255677713
alphaR: 1.1018985802431693
event_sum: 9.572023719379448
fraction: 0.9200458507750768
mean: 1426.438993250141
nL: 1.9162103502681544
nR: 4.5
norm: 8.55490206095122
sigma: 145.0
sigmaL: 135.71862121480055
sigmaR: 70.16128866729422
widthL: 135.71862121480055
widthR: 70.16128866729422
x0: 1426.438993250141
