alphaL: 1.1791505010386893
alphaR: 1.8911208890177333
event_sum: 1.0405008594618956
mean: 1426.81570899793
nL: 0.4431951377562528
nR: 1.7447035654931151
norm: 1.0405008594618956
sigma: 145.0
sigmaL: 147.10679349759664
sigmaR: 84.47972903045176
widthL: 147.10679349759664
widthR: 84.47972903045176
x0: 1426.81570899793
