alphaL: 1.0441564084593282
alphaR: 2.2865598535022125
event_sum: 1.4703369980981977
mean: 3038.6958113341952
nL: 4.4850953386884145
nR: 2.2845129730306053
norm: 1.4703369980981977
sigma: 144.33643278381706
sigmaL: 109.81736831967886
sigmaR: 70.16638196926723
widthL: 109.81736831967886
widthR: 70.16638196926723
x0: 3038.6958113341952
