alphaL: 1.05891227594669
alphaR: 2.0216080872547373
event_sum: 1.4225802189359043
fraction: 0.9988021460400975
mean: 3044.436932495402
nL: 9.89551675067728
nR: 3.231042011815812
norm: 1.4221107493118887
sigma: 143.127007272518
sigmaL: 115.60503167833954
sigmaR: 65.74932057905396
widthL: 115.60503167833954
widthR: 65.74932057905396
x0: 3044.436932495402
