alphaL: 0.8860334798434986
alphaR: 2.0218468948424446
event_sum: 3.670845811591265
fraction: 0.9931365555456695
mean: 3042.3947092824274
nL: 17.524388172117952
nR: 2.912576976955382
norm: 1.1001759726494842
sigma: 137.24305488593876
sigmaL: 96.59955354655736
sigmaR: 72.65090399361542
widthL: 96.59955354655736
widthR: 72.65090399361542
x0: 3042.3947092824274
