alphaL: 0.9107338592452832
alphaR: 2.05330223656109
event_sum: 1.1480507890312222
mean: 3032.2521076969406
nL: 4.650258334381944
nR: 3.1337697060577163
norm: 1.1480507890312222
sigma: 144.33643278381706
sigmaL: 86.36294769176561
sigmaR: 75.28759556246611
widthL: 86.36294769176561
widthR: 75.28759556246611
x0: 3032.2521076969406
