alphaL: 1.462880657928491
alphaR: 0.3207625508781029
event_sum: 0.6946091268314502
mean: 3096.047280277838
nL: 5.0
nR: 4.862925689987182
norm: 0.6946091268314502
sigma: 236.22713779355894
sigmaL: 155.63790958876757
sigmaR: 14.097450878603013
widthL: 155.63790958876757
widthR: 14.097450878603013
x0: 3096.047280277838
