alphaL: 1.434949593761746
alphaR: 1.7144604063639683
event_sum: 1.2497528888811547
mean: 3058.002604114792
nL: 4.493856983857404
nR: 2.5035515925917915
norm: 1.2497528888811547
sigma: 236.22713779355894
sigmaL: 135.8569000201324
sigmaR: 61.81963598259437
widthL: 135.8569000201324
widthR: 61.81963598259437
x0: 3058.002604114792
