alphaL: 1.3507796730736596
alphaR: 1.852545755675441
event_sum: 1.2489060413195652
mean: 3053.1761217352846
nL: 4.7870684388609686
nR: 2.3654020235147617
norm: 1.2489060413195652
sigma: 236.22713779355894
sigmaL: 129.872249744563
sigmaR: 65.3342878571426
widthL: 129.872249744563
widthR: 65.3342878571426
x0: 3053.1761217352846
