alphaL: 0.9697565453817611
alphaR: 1.9297913124355097
event_sum: 1.1039635051622294
fraction: 0.9989593111390852
mean: 3041.795204255482
nL: 9.674795124779585
nR: 3.447712271901503
norm: 1.1036320624140177
sigma: 143.127007272518
sigmaL: 101.07328784082988
sigmaR: 69.66481919274052
widthL: 101.07328784082988
widthR: 69.66481919274052
x0: 3041.795204255482
