alphaL: 0.9887147875652101
alphaR: 2.219928389158257
event_sum: 1.1435479341797357
mean: 3039.2473578224376
nL: 4.517181592552909
nR: 1.994860533177605
norm: 1.1435479341797357
sigma: 144.33643278381706
sigmaL: 95.79260704893588
sigmaR: 71.69361701105551
widthL: 95.79260704893588
widthR: 71.69361701105551
x0: 3039.2473578224376
