alphaL: 0.8525946727065701
alphaR: 1.6085071772886792
event_sum: 6.612154923512417
fraction: 0.9982721146785123
mean: 3051.847304890977
nL: 9.832848711731339
nR: 3.14744841842842
norm: 6.534271442465037
sigma: 234.90528569496684
sigmaL: 100.93011210577644
sigmaR: 67.40503287283705
widthL: 100.93011210577644
widthR: 67.40503287283705
x0: 3051.847304890977
