alphaL: 1.3006126587608025
alphaR: 1.6590232126065063
event_sum: 1.4760156814934777
mean: 3052.0051882704183
nL: 4.493089327339383
nR: 4.867940961574785
norm: 1.4760156814934777
sigma: 144.33643278381706
sigmaL: 127.75760740952536
sigmaR: 60.420540308305206
widthL: 127.75760740952536
widthR: 60.420540308305206
x0: 3052.0051882704183
