alphaL: 0.947850332235788
alphaR: 1.9500666028172815
event_sum: 11.8012461170018
fraction: 0.9989516384784113
mean: 3044.066775836998
nL: 9.99255316667796
nR: 2.2208722043790954
norm: 11.759620728318747
sigma: 234.90528569496684
sigmaL: 105.12988976625437
sigmaR: 69.93716569154196
widthL: 105.12988976625437
widthR: 69.93716569154196
x0: 3044.066775836998
