alphaL: 1.2937704709911169
alphaR: 1.606836733210462
event_sum: 0.6951776756308812
mean: 3054.853347548532
nL: 4.25433061536742
nR: 3.178524060064667
norm: 0.6951776756308812
sigma: 236.22713779355894
sigmaL: 123.49390451514249
sigmaR: 66.86023346382021
widthL: 123.49390451514249
widthR: 66.86023346382021
x0: 3054.853347548532
