alphaL: 1.0612155460776482
alphaR: 1.9619406095741858
event_sum: 1.308215950735047
fraction: 0.9988221059019113
mean: 3094.182956830267
nL: 9.744996571466912
nR: 3.426995667544497
norm: 1.307771582574719
sigma: 145.8101375352752
sigmaL: 117.93456232864747
sigmaR: 66.46590985232187
widthL: 117.93456232864747
widthR: 66.46590985232187
x0: 3094.182956830267
