alphaL: 1.4547585405829193
alphaR: 1.611576427930662
event_sum: 1.2550629582275428
mean: 3109.0960089340683
nL: 4.489543081235935
nR: 2.718306943520305
norm: 1.2550629582275428
sigma: 248.50047965496086
sigmaL: 139.55831456109325
sigmaR: 61.73825818572254
widthL: 139.55831456109325
widthR: 61.73825818572254
x0: 3109.0960089340683
