alphaL: 1.2105834249523164
alphaR: 1.6808140995160386
event_sum: 0.6890493007832144
mean: 3100.278799883361
nL: 4.3817869801636915
nR: 3.158749811523671
norm: 0.6890493007832144
sigma: 248.50047965496086
sigmaL: 118.92254902823254
sigmaR: 71.27495421732065
widthL: 118.92254902823254
widthR: 71.27495421732065
x0: 3100.278799883361
