alphaL: 0.6299560782545968
alphaR: 2.125005016288167
event_sum: 49.00923426013253
fraction: 0.9909922419820896
mean: 3091.0360034498804
nL: 131.26643973476357
nR: 1.6703520059993575
norm: 11.673082545325983
sigma: 241.87366907350489
sigmaL: 82.67669913474151
sigmaR: 74.36826718877425
widthL: 82.67669913474151
widthR: 74.36826718877425
x0: 3091.0360034498804
