alphaL: 1.4558906888726841
alphaR: 0.2218080559933288
event_sum: 0.6884363560415161
mean: 3149.2074243184843
nL: 5.0
nR: 5.0
norm: 0.6884363560415161
sigma: 248.50047965496086
sigmaL: 159.70992186508744
sigmaR: 11.1690096284343
widthL: 159.70992186508744
widthR: 11.1690096284343
x0: 3149.2074243184843
