alphaL: 0.9499276165554189
alphaR: 1.8649055087092672
event_sum: 11.768150826416392
fraction: 0.9992727441173572
mean: 3093.999754650591
nL: 9.987833927017757
nR: 2.424052949665495
norm: 11.722911833509775
sigma: 247.05905604056795
sigmaL: 106.6486782717179
sigmaR: 70.5850962246425
widthL: 106.6486782717179
widthR: 70.5850962246425
x0: 3093.999754650591
