alphaL: 0.9586524783283913
alphaR: 1.913777450066302
event_sum: 1.0163645175442588
fraction: 0.9990023587014453
mean: 3090.43584107432
nL: 9.686423238436634
nR: 3.695917691624086
norm: 1.0159232076594689
sigma: 145.8101375352752
sigmaL: 101.59653040981992
sigmaR: 71.29381309976841
widthL: 101.59653040981992
widthR: 71.29381309976841
x0: 3090.43584107432
