alphaL: 1.3933563221024385
alphaR: 1.7728537027390932
event_sum: 1.2544268679832682
mean: 3104.6010883685285
nL: 4.7891628591004975
nR: 2.519172169201546
norm: 1.2544268679832682
sigma: 248.50047965496086
sigmaL: 135.04329012239737
sigmaR: 65.31549317989932
widthL: 135.04329012239737
widthR: 65.31549317989932
x0: 3104.6010883685285
