alphaL: 1.303209777367717
alphaR: 1.5513632470391534
event_sum: 1.349314368239838
mean: 3102.5859094241823
nL: 4.489580260069966
nR: 5.0
norm: 1.349314368239838
sigma: 147.00360809557512
sigmaL: 130.67179154749317
sigmaR: 60.3498724202848
widthL: 130.67179154749317
widthR: 60.3498724202848
x0: 3102.5859094241823
