alphaL: 0.8788924541885083
alphaR: 2.0509860366732107
event_sum: 1.0553536551479215
mean: 3081.2285435263348
nL: 4.846019999814627
nR: 2.922888122333104
norm: 1.0553536551479215
sigma: 147.00360809557512
sigmaL: 86.24119680627783
sigmaR: 76.51112064813805
widthL: 86.24119680627783
widthR: 76.51112064813805
x0: 3081.2285435263348
