alphaL: 0.989093130547336
alphaR: 2.2750011193939472
event_sum: 1.0517043917955182
mean: 3087.5650880136345
nL: 4.407474936869617
nR: 1.8075985340559506
norm: 1.0517043917955182
sigma: 147.00360809557512
sigmaL: 96.30268154222037
sigmaR: 73.85641663472052
widthL: 96.30268154222037
widthR: 73.85641663472052
x0: 3087.5650880136345
