alphaL: 0.7757047816587614
alphaR: 1.6636122791862415
event_sum: 6.5121059162700154
fraction: 0.9982153743371001
mean: 3099.126224915788
nL: 9.88419171993868
nR: 3.1007744923245855
norm: 6.4264029376233305
sigma: 247.05905604056795
sigmaL: 96.18178482260966
sigmaR: 70.35194549485013
widthL: 96.18178482260966
widthR: 70.35194549485013
x0: 3099.126224915788
