alphaL: 1.03955179944763
alphaR: 2.2679941261402967
event_sum: 1.3439832624912789
mean: 3087.646128727507
nL: 4.362478732571437
nR: 2.351782485560027
norm: 1.3439832624912789
sigma: 147.00360809557512
sigmaL: 111.30157930285833
sigmaR: 71.54042374961003
widthL: 111.30157930285833
widthR: 71.54042374961003
x0: 3087.646128727507
