alphaL: 0.723569513923311
alphaR: 1.3938482192335044
event_sum: 15.646966259053443
mean: 1968.445932001421
nL: 1.783123920833002
nR: 4.963996697269818
norm_2016: 4.017468224570621
norm_2017: 5.00410084601026
norm_2018: 6.890421631280333
norm_Run2: 15.646966259053443
sigma: 112.0
sigmaL: 99.88549708821357
sigmaR: 93.48610513838558
widthL: 99.88549708821357
widthR: 93.48610513838558
x0: 1968.445932001421
