alphaL: 1.1114485585701712
alphaR: 1.290612713049783
event_sum: 12.226965060574003
mean: 1954.3932544122044
nL: 0.24619674810376757
nR: 8.148145003436314
norm_2016: 3.1024736303370446
norm_2017: 3.965948678785935
norm_2018: 5.3448133058846
norm_Run2: 12.226965060574003
sigma: 200.0
sigmaL: 190.45793944624734
sigmaR: 112.5789555688938
widthL: 190.45793944624734
widthR: 112.5789555688938
x0: 1954.3932544122044
