alphaL: 1.0650441091733216
alphaR: 1.4223109049613913
event_sum: 14.269686857005581
mean: 1954.5383599429504
nL: 0.6326167664975934
nR: 3.5681289174549002
norm_2016: 3.3301604639273137
norm_2017: 4.548973092343658
norm_2018: 6.607891077175736
norm_Run2: 14.269686857005581
sigma: 200.0
sigmaL: 165.36938189426198
sigmaR: 110.06785003293825
widthL: 165.36938189426198
widthR: 110.06785003293825
x0: 1954.5383599429504
