alphaL: 0.9731359302332254
alphaR: 1.743888540359133
event_sum: 0.7939612580348213
mean: 2107.343466265295
nL: 1.3869638140939866
nR: 3.915845304735114
norm: 0.7939612580348213
sigma: 120.4
sigmaL: 123.42262225543355
sigmaR: 113.35131497208148
widthL: 123.42262225543355
widthR: 113.35131497208148
x0: 2107.343466265295
