alphaL: 1.0699087748374676
alphaR: 1.606312611039709
event_sum: 9.42531894117275
fraction: 0.8357385985525267
mean: 2105.0138332267306
nL: 0.7098540102641211
nR: 3.5886371848185656
norm: 5.868848801043212
sigma: 120.4
sigmaL: 112.54540566969527
sigmaR: 103.62066316248507
widthL: 112.54540566969527
widthR: 103.62066316248507
x0: 2105.0138332267306
