alphaL: 1.035009962521671
alphaR: 1.1117748765321511
event_sum: 0.5633025007930073
mean: 2143.6474570634537
nL: 0.9530963470125813
nR: 3.1352735943451373
norm: 0.5633025007930073
sigma: 120.4
sigmaL: 134.67589005851295
sigmaR: 65.38409675692145
widthL: 134.67589005851295
widthR: 65.38409675692145
x0: 2143.6474570634537
