alphaL: 0.9587664394648278
alphaR: 1.6755473607818927
event_sum: 0.7613097843002014
mean: 2123.828984017323
nL: 1.8044833147120785
nR: 1.8004460238388778
norm: 0.7613097843002014
sigma: 120.4
sigmaL: 141.11388665639285
sigmaR: 94.86549287748294
widthL: 141.11388665639285
widthR: 94.86549287748294
x0: 2123.828984017323
