alphaL: 0.7747780978719602
alphaR: 1.9154104817660984
event_sum: 29.175965187216455
fraction: 0.990091313312822
mean: 2147.714860283046
nL: 35.14609479542995
nR: 2.5493178875522773
norm: 12.808737968830878
sigma: 119.29914016104578
sigmaL: 68.97254951808486
sigmaR: 59.26632068141872
widthL: 68.97254951808486
widthR: 59.26632068141872
x0: 2147.714860283046
