alphaL: 0.9360610619102263
alphaR: 1.353760613398507
event_sum: 0.5310167292803303
mean: 2136.581647294431
nL: 1.6183128944955358
nR: 2.4024664809873073
norm: 0.5310167292803303
sigma: 120.4
sigmaL: 142.13679663216806
sigmaR: 81.14404876893167
widthL: 142.13679663216806
widthR: 81.14404876893167
x0: 2136.581647294431
