alphaL: 1.0253684454589285
alphaR: 1.2457073750498247
event_sum: 10.172229599022955
fraction: 0.911102728252025
mean: 2134.443622566105
nL: 1.650962815976468
nR: 4.159699310825247
norm: 8.213128569749326
sigma: 120.4
sigmaL: 149.58840379751035
sigmaR: 81.23461922152839
widthL: 149.58840379751035
widthR: 81.23461922152839
x0: 2134.443622566105
