alphaL: 1.1619496523450967
alphaR: 1.3989305502455158
event_sum: 23.51020701305848
fraction: 0.9661412311285502
mean: 1338.1936370007245
nL: 2.293255135824492
nR: 4.3163578698734515
norm: 22.385934525649077
sigma: 75.60000000000001
sigmaL: 92.24336300956746
sigmaR: 60.39022598999946
widthL: 92.24336300956746
widthR: 60.39022598999946
x0: 1338.1936370007245
