alphaL: 1.0636396497137641
alphaR: 1.689821357360645
event_sum: 2.7226435498704333
mean: 1343.5352989041826
nL: 2.1087801496027803
nR: 1.9311269329487046
norm: 2.7226435498704333
sigma: 75.60000000000001
sigmaL: 94.25474526976542
sigmaR: 60.738895519422975
widthL: 94.25474526976542
widthR: 60.738895519422975
x0: 1343.5352989041826
