alphaL: 1.0159961617940632
alphaR: 1.4293283192614592
event_sum: 2.2380872496018402
mean: 1338.7420734388254
nL: 3.925646221282631
nR: 3.71824385459173
norm: 2.2380872496018402
sigma: 75.60000000000001
sigmaL: 89.36470262684882
sigmaR: 59.57760595745824
widthL: 89.36470262684882
widthR: 59.57760595745824
x0: 1338.7420734388254
