alphaL: 0.9635052857330455
alphaR: 1.3821576421544324
event_sum: 2.8304787632726267
mean: 1344.1701346274356
nL: 2.6466517074913964
nR: 3.6029414481070594
norm: 2.8304787632726267
sigma: 75.60000000000001
sigmaL: 91.1432984171216
sigmaR: 58.457917313469125
widthL: 91.1432984171216
widthR: 58.457917313469125
x0: 1344.1701346274356
