alphaL: 1.1516792408179455
alphaR: 1.4646958941969002
event_sum: 31.04863345276308
fraction: 0.9416923283245027
mean: 1341.989761692991
nL: 1.5019567049233515
nR: 3.754027540699436
norm: 28.560415606644117
sigma: 75.60000000000001
sigmaL: 93.20998952277658
sigmaR: 61.23994085595109
widthL: 93.20998952277658
widthR: 61.23994085595109
x0: 1341.989761692991
