alphaL: 1.121079126244919
alphaR: 1.5568447899510942
event_sum: 2.1723405171994092
mean: 1337.1019394903246
nL: 2.750313844625053
nR: 2.828870232119882
norm: 2.1723405171994092
sigma: 75.60000000000001
sigmaL: 90.44439810079504
sigmaR: 62.32245517745094
widthL: 90.44439810079504
widthR: 62.32245517745094
x0: 1337.1019394903246
