alphaL: 1.0638547343849316
alphaR: 1.5951411643270252
event_sum: 0.4783634894227583
mean: 1042.7808472495979
nL: 2.2930464093627996
nR: 1.9600206736979748
norm: 0.4783634894227583
sigma: 58.800000000000004
sigmaL: 73.41700278623358
sigmaR: 48.24679599136686
widthL: 73.41700278623358
widthR: 48.24679599136686
x0: 1042.7808472495979
