alphaL: 1.044281046456809
alphaR: 1.4782088215929896
event_sum: 5.00114155141678
fraction: 0.9934967311540697
mean: 1039.665382927806
nL: 4.661325492763312
nR: 4.1989799272252455
norm: 4.950816131925499
sigma: 58.800000000000004
sigmaL: 71.22026395924257
sigmaR: 49.130377714484986
widthL: 71.22026395924257
widthR: 49.130377714484986
x0: 1039.665382927806
