alphaL: 0.9404607131769772
alphaR: 1.43803950660163
event_sum: 0.4897124811281389
mean: 1039.8291625355307
nL: 4.136537451011188
nR: 3.6149060067827024
norm: 0.4897124811281389
sigma: 58.800000000000004
sigmaL: 66.36478807668773
sigmaR: 46.77549164723417
widthL: 66.36478807668773
widthR: 46.77549164723417
x0: 1039.8291625355307
