alphaL: 1.0283905801039266
alphaR: 1.4279624613991462
event_sum: 8.911071830205252
fraction: 0.9878046767201076
mean: 1043.05259533636
nL: 2.1072625563824965
nR: 3.772985612506833
norm: 8.783980975764692
sigma: 58.800000000000004
sigmaL: 66.05968182558948
sigmaR: 49.92858747179683
widthL: 66.05968182558948
widthR: 49.92858747179683
x0: 1043.05259533636
