alphaL: 1.0813965506119685
alphaR: 1.5851837622826295
event_sum: 0.8304977129730162
mean: 1044.4847403218964
nL: 2.2261321908660183
nR: 2.0474944053433393
norm: 0.8304977129730162
sigma: 58.800000000000004
sigmaL: 71.43359343784786
sigmaR: 49.551204882534755
widthL: 71.43359343784786
widthR: 49.551204882534755
x0: 1044.4847403218964
