alphaL: 0.9160075389693958
alphaR: 1.3914626366642393
event_sum: 0.8591083275749246
mean: 1045.700514513155
nL: 2.931719576740665
nR: 3.537888614778938
norm: 0.8591083275749246
sigma: 58.800000000000004
sigmaL: 62.96601824994436
sigmaR: 47.72170503118781
widthL: 62.96601824994436
widthR: 47.72170503118781
x0: 1045.700514513155
