alphaL: 0.8984130447777273
alphaR: 1.496412630018379
event_sum: 0.5186651805714964
mean: 1899.82347500615
nL: 1.326166021835988
nR: 1.8600155719011795
norm: 0.5186651805714964
sigma: 106.39999999999999
sigmaL: 111.1918623313849
sigmaR: 72.83871328512369
widthL: 111.1918623313849
widthR: 72.83871328512369
x0: 1899.82347500615
