alphaL: 0.9275025786243645
alphaR: 1.3673066569880878
event_sum: 7.608026352919032
fraction: 0.8918020048150326
mean: 1891.1579920858114
nL: 1.3410574371211885
nR: 3.346582182936576
norm: 5.676143081154427
sigma: 106.39999999999999
sigmaL: 116.23505718806295
sigmaR: 78.87772734429468
widthL: 116.23505718806295
widthR: 78.87772734429468
x0: 1891.1579920858114
