alphaL: 1.1133150598188322
alphaR: 1.534063799789731
event_sum: 0.617032668581148
mean: 1892.208078191877
nL: 1.719959089184585
nR: 2.1279017572612537
norm: 0.617032668581148
sigma: 106.39999999999999
sigmaL: 129.07796991247668
sigmaR: 76.97631557392445
widthL: 129.07796991247668
widthR: 76.97631557392445
x0: 1892.208078191877
