alphaL: 1.1106351383291033
alphaR: 1.5051769010902851
event_sum: 7.6359615430167604
fraction: 0.9279995507134658
mean: 1880.0173957217826
nL: 1.5416031779992536
nR: 3.632647028584393
norm: 6.574492948391011
sigma: 106.39999999999999
sigmaL: 116.54434988297801
sigmaR: 86.52055150831099
widthL: 116.54434988297801
widthR: 86.52055150831099
x0: 1880.0173957217826
