alphaL: 0.8296461202373321
alphaR: 1.2533935263590479
event_sum: 0.5466180163812026
mean: 1899.2413924084287
nL: 2.0520668720464887
nR: 2.963719110826735
norm: 0.5466180163812026
sigma: 106.39999999999999
sigmaL: 112.1911118807563
sigmaR: 67.00977582368806
widthL: 112.1911118807563
widthR: 67.00977582368806
x0: 1899.2413924084287
