alphaL: 0.7797508462275269
alphaR: 2.144937274179407
event_sum: 39.06476122843882
fraction: 0.9881535301254891
mean: 1897.7441141929244
nL: 75.00673991073845
nR: 1.910586990786654
norm: 12.149359134216738
sigma: 101.74541645350581
sigmaL: 63.34534167410758
sigmaR: 49.29248219041918
widthL: 63.34534167410758
widthR: 49.29248219041918
x0: 1897.7441141929244
