alphaL: 0.9919882640398235
alphaR: 1.534793889892179
event_sum: 0.6400595529322141
mean: 1878.3202026854965
nL: 2.0432753808340314
nR: 3.379996592887201
norm: 0.6400595529322141
sigma: 106.39999999999999
sigmaL: 107.24628650073073
sigmaR: 87.10017508059993
widthL: 107.24628650073073
widthR: 87.10017508059993
x0: 1878.3202026854965
