alphaL: 0.9530767484336299
alphaR: 1.4194425888095465
event_sum: 13.788380196115996
mean: 2174.017543545196
nL: 1.6837794567972955
nR: 2.997809242468358
norm: 13.788380196115996
sigma: 149
sigmaL: 133.37104885862863
sigmaR: 91.0789766978596
widthL: 133.37104885862863
widthR: 91.0789766978596
x0: 2174.017543545196
