alphaL: 0.6972453132502665
alphaR: 1.8459894965048909
event_sum: 0.20010990274096874
mean: 2523.8273254120627
nL: 2.763362360515659
nR: 1.9776637637400902
norm: 0.20010990274096874
sigma: 142.8
sigmaL: 147.61175721924315
sigmaR: 115.77355701375993
widthL: 147.61175721924315
widthR: 115.77355701375993
x0: 2523.8273254120627
