alphaL: 1.183804288731357
alphaR: 1.4955999576861163
event_sum: 4.2806469022013305
fraction: 0.8440288387086804
mean: 2508.734835822597
nL: 0.9076355243235537
nR: 4.013935392606902
norm: 2.870703249450114
sigma: 142.8
sigmaL: 172.5414376377331
sigmaR: 113.72947334449829
widthL: 172.5414376377331
widthR: 113.72947334449829
x0: 2508.734835822597
