alphaL: 1.0347895186146727
alphaR: 1.2104663053059144
event_sum: 0.3031941204543367
mean: 2536.8249662846856
nL: 0.9333546956128478
nR: 2.7938736185943647
norm: 0.3031941204543367
sigma: 142.8
sigmaL: 158.99944335436894
sigmaR: 83.06032674972775
widthL: 158.99944335436894
widthR: 83.06032674972775
x0: 2536.8249662846856
