alphaL: 1.0482637971766477
alphaR: 1.9155620231320314
event_sum: 0.21312801744004173
mean: 2498.4791825748557
nL: 1.000261023773355
nR: 3.7529606323052875
norm: 0.21312801744004173
sigma: 142.8
sigmaL: 162.79912371991585
sigmaR: 132.71133246062445
widthL: 162.79912371991585
widthR: 132.71133246062445
x0: 2498.4791825748557
