alphaL: 0.8838703571857458
alphaR: 2.6506867249526196
event_sum: 0.2869764469916842
mean: 2477.177942089053
nL: 2.4629263481022807
nR: 2.245922807294492
norm: 0.2869764469916842
sigma: 142.8
sigmaL: 158.60198186075127
sigmaR: 157.53949524369827
widthL: 158.60198186075127
widthR: 157.53949524369827
x0: 2477.177942089053
