alphaL: 1.2874521160376846
alphaR: 1.825260219678442
event_sum: 4.574895471963572
fraction: 0.7750794463041292
mean: 2500.0
nL: 0.4
nR: 3.6461324242973197
norm: 2.055506343820759
sigma: 142.8
sigmaL: 157.42713418280326
sigmaR: 127.66077358737431
widthL: 157.42713418280326
widthR: 127.66077358737431
x0: 2500.0
