alphaL: 1.0906539414143808
alphaR: 1.470414597000543
event_sum: 13.02064222219633
mean: 797.4944272872108
nL: 56.77874815072176
nR: 3.277057349262011
norm_2016: 3.328616759565193
norm_2017: 4.0505219218321145
norm_2018: 5.819464365020394
norm_Run2: 13.02064222219633
sigma: 44.800000000000004
sigmaL: 57.321136658404676
sigmaR: 39.15871102223205
widthL: 57.321136658404676
widthR: 39.15871102223205
x0: 797.4944272872108
