alphaL: 1.426959680597654
alphaR: 2.065321400712208
event_sum: 1.1883946711895987
mean: 3501.2228320208683
nL: 4.449499336553763
nR: 3.540230554730485
norm: 1.1883946711895987
sigma: 152.65203298985367
sigmaL: 152.31220452008768
sigmaR: 71.6476857751354
widthL: 152.31220452008768
widthR: 71.6476857751354
x0: 3501.2228320208683
