alphaL: 1.3869376379296874
alphaR: 1.9997762717060106
event_sum: 0.6495084590278566
mean: 3488.1295889921107
nL: 4.350596949378216
nR: 2.964280454535903
norm: 0.6495084590278566
sigma: 152.65203298985367
sigmaL: 134.30477120870034
sigmaR: 80.47113125828767
widthL: 134.30477120870034
widthR: 80.47113125828767
x0: 3488.1295889921107
