alphaL: 1.3649143596088515
alphaR: 2.537082261441668
event_sum: 1.1883946711895987
mean: 3491.7509707451795
nL: 3.9912230787401293
nR: 1.92840092570095
norm: 1.1883946711895987
sigma: 152.65203298985367
sigmaL: 141.13299894239506
sigmaR: 77.65132362031139
widthL: 141.13299894239506
widthR: 77.65132362031139
x0: 3491.7509707451795
