alphaL: 1.634261875678809
alphaR: 1.7750984229909699
event_sum: 1.1893026513280347
mean: 3507.6847650543637
nL: 4.228716374926493
nR: 4.177430915567655
norm: 1.1893026513280347
sigma: 152.73323046281646
sigmaL: 162.49497456074278
sigmaR: 63.890498339211085
widthL: 162.49497456074278
widthR: 63.890498339211085
x0: 3507.6847650543637
