alphaL: 0.9384125891383465
alphaR: 1.3663897165221925
event_sum: 9.875273838173598
fraction: 0.9986362516321114
mean: 3495.591265017099
nL: 9.98608401929818
nR: 4.205425114308397
norm: 9.609362728428096
sigma: 335.95813601899715
sigmaL: 119.67221917056908
sigmaR: 78.59353065905407
widthL: 119.67221917056908
widthR: 78.59353065905407
x0: 3495.591265017099
