alphaL: 0.9505680999257059
alphaR: 2.1128884425786825
event_sum: 2.401447750071384
fraction: 0.992226193045923
mean: 3491.4068670536676
nL: 13.502723959939084
nR: 3.6309494952934322
norm: 1.1856707307742909
sigma: 154.42942086881402
sigmaL: 119.43080644885033
sigmaR: 77.8763794897132
widthL: 119.43080644885033
widthR: 77.8763794897132
x0: 3491.4068670536676
