alphaL: 1.4285494424169585
alphaR: 1.7855659680435285
event_sum: 2.344338985509239
mean: 3504.038228875289
nL: 4.499323293091218
nR: 2.3406252632204088
norm: 2.344338985509239
sigma: 338.2411329104615
sigmaL: 152.2905705048084
sigmaR: 70.26501153386175
widthL: 152.2905705048084
widthR: 70.26501153386175
x0: 3504.038228875289
