alphaL: 1.2357094242540498
alphaR: 1.376097064858947
event_sum: 9.875273838173598
mean: 3498.611625850755
nL: 4.495167674722055
nR: 3.8414337901431135
norm: 9.875273838173598
sigma: 335.95813601899715
sigmaL: 133.70030220531405
sigmaR: 77.710295485422
widthL: 133.70030220531405
widthR: 77.710295485422
x0: 3498.611625850755
