alphaL: 1.503967320508305
alphaR: 1.376527160027375
event_sum: 0.970243229647167
mean: 3512.076207014598
nL: 3.835878810041453
nR: 3.0218092170521293
norm: 0.970243229647167
sigma: 339.29345828693477
sigmaL: 154.8187154534537
sigmaR: 68.9308429222851
widthL: 154.8187154534537
widthR: 68.9308429222851
x0: 3512.076207014598
