alphaL: 1.2878312551091375
alphaR: 1.484825269310939
event_sum: 0.9684150906396098
mean: 3495.0339171168584
nL: 4.2479044408397755
nR: 3.4620696950025476
norm: 0.9684150906396098
sigma: 338.2411329104615
sigmaL: 135.3409307206323
sigmaR: 81.91278306632657
widthL: 135.3409307206323
widthR: 81.91278306632657
x0: 3495.0339171168584
