alphaL: 1.5901162982078192
alphaR: 1.7324587535930736
event_sum: 2.3436742076883093
mean: 3510.7782645473844
nL: 3.9622312855476385
nR: 2.393811599973109
norm: 2.3436742076883093
sigma: 339.29345828693477
sigmaL: 163.33738355077227
sigmaR: 65.96181608026615
widthL: 163.33738355077227
widthR: 65.96181608026615
x0: 3510.7782645473844
