alphaL: 1.5681737757570202
alphaR: 2.15739714217129
event_sum: 0.6464818585664034
mean: 3486.6335331927
nL: 1.7821311756821017
nR: 1.9789356659027533
norm: 0.6464818585664034
sigma: 152.65203298985367
sigmaL: 132.8077015188995
sigmaR: 81.85644024079816
widthL: 132.8077015188995
widthR: 81.85644024079816
x0: 3486.6335331927
