alphaL: 1.326015917634162
alphaR: 1.7276537304659183
event_sum: 2.332705373642966
mean: 3503.543504147766
nL: 4.94436888178094
nR: 2.8918534562007694
norm: 2.332705373642966
sigma: 338.2411329104615
sigmaL: 147.08249858784552
sigmaR: 70.4303757832835
widthL: 147.08249858784552
widthR: 70.4303757832835
x0: 3503.543504147766
