alphaL: 1.3929742801298466
alphaR: 2.3866134335926454
event_sum: 1.1819631452090107
mean: 3500.173866132152
nL: 3.6963846172969435
nR: 1.8974916448286812
norm: 1.1819631452090107
sigma: 152.65203298985367
sigmaL: 153.34320028573
sigmaR: 73.79804122025475
widthL: 153.34320028573
widthR: 73.79804122025475
x0: 3500.173866132152
