alphaL: 1.4254551465755498
alphaR: 1.412505610034433
event_sum: 0.961434923519846
mean: 3506.860590273617
nL: 3.7151440490796626
nR: 3.2074666722596135
norm: 0.961434923519846
sigma: 338.2411329104615
sigmaL: 149.05932033189936
sigmaR: 75.81147859166869
widthL: 149.05932033189936
widthR: 75.81147859166869
x0: 3506.860590273617
