alphaL: 1.3363261583923705
alphaR: 2.0813210230679355
event_sum: 1.1893026513280347
fraction: 0.9989649093460877
mean: 3495.206184275802
nL: 7.543891573744411
nR: 4.125529792860032
norm: 1.189151321304962
sigma: 152.73323046281646
sigmaL: 145.09866259981996
sigmaR: 75.44489103883106
widthL: 145.09866259981996
widthR: 75.44489103883106
x0: 3495.206184275802
