alphaL: 0.9491362394043152
alphaR: 2.1349268506068095
event_sum: 23.453359879553318
fraction: 0.9986749718960742
mean: 3489.897775483117
nL: 9.999864634672422
nR: 1.46374341232221
norm: 23.325390157988295
sigma: 335.95813601899715
sigmaL: 119.38443607727453
sigmaR: 79.3207070447356
widthL: 119.38443607727453
widthR: 79.3207070447356
x0: 3489.897775483117
