alphaL: 1.2973536410371915
alphaR: 2.0387762189882315
event_sum: 0.6495084590278566
mean: 3485.435003970335
nL: 4.489541086569347
nR: 2.772220291445517
norm: 0.6495084590278566
sigma: 152.65203298985367
sigmaL: 128.25220442385512
sigmaR: 82.30731635787733
widthL: 128.25220442385512
widthR: 82.30731635787733
x0: 3485.435003970335
