alphaL: 1.4266448290174463
alphaR: 2.0450401518779158
event_sum: 0.6495084590278566
mean: 3488.0077083197093
nL: 3.6795345048580472
nR: 2.364919624242773
norm: 0.6495084590278566
sigma: 152.65203298985367
sigmaL: 134.90241696848108
sigmaR: 80.93937107493677
widthL: 134.90241696848108
widthR: 80.93937107493677
x0: 3488.0077083197093
