alphaL: 1.452424020966659
alphaR: 2.0658398044396384
event_sum: 1.1883946711895987
mean: 3500.443311432873
nL: 4.472536400708022
nR: 3.800496161325161
norm: 1.1883946711895987
sigma: 152.65203298985367
sigmaL: 153.994861814237
sigmaR: 72.6894365266401
widthL: 153.994861814237
widthR: 72.6894365266401
x0: 3500.443311432873
