alphaL: 1.617978325848089
alphaR: 1.555356618883601
event_sum: 0.6514757493278012
mean: 3503.348144031178
nL: 4.0133413654511445
nR: 3.9410618082442883
norm: 0.6514757493278012
sigma: 152.73323046281646
sigmaL: 152.86470153186647
sigmaR: 69.42270418959058
widthL: 152.86470153186647
widthR: 69.42270418959058
x0: 3503.348144031178
