alphaL: 1.3631914611992781
alphaR: 1.925253365735752
event_sum: 23.453359879553318
mean: 3501.7012513719374
nL: 4.499448594421584
nR: 1.9077940940650566
norm: 23.453359879553318
sigma: 335.95813601899715
sigmaL: 147.4822788603606
sigmaR: 72.16064526291171
widthL: 147.4822788603606
widthR: 72.16064526291171
x0: 3501.7012513719374
