alphaL: 1.286529790020503
alphaR: 1.482127537712162
event_sum: 0.9684150906396098
mean: 3495.0763765998886
nL: 4.233791864687674
nR: 3.4530195810963593
norm: 0.9684150906396098
sigma: 338.2411329104615
sigmaL: 134.79781975645793
sigmaR: 81.63237087887846
widthL: 134.79781975645793
widthR: 81.63237087887846
x0: 3495.0763765998886
