alphaL: 1.4276877293100527
alphaR: 1.7790609237521555
event_sum: 2.344338985509239
mean: 3504.0622431383963
nL: 4.499732767252749
nR: 2.373808006827275
norm: 2.344338985509239
sigma: 338.2411329104615
sigmaL: 152.24811593599009
sigmaR: 70.20345491273609
widthL: 152.24811593599009
widthR: 70.20345491273609
x0: 3504.0622431383963
