alphaL: 1.446056855551838
alphaR: 1.8975998001524175
event_sum: 0.6514757493278012
fraction: 0.9987631936715529
mean: 3493.063719878613
nL: 5.851479691512754
nR: 3.084551771788683
norm: 0.6514000843162648
sigma: 152.73323046281646
sigmaL: 143.3492558569397
sigmaR: 77.99718413231462
widthL: 143.3492558569397
widthR: 77.99718413231462
x0: 3493.063719878613
