alphaL: 1.1650095236170483
alphaR: 1.2678543361468781
event_sum: 16.802090436566875
fraction: 0.7730619772237198
mean: 2266.8211588509157
nL: 0.47101997357187586
nR: 4.5
norm: 10.808374439121541
sigma: 230.0
sigmaL: 259.7302171520131
sigmaR: 114.98104570223472
widthL: 259.7302171520131
widthR: 114.98104570223472
x0: 2266.8211588509157
