alphaL: 1.1485979086486222
alphaR: 0.7605063697861034
event_sum: 0.8961464445092647
mean: 2301.3420037753276
nL: 0.1222706289979803
nR: 2.91520161279228
norm: 0.8961464445092647
sigma: 230.0
sigmaL: 301.0327833009384
sigmaR: 56.293581921173754
widthL: 301.0327833009384
widthR: 56.293581921173754
x0: 2301.3420037753276
