alphaL: 0.40633361603120915
alphaR: 0.8577512745941216
event_sum: 1.0716997196584186
mean: 2309.0161506037184
nL: 1.0007922164171796
nR: 3.7148468494831506
norm: 1.0716997196584186
sigma: 230.0
sigmaL: 279.5130781574372
sigmaR: 69.63541075591974
widthL: 279.5130781574372
widthR: 69.63541075591974
x0: 2309.0161506037184
