alphaL: 0.9585153892890081
alphaR: 1.1324813986077047
event_sum: 18.392174506928228
fraction: 0.7134965767054747
mean: 2268.451026524557
nL: 0.40716133451843173
nR: 4.5
norm: 7.786283424664986
sigma: 230.0
sigmaL: 255.1266504985862
sigmaR: 102.74773226939425
widthL: 255.1266504985862
widthR: 102.74773226939425
x0: 2268.451026524557
