alphaL: 0.6640696285378044
alphaR: 1.3351090978993154
event_sum: 1.350448491863765
mean: 2261.466964878932
nL: 1.0012402935207037
nR: 4.110133155998878
norm: 1.350448491863765
sigma: 230.0
sigmaL: 202.82379692458827
sigmaR: 120.71650053521752
widthL: 202.82379692458827
widthR: 120.71650053521752
x0: 2261.466964878932
