alphaL: 1.3050035637329254
alphaR: 1.5754983119923391
event_sum: 1.2168524522166186
mean: 2250.7144281064816
nL: 0.19003280863239572
nR: 2.868326781266536
norm: 1.2168524522166186
sigma: 230.0
sigmaL: 249.3611337308052
sigmaR: 130.38385578840038
widthL: 249.3611337308052
widthR: 130.38385578840038
x0: 2250.7144281064816
