alphaL: 1.4816044005899265
alphaR: 1.3377668429023886
event_sum: 0.5999619833892211
mean: 2188.522994645918
nL: 0.11164275346709208
nR: 2.4068838592782518
norm: 0.5999619833892211
sigma: 220.0
sigmaL: 288.0724366305457
sigmaR: 93.72287307684893
widthL: 288.0724366305457
widthR: 93.72287307684893
x0: 2188.522994645918
