alphaL: 0.8579962956287028
alphaR: 1.1111307124622987
event_sum: 8.464283012086526
fraction: 0.7524327566315403
mean: 2175.965286513676
nL: 0.7022280939552915
nR: 4.499676597451094
norm: 3.9786949795670807
sigma: 220.0
sigmaL: 251.2808923198426
sigmaR: 95.17898199970854
widthL: 251.2808923198426
widthR: 95.17898199970854
x0: 2175.965286513676
