alphaL: 0.7229593104130876
alphaR: 1.3602727258671106
event_sum: 0.6601243761833757
mean: 2165.0900961013454
nL: 1.0000071345882435
nR: 3.67041009208118
norm: 0.6601243761833757
sigma: 220.0
sigmaL: 196.72025027146074
sigmaR: 110.1785926067705
widthL: 196.72025027146074
widthR: 110.1785926067705
x0: 2165.0900961013454
