alphaL: 0.5117655342407097
alphaR: 0.9047247269391355
event_sum: 0.5196900615119375
mean: 2232.517866634933
nL: 1.0000075089232783
nR: 2.806106740086343
norm: 0.5196900615119375
sigma: 220.0
sigmaL: 339.0745683751597
sigmaR: 57.23918107130118
widthL: 339.0745683751597
widthR: 57.23918107130118
x0: 2232.517866634933
