alphaL: 0.8876355485782526
alphaR: 0.9104632556939574
event_sum: 0.6601243761833757
mean: 2203.7851387461756
nL: 1.0004382941563112
nR: 3.7276145875451516
norm: 0.6601243761833757
sigma: 220.0
sigmaL: 270.8112629786973
sigmaR: 70.87263679596103
widthL: 270.8112629786973
widthR: 70.87263679596103
x0: 2203.7851387461756
