alphaL: 0.7901862557817653
alphaR: 0.9174921906039936
event_sum: 0.846428360498976
mean: 2203.735379500634
nL: 1.0000000121624237
nR: 2.1570659846053077
norm: 0.846428360498976
sigma: 220.0
sigmaL: 264.86659147430464
sigmaR: 59.389855674648615
widthL: 264.86659147430464
widthR: 59.389855674648615
x0: 2203.735379500634
