alphaL: 1.1682912656422126
alphaR: 1.0103830029460978
event_sum: 0.8211668033036403
mean: 2209.7608644782044
nL: 1.0033415064401665
nR: 3.2557709447753114
norm: 0.8211668033036403
sigma: 220.0
sigmaL: 294.5888163403553
sigmaR: 71.64414512620354
widthL: 294.5888163403553
widthR: 71.64414512620354
x0: 2209.7608644782044
