alphaL: 0.5085441022900753
alphaR: 0.9070507462260154
event_sum: 0.5196900615119375
mean: 2231.2377284175636
nL: 1.0000075632906
nR: 2.8595554494749944
norm: 0.5196900615119375
sigma: 220.0
sigmaL: 338.99800162692463
sigmaR: 57.4445617025746
widthL: 338.99800162692463
widthR: 57.4445617025746
x0: 2231.2377284175636
