alphaL: 0.8127757974616142
alphaR: 1.1460440474488918
event_sum: 0.29499515803763643
mean: 2173.184016922947
nL: 0.20022492231672256
nR: 2.0079057166891876
norm: 0.29499515803763643
sigma: 122.38954251610387
sigmaL: 216.20317325472115
sigmaR: 93.3020012270184
widthL: 216.20317325472115
widthR: 93.3020012270184
x0: 2173.184016922947
