alphaL: 0.8001557887755664
alphaR: 1.2906711836828157
event_sum: 0.43576186161953956
mean: 2189.711425469976
nL: 0.20018603626965759
nR: 1.4869485120527084
norm: 0.43576186161953956
sigma: 122.38954251610387
sigmaL: 206.24304835408392
sigmaR: 92.13153478235526
widthL: 206.24304835408392
widthR: 92.13153478235526
x0: 2189.711425469976
