alphaL: 1.2008411768229346
alphaR: 1.2308870257790199
event_sum: 17.7780134457862
fraction: 0.7774802284485254
mean: 2163.8374749728328
nL: 0.40613471915022875
nR: 5.879743588394609
norm: 5.638977471040562
sigma: 220.0
sigmaL: 240.22766050504308
sigmaR: 113.17158777120243
widthL: 240.22766050504308
widthR: 113.17158777120243
x0: 2163.8374749728328
