alphaL: 0.9979268144624293
alphaR: 1.6482933090550775
event_sum: 0.4384209729032591
mean: 2131.7062374824986
nL: 0.22516053260887872
nR: 3.123648830673792
norm: 0.4384209729032591
sigma: 220.0
sigmaL: 195.9305492970721
sigmaR: 138.86695986737448
widthL: 195.9305492970721
widthR: 138.86695986737448
x0: 2131.7062374824986
