alphaL: 1.2421693904176774
alphaR: 1.2454654792693665
event_sum: 8.211667457828298
fraction: 0.8017001101118152
mean: 2183.843652555606
nL: 0.5656589738516342
nR: 3.245145202497376
norm: 5.595766915706918
sigma: 220.0
sigmaL: 274.1953365232717
sigmaR: 95.7427049413192
widthL: 274.1953365232717
widthR: 95.7427049413192
x0: 2183.843652555606
