alphaL: 0.5633743025986843
alphaR: 1.4456702584206442
event_sum: 0.5504317832368856
mean: 1728.2847307814375
nL: 0.9829062068412364
nR: 3.168344708601063
norm: 0.5504317832368856
sigma: 175.0
sigmaL: 137.76935444925425
sigmaR: 88.91561251991351
widthL: 137.76935444925425
widthR: 88.91561251991351
x0: 1728.2847307814375
