alphaL: 0.7911043409051088
alphaR: 1.2634103599609618
event_sum: 5.375702432502137
fraction: 0.86896052484976
mean: 1709.7285356947925
nL: 1.4659379568435906
nR: 4.5
norm: 4.336019213439517
sigma: 175.0
sigmaL: 132.83503830332634
sigmaR: 97.87297575937363
widthL: 132.83503830332634
widthR: 97.87297575937363
x0: 1709.7285356947925
