alphaL: 0.8383333648774136
alphaR: 1.420990265158927
event_sum: 6.480600022259478
fraction: 0.8102617926021305
mean: 1726.537408069089
nL: 0.8455599810300172
nR: 4.5
norm: 4.556581726391823
sigma: 175.0
sigmaL: 170.47153397048697
sigmaR: 89.94950371279366
widthL: 170.47153397048697
widthR: 89.94950371279366
x0: 1726.537408069089
