alphaL: 1.0816049846073759
alphaR: 1.6846754065534029
event_sum: 0.4568455474095925
mean: 1699.9561845748444
nL: 0.628245343430086
nR: 2.226820514546498
norm: 0.4568455474095925
sigma: 175.0
sigmaL: 149.76848091152942
sigmaR: 112.51854319361466
widthL: 149.76848091152942
widthR: 112.51854319361466
x0: 1699.9561845748444
