alphaL: 1.0647661919987605
alphaR: 1.321199685390454
event_sum: 0.4917821650954274
mean: 1731.7015021685024
nL: 0.3505466635720442
nR: 3.7904899121856657
norm: 0.4917821650954274
sigma: 175.0
sigmaL: 181.24887258488965
sigmaR: 82.86827728257907
widthL: 181.24887258488965
widthR: 82.86827728257907
x0: 1731.7015021685024
