alphaL: 0.9385177607578337
alphaR: 0.9604408382776468
event_sum: 0.4903891748070629
mean: 1756.8689046507598
nL: 1.007863141960883
nR: 2.318610906011905
norm: 0.4903891748070629
sigma: 175.0
sigmaL: 189.1342112659703
sigmaR: 51.41585340635582
widthL: 189.1342112659703
widthR: 51.41585340635582
x0: 1756.8689046507598
