alphaL: 2.074355194721079
alphaR: 2.1322979401880335
event_sum: 18.07706634045548
mean: 1009.0525080671215
nL: 2.9944442557080113
nR: 2.9770847105436524
norm: 18.07706634045548
sigma: 69
sigmaL: 59.94821416380258
sigmaR: 26.710796955844874
widthL: 59.94821416380258
widthR: 26.710796955844874
x0: 1009.0525080671215
