alphaL: 0.9269805848259645
alphaR: 1.4576469204059332
event_sum: 11.938734806482888
mean: 2504.3991050713516
nL: 1.3242488244468973
nR: 4.494236499989048
norm_2016: 2.7983963697985192
norm_2017: 3.757299916253471
norm_2018: 5.567893625373816
norm_Run2: 11.938734806482888
sigma: 142.8
sigmaL: 139.10254327189173
sigmaR: 113.53181960223793
widthL: 139.10254327189173
widthR: 113.53181960223793
x0: 2504.3991050713516
