alphaL: 1.5966234514383482
alphaR: 1.9486186670890369
event_sum: 27.457682953774345
mean: 2009.5641930773866
nL: 3.999941612110074
nR: 2.090595539469064
norm: 27.457682953774345
sigmaL: 97.5143758809277
sigmaR: 44.947346040485975
widthL: 97.5143758809277
widthR: 44.947346040485975
x0: 2009.5641930773866
