alphaL: 1.9232172020700942
alphaR: 2.0293885053451275
event_sum: 40.13883069409986
mean: 2007.2544192585472
nL: 2.9999113307744993
nR: 2.7193017873649663
norm: 40.13883069409986
sigma: 123
sigmaL: 102.46654027242863
sigmaR: 44.474690129896075
widthL: 102.46654027242863
widthR: 44.474690129896075
x0: 2007.2544192585472
