alphaL: 1.6884461555995045
alphaR: 1.8834562207310246
event_sum: 35.60349116818306
mean: 2009.7259387909344
nL: 2.9999951099311892
nR: 2.205040459901633
norm: 35.60349116818306
sigma: 131.20490158573847
sigmaL: 98.37353133392446
sigmaR: 43.89142816097444
widthL: 98.37353133392446
widthR: 43.89142816097444
x0: 2009.7259387909344
