alphaL: 1.779126360327622
alphaR: 1.6056558543161568
event_sum: 12.288883495600189
mean: 2016.3938458786533
nL: 2.999392601144691
nR: 2.8128875721352737
norm: 12.288883495600189
sigma: 131
sigmaL: 100.69299312988726
sigmaR: 46.35913765900514
widthL: 100.69299312988726
widthR: 46.35913765900514
x0: 2016.3938458786533
