alphaL: 1.7448505255629745
alphaR: 1.6855633943551447
event_sum: 27.478128068663043
mean: 2012.8788441494096
nL: 3.999991342222493
nR: 2.925735228510376
norm: 27.478128068663043
sigmaL: 102.45498933208592
sigmaR: 41.76352974927566
widthL: 102.45498933208592
widthR: 41.76352974927566
x0: 2012.8788441494096
