alphaL: 1.7520278079528555
alphaR: 1.8476106582920178
event_sum: 31.676519007373805
mean: 2008.338640446023
nL: 3.999785126223939
nR: 3.8609537321936225
norm: 31.676519007373805
sigmaL: 94.38156324711692
sigmaR: 45.96149997666517
widthL: 94.38156324711692
widthR: 45.96149997666517
x0: 2008.338640446023
