alphaL: 1.8713708902852488
alphaR: 1.8426670537701082
event_sum: 35.94870234814717
mean: 1966.3154567217323
nL: 3.690324083075235
nR: 3.59554065162862
norm: 35.94870234814717
sigmaL: 128.50603232930567
sigmaR: 84.64359901834784
widthL: 128.50603232930567
widthR: 84.64359901834784
x0: 1966.3154567217323
