alphaL: 1.7777588062876417
alphaR: 1.9057871131341022
event_sum: 40.5395244637047
mean: 1954.463132918628
nL: 3.722162635741883
nR: 3.4911970537209016
norm: 40.5395244637047
sigmaL: 120.0584200002629
sigmaR: 88.14486904951694
widthL: 120.0584200002629
widthR: 88.14486904951694
x0: 1954.463132918628
