alphaL: 1.7013155558487263
alphaR: 1.7133979097960492
event_sum: 4.157690005679175
mean: 2013.3275313361482
nL: 2.998641764661475
nR: 2.432497703576603
norm: 4.157690005679175
sigma: 131.44671638032403
sigmaL: 97.81958823745589
sigmaR: 46.12841183524767
widthL: 97.81958823745589
widthR: 46.12841183524767
x0: 2013.3275313361482
