alphaL: 1.7521535740115832
alphaR: 2.029121490207299
event_sum: 31.670949011356257
mean: 2006.5338246212661
nL: 2.999999526280084
nR: 2.93345865887452
norm: 31.670949011356257
sigma: 123
sigmaL: 92.46565730380388
sigmaR: 47.68427602096612
widthL: 92.46565730380388
widthR: 47.68427602096612
x0: 2006.5338246212661
