alphaL: 1.6610986064378441
alphaR: 1.7515998343260977
event_sum: 20.82543333995158
mean: 2011.6125828155548
nL: 2.999990773666342
nR: 2.569488247273371
norm: 20.82543333995158
sigma: 131
sigmaL: 94.3158466219464
sigmaR: 48.71496707982951
widthL: 94.3158466219464
widthR: 48.71496707982951
x0: 2011.6125828155548
