alphaL: 1.4569771789213195
alphaR: 1.798500547829267
event_sum: 4.157690005679175
mean: 2009.2859877954465
nL: 3.9970655876846384
nR: 2.385903520418724
norm: 4.157690005679175
sigma: 131.44671638032403
sigmaL: 90.40520029002424
sigmaR: 48.68185753012865
widthL: 90.40520029002424
widthR: 48.68185753012865
x0: 2009.2859877954465
