alphaL: 1.692223606078549
alphaR: 1.8799787061917008
event_sum: 35.60349116818306
mean: 2009.7916876805762
nL: 2.9999873600143845
nR: 2.2163051696030447
norm: 35.60349116818306
sigma: 131.3304201592796
sigmaL: 98.49453370906825
sigmaR: 43.811384593799986
widthL: 98.49453370906825
widthR: 43.811384593799986
x0: 2009.7916876805762
