alphaL: 2.042677639084066
alphaR: 2.0168038961392414
event_sum: 18.903754503358964
mean: 2010.9635035383228
nL: 2.999012763249789
nR: 2.9104625706461213
norm: 18.903754503358964
sigma: 123
sigmaL: 99.14058458996678
sigmaR: 47.86585997135276
widthL: 99.14058458996678
widthR: 47.86585997135276
x0: 2010.9635035383228
