alphaL: 1.6235710958839367
alphaR: 2.022797914947681
event_sum: 30.998323076498142
mean: 2005.4231974243464
nL: 5.999476647079699
nR: 2.860770685499733
norm: 30.998323076498142
sigmaL: 96.69462133786507
sigmaR: 45.502714328586926
widthL: 96.69462133786507
widthR: 45.502714328586926
x0: 2005.4231974243464
