alphaL: 1.6022952892913005
alphaR: 1.6351807787230659
event_sum: 20.85660043694175
mean: 2013.393134372401
nL: 3.999629595111269
nR: 3.068737273541699
norm: 20.85660043694175
sigmaL: 95.31972440232741
sigmaR: 46.83147474025205
widthL: 95.31972440232741
widthR: 46.83147474025205
x0: 2013.393134372401
