alphaL: 1.7049401696805702
alphaR: 1.8896182476991195
event_sum: 17.158177484363712
mean: 2008.3521948620078
nL: 3.994712989346002
nR: 3.0938227208309974
norm: 17.158177484363712
sigmaL: 86.53763510121252
sigmaR: 47.52955106753248
widthL: 86.53763510121252
widthR: 47.52955106753248
x0: 2008.3521948620078
