alphaL: 1.4357544959849835
alphaR: 1.9389069711462938
event_sum: 27.470525111498592
mean: 2007.4534737869626
nL: 5.99829364401902
nR: 2.2018728106855154
norm: 27.470525111498592
sigmaL: 93.36617687467347
sigmaR: 45.830307502240906
widthL: 93.36617687467347
widthR: 45.830307502240906
x0: 2007.4534737869626
