alphaL: 1.7813929612669293
alphaR: 1.986115529920872
event_sum: 42.81837299263288
mean: 1958.3762515111587
nL: 3.658214888182139
nR: 3.620757041766186
norm: 42.81837299263288
sigmaL: 120.35786828531297
sigmaR: 88.18754876457355
widthL: 120.35786828531297
widthR: 88.18754876457355
x0: 1958.3762515111587
