alphaL: 1.7956313324346982
alphaR: 2.034030916942927
event_sum: 41.90581461496358
mean: 2006.7167083094064
nL: 2.9999987986680265
nR: 2.9337737369456027
norm: 41.90581461496358
sigma: 123.27061226184865
sigmaL: 94.18897662412637
sigmaR: 47.63027271680181
widthL: 94.18897662412637
widthR: 47.63027271680181
x0: 2006.7167083094064
