alphaL: 1.591658470225981
alphaR: 1.7909104204441721
event_sum: 12.268237003496317
mean: 2011.0685161949464
nL: 2.9977717129243
nR: 2.3796294907013937
norm: 12.268237003496317
sigma: 131
sigmaL: 93.13124643924385
sigmaR: 50.46459121383173
widthL: 93.13124643924385
widthR: 50.46459121383173
x0: 2011.0685161949464
