alphaL: 1.9087170758834775
alphaR: 2.031250976488172
event_sum: 30.994380661171775
mean: 2007.7781214767617
nL: 2.9998756263194224
nR: 2.632743858353133
norm: 30.994380661171775
sigma: 123
sigmaL: 101.43713704043138
sigmaR: 44.394205087848825
widthL: 101.43713704043138
widthR: 44.394205087848825
x0: 2007.7781214767617
