alphaL: 1.7975099035608542
alphaR: 2.054591640306601
event_sum: 18.90125735821608
mean: 2007.486985416806
nL: 2.9999086188146635
nR: 2.832913861732295
norm: 18.90125735821608
sigma: 123
sigmaL: 92.63836981531712
sigmaR: 49.566000123350214
widthL: 92.63836981531712
widthR: 49.566000123350214
x0: 2007.486985416806
