alphaL: 1.906186459520016
alphaR: 1.9246426167976014
event_sum: 31.002605323542586
mean: 2008.8559602845116
nL: 3.9999884960154577
nR: 3.1495076080885656
norm: 31.002605323542586
sigmaL: 102.65314871209627
sigmaR: 43.48193521368095
widthL: 102.65314871209627
widthR: 43.48193521368095
x0: 2008.8559602845116
