alphaL: 1.8363691458971894
alphaR: 1.7864024421491278
event_sum: 27.964703357085135
mean: 1967.3882051414655
nL: 3.5596850716643624
nR: 3.661778005008376
norm: 27.964703357085135
sigmaL: 127.74687954177821
sigmaR: 86.87502128691882
widthL: 127.74687954177821
widthR: 86.87502128691882
x0: 1967.3882051414655
