alphaL: 1.5000780466274195
alphaR: 1.7097325556095444
event_sum: 20.82543333995158
mean: 2010.701177039107
nL: 3.9955574544472743
nR: 2.7655094701366454
norm: 20.82543333995158
sigmaL: 90.85144780530447
sigmaR: 48.603619336117944
widthL: 90.85144780530447
widthR: 48.603619336117944
x0: 2010.701177039107
