alphaL: 1.922295892246132
alphaR: 1.6052357260867371
event_sum: 55.190798388011565
mean: 2015.874719617818
nL: 2.999712451189849
nR: 2.887852293517422
norm: 55.190798388011565
sigma: 131
sigmaL: 106.2444867706448
sigmaR: 40.670348177080065
widthL: 106.2444867706448
widthR: 40.670348177080065
x0: 2015.874719617818
