alphaL: 1.4600067301118724
alphaR: 1.8550623288475745
event_sum: 31.673951894013364
mean: 2004.3550795111814
nL: 5.999146286843543
nR: 4.412002293617185
norm: 31.673951894013364
sigmaL: 87.07103307955079
sigmaR: 48.097699670613906
widthL: 87.07103307955079
widthR: 48.097699670613906
x0: 2004.3550795111814
