alphaL: 1.7242645702840353
alphaR: 1.656026331283617
event_sum: 27.47497357262771
mean: 2014.2230046548034
nL: 2.999998374511506
nR: 2.719465684695414
norm: 27.47497357262771
sigma: 131.20490158573847
sigmaL: 98.77609986978392
sigmaR: 45.324934297313554
widthL: 98.77609986978392
widthR: 45.324934297313554
x0: 2014.2230046548034
