alphaL: 1.7310192101102377
alphaR: 2.0561536479249347
event_sum: 30.994380661171775
mean: 2006.2864277239296
nL: 3.985079100652235
nR: 2.628683959266921
norm: 30.994380661171775
sigmaL: 98.00710548906349
sigmaR: 45.166605510041606
widthL: 98.00710548906349
widthR: 45.166605510041606
x0: 2006.2864277239296
