alphaL: 1.676072069945445
alphaR: 1.8609966000168776
event_sum: 55.13334121796932
mean: 2010.0566554874736
nL: 2.9999630544870253
nR: 2.240887908762685
norm: 55.13334121796932
sigma: 131
sigmaL: 97.1543683041518
sigmaR: 45.03442280601209
widthL: 97.1543683041518
widthR: 45.03442280601209
x0: 2010.0566554874736
