alphaL: 1.755379924185452
alphaR: 1.647799362309139
event_sum: 33.9647737909454
mean: 2014.5748502824347
nL: 3.993706074530426
nR: 3.035121845940683
norm: 33.9647737909454
sigmaL: 102.83987358488814
sigmaR: 41.322101047453586
widthL: 102.83987358488814
widthR: 41.322101047453586
x0: 2014.5748502824347
