alphaL: 1.6252397665632585
alphaR: 2.007769475830596
event_sum: 41.908598530624154
mean: 2005.049809056497
nL: 3.9999928652254138
nR: 3.2029175191731944
norm: 41.908598530624154
sigma: 123.29258201525656
sigmaL: 90.76926606114502
sigmaR: 48.30987101445741
widthL: 90.76926606114502
widthR: 48.30987101445741
x0: 2005.049809056497
