alphaL: 1.7569600019877465
alphaR: 2.0720222877649177
event_sum: 40.145312150003605
mean: 2005.6273883212943
nL: 3.9930248645063338
nR: 2.665190038280974
norm: 40.145312150003605
sigma: 123.29258201525656
sigmaL: 99.37459265423922
sigmaR: 45.21838629127404
widthL: 99.37459265423922
widthR: 45.21838629127404
x0: 2005.6273883212943
