alphaL: 1.8828295422242967
alphaR: 2.018639986828322
event_sum: 69.7964350404626
mean: 2007.5792431983066
nL: 2.9999964099311804
nR: 2.8503499196088518
norm: 69.7964350404626
sigma: 123
sigmaL: 99.84640958817744
sigmaR: 44.98534052143034
widthL: 99.84640958817744
widthR: 44.98534052143034
x0: 2007.5792431983066
