alphaL: 1.7986799915329836
alphaR: 2.0376494554085887
event_sum: 41.90581461496358
mean: 2006.861268452723
nL: 2.999995784994529
nR: 2.99843448402667
norm: 41.90581461496358
sigma: 123.27163222412317
sigmaL: 94.33866964385342
sigmaR: 47.52487597391378
widthL: 94.33866964385342
widthR: 47.52487597391378
x0: 2006.861268452723
