alphaL: 1.9270943510611016
alphaR: 1.9921427624894088
event_sum: 40.13883069409986
mean: 2007.6824197096341
nL: 2.9999995299300934
nR: 2.8741076130248393
norm: 40.13883069409986
sigma: 123.27163222412317
sigmaL: 102.62592268892146
sigmaR: 43.99088132692659
widthL: 102.62592268892146
widthR: 43.99088132692659
x0: 2007.6824197096341
