alphaL: 1.7724477717432467
alphaR: 1.882638558288415
event_sum: 27.457682953774345
mean: 2011.725025181319
nL: 2.9999870427075
nR: 2.1825543750268332
norm: 27.457682953774345
sigmaL: 101.54935513088604
sigmaR: 43.23066085611841
widthL: 101.54935513088604
widthR: 43.23066085611841
x0: 2011.725025181319
