alphaL: 1.930190135388617
alphaR: 2.0280433114756735
event_sum: 40.13883069409986
mean: 2007.0668352553803
nL: 2.999747931735597
nR: 2.738931567389878
norm: 40.13883069409986
sigma: 123.27061226184865
sigmaL: 102.25030341769413
sigmaR: 44.50836197107321
widthL: 102.25030341769413
widthR: 44.50836197107321
x0: 2007.0668352553803
