alphaL: 1.2719699578598338
alphaR: 1.8067983266403838
event_sum: 20.847309058439393
mean: 2006.6623085656831
nL: 5.9997365280376815
nR: 2.531088829836858
norm: 20.847309058439393
sigmaL: 83.4680709665504
sigmaR: 51.14079428710332
widthL: 83.4680709665504
widthR: 51.14079428710332
x0: 2006.6623085656831
