alphaL: 1.5676588741488566
alphaR: 1.9279027145700183
event_sum: 31.670949011356257
mean: 2004.898128436731
nL: 3.999993708135858
nR: 3.656154788265011
norm: 31.670949011356257
sigmaL: 88.43029970127313
sigmaR: 48.01924527104659
widthL: 88.43029970127313
widthR: 48.01924527104659
x0: 2004.898128436731
