alphaL: 1.710475764222999
alphaR: 1.6488354124458464
event_sum: 27.476408355671484
mean: 2014.3509205760092
nL: 2.999302521370715
nR: 2.7180338304331935
norm: 27.476408355671484
sigma: 131.3304201592796
sigmaL: 98.44320815071231
sigmaR: 45.06280699993184
widthL: 98.44320815071231
widthR: 45.06280699993184
x0: 2014.3509205760092
