alphaL: 2.1106370919586777
alphaR: 1.9663304614576416
event_sum: 69.81657272944834
mean: 2010.391627503218
nL: 2.9999588122872285
nR: 2.9828022908275553
norm: 69.81657272944834
sigma: 123
sigmaL: 105.15015408183316
sigmaR: 43.47328994030781
widthL: 105.15015408183316
widthR: 43.47328994030781
x0: 2010.391627503218
