alphaL: 1.3039237535655939
alphaR: 1.93177624782567
event_sum: 11.878081323601851
mean: 2002.5823570370683
nL: 3.5376138273629527
nR: 1.8410415590728928
norm: 11.878081323601851
sigmaL: 75.42967014252787
sigmaR: 56.649469534421286
widthL: 75.42967014252787
widthR: 56.649469534421286
x0: 2002.5823570370683
