alphaL: 1.934486076056035
alphaR: 2.0205950946273408
event_sum: 40.145312150003605
mean: 2007.363125943002
nL: 2.9999109166589606
nR: 2.746185227412176
norm: 40.145312150003605
sigma: 123.29258201525656
sigmaL: 102.52523415937124
sigmaR: 44.32340350452202
widthL: 102.52523415937124
widthR: 44.32340350452202
x0: 2007.363125943002
