alphaL: 1.8090464799329748
alphaR: 2.0439147337635024
event_sum: 41.908598530624154
mean: 2007.0847156099098
nL: 2.9998481696503148
nR: 2.992947887223243
norm: 41.908598530624154
sigma: 123.29258201525656
sigmaL: 94.73253540130726
sigmaR: 47.347585543883106
widthL: 94.73253540130726
widthR: 47.347585543883106
x0: 2007.0847156099098
