alphaL: 1.8696184066491637
alphaR: 1.909533437467532
event_sum: 40.46897454629181
mean: 2008.7675152275117
nL: 3.9995848851704574
nR: 3.2871589712419795
norm: 40.46897454629181
sigmaL: 100.90189538484182
sigmaR: 43.83513081924096
widthL: 100.90189538484182
widthR: 43.83513081924096
x0: 2008.7675152275117
