alphaL: 1.494442161608394
alphaR: 1.9386981428582999
event_sum: 5.387151591374976
mean: 2007.008854737723
nL: 3.9996219181998613
nR: 2.1511504349404236
norm: 5.387151591374976
sigma: 131.44671638032403
sigmaL: 93.04845808503102
sigmaR: 45.484713453065815
widthL: 93.04845808503102
widthR: 45.484713453065815
x0: 2007.008854737723
