alphaL: 1.6935609686875432
alphaR: 1.9194109419236611
event_sum: 5.387151591374976
mean: 2009.8256354986543
nL: 2.9995329306452065
nR: 2.077759350201822
norm: 5.387151591374976
sigma: 131.44671638032403
sigmaL: 98.80339953062264
sigmaR: 44.00586364681569
widthL: 98.80339953062264
widthR: 44.00586364681569
x0: 2009.8256354986543
