alphaL: 1.5600105164862281
alphaR: 2.0579318298485054
event_sum: 31.092316118534654
mean: 2004.5323918856943
nL: 4.499259317749643
nR: 2.8365016061861033
norm: 31.092316118534654
sigma: 92.77597194572454
sigmaL: 94.75308548918865
sigmaR: 46.04722762504546
widthL: 94.75308548918865
widthR: 46.04722762504546
x0: 2004.5323918856943
