alphaL: 1.3741201051398002
alphaR: 2.1359845851655948
event_sum: 28.39312037557829
fraction: 0.9989080230944566
mean: 2003.152163766036
nL: 9.952230348596654
nR: 2.5866560226814546
norm: 28.387065724935383
sigma: 92.89629974140715
sigmaL: 91.46983652874209
sigmaR: 47.104617368005
widthL: 91.46983652874209
widthR: 47.104617368005
x0: 2003.152163766036
