alphaL: 1.175843904245959
alphaR: 1.9796346168987302
event_sum: 4.192037850225461
mean: 2003.424099482591
nL: 4.762720923766501
nR: 2.1997348875239
norm: 4.192037850225461
sigma: 108.1082954778425
sigmaL: 82.31637615103956
sigmaR: 47.75930932399318
widthL: 82.31637615103956
widthR: 47.75930932399318
x0: 2003.424099482591
