alphaL: 1.0920923294376723
alphaR: 2.0583953116732783
event_sum: 40.53639662289061
fraction: 0.9968671006580345
mean: 2002.1507097149233
nL: 9.999351643068671
nR: 1.9462845598383236
norm: 40.50617182382848
sigma: 108.19951247855143
sigmaL: 80.33858304771844
sigmaR: 48.73711473225416
widthL: 80.33858304771844
widthR: 48.73711473225416
x0: 2002.1507097149233
