alphaL: 1.7289487004279613
alphaR: 2.014627003001535
event_sum: 31.15310594078619
mean: 2006.7460819700689
nL: 4.4997163426374565
nR: 2.8672226273128
norm: 31.15310594078619
sigma: 92.77597194572454
sigmaL: 99.30612926622405
sigmaR: 44.81204617296863
widthL: 99.30612926622405
widthR: 44.81204617296863
x0: 2006.7460819700689
