alphaL: 1.3307550318509067
alphaR: 1.9880480154315001
event_sum: 4.206825636989379
mean: 2004.6609050434145
nL: 4.49793896981283
nR: 2.0452355370046957
norm: 4.206825636989379
sigma: 108.1082954778425
sigmaL: 87.01187300449911
sigmaR: 47.58969884322169
widthL: 87.01187300449911
widthR: 47.58969884322169
x0: 2004.6609050434145
