alphaL: 1.3679608606011586
alphaR: 1.9018445575093643
event_sum: 4.206825636989379
mean: 2007.0673067929715
nL: 4.48971801957972
nR: 2.201556448949178
norm: 4.206825636989379
sigma: 108.1082954778425
sigmaL: 89.90774820636098
sigmaR: 45.61608357825312
widthL: 89.90774820636098
widthR: 45.61608357825312
x0: 2007.0673067929715
