alphaL: 1.2265842621623084
alphaR: 2.126420394807551
event_sum: 28.39312037557829
fraction: 0.9991874502596159
mean: 2001.7938152984077
nL: 19.84514532132717
nR: 2.646785514309545
norm: 28.386260720086284
sigma: 92.89629974140715
sigmaL: 87.72114768654757
sigmaR: 47.84179301968491
widthL: 87.72114768654757
widthR: 47.84179301968491
x0: 2001.7938152984077
