alphaL: 1.560787304349648
alphaR: 2.0644718417666716
event_sum: 31.112748176441528
mean: 2004.529049737858
nL: 4.497344328536259
nR: 2.817321391651906
norm: 31.112748176441528
sigma: 93.09919391449108
sigmaL: 94.72045881600711
sigmaR: 46.098285921621944
widthL: 94.72045881600711
widthR: 46.098285921621944
x0: 2004.529049737858
