alphaL: 1.0614496676022693
alphaR: 2.138123863535587
event_sum: 28.39312037557829
fraction: 0.9941030029160403
mean: 2000.487952463279
nL: 112.60092076405257
nR: 2.7969935593029427
norm: 28.256856198073365
sigma: 92.89629974140715
sigmaL: 83.0033660863012
sigmaR: 48.4533772582022
widthL: 83.0033660863012
widthR: 48.4533772582022
x0: 2000.487952463279
