alphaL: 1.4553046467718422
alphaR: 2.083106901096167
event_sum: 31.82610243180534
mean: 2002.325887900517
nL: 3.998347641629311
nR: 3.0456442533848884
norm: 31.82610243180534
sigma: 93.09919391449108
sigmaL: 84.48529437867612
sigmaR: 50.077741237818735
widthL: 84.48529437867612
widthR: 50.077741237818735
x0: 2002.325887900517
