alphaL: 1.0215697588344388
alphaR: 1.8838286034018241
event_sum: 24573.0
mean: 2002.8573997620265
nL: 9.999999999158389
nR: 2.576050970810309
norm: 24573.0
sigma: 108.2532071256907
sigmaL: 74.51601886549254
sigmaR: 53.36630228727405
widthL: 74.51601886549254
widthR: 53.36630228727405
x0: 2002.8573997620265
