alphaL: 1.248676543462664
alphaR: 1.9809891340980765
event_sum: 31.705721429607365
mean: 2000.5377087806755
nL: 4.996112278859833
nR: 4.163435509374923
norm: 31.705721429607365
sigma: 93.09919391449108
sigmaL: 79.2350746168465
sigmaR: 50.52732133893551
widthL: 79.2350746168465
widthR: 50.52732133893551
x0: 2000.5377087806755
