alphaL: 1.3289544242426299
alphaR: 1.784488563643991
event_sum: 3.1768569190680864
mean: 2005.8200598855615
nL: 3.911582034056659
nR: 2.799202359205693
norm: 3.1768569190680864
sigma: 108.15792506432382
sigmaL: 82.87173373437763
sigmaR: 51.225455855499696
widthL: 82.87173373437763
widthR: 51.225455855499696
x0: 2005.8200598855615
