alphaL: 1.4086715933586187
alphaR: 1.9098314969551957
event_sum: 31.82610243180534
mean: 2003.0650379514582
nL: 4.499974501261967
nR: 4.25451313562332
norm: 31.82610243180534
sigma: 93.09919391449108
sigmaL: 84.19272800024743
sigmaR: 49.04707996414677
widthL: 84.19272800024743
widthR: 49.04707996414677
x0: 2003.0650379514582
