alphaL: 1.3974805983259941
alphaR: 2.1007164187075635
event_sum: 30255.0
mean: 2004.3260992785868
nL: 9.999999990167394
nR: 2.647971390777359
norm: 30255.0
sigma: 93.00098439089166
sigmaL: 92.74401812970106
sigmaR: 46.726029802954244
widthL: 92.74401812970106
widthR: 46.726029802954244
x0: 2004.3260992785868
