alphaL: 1.2416164117039812
alphaR: 1.984718502493969
event_sum: 29.125260516651906
fraction: 0.9991924536667611
mean: 2001.7119469626666
nL: 9.999926834136332
nR: 3.7191119607720906
norm: 29.121673255227506
sigma: 92.89629974140715
sigmaL: 81.41326157740079
sigmaR: 50.39066160835083
widthL: 81.41326157740079
widthR: 50.39066160835083
x0: 2001.7119469626666
