alphaL: 1.3005831933963692
alphaR: 1.7722579393540405
event_sum: 3.1732312589665526
mean: 2006.6039431566128
nL: 4.44890725184679
nR: 2.7475866888286227
norm: 3.1732312589665526
sigma: 108.1082954778425
sigmaL: 84.05870339097079
sigmaR: 50.86023471799385
widthL: 84.05870339097079
widthR: 50.86023471799385
x0: 2006.6039431566128
