alphaL: 1.4207406496086084
alphaR: 1.9081543518742745
event_sum: 4.215089643163083
mean: 2005.9805177420974
nL: 3.956637662119471
nR: 2.2596907663431534
norm: 4.215089643163083
sigma: 108.15792506432382
sigmaL: 89.59191604378208
sigmaR: 46.158721847261
widthL: 89.59191604378208
widthR: 46.158721847261
x0: 2005.9805177420974
