alphaL: 1.360274167523505
alphaR: 1.9554092894953492
event_sum: 42.068253758596256
mean: 2005.8013654117835
nL: 4.499985897633176
nR: 2.1388102574040375
norm: 42.068253758596256
sigma: 107.94746227811727
sigmaL: 88.55849557684718
sigmaR: 46.7092060933848
widthL: 88.55849557684718
widthR: 46.7092060933848
x0: 2005.8013654117835
