alphaL: 1.211777571410095
alphaR: 2.1107037495507086
event_sum: 31201.0
mean: 2001.269934602229
nL: 9.999996663945005
nR: 3.159911494975231
norm: 31201.0
sigma: 93.00098439089166
sigmaL: 79.85630666072169
sigmaR: 51.05411831443731
widthL: 79.85630666072169
widthR: 51.05411831443731
x0: 2001.269934602229
