alphaL: 1.4168463134988092
alphaR: 1.9226402306011596
event_sum: 31.82610243180534
mean: 2003.476262245431
nL: 4.499989689682418
nR: 4.109807682580668
norm: 31.82610243180534
sigma: 93.09919391449108
sigmaL: 84.74884383176318
sigmaR: 48.787350676152315
widthL: 84.74884383176318
widthR: 48.787350676152315
x0: 2003.476262245431
