alphaL: 0.9229321095399107
alphaR: 2.0801524889335576
event_sum: 40.53639662289061
fraction: 0.9973487098309524
mean: 1999.8763402838556
nL: 19.999964089148605
nR: 1.9660545576493231
norm: 40.500140573014505
sigma: 108.19951247855143
sigmaL: 73.32000431876398
sigmaR: 49.91346773008127
widthL: 73.32000431876398
widthR: 49.91346773008127
x0: 1999.8763402838556
