alphaL: 1.3900850061362486
alphaR: 1.7916586111663004
event_sum: 31.825941479881294
mean: 2007.855533365951
nL: 4.499974216936821
nR: 2.5867893191691738
norm: 31.825941479881294
sigma: 107.94746227811727
sigmaL: 86.94169272489259
sigmaR: 50.2270898280135
widthL: 86.94169272489259
widthR: 50.2270898280135
x0: 2007.855533365951
