alphaL: 0.8794408931645592
alphaR: 1.9634703022761677
event_sum: 30.602252108161338
fraction: 0.9976647914261624
mean: 2000.1211059579623
nL: 19.882357958934378
nR: 2.318442803388697
norm: 30.552790574613027
sigma: 108.19951247855143
sigmaL: 68.83172982590257
sigmaR: 55.004399710339385
widthL: 68.83172982590257
widthR: 55.004399710339385
x0: 2000.1211059579623
