alphaL: 1.3938369278254537
alphaR: 2.0757231008973984
event_sum: 30.964983814163134
mean: 2002.6293314573381
nL: 4.995119588330687
nR: 3.0641843137441125
norm: 30.964983814163134
sigma: 93.09919391449108
sigmaL: 90.46738339176476
sigmaR: 47.11761990481855
widthL: 90.46738339176476
widthR: 47.11761990481855
x0: 2002.6293314573381
