alphaL: 1.1073598635441062
alphaR: 1.8664049022291358
event_sum: 3.162245464816806
mean: 2002.7835056310225
nL: 4.875925646753401
nR: 2.5880760693202287
norm: 3.162245464816806
sigma: 108.1082954778425
sigmaL: 75.85275188289037
sigmaR: 53.14290134483011
widthL: 75.85275188289037
widthR: 53.14290134483011
x0: 2002.7835056310225
