alphaL: 1.59159093855171
alphaR: 1.9807352224087074
event_sum: 31.873158018221147
mean: 2004.9906872678316
nL: 4.492834632301391
nR: 3.6675817221275855
norm: 31.873158018221147
sigma: 92.77597194572454
sigmaL: 89.9086577962211
sigmaR: 48.70981545163412
widthL: 89.9086577962211
widthR: 48.70981545163412
x0: 2004.9906872678316
