alphaL: 1.6011751494260753
alphaR: 2.066427874126396
event_sum: 31.112748176441528
mean: 2004.605597090795
nL: 3.9717175979506596
nR: 2.8225574901814747
norm: 31.112748176441528
sigma: 93.09919391449108
sigmaL: 95.53985305793519
sigmaR: 46.285966829342556
widthL: 95.53985305793519
widthR: 46.285966829342556
x0: 2004.605597090795
