alphaL: 0.7880317842942411
alphaR: 1.9273507491081934
event_sum: 30.602252108161338
fraction: 0.9891988110814247
mean: 1999.3977545481182
nL: 26.80734741606793
nR: 2.57369035601729
norm: 30.329733803402632
sigma: 108.19951247855143
sigmaL: 64.8135577702013
sigmaR: 55.1508713455664
widthL: 64.8135577702013
widthR: 55.1508713455664
x0: 1999.3977545481182
