alphaL: 1.4088594957981404
alphaR: 1.9588053370879444
event_sum: 31.825297761010006
mean: 2002.6645207231415
nL: 4.499995467168934
nR: 3.9146901484758927
norm: 31.825297761010006
sigma: 92.77597194572454
sigmaL: 84.0591857363775
sigmaR: 49.46471123837716
widthL: 84.0591857363775
widthR: 49.46471123837716
x0: 2002.6645207231415
