alphaL: 1.0862027860184997
alphaR: 2.1043362863330892
event_sum: 29.125260516651906
fraction: 0.9994287234061556
mean: 1999.5309471931525
nL: 19.975493800013325
nR: 3.3114123257536714
norm: 29.12043956061825
sigma: 92.89629974140715
sigmaL: 76.86266820783736
sigmaR: 51.609680563114075
widthL: 76.86266820783736
widthR: 51.609680563114075
x0: 1999.5309471931525
