alphaL: 1.4526529002843944
alphaR: 1.9472243598972132
event_sum: 42.15341288794298
mean: 2007.0263954313239
nL: 4.499883468375734
nR: 2.115271175477163
norm: 42.15341288794298
sigma: 107.94746227811727
sigmaL: 91.84435120651708
sigmaR: 46.09029574561186
widthL: 91.84435120651708
widthR: 46.09029574561186
x0: 2007.0263954313239
