alphaL: 1.0281502830804496
alphaR: 1.8627770135432167
event_sum: 30.602252108161338
fraction: 0.9975135848726057
mean: 2002.5108679792525
nL: 9.99654004644383
nR: 2.5416141321824495
norm: 30.553794689825736
sigma: 108.19951247855143
sigmaL: 74.66648304182642
sigmaR: 53.10792983281295
widthL: 74.66648304182642
widthR: 53.10792983281295
x0: 2002.5108679792525
