alphaL: 1.3006807070392716
alphaR: 1.770970814385213
event_sum: 3.1732312589665526
mean: 2006.5772826912043
nL: 4.440559831444373
nR: 2.7539730522104766
norm: 3.1732312589665526
sigma: 108.1082954778425
sigmaL: 83.93764510963305
sigmaR: 50.86022171992841
widthL: 83.93764510963305
widthR: 50.86022171992841
x0: 2006.5772826912043
