alphaL: 1.5564756171947423
alphaR: 2.0537754706555122
event_sum: 31.112748176441528
mean: 2004.5335179382357
nL: 4.498068205112035
nR: 2.8891876844974798
norm: 31.112748176441528
sigma: 93.09919391449108
sigmaL: 94.67375609658842
sigmaR: 46.06928138936172
widthL: 94.67375609658842
widthR: 46.06928138936172
x0: 2004.5335179382357
