alphaL: 1.0839344599292955
alphaR: 2.0726917628852783
event_sum: 32143.0
mean: 2002.2406463382333
nL: 9.999999995650153
nR: 1.9182642048365335
norm: 32143.0
sigma: 108.2532071256907
sigmaL: 79.58551727133636
sigmaR: 48.82511348069417
widthL: 79.58551727133636
widthR: 48.82511348069417
x0: 2002.2406463382333
