alphaL: 1.3079380219512589
alphaR: 1.775570931674538
event_sum: 31.73231061466504
mean: 2006.7551712276118
nL: 4.499989465669788
nR: 2.6789765174022295
norm: 31.73231061466504
sigma: 107.94746227811727
sigmaL: 83.88656655722598
sigmaR: 50.72241973450174
widthL: 83.88656655722598
widthR: 50.72241973450174
x0: 2006.7551712276118
