alphaL: 0.9585709489383658
alphaR: 1.9786457680244325
event_sum: 29.020915480912663
mean: 1999.42441468348
nL: 40.88218168147751
nR: 4.577424945591301
norm_2016: 8.178861389751546
norm_2017: 9.381123131141067
norm_2018: 13.726086222566664
norm_Run2: 29.020915480912663
sigma: 92.89629974140715
sigmaL: 73.07413661317005
sigmaR: 51.23376878326561
widthL: 73.07413661317005
widthR: 51.23376878326561
x0: 1999.42441468348
