alphaL: 0.9577843147280845
alphaR: 1.9786400532087516
event_sum: 29.020915480912663
mean: 1999.4258345239634
nL: 41.50500854847857
nR: 4.576837059763105
norm_2016: 8.178861389751546
norm_2017: 9.381123131141067
norm_2018: 13.726086222566664
norm_Run2: 29.020915480912663
sigma: 92.89629974140715
sigmaL: 73.0726249887357
sigmaR: 51.234918133915684
widthL: 73.0726249887357
widthR: 51.234918133915684
x0: 1999.4258345239634
