alphaL: 1.0614496676022693
alphaR: 2.138123863535587
event_sum: 28.256856198073365
mean: 2000.487952463279
nL: 112.60092076405257
nR: 2.7969935593029427
norm_2016: 7.427504854858853
norm_2017: 9.458101712632924
norm_2018: 13.701412330381572
norm_Run2: 28.256856198073365
sigma: 92.89629974140715
sigmaL: 83.0033660863012
sigmaR: 48.4533772582022
widthL: 83.0033660863012
widthR: 48.4533772582022
x0: 2000.487952463279
