alphaL: 1.0631898451708577
alphaR: 2.1334853134447913
event_sum: 28.256856198073365
mean: 2000.7220410204036
nL: 124.65799459168247
nR: 2.8022147189940663
norm_2016: 7.427504854858853
norm_2017: 9.458101712632924
norm_2018: 13.701412330381572
norm_Run2: 28.256856198073365
sigma: 92.89629974140715
sigmaL: 83.30265473975442
sigmaR: 48.285744140611214
widthL: 83.30265473975442
widthR: 48.285744140611214
x0: 2000.7220410204036
