alphaL: 0.982661402330276
alphaR: 1.2467646567009967
event_sum: 15.646966259053443
mean: 1981.0445828661448
nL: 1.3244235108779099
nR: 5.44860564259575
norm_2016: 4.017468224570621
norm_2017: 5.00410084601026
norm_2018: 6.890421631280333
norm_norm_Run2: 15.911990701861214
sigma: 112.0
sigmaL: 130.5903003716577
sigmaR: 83.82055188841856
widthL: 130.5903003716577
widthR: 83.82055188841856
x0: 1981.0445828661448
