alphaL: 0.8086365665391927
alphaR: 1.9184063121284705
event_sum: 30.329733803402632
mean: 1999.1767948683623
nL: 19.319055330902764
nR: 2.6298930293992018
norm_2016: 8.261619754252024
norm_2017: 9.405589501722716
norm_2018: 13.419252298772335
norm_Run2: 30.329733803402632
sigma: 108.19951247855143
sigmaL: 64.85593839985901
sigmaR: 55.283086290968185
widthL: 64.85593839985901
widthR: 55.283086290968185
x0: 1999.1767948683623
