alphaL: 1.0525295632322456
alphaR: 1.4019124267851832
event_sum: 12.226965060574003
mean: 1945.4368038172845
nL: 0.29606255041152285
nR: 7.068901426352102
norm_2016: 3.1024736303370446
norm_2017: 3.965948678785935
norm_2018: 5.3448133058846
norm_Run2: 12.226965060574003
sigma: 200.0
sigmaL: 176.11967410132848
sigmaR: 119.97807283342523
widthL: 176.11967410132848
widthR: 119.97807283342523
x0: 1945.4368038172845
