alphaL: 1.055153067152898
alphaR: 1.5099157232317522
event_sum: 14.269686857005581
mean: 1949.659390179023
nL: 0.6269284727900265
nR: 3.224739472835209
norm_2016: 3.3301604639273137
norm_2017: 4.548973092343658
norm_2018: 6.607891077175736
norm_norm_Run2: 14.487024633446708
sigma: 200.0
sigmaL: 160.70697124616865
sigmaR: 114.73470281591605
widthL: 160.70697124616865
widthR: 114.73470281591605
x0: 1949.659390179023
