alphaL: 0.7623934079933044
alphaR: 2.095056732058624
event_sum: 40.21830585121643
mean: 1998.112050732872
nL: 92.44770735930551
nR: 2.007338951994412
norm_2016: 9.888262127060443
norm_2017: 12.661769329220988
norm_2018: 18.752288483083248
norm_Run2: 40.21830585121643
sigma: 108.19951247855143
sigmaL: 65.8632487288672
sigmaR: 50.82301822495408
widthL: 65.8632487288672
widthR: 50.82301822495408
x0: 1998.112050732872
