alphaL: 0.7547703888263633
alphaR: 2.1038051778997944
event_sum: 40.21830585121643
mean: 1997.9101455380767
nL: 95.9378911451161
nR: 1.9828661015358355
norm_2016: 9.888262127060443
norm_2017: 12.661769329220988
norm_2018: 18.752288483083248
norm_Run2: 40.21830585121643
sigma: 108.19951247855143
sigmaL: 65.28742123772885
sigmaR: 50.94060087077758
widthL: 65.28742123772885
widthR: 50.94060087077758
x0: 1997.9101455380767
