alphaL: 0.885165234662145
alphaR: 1.357715837535446
event_sum: 19.220123326522298
mean: 1975.1153318083911
nL: 2.3543184084988287
nR: 4.533445454907197
norm_2016: 19.220123326522298
norm_2017: 19.220123326522298
norm_2018: 19.220123326522298
norm_Run2: 19.220123326522298
sigma: 112.0
sigmaL: 116.53077824375522
sigmaR: 83.79921766418833
widthL: 116.53077824375522
widthR: 83.79921766418833
x0: 1975.1153318083911
