alphaL: 0.9818229060839003
alphaR: 1.361782316179072
event_sum: 0.2465894555614068
mean: 3205.5395463527143
nL: 1.0576417807864738
nR: 2.870632399592818
norm: 0.2465894555614068
sigma: 182.0
sigmaL: 206.5821631743713
sigmaR: 102.81215533340185
widthL: 206.5821631743713
widthR: 102.81215533340185
x0: 3205.5395463527143
