alphaL: 0.49935810462280505
alphaR: 2.4734954840316696
event_sum: 0.23258543163425605
mean: 3147.701487997946
nL: 2.989218205036765
nR: 0.965109470065772
norm: 0.23258543163425605
sigma: 182.0
sigmaL: 151.7897773640587
sigmaR: 173.5952815352471
widthL: 151.7897773640587
widthR: 173.5952815352471
x0: 3147.701487997946
