alphaL: 0.7277221412161441
alphaR: 1.6572512023694395
event_sum: 23.072199179247885
fraction: 0.9901278372594835
mean: 3244.1118979270964
nL: 19.05953990783649
nR: 3.017226405777336
norm: 9.854205579264974
sigma: 278.98145576811476
sigmaL: 94.14676612791861
sigmaR: 79.14816253915951
widthL: 94.14676612791861
widthR: 79.14816253915951
x0: 3244.1118979270964
