alphaL: 1.8108207463876915
alphaR: 2.657199931976629
event_sum: 0.09510295601346702
mean: 3146.803643158912
nL: 0.1
nR: 0.1
norm: 0.09510295601346702
sigma: 182.0
sigmaL: 267.37536499369924
sigmaR: 186.01043296971707
widthL: 267.37536499369924
widthR: 186.01043296971707
x0: 3146.803643158912
