alphaL: 1.001730483755798
alphaR: 1.0813889523773803
event_sum: 6.435233917122344
fraction: 0.7751893544073766
mean: 3217.5306282944102
nL: 0.8684334036019279
nR: 4.5
norm: 1.0884755907047137
sigma: 182.0
sigmaL: 226.82005199455153
sigmaR: 103.79058902100603
widthL: 226.82005199455153
widthR: 103.79058902100603
x0: 3217.5306282944102
