alphaL: 1.746699283281269
alphaR: 1.2316931610769595
event_sum: 6.036756591253677
fraction: 0.7411510722186011
mean: 3223.613424697874
nL: 0.4
nR: 2.8461803787763227
norm: 2.565623838336135
sigma: 182.0
sigmaL: 287.28600358210093
sigmaR: 98.50363426358513
widthL: 287.28600358210093
widthR: 98.50363426358513
x0: 3223.613424697874
