alphaL: 1.1317677901006677
alphaR: 1.835024811915497
event_sum: 0.10105156950578746
mean: 3166.3670504604484
nL: 0.9915061300614544
nR: 3.9307163330779735
norm: 0.10105156950578746
sigma: 182.0
sigmaL: 196.93415532173054
sigmaR: 151.3157916813983
widthL: 196.93415532173054
widthR: 151.3157916813983
x0: 3166.3670504604484
