alphaL: 1.1725935351641834
alphaR: 1.4145434073308043
event_sum: 0.49204561579765393
mean: 1522.5480832038854
nL: 1.0822567193910404
nR: 2.7671235888825327
norm: 0.49204561579765393
sigma: 155.0
sigmaL: 148.42352190654276
sigmaR: 83.58156193469857
widthL: 148.42352190654276
widthR: 83.58156193469857
x0: 1522.5480832038854
