alphaL: 0.9781842721656138
alphaR: 1.1809254346209384
event_sum: 5.344839112338967
fraction: 0.9129452139899544
mean: 1523.2628485083947
nL: 2.0067017976524206
nR: 4.267392236632956
norm: 4.700333407275846
sigma: 155.0
sigmaL: 136.9265399692669
sigmaR: 77.74543456771345
widthL: 136.9265399692669
widthR: 77.74543456771345
x0: 1523.2628485083947
