alphaL: 1.3704963234931637
alphaR: 1.3854876736759583
event_sum: 0.5967421883232396
mean: 1520.946535921951
nL: 0.23297587783083357
nR: 4.102219627549472
norm: 0.5967421883232396
sigma: 155.0
sigmaL: 159.51291794719606
sigmaR: 86.5964748854168
widthL: 159.51291794719606
widthR: 86.5964748854168
x0: 1520.946535921951
