alphaL: 0.6852678408335497
alphaR: 1.4013293531182267
event_sum: 0.6529561339264228
mean: 1516.6899839255552
nL: 1.0638282625240931
nR: 3.9413330731483396
norm: 0.6529561339264228
sigma: 155.0
sigmaL: 121.62878925372816
sigmaR: 90.94095935366785
widthL: 121.62878925372816
widthR: 90.94095935366785
x0: 1516.6899839255552
