alphaL: 1.1908165262009167
alphaR: 1.2390477641163655
event_sum: 0.5209345939061002
mean: 1536.425053200906
nL: 0.9735945092202696
nR: 3.013031494475418
norm: 0.5209345939061002
sigma: 155.0
sigmaL: 157.49352915263412
sigmaR: 71.13299971761376
widthL: 157.49352915263412
widthR: 71.13299971761376
x0: 1536.425053200906
