alphaL: 1.1153643365242396
alphaR: 1.2710670158407458
event_sum: 6.983770527127487
fraction: 0.8330972969852249
mean: 1527.8029458273795
nL: 0.6572021486189924
nR: 4.485088083333797
norm: 5.558254409854454
sigma: 155.0
sigmaL: 155.7489497385039
sigmaR: 81.43726458749454
widthL: 155.7489497385039
widthR: 81.43726458749454
x0: 1527.8029458273795
