alphaL: 0.9852496940235034
alphaR: 2.4451463991247424
event_sum: 12.518440893432347
fraction: 0.9999314872919688
mean: 752.8408401401648
nL: 55.43898612521804
nR: 7.649819766614174
norm: 12.513320390819008
sigma: 37.50369822384684
sigmaL: 36.750554763117435
sigmaR: 25.20601630703718
widthL: 36.750554763117435
widthR: 25.20601630703718
x0: 752.8408401401648
