alphaL: 0.7652354492940062
alphaR: 1.6260102078644172
event_sum: 1.1004831262318717
mean: 749.5018527071462
nL: 3.3530058598381354
nR: 1.853339584250507
norm: 1.1004831262318717
sigma: 42.0
sigmaL: 39.18709547578825
sigmaR: 37.603686679706165
widthL: 39.18709547578825
widthR: 37.603686679706165
x0: 749.5018527071462
