alphaL: 1.155104292068489
alphaR: 1.7254356151828794
event_sum: 2.6936530167497477
mean: 748.7027671088067
nL: 3.0170763381922954
nR: 2.1695663783346575
norm: 2.6936530167497477
sigma: 42.0
sigmaL: 49.088531432736396
sigmaR: 41.033141220168645
widthL: 49.088531432736396
widthR: 41.033141220168645
x0: 748.7027671088067
