alphaL: 0.6406467063181444
alphaR: 1.375695457879791
event_sum: 1.0966295108985498
mean: 750.4653250467793
nL: 3.531140387941212
nR: 3.2074753846427457
norm: 1.0966295108985498
sigma: 42.0
sigmaL: 41.37526873694219
sigmaR: 33.924547749762034
widthL: 41.37526873694219
widthR: 33.924547749762034
x0: 750.4653250467793
