alphaL: 1.0139288463915106
alphaR: 1.5360634948387424
event_sum: 26.661683154682265
fraction: 0.9951179082939159
mean: 748.3110527371266
nL: 7.450475649188939
nR: 3.9720617107419693
norm: 26.51835892109769
sigma: 42.0
sigmaL: 48.17422101419396
sigmaR: 40.897415060639126
widthL: 48.17422101419396
widthR: 40.897415060639126
x0: 748.3110527371266
