alphaL: 0.8649788498406524
alphaR: 1.5902146054252497
event_sum: 2.687641582024707
mean: 748.6750242912165
nL: 4.612201862572902
nR: 3.5713889514794874
norm: 2.687641582024707
sigma: 42.0
sigmaL: 40.503261051904545
sigmaR: 40.28270454999137
widthL: 40.503261051904545
widthR: 40.28270454999137
x0: 748.6750242912165
