alphaL: 0.9905444370578562
alphaR: 1.476367397259764
event_sum: 10.912506591566606
fraction: 0.9920338614998875
mean: 748.6573797783954
nL: 1.92982860151747
nR: 3.0800873981989425
norm: 10.840449282053733
sigma: 42.0
sigmaL: 52.6778610800462
sigmaR: 37.3088613440372
widthL: 52.6778610800462
widthR: 37.3088613440372
x0: 748.6573797783954
