alphaL: 1.004669750343225
alphaR: 1.1031296479305641
event_sum: 3.7280940909978786
mean: 2700.020197534811
nL: 0.10101856448129387
nR: 5.668852057716771
norm_2016: 0.8650520240304529
norm_2017: 1.1693650605505395
norm_2018: 1.7219139184230556
norm_Run2: 3.7280940909978786
sigma: 275.0
sigmaL: 243.63176233576738
sigmaR: 119.45693168786386
widthL: 243.63176233576738
widthR: 119.45693168786386
x0: 2700.020197534811
