alphaL: 1.1477540159853312
alphaR: 1.0849004071833588
event_sum: 6.217461097628892
mean: 2705.8393859793746
nL: 0.24118895150365577
nR: 6.087083447135942
norm_2016: 1.2663356242442352
norm_2017: 1.991694661063179
norm_2018: 3.042649713621861
norm_Run2: 6.217461097628892
sigma: 275.0
sigmaL: 302.79586144048494
sigmaR: 119.1191081677545
widthL: 302.79586144048494
widthR: 119.1191081677545
x0: 2705.8393859793746
