alphaL: 0.8886914781266904
alphaR: 1.469788099480187
event_sum: 9.470180411881177
mean: 2703.601054352206
nL: 1.4628050024696997
nR: 3.8809155699424305
norm_2016: 2.2086681641096564
norm_2017: 2.9676604104941644
norm_2018: 4.405638379847124
norm_Run2: 9.470180411881177
sigma: 154.0
sigmaL: 155.23743923749188
sigmaR: 118.63039735909346
widthL: 155.23743923749188
widthR: 118.63039735909346
x0: 2703.601054352206
