alphaL: 0.9863341301675549
alphaR: 1.2187266883210197
event_sum: 10.472026601541579
fraction: 0.8219053901018988
mean: 1719.4102090065737
nL: 0.7457620239573988
nR: 4.5
norm: 7.371789241782745
sigma: 175.0
sigmaL: 170.23812828101137
sigmaR: 88.90233319696598
widthL: 170.23812828101137
widthR: 88.90233319696598
x0: 1719.4102090065737
