alphaL: 0.9737054333514252
alphaR: 1.4059272664684261
event_sum: 0.8809158925343175
mean: 1714.438008956888
nL: 0.9857046175659177
nR: 3.8429300175679892
norm: 0.8809158925343175
sigma: 175.0
sigmaL: 157.28983266376278
sigmaR: 96.94464403164925
widthL: 157.28983266376278
widthR: 96.94464403164925
x0: 1714.438008956888
