alphaL: 1.1144995879360435
alphaR: 1.5412000309614922
event_sum: 0.79184404003849
mean: 1704.6661386728588
nL: 0.381385458514542
nR: 3.4900280049844734
norm: 0.79184404003849
sigma: 175.0
sigmaL: 160.67707414941452
sigmaR: 105.86202349808885
widthL: 160.67707414941452
widthR: 105.86202349808885
x0: 1704.6661386728588
