alphaL: 1.0429376957169496
alphaR: 1.4138267304847025
event_sum: 9.47604648447178
fraction: 0.8753870722538191
mean: 1711.9768936652051
nL: 1.1056387537585954
nR: 4.5
norm: 7.757026763499718
sigma: 175.0
sigmaL: 156.92254888055038
sigmaR: 98.99989792991856
widthL: 156.92254888055038
widthR: 98.99989792991856
x0: 1711.9768936652051
