alphaL: 0.7209511002703021
alphaR: 0.8065219440159455
event_sum: 0.8895058281458241
mean: 1754.9899686409224
nL: 0.9830831359488839
nR: 3.574295962354869
norm: 0.8895058281458241
sigma: 175.0
sigmaL: 189.34535712885582
sigmaR: 49.91499587380077
widthL: 189.34535712885582
widthR: 49.91499587380077
x0: 1754.9899686409224
