alphaL: 1.3357871618023873
alphaR: 1.6471497890546163
event_sum: 0.8177307139420041
mean: 1706.338346067284
nL: 0.39360319292488477
nR: 2.9212998038689437
norm: 0.8177307139420041
sigma: 175.0
sigmaL: 163.87892133359233
sigmaR: 106.88307053191826
widthL: 163.87892133359233
widthR: 106.88307053191826
x0: 1706.338346067284
