alphaL: 0.6651614032583284
alphaR: 1.7440900395177579
event_sum: 22.063516845447186
mean: 1185.1302703957338
nL: 2.8696341930550133
nR: 2.992476471473838
norm: 22.063516845447186
sigma: 166
sigmaL: 55.64785570662895
sigmaR: 62.70767189466035
widthL: 55.64785570662895
widthR: 62.70767189466035
x0: 1185.1302703957338
