alphaL: 0.8506461450075149
alphaR: 1.6648919905171815
event_sum: 24.84905002702381
mean: 1190.6571174712008
nL: 2.997168123466307
nR: 2.323326911251909
norm: 24.84905002702381
sigma: 78
sigmaL: 69.91566308983357
sigmaR: 58.301223284447374
widthL: 69.91566308983357
widthR: 58.301223284447374
x0: 1190.6571174712008
