alphaL: 1.1008728261202363
alphaR: 1.638004544096162
event_sum: 14.692822503695359
mean: 1188.3336212718473
nL: 2.9041511300050886
nR: 2.8517810627913556
norm: 14.692822503695359
sigma: 166
sigmaL: 79.04605756390562
sigmaR: 58.41946707066435
widthL: 79.04605756390562
widthR: 58.41946707066435
x0: 1188.3336212718473
