alphaL: 0.9561094254337521
alphaR: 1.548391386191565
event_sum: 11.874810283496986
mean: 1197.9392328870151
nL: 2.9719469007838017
nR: 2.7180240503255604
norm: 11.874810283496986
sigma: 78
sigmaL: 80.38470372881524
sigmaR: 55.42027871018956
widthL: 80.38470372881524
widthR: 55.42027871018956
x0: 1197.9392328870151
