alphaL: 0.9612628214363491
alphaR: 1.5835795752464181
event_sum: 34.08331900911291
mean: 1188.2043464378557
nL: 2.9985914054047527
nR: 2.933464830493358
norm: 34.08331900911291
sigma: 78
sigmaL: 73.56647370287355
sigmaR: 57.99210324910382
widthL: 73.56647370287355
widthR: 57.99210324910382
x0: 1188.2043464378557
