alphaL: 1.1278344227310202
alphaR: 1.8095735270399427
event_sum: 2.580097828561329
mean: 1184.455067818004
nL: 1.7001745325182225
nR: 1.9240076719018295
norm: 2.580097828561329
sigma: 78.884773001094
sigmaL: 73.60583655369581
sigmaR: 62.20959928797479
widthL: 73.60583655369581
widthR: 62.20959928797479
x0: 1184.455067818004
