alphaL: 1.163880084037377
alphaR: 1.6577317654729595
event_sum: 38.20330643162364
mean: 1188.9631906895434
nL: 1.6771009965869637
nR: 2.999482321660525
norm: 38.20330643162364
sigma: 78
sigmaL: 78.92688289532083
sigmaR: 58.953594258517775
widthL: 78.92688289532083
widthR: 58.953594258517775
x0: 1188.9631906895434
