alphaL: 0.8126678939991383
alphaR: 1.6462464277773152
event_sum: 24.84905002702381
mean: 1188.8187878827548
nL: 2.9995098754001304
nR: 2.635766531519712
norm: 24.84905002702381
sigma: 78.93507767784538
sigmaL: 66.78177849586943
sigmaR: 59.305354281526306
widthL: 66.78177849586943
widthR: 59.305354281526306
x0: 1188.8187878827548
