alphaL: 0.8365649421879806
alphaR: 1.6216493113189943
event_sum: 3.756876594959432
mean: 1190.1196947224628
nL: 3.5228093874357143
nR: 2.5295039802879615
norm: 3.756876594959432
sigma: 78.884773001094
sigmaL: 71.45891593978565
sigmaR: 58.563810314620554
widthL: 71.45891593978565
widthR: 58.563810314620554
x0: 1190.1196947224628
