alphaL: 1.13013002211653
alphaR: 1.5404279425717387
event_sum: 17.07231138515493
mean: 1189.5515257422683
nL: 2.7990537871234835
nR: 2.999968775026768
norm: 17.07231138515493
sigma: 79.0454382611935
sigmaL: 79.65557546801654
sigmaR: 56.13987838044769
widthL: 79.65557546801654
widthR: 56.13987838044769
x0: 1189.5515257422683
