alphaL: 1.1736049497325027
alphaR: 1.6144279091965987
event_sum: 17.067075895583095
mean: 1187.04925549554
nL: 1.9419498836078997
nR: 2.6524819059887257
norm: 17.067075895583095
sigma: 78.93507767784538
sigmaL: 77.78481540945154
sigmaR: 58.82111723247841
widthL: 77.78481540945154
widthR: 58.82111723247841
x0: 1187.04925549554
