alphaL: 1.332095458713127
alphaR: 1.669563507920622
event_sum: 13.421200854063434
mean: 1200.6895910841245
nL: 1.2284941081639957
nR: 2.999987746538591
norm: 13.421200854063434
sigma: 78
sigmaL: 92.85525341115786
sigmaR: 55.85789771039318
widthL: 92.85525341115786
widthR: 55.85789771039318
x0: 1200.6895910841245
