alphaL: 1.131637954331655
alphaR: 1.8244395468789967
event_sum: 2.580097828561329
mean: 1184.4879358133799
nL: 1.7203264053074494
nR: 1.8278597199079683
norm: 2.580097828561329
sigma: 78.884773001094
sigmaL: 73.8292344672908
sigmaR: 62.1362618796557
widthL: 73.8292344672908
widthR: 62.1362618796557
x0: 1184.4879358133799
