alphaL: 0.8823085928647317
alphaR: 1.650575926748833
event_sum: 3.756876594959432
mean: 1190.5870921697567
nL: 2.9357432501127496
nR: 2.2936091660777715
norm: 3.756876594959432
sigma: 78.884773001094
sigmaL: 72.76731597594107
sigmaR: 58.42236172568745
widthL: 72.76731597594107
widthR: 58.42236172568745
x0: 1190.5870921697567
