alphaL: 0.8123881333881792
alphaR: 1.6744847429895466
event_sum: 24.85192329036473
mean: 1188.579156246357
nL: 2.987073593352544
nR: 2.4649454253518552
norm: 24.85192329036473
sigma: 79.0454382611935
sigmaL: 66.19834466968237
sigmaR: 59.61475656443468
widthL: 66.19834466968237
widthR: 59.61475656443468
x0: 1188.579156246357
