alphaL: 1.1514005667364706
alphaR: 1.5490614496383206
event_sum: 21.676501404028386
fraction: 0.9741785685496864
mean: 1189.1500656107928
nL: 2.427953190039995
nR: 3.47773608915312
norm: 20.998705260280985
sigma: 67.2
sigmaL: 78.9396115882846
sigmaR: 57.69379543712506
widthL: 78.9396115882846
widthR: 57.69379543712506
x0: 1189.1500656107928
