alphaL: 0.8925577233008576
alphaR: 1.4084660024653075
event_sum: 3.078306983828952
mean: 1197.5274816023752
nL: 3.3596626650010726
nR: 3.703495929691576
norm: 3.078306983828952
sigma: 67.2
sigmaL: 77.29667589678677
sigmaR: 52.46497988827338
widthL: 77.29667589678677
widthR: 52.46497988827338
x0: 1197.5274816023752
