alphaL: 1.17768719204928
alphaR: 1.6713896981649752
event_sum: 2.044848405086668
mean: 1192.0230639645565
nL: 2.27545566554393
nR: 2.2722032946671953
norm: 2.044848405086668
sigma: 67.2
sigmaL: 83.75970339976611
sigmaR: 56.82835894735746
widthL: 83.75970339976611
widthR: 56.82835894735746
x0: 1192.0230639645565
