alphaL: 1.2749111582180095
alphaR: 1.4981953594716577
event_sum: 1.9141265928992652
mean: 1189.8739983694177
nL: 0.9587381645007155
nR: 1.946141583748884
norm: 1.9141265928992652
sigma: 62.5284098894283
sigmaL: 80.53815707284835
sigmaR: 55.16536907945042
widthL: 80.53815707284835
widthR: 55.16536907945042
x0: 1189.8739983694177
