alphaL: 0.9043890199312501
alphaR: 1.4863710682768987
event_sum: 32.421767229388934
fraction: 0.9678369894029406
mean: 1192.3965815775553
nL: 2.5984888187582285
nR: 4.039472605908618
norm: 30.98209041467635
sigma: 67.2
sigmaL: 72.055253320223
sigmaR: 56.869415757035306
widthL: 72.055253320223
widthR: 56.869415757035306
x0: 1192.3965815775553
