alphaL: 1.040913459309262
alphaR: 1.6677402201139255
event_sum: 2.9718383094805176
mean: 1195.3249413199044
nL: 2.3812887262839677
nR: 2.1335109118107134
norm: 2.9718383094805176
sigma: 67.2
sigmaL: 80.53356531439773
sigmaR: 56.09079132105534
widthL: 80.53356531439773
widthR: 56.09079132105534
x0: 1195.3249413199044
