alphaL: 1.1009616874435397
alphaR: 1.4668134949649454
event_sum: 21.037359758862294
mean: 1189.789882829323
nL: 3.4094505595909106
nR: 4.157442605996586
norm: 21.037359758862294
sigma: 67.2
sigmaL: 79.5697037249505
sigmaR: 56.43851266803208
widthL: 79.5697037249505
widthR: 56.43851266803208
x0: 1189.789882829323
