alphaL: 0.8948620132480257
alphaR: 1.4054835627376319
event_sum: 3.078306983828952
mean: 1197.5271339105504
nL: 3.32956809822556
nR: 3.68610266595802
norm: 3.078306983828952
sigma: 67.2
sigmaL: 77.09990590462132
sigmaR: 52.21307700075044
widthL: 77.09990590462132
widthR: 52.21307700075044
x0: 1197.5271339105504
