alphaL: 1.0660396914102361
alphaR: 1.4164674659133079
event_sum: 2.103736227400077
mean: 1191.0829636504159
nL: 3.8432415381904015
nR: 3.9386438266305697
norm: 2.103736227400077
sigma: 67.2
sigmaL: 79.93853085764212
sigmaR: 54.59218068122291
widthL: 79.93853085764212
widthR: 54.59218068122291
x0: 1191.0829636504159
