alphaL: 1.0678299982696866
alphaR: 1.4163729541204122
event_sum: 2.103736227400077
mean: 1191.0742520086233
nL: 3.83906948912898
nR: 3.9536658992829894
norm: 2.103736227400077
sigma: 67.2
sigmaL: 79.93354841117737
sigmaR: 54.65958309136233
widthL: 79.93354841117737
widthR: 54.65958309136233
x0: 1191.0742520086233
