alphaL: 0.8862874188868296
alphaR: 1.521100131189214
event_sum: 33.03105209133355
mean: 1192.2914098635745
nL: 2.6237890707121276
nR: 3.8127735967418115
norm: 33.03105209133355
sigma: 67.2
sigmaL: 71.2528557289536
sigmaR: 57.282182329256784
widthL: 71.2528557289536
widthR: 57.282182329256784
x0: 1192.2914098635745
