alphaL: 1.159702889311542
alphaR: 1.4847893046486231
event_sum: 21.676501404028386
fraction: 0.9747610581513876
mean: 1190.861026441622
nL: 2.505614674771859
nR: 3.701313065210398
norm: 20.998705260280985
sigma: 67.2
sigmaL: 80.75553398004124
sigmaR: 55.887330702540964
widthL: 80.75553398004124
widthR: 55.887330702540964
x0: 1190.861026441622
