alphaL: 0.8599973185144507
alphaR: 1.480123643945268
event_sum: 33.03105209133355
mean: 1191.653831818766
nL: 2.7072197440326162
nR: 4.206405506152879
norm: 33.03105209133355
sigma: 67.2
sigmaL: 69.40341406544111
sigmaR: 57.06790093465278
widthL: 69.40341406544111
widthR: 57.06790093465278
x0: 1191.653831818766
