alphaL: 0.8878801783349075
alphaR: 1.4508910876299863
event_sum: 32.421767229388934
fraction: 0.967967845036045
mean: 1191.8000180519489
nL: 2.582315246105517
nR: 4.53809778092013
norm: 30.98209041467635
sigma: 67.2
sigmaL: 70.51229598975635
sigmaR: 56.866438791378336
widthL: 70.51229598975635
widthR: 56.866438791378336
x0: 1191.8000180519489
