alphaL: 1.1782907513827467
alphaR: 1.4868991205574136
event_sum: 22.142834690399468
mean: 1189.7810078288935
nL: 2.4204872673714393
nR: 3.8950799560583658
norm: 22.142834690399468
sigma: 67.2
sigmaL: 80.72276955569106
sigmaR: 56.685864174001715
widthL: 80.72276955569106
widthR: 56.685864174001715
x0: 1189.7810078288935
