alphaL: 0.7731300720768552
alphaR: 1.5111488916667926
event_sum: 30.78306620020885
mean: 1190.4554773756818
nL: 3.997205946843328
nR: 4.079967254284628
norm: 30.78306620020885
sigma: 67.2
sigmaL: 66.40252205999275
sigmaR: 58.15595818704944
widthL: 66.40252205999275
widthR: 58.15595818704944
x0: 1190.4554773756818
