alphaL: 1.1187304928031876
alphaR: 1.5212034943484511
event_sum: 22.142834690399468
mean: 1188.0103406034307
nL: 2.6515999933739427
nR: 3.7806874120891543
norm: 22.142834690399468
sigma: 67.2
sigmaL: 77.69805065023277
sigmaR: 58.01759898328887
widthL: 77.69805065023277
widthR: 58.01759898328887
x0: 1188.0103406034307
