alphaL: 0.739478472484371
alphaR: 1.7041839701029557
event_sum: 2.756815518536314
mean: 1187.5963206304286
nL: 2.0927008636006423
nR: 1.941086040687187
norm: 2.756815518536314
sigma: 62.5284098894283
sigmaL: 60.297649524933796
sigmaR: 60.354968974478496
widthL: 60.297649524933796
widthR: 60.354968974478496
x0: 1187.5963206304286
