alphaL: 1.1259535499734075
alphaR: 1.3808995133626178
event_sum: 21.676501404028386
fraction: 0.9668614785055953
mean: 1191.0311949806464
nL: 3.045223095098184
nR: 4.824696167453372
norm: 20.687455077655613
sigma: 67.2
sigmaL: 80.44476770049192
sigmaR: 54.8878664535975
widthL: 80.44476770049192
widthR: 54.8878664535975
x0: 1191.0311949806464
