alphaL: 0.9374492151429135
alphaR: 1.1797353330298654
event_sum: 0.5924726427620044
mean: 1786.6061416105504
nL: 1.0003909257013692
nR: 3.430157337915848
norm: 0.5924726427620044
sigma: 180.0
sigmaL: 161.6302890266677
sigmaR: 79.86097304698127
widthL: 161.6302890266677
widthR: 79.86097304698127
x0: 1786.6061416105504
