alphaL: 1.0050683547107482
alphaR: 1.2494313977184595
event_sum: 0.415491316569387
mean: 1781.045331314718
nL: 0.2001850025683253
nR: 1.8931091726797302
norm: 0.415491316569387
sigma: 96.15619542560758
sigmaL: 167.71721343698778
sigmaR: 82.13545867279967
widthL: 167.71721343698778
widthR: 82.13545867279967
x0: 1781.045331314718
