alphaL: 1.0693162671221954
alphaR: 1.3129205391111296
event_sum: 7.246325171669014
fraction: 0.7795148898181584
mean: 1771.4793084299088
nL: 0.40000428862858256
nR: 4.496298927528195
norm: 4.900400851503946
sigma: 180.0
sigmaL: 165.2241401815466
sigmaR: 96.76894119018745
widthL: 165.2241401815466
widthR: 96.76894119018745
x0: 1771.4793084299088
