alphaL: 1.0078753405831715
alphaR: 1.2011182595197993
event_sum: 0.37066987393336603
mean: 1774.267127351545
nL: 0.2000295722454833
nR: 1.975498097407133
norm: 0.37066987393336603
sigma: 96.15619542560758
sigmaL: 169.7937768561388
sigmaR: 88.3944348708653
widthL: 169.7937768561388
widthR: 88.3944348708653
x0: 1774.267127351545
