alphaL: 0.9382010001720381
alphaR: 1.1677099882896524
event_sum: 0.5924726427620044
mean: 1786.8518405715959
nL: 1.0003219045027898
nR: 3.419833917584795
norm: 0.5924726427620044
sigma: 180.0
sigmaL: 161.37063623516084
sigmaR: 78.80482894053223
widthL: 161.37063623516084
widthR: 78.80482894053223
x0: 1786.8518405715959
