alphaL: 0.7115875887886434
alphaR: 1.0128966378749944
event_sum: 0.6000773091218434
mean: 1813.088651425072
nL: 1.0000000000042013
nR: 2.477098156881808
norm: 0.6000773091218434
sigma: 180.0
sigmaL: 218.68457335115704
sigmaR: 58.771312574693425
widthL: 218.68457335115704
widthR: 58.771312574693425
x0: 1813.088651425072
