alphaL: 1.4231729383106657
alphaR: 1.4418401812871524
event_sum: 0.5532970887870761
mean: 1776.064341312917
nL: 0.24366379395469104
nR: 2.566216534876102
norm: 0.5532970887870761
sigma: 180.0
sigmaL: 173.26997931046552
sigmaR: 94.99133424865043
widthL: 173.26997931046552
widthR: 94.99133424865043
x0: 1776.064341312917
