alphaL: 0.711710480954057
alphaR: 1.0129956876259358
event_sum: 0.6000773091218434
mean: 1813.2341409870212
nL: 1.0000000000047597
nR: 2.477037201359424
norm: 0.6000773091218434
sigma: 180.0
sigmaL: 218.67670961311882
sigmaR: 58.76036323574795
widthL: 218.67670961311882
widthR: 58.76036323574795
x0: 1813.2341409870212
