alphaL: 1.3551636892663177
alphaR: 1.8414552356547789
event_sum: 0.5281786453560926
mean: 1773.9061870920805
nL: 0.10000962965474308
nR: 1.7583138367125575
norm: 0.5281786453560926
sigma: 180.0
sigmaL: 179.77748806589435
sigmaR: 103.71017636301416
widthL: 179.77748806589435
widthR: 103.71017636301416
x0: 1773.9061870920805
