alphaL: 1.1278541031413603
alphaR: 0.8653392325619972
event_sum: 0.6472031961093307
mean: 1804.0992638133264
nL: 1.0027393020404458
nR: 3.414033264888514
norm: 0.6472031961093307
sigma: 180.0
sigmaL: 182.7695639253842
sigmaR: 55.81112091429827
widthL: 182.7695639253842
widthR: 55.81112091429827
x0: 1804.0992638133264
