alphaL: 0.8734113961158936
alphaR: 1.0242041720699369
event_sum: 0.7246325263186009
mean: 1806.5040394593868
nL: 1.0000169534994698
nR: 2.5896113857823306
norm: 0.7246325263186009
sigma: 180.0
sigmaL: 193.73313052889256
sigmaR: 60.545442487651144
widthL: 193.73313052889256
widthR: 60.545442487651144
x0: 1806.5040394593868
