alphaL: 1.3511913193080831
alphaR: 0.8873611572013429
event_sum: 6.4720318793552
fraction: 0.8272032775562371
mean: 1796.8160087318035
nL: 0.4336021243409531
nR: 4.341608853095223
norm: 5.21265305718407
sigma: 180.0
sigmaL: 185.4663670929156
sigmaR: 62.78461720856478
widthL: 185.4663670929156
widthR: 62.78461720856478
x0: 1796.8160087318035
