alphaL: 0.9397514471069994
alphaR: 1.3675645758167894
event_sum: 2.2940724660410283
mean: 1632.7016825848686
nL: 3.2138634042316436
nR: 3.96028765916874
norm: 2.2940724660410283
sigma: 92.4
sigmaL: 100.39321781844602
sigmaR: 70.40571363901219
widthL: 100.39321781844602
widthR: 70.40571363901219
x0: 1632.7016825848686
