alphaL: 1.0285201023580959
alphaR: 1.5068944324008777
event_sum: 27.812447697175802
fraction: 0.9047521619434967
mean: 1629.9416971855985
nL: 1.1895319195091432
nR: 3.89629543198668
norm: 23.26740501796626
sigma: 92.4
sigmaL: 98.90999033233751
sigmaR: 78.95462271361534
widthL: 98.90999033233751
widthR: 78.95462271361534
x0: 1629.9416971855985
