alphaL: 0.8097686908405605
alphaR: 2.4273243691554165
event_sum: 34.92329684855218
fraction: 0.9835598424796208
mean: 1647.413733121488
nL: 61.34630695843018
nR: 1.3541204027092504
norm: 34.59806724824891
sigma: 87.36321763172548
sigmaL: 57.279919052229786
sigmaR: 45.258178683860265
widthL: 57.279919052229786
widthR: 45.258178683860265
x0: 1647.413733121488
