alphaL: 1.1690874103925684
alphaR: 1.4159812750047465
event_sum: 25.4549770123463
fraction: 0.9391828548522604
mean: 1637.6369676319712
nL: 1.7073287766471168
nR: 3.5222321632095626
norm: 23.111242655905347
sigma: 92.4
sigmaL: 114.21133928007823
sigmaR: 68.86194944043069
widthL: 114.21133928007823
widthR: 68.86194944043069
x0: 1637.6369676319712
