alphaL: 1.0913951216055098
alphaR: 1.6130027648373275
event_sum: 2.2167116361219232
mean: 1633.765663894352
nL: 2.1251846784663173
nR: 2.583571457536487
norm: 2.2167116361219232
sigma: 92.4
sigmaL: 109.11620633817466
sigmaR: 73.19258192873502
widthL: 109.11620633817466
widthR: 73.19258192873502
x0: 1633.765663894352
