alphaL: 0.7924763507971276
alphaR: 1.6683248502743602
event_sum: 2.182849681280469
mean: 1623.4006974138963
nL: 2.520240358985182
nR: 2.8217233055785402
norm: 2.182849681280469
sigma: 92.4
sigmaL: 86.01908846433497
sigmaR: 84.49030018303033
widthL: 86.01908846433497
widthR: 84.49030018303033
x0: 1623.4006974138963
