alphaL: 0.9069882853574154
alphaR: 1.5025456471911631
event_sum: 2.2842594252158372
mean: 1630.5801412167928
nL: 1.78011169991389
nR: 3.792775301240185
norm: 2.2842594252158372
sigma: 92.4
sigmaL: 96.50754846114816
sigmaR: 78.22606847191904
widthL: 96.50754846114816
widthR: 78.22606847191904
x0: 1630.5801412167928
