alphaL: 1.3970601522159944
alphaR: 2.1198586772801282
event_sum: 1.5659755032720322
mean: 3060.1656477214324
nL: 4.549864788907535
nR: 1.623971725369514
norm: 1.5659755032720322
sigma: 229.93423641285472
sigmaL: 128.96840031897457
sigmaR: 70.0515657022909
widthL: 128.96840031897457
widthR: 70.0515657022909
x0: 3060.1656477214324
