alphaL: 1.5128248737399292
alphaR: 1.4994769087881747
event_sum: 1.1915900479738641
mean: 3068.2747062395133
nL: 4.142769114552755
nR: 3.9487300031675776
norm: 1.1915900479738641
sigma: 133.88022710524945
sigmaL: 132.8032730907697
sigmaR: 57.833650374825154
widthL: 132.8032730907697
widthR: 57.833650374825154
x0: 3068.2747062395133
