alphaL: 3.0
alphaR: 2.174123231503599
event_sum: 1.1945142404192373
fraction: 1.0000296453151698
mean: 3096.1955290200135
nL: 9.002365723201951
nR: 1.0
norm: 1.1940722389176057
sigma: 133.6898439856851
sigmaL: 184.38608420167793
sigmaR: 50.830527292679875
widthL: 184.38608420167793
widthR: 50.830527292679875
x0: 3096.1955290200135
