alphaL: 1.2070342821357365
alphaR: 1.6579208541066253
event_sum: 1.1861618222505257
mean: 3058.1448067339147
nL: 4.32742656299528
nR: 4.346311077183983
norm: 1.1861618222505257
sigma: 133.88022710524945
sigmaL: 113.4816679006333
sigmaR: 65.94950266663562
widthL: 113.4816679006333
widthR: 65.94950266663562
x0: 3058.1448067339147
