alphaL: 1.1964423742373664
alphaR: 1.958307612922437
event_sum: 0.7441009808956611
mean: 3043.679120954658
nL: 4.48481914330987
nR: 1.957319841422539
norm: 0.7441009808956611
sigma: 229.93423641285472
sigmaL: 104.69435139875091
sigmaR: 83.58497759009147
widthL: 104.69435139875091
widthR: 83.58497759009147
x0: 3043.679120954658
