alphaL: 1.2026846432884886
alphaR: 1.9131256678044266
event_sum: 0.7451441411469272
mean: 3047.548823739762
nL: 4.520276058243959
nR: 2.0731558430028687
norm: 0.7451441411469272
sigma: 229.93423641285472
sigmaL: 107.83072644641841
sigmaR: 81.1179365735439
widthL: 107.83072644641841
widthR: 81.1179365735439
x0: 3047.548823739762
