alphaL: 1.2289427120814864
alphaR: 2.271953217952644
event_sum: 1.8989632528080913
fraction: 0.9993068843245156
mean: 3057.0404556095386
nL: 9.923817942894816
nR: 2.371950094716933
norm: 1.8986488023193022
sigma: 133.6898439856851
sigmaL: 121.45458621545447
sigmaR: 66.41613861116745
widthL: 121.45458621545447
widthR: 66.41613861116745
x0: 3057.0404556095386
