alphaL: 1.2758568695444976
alphaR: 1.1169863399452356
event_sum: 7.535543007160261
fraction: 0.9990194210346878
mean: 3070.0214126692294
nL: 8.572738425673728
nR: 4.5
norm: 7.447799245299463
sigma: 227.69489951799528
sigmaL: 130.29779791815645
sigmaR: 57.62711362500149
widthL: 130.29779791815645
widthR: 57.62711362500149
x0: 3070.0214126692294
