alphaL: 1.653924341052257
alphaR: 2.2176119902035474
event_sum: 1.5651416402486895
mean: 3070.340265854862
nL: 4.654015483256766
nR: 1.241904225930854
norm: 1.5651416402486895
sigma: 229.93423641285472
sigmaL: 153.94437487796358
sigmaR: 66.2177764774085
widthL: 153.94437487796358
widthR: 66.2177764774085
x0: 3070.340265854862
