alphaL: 0.9004951829694623
alphaR: 2.2924875960221565
event_sum: 15.690644509369973
fraction: 0.9988873667374955
mean: 3047.035574439245
nL: 9.990035118827516
nR: 1.4574887543301165
norm: 15.65235996618394
sigma: 227.69489951799528
sigmaL: 97.54401653469816
sigmaR: 77.07926981333773
widthL: 97.54401653469816
widthR: 77.07926981333773
x0: 3047.035574439245
