alphaL: 1.359192285491158
alphaR: 2.417077927087409
event_sum: 1.896374712383239
mean: 3057.1608938923905
nL: 4.480349898178262
nR: 1.7292727158354941
norm: 1.896374712383239
sigma: 133.88022710524945
sigmaL: 123.4971377395375
sigmaR: 66.22881872174456
widthL: 123.4971377395375
widthR: 66.22881872174456
x0: 3057.1608938923905
