alphaL: 1.7004439668729652
alphaR: 0.01
event_sum: 1.889510086410908
mean: 3113.482879781954
nL: 4.772224014586422
nR: 4.750649395063534
norm: 1.889510086410908
sigma: 133.88022710524945
sigmaL: 167.8148310772489
sigmaR: 5.0
widthL: 167.8148310772489
widthR: 5.0
x0: 3113.482879781954
