alphaL: 0.10001099858586691
alphaR: 1.2876711352130685
event_sum: 0.20215944197843783
mean: 701.378693765449
nL: 1.0000256211814402
nR: 2.9395211086676345
norm: 0.20215944197843783
sigma: 39.2
sigmaL: 25.534329563293717
sigmaR: 30.73599448653481
widthL: 25.534329563293717
widthR: 30.73599448653481
x0: 701.378693765449
