alphaL: 1.0241837324127592
alphaR: 1.409206141087977
event_sum: 0.2360098373683286
mean: 695.9564318899182
nL: 2.492899557437285
nR: 1.865586161787961
norm: 0.2360098373683286
sigma: 34.51438458749532
sigmaL: 42.96722252398739
sigmaR: 35.85923692323433
widthL: 42.96722252398739
widthR: 35.85923692323433
x0: 695.9564318899182
