alphaL: 0.5523754000288744
alphaR: 1.4087148641446183
event_sum: 0.5739781251031673
mean: 703.2036010942855
nL: 4.495722372159019
nR: 3.2179860807551184
norm: 0.5739781251031673
sigma: 39.2
sigmaL: 37.77215821996161
sigmaR: 32.373492659152944
widthL: 37.77215821996161
widthR: 32.373492659152944
x0: 703.2036010942855
