alphaL: 0.5522652012208431
alphaR: 1.4087302538305069
event_sum: 0.5739781251031673
mean: 703.2021869198595
nL: 4.496486747139931
nR: 3.218055012714065
norm: 0.5739781251031673
sigma: 39.2
sigmaL: 37.77359280688939
sigmaR: 32.375325651309396
widthL: 37.77359280688939
widthR: 32.375325651309396
x0: 703.2021869198595
