alphaL: 0.6679185430525091
alphaR: 1.4602881424701561
event_sum: 5.793798867263831
mean: 698.5352110606174
nL: 1.0222827889958799
nR: 4.024794196406456
norm: 5.793798867263831
sigma: 39.2
sigmaL: 35.75807119281483
sigmaR: 36.90398826432025
widthL: 35.75807119281483
widthR: 36.90398826432025
x0: 698.5352110606174
