alphaL: 0.010614957802637917
alphaR: 1.5081707306444931
event_sum: 0.2006755989859812
mean: 705.0192634698594
nL: 2.6240866989589873
nR: 1.6179102885780983
norm: 0.2006755989859812
sigma: 39.2
sigmaL: 5.341007273886864
sigmaR: 30.928275480190027
widthL: 5.341007273886864
widthR: 30.928275480190027
x0: 705.0192634698594
