alphaL: 0.7557899921561941
alphaR: 1.3709870907860815
event_sum: 8.087725440534996
fraction: 0.9915556659809601
mean: 696.8808163260136
nL: 0.2665298336531549
nR: 4.346187256965329
norm: 1.8991695378208533
sigma: 39.2
sigmaL: 46.89728890226856
sigmaR: 36.037991118745396
widthL: 46.89728890226856
widthR: 36.037991118745396
x0: 696.8808163260136
