alphaL: 0.5153597386444525
alphaR: 1.4633158805826705
event_sum: 5.401938695111312
fraction: 0.994827837858547
mean: 697.9231507121598
nL: 8.45883123149584
nR: 4.281678583076926
norm: 5.369281776482239
sigma: 39.2
sigmaL: 32.4207607881339
sigmaR: 37.28088475723451
widthL: 32.4207607881339
widthR: 37.28088475723451
x0: 697.9231507121598
