alphaL: 0.26759093847744775
alphaR: 1.4597087515979517
event_sum: 0.5704439739201916
mean: 700.2106751109604
nL: 3.056595804088282
nR: 1.4615345653730727
norm: 0.5704439739201916
sigma: 39.2
sigmaL: 18.386485527033056
sigmaR: 32.91151786658986
widthL: 18.386485527033056
widthR: 32.91151786658986
x0: 700.2106751109604
