alphaL: 0.10072293249194189
alphaR: 1.3053888681921928
event_sum: 2.0466841510497034
mean: 702.6575991154774
nL: 1.087093695229842
nR: 2.991688317044696
norm: 2.0466841510497034
sigma: 39.2
sigmaL: 19.164641418340334
sigmaR: 30.92145426214003
widthL: 19.164641418340334
widthR: 30.92145426214003
x0: 702.6575991154774
