alphaL: 0.1000109765214802
alphaR: 1.2878979953806815
event_sum: 0.20215944197843783
mean: 701.3861880375684
nL: 1.0000253519899494
nR: 2.9402122057917133
norm: 0.20215944197843783
sigma: 39.2
sigmaL: 25.54686823085651
sigmaR: 30.740692129499923
widthL: 25.54686823085651
widthR: 30.740692129499923
x0: 701.3861880375684
