alphaL: 0.400215418115111
alphaR: 1.2640479179928794
event_sum: 1.9214145145379007
fraction: 0.9856980201191967
mean: 701.2437978738785
nL: 0.40842148491094465
nR: 2.911999976862708
norm: 1.9066830211086199
sigma: 39.2
sigmaL: 38.32342852108133
sigmaR: 30.359181868988607
widthL: 38.32342852108133
widthR: 30.359181868988607
x0: 701.2437978738785
