alphaL: 1.4833190568375938
alphaR: 1.4123207875159363
event_sum: 0.6573843323312758
mean: 703.0664042237622
nL: 1.5399211727276116
nR: 2.380622987464208
norm: 0.6573843323312758
sigma: 34.51438458749532
sigmaL: 47.85934400413481
sigmaR: 33.747793077992256
widthL: 47.85934400413481
widthR: 33.747793077992256
x0: 703.0664042237622
