alphaL: 1.0659433083645486
alphaR: 1.7532223002038274
event_sum: 0.8336313874460757
mean: 1764.212863891117
nL: 1.0786390082630755
nR: 2.9038620445654315
norm: 0.8336313874460757
sigma: 100.8
sigmaL: 102.39831927633148
sigmaR: 93.84995768339219
widthL: 102.39831927633148
widthR: 93.84995768339219
x0: 1764.212863891117
