alphaL: 1.109167826251675
alphaR: 1.461331263278456
event_sum: 25.126160497311503
fraction: 0.9229389217685008
mean: 1780.2458576072315
nL: 1.7226081912136546
nR: 3.4478749770722503
norm: 9.888569393660873
sigma: 100.8
sigmaL: 116.21368390872053
sigmaR: 78.07780003747578
widthL: 116.21368390872053
widthR: 78.07780003747578
x0: 1780.2458576072315
