alphaL: 0.845997818558689
alphaR: 2.750834182819154
event_sum: 0.79424330155598
mean: 1757.3267676120586
nL: 2.6023068149383084
nR: 2.593669354525898
norm: 0.79424330155598
sigma: 100.8
sigmaL: 106.67165075027609
sigmaR: 110.12228729860361
widthL: 106.67165075027609
widthR: 110.12228729860361
x0: 1757.3267676120586
