alphaL: 1.0305677799320785
alphaR: 1.4943434338474273
event_sum: 0.866537889582105
mean: 1775.2207398237044
nL: 3.566484405810676
nR: 3.075523455683136
norm: 0.866537889582105
sigma: 95.20077060807479
sigmaL: 116.38644940587555
sigmaR: 80.42926032682558
widthL: 116.38644940587555
widthR: 80.42926032682558
x0: 1775.2207398237044
