alphaL: 0.8829390240313548
alphaR: 1.6670571381252148
event_sum: 0.8336313874460757
mean: 1774.928810026114
nL: 1.8532322835843889
nR: 2.8608966457903087
norm: 0.8336313874460757
sigma: 100.8
sigmaL: 105.97196511899432
sigmaR: 84.94930729862557
widthL: 105.97196511899432
widthR: 84.94930729862557
x0: 1774.928810026114
