alphaL: 1.0034665776793028
alphaR: 1.4309453177429452
event_sum: 0.975893841125071
mean: 1773.504591919531
nL: 2.06909334717245
nR: 3.516429340309143
norm: 0.975893841125071
sigma: 100.8
sigmaL: 109.34218229357583
sigmaR: 79.48469002924475
widthL: 109.34218229357583
widthR: 79.48469002924475
x0: 1773.504591919531
