alphaL: 1.2639869627906188
alphaR: 1.3413200006010138
event_sum: 11.377671608235687
fraction: 0.9181534854740111
mean: 1779.4300578987052
nL: 1.1772641544635027
nR: 3.9593149409893003
norm: 10.039806337328628
sigma: 100.8
sigmaL: 122.60914394477088
sigmaR: 75.50911258338536
widthL: 122.60914394477088
widthR: 75.50911258338536
x0: 1779.4300578987052
