alphaL: 1.1068089230094529
alphaR: 1.501227324547627
event_sum: 11.096802998567
mean: 1778.2296708473732
nL: 1.118678980969769
nR: 4.372975123820241
norm: 11.096802998567
sigma: 100.8
sigmaL: 118.02697212004792
sigmaR: 82.75344474340963
widthL: 118.02697212004792
widthR: 82.75344474340963
x0: 1778.2296708473732
