alphaL: 1.3705057812599089
alphaR: 1.49387302431735
event_sum: 0.7332499364856631
mean: 1790.8914837700634
nL: 0.2002361937929749
nR: 1.888836180267852
norm: 0.7332499364856631
sigma: 95.20077060807479
sigmaL: 134.39151759988138
sigmaR: 72.68716764028308
widthL: 134.39151759988138
widthR: 72.68716764028308
x0: 1790.8914837700634
