alphaL: 0.994644990096313
alphaR: 1.5051302694957318
event_sum: 25.63795578002464
fraction: 0.8943695600440686
mean: 1781.5214834373628
nL: 1.4345502974058653
nR: 3.8083159530507213
norm: 8.48090245644562
sigma: 100.8
sigmaL: 113.99660540780116
sigmaR: 81.65132624460325
widthL: 113.99660540780116
widthR: 81.65132624460325
x0: 1781.5214834373628
