alphaL: 1.2410109421024285
alphaR: 1.3656829427031878
event_sum: 11.377671608235687
mean: 1777.8978187490218
nL: 1.2335164010257957
nR: 3.7839746312753375
norm: 11.377671608235687
sigma: 100.8
sigmaL: 120.94169782106817
sigmaR: 76.42615016701582
widthL: 120.94169782106817
widthR: 76.42615016701582
x0: 1777.8978187490218
