alphaL: 1.168231710648587
alphaR: 1.5379492714595164
event_sum: 11.096802998567
fraction: 0.8868185754311733
mean: 1776.4753513559392
nL: 0.912574041638964
nR: 4.182287899603289
norm: 8.653744677780196
sigma: 100.8
sigmaL: 116.52832726249534
sigmaR: 84.53243879905033
widthL: 116.52832726249534
widthR: 84.53243879905033
x0: 1776.4753513559392
