alphaL: 0.9959175920020814
alphaR: 1.8047142430275767
event_sum: 0.975893841125071
mean: 1753.4590070627376
nL: 4.499942579132893
nR: 3.754057075869107
norm: 0.975893841125071
sigma: 100.8
sigmaL: 116.59917771236417
sigmaR: 103.22332782182545
widthL: 116.59917771236417
widthR: 103.22332782182545
x0: 1753.4590070627376
