alphaL: 1.0941873787420806
alphaR: 1.3785574867539647
event_sum: 0.9378353108768351
mean: 1783.9870927237391
nL: 2.4265573385906145
nR: 2.211362532106535
norm: 0.9378353108768351
sigma: 100.8
sigmaL: 124.85650949126202
sigmaR: 69.8453065317764
widthL: 124.85650949126202
widthR: 69.8453065317764
x0: 1783.9870927237391
