event_sum: 134.0
norm: 134.0
p1:
  dijet2: -5.200985522175739
  dijet3: -3.3956221663870085
  expow1: -5.405051425968299
  expow2: -5.3266274150152535
  invpow2: 0.8637679449639526
  invpow3: 0.03323129549690204
p2:
  dijet2: -0.04432381239425549
  dijet3: -0.7476880394438729
  expow2: -0.0074182696138292824
  invpow2: -6.02095844885346
  invpow3: -29.99998677259508
p3:
  dijet3: 0.08879501971856218
  invpow3: 0.3490831505773756
