event_sum: 22.0
norm: 22.0
p1:
  dijet2: -5.243514976036878
  dijet3: -6.515104384919017
  expow1: -5.2329765324938
  expow2: -6.066701530806689
  invpow2: 0.9302742693256806
  invpow3: 0.03173595147535121
p2:
  dijet2: -0.0040645718029690405
  dijet3: -0.05348325243685756
  expow2: 0.07597226291531271
  invpow2: -5.801051506417789
  invpow3: -29.999949197160888
p3:
  dijet3: 0.09144162986872643
  invpow3: 0.35839838174826094
