event_sum: 6.0
norm: 6.0
p1:
  dijet2: -0.009890268522811333
  dijet3: -0.00014684856687533637
  expow1: -3.958573658978034
  expow2: -0.0013285610467839463
  invpow2: 0.01436656727847417
  invpow3: 0.019708574537616548
p2:
  dijet2: -0.8415770236189777
  dijet3: -0.4779266750202094
  expow2: -0.368139569447538
  invpow2: -29.30001268339116
  invpow3: -0.0007983976253504929
p3:
  dijet3: -0.09999739341835368
  invpow3: -0.9990214244124264
