event_sum: 134.0
norm: 134.0
p1:
  dijet2: -5.236969612104356
  dijet3: -4.199643120408132
  expow1: -5.400157775646014
  expow2: -5.319326994165906
  invpow2: 0.7833222391918659
  invpow3: 0.03408484509888851
p2:
  dijet2: -0.03514129571911043
  dijet3: -0.5063546919635814
  expow2: -0.00763162685488
  invpow2: -6.100921606735508
  invpow3: -29.999991855589922
p3:
  dijet3: 0.07020126417616526
  invpow3: 0.36648129110825733
