event_sum: 126.0
norm: 126.0
p1:
  dijet2: -0.001040725642834233
  dijet3: -0.00014384278146343295
  expow1: -4.5889570005829325
  expow2: -1.3946580353346033e-06
  invpow2: 0.017427547144916893
  invpow3: 0.009352210979738406
p2:
  dijet2: -0.9886700837511222
  dijet3: -0.6338780604924165
  expow2: -0.44200438010211845
  invpow2: -29.9546177816667
  invpow3: -29.995234535462238
p3:
  dijet3: -0.09999371139866053
  invpow3: -0.9984443121446126
