event_sum: 22.0
norm: 22.0
p1:
  dijet2: -5.232194291554931
  dijet3: -6.203350389205116
  expow1: -5.229298201703417
  expow2: -6.240691107936867
  invpow2: 1.5898770954474655
  invpow3: 0.03297702618191946
p2:
  dijet2: -0.0011437301370253086
  dijet3: -0.10509008091437101
  expow2: 0.09100311975636756
  invpow2: -5.508548135309325
  invpow3: -29.999964027322413
p3:
  dijet3: 0.08861065702285496
  invpow3: 0.37816139316067493
