event_sum: 6.0
norm: 6.0
p1:
  dijet2: -0.0034622458400668755
  dijet3: -1.7631203848135144e-05
  expow1: -3.9778778742353342
  expow2: -0.0004475614212523767
  invpow2: 0.014157719487669833
  invpow3: 0.019757640524551128
p2:
  dijet2: -0.8499628639871236
  dijet3: -0.48325621062511487
  expow2: -0.3685723256685288
  invpow2: -29.998464336432097
  invpow3: -0.004256226450533579
p3:
  dijet3: -0.09999886313105674
  invpow3: -0.9969379315509074
