event_sum: 126.0
norm: 126.0
p1:
  dijet2: -0.0011254176697793493
  dijet3: -0.0008200254529875731
  expow1: -4.5990687245825335
  expow2: -2.2611247851994642e-06
  invpow2: 0.017396883907553975
  invpow3: 0.009352211134971696
p2:
  dijet2: -0.9892569163163276
  dijet3: -0.635884588183532
  expow2: -0.4420536481927445
  invpow2: -29.97673659952859
  invpow3: -29.995195017008676
p3:
  dijet3: -0.0999919554820043
  invpow3: -0.9984773835551144
