alphaL: 0.15526546013231302
alphaR: 1.612567502129691
event_sum: 26.499267604813348
mean: 897.8327651998201
nL: 2.9984067447090497
nR: 2.9962002652967024
norm: 26.499267604813348
sigma: 114.35554017922394
sigmaL: 23.73286355555551
sigmaR: 45.818323793835496
widthL: 23.73286355555551
widthR: 45.818323793835496
x0: 897.8327651998201
