alphaL: 0.3130918272439596
alphaR: 1.5377933730308069
event_sum: 1.8416605290979189
mean: 903.129505919175
nL: 3.98136161063907
nR: 2.588086145091897
norm: 1.8416605290979189
sigma: 114.35640359233781
sigmaL: 44.75774793830897
sigmaR: 39.945747978037424
widthL: 44.75774793830897
widthR: 39.945747978037424
x0: 903.129505919175
