alphaL: 4.249764929509897
alphaR: 2.0594600797911253
event_sum: 19.798654958054904
mean: 880.8349013666431
nL: 2.9982397934364062
nR: 2.5131803004974484
norm: 19.798654958054904
sigma: 126
sigmaL: 157.31613959511552
sigmaR: 62.11281521062362
widthL: 157.31613959511552
widthR: 62.11281521062362
x0: 880.8349013666431
