alphaL: 0.8839588099175882
alphaR: 1.6313104567620775
event_sum: 12.069922955852483
mean: 895.440749659667
nL: 0.2000000315161142
nR: 2.99998394515778
norm: 12.069922955852483
sigma: 114
sigmaL: 46.0755277640007
sigmaR: 47.94690581477996
widthL: 46.0755277640007
widthR: 47.94690581477996
x0: 895.440749659667
