alphaL: 0.24411009266960249
alphaR: 1.5148095100676378
event_sum: 12.18140095327168
mean: 900.5616712697476
nL: 2.9954749356722963
nR: 2.8247490388700904
norm: 12.18140095327168
sigma: 114.35554017922394
sigmaL: 32.89277540809394
sigmaR: 40.93987272190716
widthL: 32.89277540809394
widthR: 40.93987272190716
x0: 900.5616712697476
