alphaL: 0.17769748152282666
alphaR: 1.5972664025189907
event_sum: 26.499267604813348
mean: 898.4797824949486
nL: 2.9685166917012578
nR: 2.9784694896012627
norm: 26.499267604813348
sigma: 114.34289730138518
sigmaL: 27.330751757184597
sigmaR: 45.407066266749936
widthL: 27.330751757184597
widthR: 45.407066266749936
x0: 898.4797824949486
