alphaL: 0.22435060464323556
alphaR: 1.5258654388974424
event_sum: 12.18140095327168
mean: 900.5513100685404
nL: 2.9918240886173098
nR: 2.7899566480567546
norm: 12.18140095327168
sigma: 114.34289730138518
sigmaL: 30.509194564433855
sigmaR: 41.01077897781687
widthL: 30.509194564433855
widthR: 41.01077897781687
x0: 900.5513100685404
