alphaL: 3.8834512870788696
alphaR: 1.5911868039774293
event_sum: 9.055267651532557
mean: 900.5376068211382
nL: 2.991562481634099
nR: 2.742353768655796
norm: 9.055267651532557
sigma: 126
sigmaL: 162.90412680775492
sigmaR: 45.62235460920729
widthL: 162.90412680775492
widthR: 45.62235460920729
x0: 900.5376068211382
