alphaL: 0.16656687628154535
alphaR: 1.4515135140172548
event_sum: 12.819367186509991
mean: 900.7565010695337
nL: 2.998732657349942
nR: 2.920113975835428
norm: 12.819367186509991
sigma: 114
sigmaL: 24.108087851844765
sigmaR: 44.08355466979256
widthL: 24.108087851844765
widthR: 44.08355466979256
x0: 900.7565010695337
