alphaL: 0.2953967951930066
alphaR: 1.5708195655685901
event_sum: 4.006466830094415
mean: 901.106322639873
nL: 2.9603804927551316
nR: 2.7786088333894905
norm: 4.006466830094415
sigma: 114.35640359233781
sigmaL: 45.52413229846006
sigmaR: 43.81631579890816
widthL: 45.52413229846006
widthR: 43.81631579890816
x0: 901.106322639873
