alphaL: 0.856326516377109
alphaR: 1.745338735716995
event_sum: 28.33811417368867
mean: 891.100552369459
nL: 0.20001296402945917
nR: 2.9954405163777706
norm: 28.33811417368867
sigma: 114
sigmaL: 45.556119286477056
sigmaR: 48.95595838399685
widthL: 45.556119286477056
widthR: 48.95595838399685
x0: 891.100552369459
