alphaL: 0.5043686255194314
alphaR: 1.6206553180220322
event_sum: 1.8416605290979189
mean: 901.7374210050921
nL: 2.9910529634282708
nR: 2.242055066362222
norm: 1.8416605290979189
sigma: 114.35640359233781
sigmaL: 69.96808733843159
sigmaR: 42.55306446458253
widthL: 69.96808733843159
widthR: 42.55306446458253
x0: 901.7374210050921
