alphaL: 0.2766766349197381
alphaR: 1.500162527324409
event_sum: 4.006466830094415
mean: 901.5082718285156
nL: 3.955937259051731
nR: 3.1649035378483195
norm: 4.006466830094415
sigma: 114.35640359233781
sigmaL: 45.18550461353238
sigmaR: 43.51179658874392
widthL: 45.18550461353238
widthR: 43.51179658874392
x0: 901.5082718285156
