alphaL: 0.17302367587516884
alphaR: 1.598548387503215
event_sum: 26.499267604813348
mean: 898.4564448182873
nL: 2.9802162447017517
nR: 2.9506482250948576
norm: 26.499267604813348
sigma: 114
sigmaL: 26.603184705661775
sigmaR: 45.402187093205924
widthL: 26.603184705661775
widthR: 45.402187093205924
x0: 898.4564448182873
