alphaL: 0.22177312557997184
alphaR: 1.5953082861754675
event_sum: 30.136844532137186
mean: 898.4589861503814
nL: 2.997086835621503
nR: 2.8993365672109412
norm: 30.136844532137186
sigma: 114
sigmaL: 32.31611028820406
sigmaR: 44.1002221752952
widthL: 32.31611028820406
widthR: 44.1002221752952
x0: 898.4589861503814
