alphaL: 0.2359926820928859
alphaR: 1.5340781257860983
event_sum: 12.18140095327168
mean: 900.1687776675229
nL: 2.9999366398641008
nR: 2.72517985427921
norm: 12.18140095327168
sigma: 114
sigmaL: 31.524603538342735
sigmaR: 41.28403886386754
widthL: 31.524603538342735
widthR: 41.28403886386754
x0: 900.1687776675229
