alphaL: 1.1079127200177383
alphaR: 1.5053288780829805
event_sum: 32.34082552883774
mean: 896.3358753035286
nL: 3.892000491667932
nR: 3.925840885273573
norm: 32.34082552883774
sigma: 50.4
sigmaL: 60.105701050104024
sigmaR: 45.3801919333524
widthL: 60.105701050104024
widthR: 45.3801919333524
x0: 896.3358753035286
