alphaL: 1.1911183771326133
alphaR: 1.4572222950210132
event_sum: 1.6243865094875218
mean: 893.7928424285487
nL: 4.1419649098447415
nR: 3.8165133359044314
norm: 1.6243865094875218
sigma: 50.4
sigmaL: 61.69222709536879
sigmaR: 43.508451430947744
widthL: 61.69222709536879
widthR: 43.508451430947744
x0: 893.7928424285487
