alphaL: 1.0932440206871843
alphaR: 1.475013081009861
event_sum: 31.927931406884454
fraction: 0.9963001719151962
mean: 896.9797652534539
nL: 4.463421580918512
nR: 3.879649166960466
norm: 31.851984116306994
sigma: 50.4
sigmaL: 60.55196806882686
sigmaR: 44.314286613837105
widthL: 60.55196806882686
widthR: 44.314286613837105
x0: 896.9797652534539
