alphaL: 1.255740988545201
alphaR: 1.6701600944205126
event_sum: 1.5857142633394687
mean: 895.010371153916
nL: 2.396698103454594
nR: 2.1120989448992527
norm: 1.5857142633394687
sigma: 50.4
sigmaL: 64.36298538361915
sigmaR: 44.02717524905023
widthL: 64.36298538361915
widthR: 44.02717524905023
x0: 895.010371153916
