alphaL: 1.1142638041594093
alphaR: 1.4866418915560167
event_sum: 32.48128266626736
mean: 896.669526755625
nL: 3.9655930031318594
nR: 3.9062798178125795
norm: 32.48128266626736
sigma: 50.4
sigmaL: 60.51622864355838
sigmaR: 44.86328046774371
widthL: 60.51622864355838
widthR: 44.86328046774371
x0: 896.669526755625
