alphaL: 1.1025259427926135
alphaR: 1.509691299583539
event_sum: 3.2340827877051197
mean: 896.762977807061
nL: 3.8670238599685582
nR: 3.9176790990981685
norm: 3.2340827877051197
sigma: 50.4
sigmaL: 59.943378945740236
sigmaR: 44.8664496152314
widthL: 59.943378945740236
widthR: 44.8664496152314
x0: 896.762977807061
