alphaL: 1.0355965416826864
alphaR: 1.5303703747083948
event_sum: 31.927931406884454
fraction: 0.9961885398214412
mean: 895.3357108062465
nL: 4.784874675266377
nR: 3.740591910065
norm: 31.851984116306994
sigma: 50.4
sigmaL: 58.07425306960547
sigmaR: 45.76949183058586
widthL: 58.07425306960547
widthR: 45.76949183058586
x0: 895.3357108062465
