alphaL: 1.3419960879677306
alphaR: 1.3996872562795175
event_sum: 16.34051177854417
mean: 898.9372548772956
nL: 3.5474004859295447
nR: 3.4655937239270953
norm: 16.34051177854417
sigma: 50.4
sigmaL: 68.23226031911108
sigmaR: 39.914981562087284
widthL: 68.23226031911108
widthR: 39.914981562087284
x0: 898.9372548772956
