alphaL: 1.314467797245068
alphaR: 1.4045550233567172
event_sum: 16.243863903917372
mean: 897.623760209382
nL: 3.5097113145061045
nR: 3.695092224636674
norm: 16.243863903917372
sigma: 50.4
sigmaL: 66.97211066028042
sigmaR: 40.91585945400692
widthL: 66.97211066028042
widthR: 40.91585945400692
x0: 897.623760209382
