alphaL: 1.1924926115337924
alphaR: 1.4585937638453006
event_sum: 1.6243865094875218
mean: 893.8038742625995
nL: 4.1477792203455754
nR: 3.8196096904798633
norm: 1.6243865094875218
sigma: 50.4
sigmaL: 61.731759453700896
sigmaR: 43.55526157022742
widthL: 61.731759453700896
widthR: 43.55526157022742
x0: 893.8038742625995
