alphaL: 1.3332160453119322
alphaR: 1.3805925225363953
event_sum: 16.069420014333446
fraction: 0.9955579340404285
mean: 899.2247899839756
nL: 3.60274047362026
nR: 3.5550622176836146
norm: 16.00636685016798
sigma: 50.4
sigmaL: 68.51843922524951
sigmaR: 39.64002667899217
widthL: 68.51843922524951
widthR: 39.64002667899217
x0: 899.2247899839756
