alphaL: 1.2210843473661686
alphaR: 1.725654589024662
event_sum: 3.1532647249186994
mean: 896.6073703142856
nL: 2.167924687162788
nR: 2.134425963879615
norm: 3.1532647249186994
sigma: 50.4
sigmaL: 62.16309469469824
sigmaR: 46.5314421400433
widthL: 62.16309469469824
widthR: 46.5314421400433
x0: 896.6073703142856
