alphaL: 1.1033573457027186
alphaR: 1.5111256156851918
event_sum: 3.2340827877051197
mean: 896.8224464340424
nL: 3.866629860537571
nR: 3.923644886348992
norm: 3.2340827877051197
sigma: 50.4
sigmaL: 59.91611449407515
sigmaR: 45.024212251471134
widthL: 59.91611449407515
widthR: 45.024212251471134
x0: 896.8224464340424
