alphaL: 1.114019179391413
alphaR: 1.4972964201558174
event_sum: 32.48128266626736
mean: 896.6220005209304
nL: 3.9316020335567265
nR: 3.83490983386452
norm: 32.48128266626736
sigma: 50.4
sigmaL: 60.423985553068185
sigmaR: 44.936855517854674
widthL: 60.423985553068185
widthR: 44.936855517854674
x0: 896.6220005209304
