alphaL: 0.8646265176217497
alphaR: 1.3184839529415147
event_sum: 1.362985045176174
mean: 900.6110031291352
nL: 0.2001607047364315
nR: 3.517078727750393
norm: 1.362985045176174
sigma: 105.38687713706946
sigmaL: 59.81939044900188
sigmaR: 39.024176613050535
widthL: 59.81939044900188
widthR: 39.024176613050535
x0: 900.6110031291352
