alphaL: 1.2995053263125063
alphaR: 1.4145155828360116
event_sum: 16.34051177854417
mean: 898.2842391160924
nL: 4.031404904589296
nR: 3.4411389957313814
norm: 16.34051177854417
sigma: 50.4
sigmaL: 67.23287507922745
sigmaR: 40.44205491524329
widthL: 67.23287507922745
widthR: 40.44205491524329
x0: 898.2842391160924
