alphaL: 0.6526644670463219
alphaR: 1.502136856405338
event_sum: 2.988932886713883
mean: 896.9715504042039
nL: 0.2000022803861749
nR: 3.392465218624167
norm: 2.988932886713883
sigma: 105.38687713706946
sigmaL: 45.56337900505488
sigmaR: 45.33125405803782
widthL: 45.56337900505488
widthR: 45.33125405803782
x0: 896.9715504042039
