alphaL: 1.5566344744305347
alphaR: 1.3631848861533693
event_sum: 16.069420014333446
fraction: 0.995387851562987
mean: 900.181537523633
nL: 1.6754348230048284
nR: 3.505938870110802
norm: 16.00636685016798
sigma: 50.4
sigmaL: 70.13788978803528
sigmaR: 38.8447512419191
widthL: 70.13788978803528
widthR: 38.8447512419191
x0: 900.181537523633
