alphaL: 1.7584098189188342
alphaR: 2.242103264578724
event_sum: 88.89906365796924
mean: 1003.0388846689929
nL: 4.4966323116604485
nR: 4.2682041423301404
norm: 88.89906365796924
sigma: 49.8083558462651
sigmaL: 52.36473519855584
sigmaR: 31.67408253443911
widthL: 52.36473519855584
widthR: 31.67408253443911
x0: 1003.0388846689929
