alphaL: 0.8493290851997063
alphaR: 2.46287115056278
event_sum: 38.01251129433513
fraction: 0.9852161561307973
mean: 995.0171937990227
nL: 10.454791019034424
nR: 7.027457305539208
norm: 37.86812952533364
sigma: 49.93955528208971
sigmaL: 36.398921055736174
sigmaR: 33.48111474718084
widthL: 36.398921055736174
widthR: 33.48111474718084
x0: 995.0171937990227
