alphaL: 1.5955558510360284
alphaR: 1.8743634968341016
event_sum: 1.5779451722919475
mean: 1005.0390287056504
nL: 4.072109345671781
nR: 4.165058002024905
norm: 1.5779451722919475
sigma: 51.19074819916249
sigmaL: 50.0934205632967
sigmaR: 31.101770031568048
widthL: 50.0934205632967
widthR: 31.101770031568048
x0: 1005.0390287056504
