alphaL: 1.251531245070068
alphaR: 1.3330739805985183
event_sum: 7.374759551836178
mean: 981.754760665117
nL: 2.2307866373413296
nR: 4.484502033710331
norm: 7.374759551836178
sigma: 128.03107891332866
sigmaL: 90.45765570789635
sigmaR: 62.00395444506394
widthL: 90.45765570789635
widthR: 62.00395444506394
x0: 981.754760665117
