alphaL: 1.5955145708255953
alphaR: 1.8743311400336635
event_sum: 1.5779451722919475
mean: 1005.0333649837223
nL: 4.072147231022074
nR: 4.165292978897179
norm: 1.5779451722919475
sigma: 51.19074819916249
sigmaL: 50.091008434868485
sigmaR: 31.104790972580435
widthL: 50.091008434868485
widthR: 31.104790972580435
x0: 1005.0333649837223
