alphaL: 1.4598249154929024
alphaR: 2.8258258332740858
event_sum: 0.9542885897972155
mean: 997.9621760644566
nL: 1.9564850444599222
nR: 2.2972825501743266
norm: 0.9542885897972155
sigma: 51.19074819916249
sigmaL: 43.53979544922048
sigmaR: 31.365362929141508
widthL: 43.53979544922048
widthR: 31.365362929141508
x0: 997.9621760644566
