alphaL: 1.4674968246136562
alphaR: 2.5149439385585244
event_sum: 38.01251129433513
mean: 999.2142937049457
nL: 4.499963064101683
nR: 4.492295815263157
norm: 38.01251129433513
sigma: 49.93955528208971
sigmaL: 49.03823280673686
sigmaR: 31.733760210546645
widthL: 49.03823280673686
widthR: 31.733760210546645
x0: 999.2142937049457
