alphaL: 1.0003580968628123
alphaR: 1.7175395401435982
event_sum: 15.789421455003321
fraction: 0.9932403302573908
mean: 1000.9606324390029
nL: 37.33701735994046
nR: 9.964670446728027
norm: 15.721044314093888
sigma: 51.19074819916249
sigmaL: 41.09360974810417
sigmaR: 32.97491850842531
widthL: 41.09360974810417
widthR: 32.97491850842531
x0: 1000.9606324390029
