alphaL: 1.374985180555112
alphaR: 1.8683708732655149
event_sum: 15.789421455003321
fraction: 0.9996435415537842
mean: 1003.6975859893788
nL: 9.996291650237039
nR: 4.494993164395137
norm: 15.785147883696482
sigma: 51.19074819916249
sigmaL: 48.022676065472666
sigmaR: 31.900948192410446
widthL: 48.022676065472666
widthR: 31.900948192410446
x0: 1003.6975859893788
