alphaL: 0.8087934415540546
alphaR: 2.1166125864652137
event_sum: 9.58134686993435
fraction: 0.990034059753283
mean: 999.847237133138
nL: 46.840956440993466
nR: 4.701383161663721
norm: 9.537186633097008
sigma: 51.19074819916249
sigmaL: 36.89362650211184
sigmaR: 29.609194783685787
widthL: 36.89362650211184
widthR: 29.609194783685787
x0: 999.847237133138
