alphaL: 1.1461603563239722
alphaR: 2.626952181499416
event_sum: 88.95521212369204
fraction: 0.994279457931444
mean: 999.0052305922557
nL: 139.54035758555497
nR: 2.2175592712811887
norm: 88.68249100446701
sigma: 49.93955528208971
sigmaL: 44.91096650355942
sigmaR: 33.827093591224454
widthL: 44.91096650355942
widthR: 33.827093591224454
x0: 999.0052305922557
