alphaL: 1.0790515761962731
alphaR: 2.54387228687805
event_sum: 37.83604468777776
mean: 996.4753951417161
nL: 4.999283288435354
nR: 3.9777775810727123
norm: 37.83604468777776
sigma: 49.8083558462651
sigmaL: 41.40773580328318
sigmaR: 32.80734118355379
widthL: 41.40773580328318
widthR: 32.80734118355379
x0: 996.4753951417161
