alphaL: 1.6017605022400632
alphaR: 2.2591398669380838
event_sum: 88.95521212369204
fraction: 0.999829228579086
mean: 1002.2413098172073
nL: 9.99698409389321
nR: 4.2213905758752635
norm: 88.94719091430306
sigma: 49.93955528208971
sigmaL: 51.25522502877495
sigmaR: 32.04120783511186
widthL: 51.25522502877495
widthR: 32.04120783511186
x0: 1002.2413098172073
