alphaL: 1.1006344683778035
alphaR: 2.5647619201993686
event_sum: 38.01251129433513
fraction: 0.9996625334601649
mean: 996.5008170180738
nL: 9.998602165997758
nR: 4.483501468688438
norm: 38.01251129433513
sigma: 49.93955528208971
sigmaL: 42.56346442727278
sigmaR: 32.88591238664679
widthL: 42.56346442727278
widthR: 32.88591238664679
x0: 996.5008170180738
