alphaL: 1.7584564382512249
alphaR: 2.2422364431712913
event_sum: 88.89906365796924
mean: 1003.0410814805032
nL: 4.496724940296497
nR: 4.266984343765965
norm: 88.89906365796924
sigma: 49.8083558462651
sigmaL: 52.36706785874186
sigmaR: 31.672257931448318
widthL: 52.36706785874186
widthR: 31.672257931448318
x0: 1003.0410814805032
