alphaL: 1.5957054267981654
alphaR: 2.20048671587868
event_sum: 0.9551432065927656
mean: 1004.5952516000542
nL: 3.9626900723516654
nR: 2.7604548016751105
norm: 0.9551432065927656
sigma: 51.30861387125126
sigmaL: 52.48389324488638
sigmaR: 28.029135807916585
widthL: 52.48389324488638
widthR: 28.029135807916585
x0: 1004.5952516000542
