alphaL: 1.3549685254262678
alphaR: 2.0353017609923807
event_sum: 9.58134686993435
fraction: 0.99969941495925
mean: 1004.2402303856866
nL: 9.996255484878802
nR: 4.35727734039213
norm: 9.58134686993435
sigma: 51.19074819916249
sigmaL: 50.067130770691165
sigmaR: 27.451399530539476
widthL: 50.067130770691165
widthR: 27.451399530539476
x0: 1004.2402303856866
