alphaL: 1.257868668640836
alphaR: 2.5405162148610745
event_sum: 37.98042645677924
mean: 997.6322135311055
nL: 4.499950171966989
nR: 4.472031995220719
norm: 37.98042645677924
sigma: 49.8083558462651
sigmaL: 44.85494909557366
sigmaR: 32.319782594243165
widthL: 44.85494909557366
widthR: 32.319782594243165
x0: 997.6322135311055
