alphaL: 1.949304644304781
alphaR: 2.210505567794659
event_sum: 88.95521212369204
mean: 1004.1558094977845
nL: 4.498981569880343
nR: 4.223074236577418
norm: 88.95521212369204
sigma: 49.93955528208971
sigmaL: 54.381167297353414
sigmaR: 31.068573479292002
widthL: 54.381167297353414
widthR: 31.068573479292002
x0: 1004.1558094977845
