alphaL: 1.5366209855664266
alphaR: 2.2835420671162288
event_sum: 0.9574225424730685
mean: 1004.4339518326015
nL: 4.4404122983396626
nR: 2.3070563746198913
norm: 0.9574225424730685
sigma: 51.19074819916249
sigmaL: 51.277161082878365
sigmaR: 27.725868326949456
widthL: 51.277161082878365
widthR: 27.725868326949456
x0: 1004.4339518326015
