alphaL: 1.3104052017137489
alphaR: 2.5833218512820784
event_sum: 37.98042645677924
mean: 997.8230038016593
nL: 3.9999999996951376
nR: 3.9993351751408075
norm: 37.98042645677924
sigma: 49.8083558462651
sigmaL: 45.502063182424074
sigmaR: 32.265133324485625
widthL: 45.502063182424074
widthR: 32.265133324485625
x0: 997.8230038016593
