alphaL: 1.801287923146364
alphaR: 2.3933000014257795
event_sum: 88.89906365796924
mean: 1002.7822753105844
nL: 3.999002622444874
nR: 3.1529318252142167
norm: 88.89906365796924
sigma: 49.8083558462651
sigmaL: 52.367916833971144
sigmaR: 31.990124989220675
widthL: 52.367916833971144
widthR: 31.990124989220675
x0: 1002.7822753105844
