alphaL: 1.2519074942877784
alphaR: 2.5441549505872176
event_sum: 37.98042645677924
mean: 997.5652187080584
nL: 4.4998708038348605
nR: 4.456408762988795
norm: 37.98042645677924
sigma: 49.8083558462651
sigmaL: 44.68003117483849
sigmaR: 32.35290578165435
widthL: 44.68003117483849
widthR: 32.35290578165435
x0: 997.5652187080584
