alphaL: 1.4537909713229957
alphaR: 1.9414805367979464
event_sum: 1.5728168860950973
mean: 1003.6020991511543
nL: 3.4622839823960407
nR: 3.2882586116389776
norm: 1.5728168860950973
sigma: 51.19074819916249
sigmaL: 48.000860377267166
sigmaR: 32.06655561066573
widthL: 48.000860377267166
widthR: 32.06655561066573
x0: 1003.6020991511543
