alphaL: 1.518341949142296
alphaR: 2.0515670445998575
event_sum: 0.9574225424730685
mean: 1004.7850321513466
nL: 4.498783742230116
nR: 4.112909597915584
norm: 0.9574225424730685
sigma: 51.19074819916249
sigmaL: 51.40682855972569
sigmaR: 27.306898778792817
widthL: 51.40682855972569
widthR: 27.306898778792817
x0: 1004.7850321513466
