alphaL: 1.1433848681454317
alphaR: 1.3327205308881167
event_sum: 12.823562968056649
mean: 991.1587069776112
nL: 1.9821747584826754
nR: 4.056802746654277
norm: 12.823562968056649
sigma: 128.03107891332866
sigmaL: 99.27842590300263
sigmaR: 55.36439854768107
widthL: 99.27842590300263
widthR: 55.36439854768107
x0: 991.1587069776112
