alphaL: 1.5321845129644083
alphaR: 1.9612982917322725
event_sum: 1.5748110587446718
mean: 1003.5999932230724
nL: 3.4927762711563517
nR: 3.192348425504145
norm: 1.5748110587446718
sigma: 51.30861387125126
sigmaL: 48.42278137153396
sigmaR: 32.16219004440484
widthL: 48.42278137153396
widthR: 32.16219004440484
x0: 1003.5999932230724
