alphaL: 1.5546253680634343
alphaR: 2.486830924260259
event_sum: 88.65040616691113
mean: 1001.2491867328263
nL: 4.990768467116198
nR: 2.781008321706648
norm: 88.65040616691113
sigma: 49.8083558462651
sigmaL: 49.60598978539328
sigmaR: 32.77004885472482
widthL: 49.60598978539328
widthR: 32.77004885472482
x0: 1001.2491867328263
