alphaL: 1.1294366659393944
alphaR: 1.1755077895459587
event_sum: 3.0487876132954663
mean: 1050.5948567740643
nL: 1.7671781012300036
nR: 3.302138735186482
norm: 3.0487876132954663
sigma: 105.0
sigmaL: 106.8140731345593
sigmaR: 47.03253127214226
widthL: 106.8140731345593
widthR: 47.03253127214226
x0: 1050.5948567740643
