alphaL: 1.031276218590657
alphaR: 2.395221980024595
event_sum: 22.216286458348996
fraction: 0.9916644815488127
mean: 1052.5398674624253
nL: 61.95078783992956
nR: 2.810877957478859
norm: 22.075226227517042
sigma: 54.34215474438976
sigmaL: 46.93253722481534
sigmaR: 31.313939582714664
widthL: 46.93253722481534
widthR: 31.313939582714664
x0: 1052.5398674624253
