alphaL: 1.174826232001368
alphaR: 1.2603709472607407
event_sum: 17.35086878619957
fraction: 0.9824098640583482
mean: 1036.3297810935926
nL: 2.873005883630427
nR: 4.5
norm: 16.982253517054218
sigma: 105.0
sigmaL: 96.80027945571779
sigmaR: 61.461752054373626
widthL: 96.80027945571779
widthR: 61.461752054373626
x0: 1036.3297810935926
