alphaL: 1.347688272898237
alphaR: 1.2519980219431055
event_sum: 1.7572424382017457
mean: 1037.133140723152
nL: 1.294718055120291
nR: 3.6834554941515085
norm: 1.7572424382017457
sigma: 105.0
sigmaL: 99.27329040566062
sigmaR: 60.281410989775885
widthL: 99.27329040566062
widthR: 60.281410989775885
x0: 1037.133140723152
