alphaL: 1.0838236451284098
alphaR: 1.3168037332132363
event_sum: 30.073643847332185
fraction: 0.9765964960778547
mean: 1042.5740389683056
nL: 0.6152780681868633
nR: 3.8007574483120603
norm: 29.342016296231815
sigma: 105.0
sigmaL: 101.78468466704803
sigmaR: 57.21717267694696
widthL: 101.78468466704803
widthR: 57.21717267694696
x0: 1042.5740389683056
