alphaL: 1.1585342740450324
alphaR: 1.3088354086835006
event_sum: 1.765543941883695
mean: 1037.4543786602367
nL: 2.692139857980412
nR: 3.7879354551550306
norm: 1.765543941883695
sigma: 105.0
sigmaL: 95.76366340149009
sigmaR: 61.15385995420409
widthL: 95.76366340149009
widthR: 61.15385995420409
x0: 1037.4543786602367
