alphaL: 1.227586511002694
alphaR: 1.5817489596353347
event_sum: 3.065063324806822
mean: 1042.0666637541176
nL: 3.7764322732403475
nR: 3.095030482201377
norm: 3.065063324806822
sigma: 105.0
sigmaL: 108.17369390294839
sigmaR: 62.458140712367985
widthL: 108.17369390294839
widthR: 62.458140712367985
x0: 1042.0666637541176
