alphaL: 1.1053329726727703
alphaR: 2.407540703855726
event_sum: 2.571864398990029
fraction: 0.9984991663532331
mean: 2695.397377592442
nL: 9.995204962046426
nR: 1.8942679077939937
norm: 2.5713380133610286
sigma: 123.30148710281334
sigmaL: 103.44197115639311
sigmaR: 61.59511272359853
widthL: 103.44197115639311
widthR: 61.59511272359853
x0: 2695.397377592442
