alphaL: 1.2956609035849593
alphaR: 2.261406840594622
event_sum: 1.2001904314409153
mean: 2701.2949514433967
nL: 4.489388829556923
nR: 1.343056705058145
norm: 1.2001904314409153
sigma: 166.78161213368685
sigmaL: 111.8002409023824
sigmaR: 60.54959485281137
widthL: 111.8002409023824
widthR: 60.54959485281137
x0: 2701.2949514433967
