alphaL: 1.1074359768789304
alphaR: 2.305960530851549
event_sum: 2.718611310772471
mean: 2696.024363688711
nL: 4.998700380697035
nR: 2.176226350730215
norm: 2.718611310772471
sigma: 123.81753768668736
sigmaL: 102.06065740907037
sigmaR: 60.573061252274634
widthL: 102.06065740907037
widthR: 60.573061252274634
x0: 2696.024363688711
