alphaL: 1.6042793485946325
alphaR: 1.2507153547146983
event_sum: 0.7433434043435407
mean: 2724.3479836151632
nL: 3.6424057836471464
nR: 3.2937569864595244
norm: 0.7433434043435407
sigma: 166.78161213368685
sigmaL: 134.16495179482246
sigmaR: 45.32460772227527
widthL: 134.16495179482246
widthR: 45.32460772227527
x0: 2724.3479836151632
