alphaL: 1.0488351116305112
alphaR: 2.000015562328019
event_sum: 2.0642029608934886
fraction: 0.9988388977586315
mean: 2697.626657183011
nL: 9.755441452299213
nR: 2.6183963963265637
norm: 2.063820466592042
sigma: 123.30148710281334
sigmaL: 95.28691229181526
sigmaR: 61.1062744597466
widthL: 95.28691229181526
widthR: 61.1062744597466
x0: 2697.626657183011
