alphaL: 0.9550254191376968
alphaR: 2.326563306976515
event_sum: 11.648387861292687
fraction: 0.9968548134991935
mean: 2695.8580577206812
nL: 10.0
nR: 1.3065472429293479
norm: 11.624103688065492
sigma: 165.86691629884345
sigmaL: 96.15273175131009
sigmaR: 63.27548460728186
widthL: 96.15273175131009
widthR: 63.27548460728186
x0: 2695.8580577206812
