alphaL: 1.0752017433661336
alphaR: 1.8516760314968237
event_sum: 2.161059339495317
mean: 2698.8472947685905
nL: 4.7611272836285865
nR: 3.541416481179358
norm: 2.161059339495317
sigma: 123.81753768668736
sigmaL: 94.94355327454963
sigmaR: 59.34240928061004
widthL: 94.94355327454963
widthR: 59.34240928061004
x0: 2698.8472947685905
