alphaL: 1.349636096451655
alphaR: 1.4665706067486752
event_sum: 0.7419211873136534
mean: 2711.742695172995
nL: 3.319835245094795
nR: 2.6945997351209448
norm: 0.7419211873136534
sigma: 166.78161213368685
sigmaL: 114.10587787044008
sigmaR: 51.07760600192839
widthL: 114.10587787044008
widthR: 51.07760600192839
x0: 2711.742695172995
