alphaL: 1.3233588577934094
alphaR: 2.225081935991588
event_sum: 2.7298728785792425
mean: 2700.7244945468155
nL: 4.472253739131759
nR: 2.1961171703482973
norm: 2.7298728785792425
sigma: 123.81753768668736
sigmaL: 112.9059997919412
sigmaR: 58.24477706390176
widthL: 112.9059997919412
widthR: 58.24477706390176
x0: 2700.7244945468155
