alphaL: 1.2350292019384659
alphaR: 2.04917951477253
event_sum: 2.1712535786627534
mean: 2693.1418879563257
nL: 3.5459464479288823
nR: 4.228683368087264
norm: 2.1712535786627534
sigma: 123.81753768668736
sigmaL: 96.06524237756506
sigmaR: 65.15145967393451
widthL: 96.06524237756506
widthR: 65.15145967393451
x0: 2693.1418879563257
