alphaL: 1.205420313088545
alphaR: 1.4209283728616815
event_sum: 7.24014538057116
fraction: 0.9981354575562755
mean: 2713.775314165573
nL: 9.543438880860672
nR: 2.9905755109155443
norm: 7.204918855767239
sigma: 165.86691629884345
sigmaL: 117.9812990713951
sigmaR: 52.159978241886236
widthL: 117.9812990713951
widthR: 52.159978241886236
x0: 2713.775314165573
