alphaL: 1.0686294612171687
alphaR: 2.2469600466264033
event_sum: 1.1971812308930756
mean: 2694.8102637599004
nL: 4.729417144683605
nR: 1.543546101595621
norm: 1.1971812308930756
sigma: 166.78161213368685
sigmaL: 96.77717274614501
sigmaR: 63.22854576909667
widthL: 96.77717274614501
widthR: 63.22854576909667
x0: 2694.8102637599004
