alphaL: 1.1684195844874044
alphaR: 1.6862708215853244
event_sum: 1.8423884941753823
mean: 1750.8822927120968
nL: 0.2002975273965461
nR: 1.5971608844267278
norm: 1.8423884941753823
sigma: 116.80978634825561
sigmaL: 147.23282997701833
sigmaR: 109.72341163423938
widthL: 147.23282997701833
widthR: 109.72341163423938
x0: 1750.8822927120968
