alphaL: 1.0551360458703818
alphaR: 1.646012769748811
event_sum: 5.1465965907352516
mean: 1750.5971130995604
nL: 0.20012188801694736
nR: 2.844687205627859
norm: 5.1465965907352516
sigma: 116
sigmaL: 156.26974869118104
sigmaR: 112.63572331556271
widthL: 156.26974869118104
widthR: 112.63572331556271
x0: 1750.5971130995604
