alphaL: 0.9561974961196535
alphaR: 1.8204679325877349
event_sum: 9.421262658824919
mean: 1745.8363972958014
nL: 0.2000000013831958
nR: 2.9999856646133174
norm: 9.421262658824919
sigma: 116
sigmaL: 143.0572338785464
sigmaR: 117.90257986181244
widthL: 143.0572338785464
widthR: 117.90257986181244
x0: 1745.8363972958014
