alphaL: 1.0484210557862175
alphaR: 1.336718768880942
event_sum: 1.7058993611699853
mean: 1779.1250729569786
nL: 0.20195378244058543
nR: 2.2751891228083796
norm: 1.7058993611699853
sigma: 116.80978634825561
sigmaL: 184.31968507888223
sigmaR: 84.71657407876161
widthL: 184.31968507888223
widthR: 84.71657407876161
x0: 1779.1250729569786
