alphaL: 0.2982006596297374
alphaR: 1.7382091423748194
event_sum: 14.193907238525588
mean: 1745.188517840265
nL: 2.9995457880229304
nR: 2.9973535686214063
norm: 14.193907238525588
sigma: 439
sigmaL: 72.09407635230248
sigmaR: 115.28532917537328
widthL: 72.09407635230248
widthR: 115.28532917537328
x0: 1745.188517840265
