alphaL: 1.1714311029499793
alphaR: 1.5825397082494557
event_sum: 12.183170493838494
mean: 1752.6497554255814
nL: 0.2000483220927096
nR: 2.4015269463305535
norm: 12.183170493838494
sigma: 116.89206737434267
sigmaL: 149.04880837498362
sigmaR: 108.82253498622869
widthL: 149.04880837498362
widthR: 108.82253498622869
x0: 1752.6497554255814
