alphaL: 1.0328054489941287
alphaR: 1.525448612589132
event_sum: 11.294737948308969
mean: 1755.9269195529992
nL: 0.2012122576583376
nR: 2.5983396230547045
norm: 11.294737948308969
sigma: 116
sigmaL: 154.8916750656061
sigmaR: 106.31037813981038
widthL: 154.8916750656061
widthR: 106.31037813981038
x0: 1755.9269195529992
