alphaL: 1.170163885899799
alphaR: 1.5879464941126067
event_sum: 12.186740621585294
mean: 1752.9862482782826
nL: 0.2000432325235519
nR: 2.377009240095753
norm: 12.186740621585294
sigma: 116.98891727425419
sigmaL: 149.44949081379218
sigmaR: 108.82074390742507
widthL: 149.44949081379218
widthR: 108.82074390742507
x0: 1752.9862482782826
