alphaL: 1.0477446490677773
alphaR: 1.350008890757276
event_sum: 1.7058993611699853
mean: 1779.765560732432
nL: 0.20036071421590465
nR: 2.091615700235881
norm: 1.7058993611699853
sigma: 116.80978634825561
sigmaL: 184.2927131076872
sigmaR: 84.63661895372141
widthL: 184.2927131076872
widthR: 84.63661895372141
x0: 1779.765560732432
