alphaL: 1.2475646957588462
alphaR: 1.7576776343750657
event_sum: 32.089120890609614
mean: 1749.6140835414526
nL: 0.20000399940733093
nR: 2.9990442711361056
norm: 32.089120890609614
sigma: 116
sigmaL: 154.45692604860773
sigmaR: 114.90298091555597
widthL: 154.45692604860773
widthR: 114.90298091555597
x0: 1749.6140835414526
