alphaL: 1.1629348067009724
alphaR: 1.566505704127769
event_sum: 1.8423884941753823
mean: 1754.382726871845
nL: 0.20003963486136794
nR: 1.9945639350916384
norm: 1.8423884941753823
sigma: 116.80978634825561
sigmaL: 149.49547152317658
sigmaR: 105.91587008356548
widthL: 149.49547152317658
widthR: 105.91587008356548
x0: 1754.382726871845
