alphaL: 1.0371530655028918
alphaR: 1.5000446461113386
event_sum: 11.292711201312382
mean: 1756.4068712778503
nL: 0.20140706269683806
nR: 2.95241123297711
norm: 11.292711201312382
sigma: 116.89206737434267
sigmaL: 155.9826590700098
sigmaR: 105.04919946034552
widthL: 155.9826590700098
widthR: 105.04919946034552
x0: 1756.4068712778503
