alphaL: 1.1232810964604096
alphaR: 1.457871236413846
event_sum: 20.146252626702836
mean: 1757.745289688504
nL: 0.20283072117218437
nR: 2.9165623802890175
norm: 20.146252626702836
sigma: 116
sigmaL: 155.42027000184754
sigmaR: 103.37366481961416
widthL: 155.42027000184754
widthR: 103.37366481961416
x0: 1757.745289688504
