alphaL: 1.0391312027838162
alphaR: 1.5194354564996653
event_sum: 11.294737948308969
mean: 1755.9010292947905
nL: 0.20098080350535363
nR: 2.6369262200136143
norm: 11.294737948308969
sigma: 116.98891727425419
sigmaL: 155.37365640637051
sigmaR: 106.34176173729125
widthL: 155.37365640637051
widthR: 106.34176173729125
x0: 1755.9010292947905
