alphaL: 1.0517672806501634
alphaR: 1.3606430622816286
event_sum: 1.3392117679541116
mean: 1771.2866160799883
nL: 0.2002272212084517
nR: 2.069169327999141
norm: 1.3392117679541116
sigma: 95.19806702692475
sigmaL: 177.06775174388383
sigmaR: 91.52485474562742
widthL: 177.06775174388383
widthR: 91.52485474562742
x0: 1771.2866160799883
