alphaL: 0.5353427296142881
alphaR: 1.4086678553571135
event_sum: 1.9704419676345424
mean: 1771.529000221922
nL: 1.0006183013554433
nR: 3.8978610188961316
norm: 1.9704419676345424
sigma: 180.0
sigmaL: 141.3253956435006
sigmaR: 95.61402883233143
widthL: 141.3253956435006
widthR: 95.61402883233143
x0: 1771.529000221922
