alphaL: 0.8795099307742766
alphaR: 1.4171732406156454
event_sum: 23.36151089775376
fraction: 0.796183437688002
mean: 1750.4044693139322
nL: 0.616680386351079
nR: 5.997171700769406
norm: 15.884103766991757
sigma: 180.0
sigmaL: 141.34033047367373
sigmaR: 108.14170255052444
widthL: 141.34033047367373
widthR: 108.14170255052444
x0: 1750.4044693139322
