alphaL: 1.2302155453018444
alphaR: 1.375656764425653
event_sum: 1.7439343687874498
mean: 1767.9867542885438
nL: 0.21538045668091893
nR: 3.7204291904268803
norm: 1.7439343687874498
sigma: 180.0
sigmaL: 180.4790915035821
sigmaR: 96.13311000676651
widthL: 180.4790915035821
widthR: 96.13311000676651
x0: 1767.9867542885438
