alphaL: 0.5356469421102341
alphaR: 1.3828315217803702
event_sum: 1.9704419676345424
mean: 1772.6544204728355
nL: 1.0003256967279848
nR: 3.8577935766826332
norm: 1.9704419676345424
sigma: 180.0
sigmaL: 142.80706431456872
sigmaR: 94.34694647365147
widthL: 142.80706431456872
widthR: 94.34694647365147
x0: 1772.6544204728355
