alphaL: 0.9011345838704572
alphaR: 1.2259440003098312
event_sum: 1.9270975332910893
mean: 1770.9540311279382
nL: 1.0000084208937141
nR: 4.360012450531753
norm: 1.9270975332910893
sigma: 180.0
sigmaL: 154.6917565041275
sigmaR: 90.08212340555795
widthL: 154.6917565041275
widthR: 90.08212340555795
x0: 1770.9540311279382
