alphaL: 1.0632964517224723
alphaR: 1.3664678513275403
event_sum: 20.734500587102957
fraction: 0.8499051882156585
mean: 1759.90473071689
nL: 0.8329187728833222
nR: 4.499979510937497
norm: 16.615587875596248
sigma: 180.0
sigmaL: 155.38903928954525
sigmaR: 101.12044531489245
widthL: 155.38903928954525
widthR: 101.12044531489245
x0: 1759.90473071689
