alphaL: 1.1530133130765432
alphaR: 1.2818355592144328
event_sum: 2.1088421330059646
mean: 1767.794902468654
nL: 0.7222460974358587
nR: 4.494479244364658
norm: 2.1088421330059646
sigma: 180.0
sigmaL: 166.14768810152165
sigmaR: 95.05119618271488
widthL: 166.14768810152165
widthR: 95.05119618271488
x0: 1767.794902468654
