alphaL: 1.0546130104418419
alphaR: 1.2897628868566289
event_sum: 2.1088421330059646
mean: 1769.0058611251952
nL: 1.0027921262177755
nR: 4.076578435459967
norm: 2.1088421330059646
sigma: 180.0
sigmaL: 162.75513882952586
sigmaR: 94.10793866516062
widthL: 162.75513882952586
widthR: 94.10793866516062
x0: 1769.0058611251952
