alphaL: 1.0442345519033458
alphaR: 1.1764352829733074
event_sum: 2.3772584747493966
mean: 1781.6272308925736
nL: 0.5000131741901899
nR: 4.499991117777049
norm: 2.3772584747493966
sigma: 180.0
sigmaL: 187.09773255166277
sigmaR: 82.66368032666705
widthL: 187.09773255166277
widthR: 82.66368032666705
x0: 1781.6272308925736
