alphaL: 0.9457446651527854
alphaR: 1.4565156487789843
event_sum: 23.36151089775376
fraction: 0.7911499610388482
mean: 1757.045690172431
nL: 0.5476252546174498
nR: 4.499236587360035
norm: 15.884103766991757
sigma: 180.0
sigmaL: 152.3120566249874
sigmaR: 104.87613794700287
widthL: 152.3120566249874
widthR: 104.87613794700287
x0: 1757.045690172431
