alphaL: 0.8035380172800072
alphaR: 1.3498690929487003
event_sum: 2.3772584747493966
mean: 1767.2058077654704
nL: 1.0016758004704558
nR: 3.9205297925105183
norm: 2.3772584747493966
sigma: 180.0
sigmaL: 160.2900451086507
sigmaR: 97.64381238725446
widthL: 160.2900451086507
widthR: 97.64381238725446
x0: 1767.2058077654704
