alphaL: 1.4075359205931195
alphaR: 1.33097603301168
event_sum: 1.7902649996613036
mean: 1775.896779843148
nL: 0.30023982561894647
nR: 3.260109183706543
norm: 1.7902649996613036
sigma: 180.0
sigmaL: 186.0919118857389
sigmaR: 89.10789000494057
widthL: 186.0919118857389
widthR: 89.10789000494057
x0: 1775.896779843148
