alphaL: 0.8948812069317519
alphaR: 1.272234156859752
event_sum: 1.9270975332910893
mean: 1766.81900565094
nL: 1.000006575663226
nR: 4.340576408204494
norm: 1.9270975332910893
sigma: 180.0
sigmaL: 152.17772105808095
sigmaR: 93.75870973793897
widthL: 152.17772105808095
widthR: 93.75870973793897
x0: 1766.81900565094
