alphaL: 1.0516094322726994
alphaR: 1.3243770044458736
event_sum: 20.734500587102957
fraction: 0.8497755476136774
mean: 1754.7634103183414
nL: 0.8197322036726511
nR: 5.878470101729958
norm: 16.615587875596248
sigma: 180.0
sigmaL: 149.71962433096814
sigmaR: 104.31380951048257
widthL: 149.71962433096814
widthR: 104.31380951048257
x0: 1754.7634103183414
