alphaL: 0.9771144011519117
alphaR: 1.3197118282474456
event_sum: 1.2101094743047724
mean: 1770.369053680276
nL: 0.20030432461355513
nR: 2.1088365864073575
norm: 1.2101094743047724
sigma: 95.19806702692475
sigmaL: 174.15297743669825
sigmaR: 90.0228805740245
widthL: 174.15297743669825
widthR: 90.0228805740245
x0: 1770.369053680276
