alphaL: 0.9682789578088374
alphaR: 1.3155640116407452
event_sum: 0.23795403257210776
mean: 2724.030491476155
nL: 1.0971686726310925
nR: 2.918774367006076
norm: 0.23795403257210776
sigma: 154.0
sigmaL: 174.51817347960028
sigmaR: 101.73728846890384
widthL: 174.51817347960028
widthR: 101.73728846890384
x0: 2724.030491476155
