alphaL: 0.9947078367902896
alphaR: 1.660573745833355
event_sum: 0.1493861238837296
mean: 2756.016463680858
nL: 2.319094991245647
nR: 1.5103028407247183
norm: 0.1493861238837296
sigma: 154.0
sigmaL: 234.56241020711232
sigmaR: 103.2661030439063
widthL: 234.56241020711232
widthR: 103.2661030439063
x0: 2756.016463680858
