alphaL: 1.0266268235709204
alphaR: 2.469620874517864
event_sum: 0.22375035172592314
mean: 2679.3659143149666
nL: 0.28250125461721143
nR: 2.690440191589513
norm: 0.22375035172592314
sigma: 154.0
sigmaL: 180.90812972003107
sigmaR: 161.36280970233298
widthL: 180.90812972003107
widthR: 161.36280970233298
x0: 2679.3659143149666
