alphaL: 1.6986585486526051
alphaR: 1.3309636984299085
event_sum: 3.81185334519665
fraction: 0.7859086526916188
mean: 2718.6459797420457
nL: 0.4
nR: 4.469928919755007
norm: 2.248901224986504
sigma: 154.0
sigmaL: 249.81509374259113
sigmaR: 117.72729081407914
widthL: 249.81509374259113
widthR: 117.72729081407914
x0: 2718.6459797420457
