alphaL: 0.9481396149279244
alphaR: 1.8662255116051099
event_sum: 0.15782521994821916
mean: 2692.131975729326
nL: 1.0007986700439289
nR: 3.8560700823518634
norm: 0.15782521994821916
sigma: 154.0
sigmaL: 178.10249991882455
sigmaR: 145.47967785012744
widthL: 178.10249991882455
widthR: 145.47967785012744
x0: 2692.131975729326
