alphaL: 1.3038342796209335
alphaR: 1.7963466464250801
event_sum: 4.149117663360065
fraction: 0.7670109236653688
mean: 2707.1162170113666
nL: 0.4
nR: 3.6391189085219926
norm: 1.498570586398268
sigma: 154.0
sigmaL: 197.94411753335635
sigmaR: 127.58431125529101
widthL: 197.94411753335635
widthR: 127.58431125529101
x0: 2707.1162170113666
