alphaL: 0.7619001278266876
alphaR: 1.3896283971545111
event_sum: 1.0929816650134425
mean: 1479.0271350616279
nL: 1.121074842064108
nR: 3.8805274343349705
norm: 1.0929816650134425
sigma: 150.0
sigmaL: 131.48916352008752
sigmaR: 81.40533416101577
widthL: 131.48916352008752
widthR: 81.40533416101577
x0: 1479.0271350616279
