alphaL: 1.1812484532542649
alphaR: 1.0268000227311587
event_sum: 0.9388183591811792
mean: 1487.382613701033
nL: 1.1062445334676714
nR: 3.7250048072818758
norm: 0.9388183591811792
sigma: 150.0
sigmaL: 156.0348777168913
sigmaR: 61.10784744936776
widthL: 156.0348777168913
widthR: 61.10784744936776
x0: 1487.382613701033
