alphaL: 0.9671915024731749
alphaR: 1.1907600490006636
event_sum: 9.666243943928176
fraction: 0.9124263847603651
mean: 1469.2452286195767
nL: 1.8481030167239605
nR: 4.5
norm: 8.519401132524608
sigma: 150.0
sigmaL: 129.80260368083435
sigmaR: 77.64597640630701
widthL: 129.80260368083435
widthR: 77.64597640630701
x0: 1469.2452286195767
