alphaL: 1.1066676919211784
alphaR: 1.4519392487002194
event_sum: 0.8878264568151767
mean: 1461.4018727357677
nL: 1.1194997254378027
nR: 3.4096701960964246
norm: 0.8878264568151767
sigma: 150.0
sigmaL: 128.15332215917272
sigmaR: 89.19226092602898
widthL: 128.15332215917272
widthR: 89.19226092602898
x0: 1461.4018727357677
