alphaL: 1.2305097116295216
alphaR: 1.3204708421267102
event_sum: 11.564223547520449
fraction: 0.8467498722941478
mean: 1483.892337852367
nL: 0.4
nR: 4.4264044350176235
norm: 9.378769368688575
sigma: 150.0
sigmaL: 163.50064086545513
sigmaR: 76.7081733877241
widthL: 163.50064086545513
widthR: 76.7081733877241
x0: 1483.892337852367
