alphaL: 1.2032986547938571
alphaR: 1.761951759067116
event_sum: 0.9958426558493413
mean: 1475.6489522397192
nL: 0.39016186362719407
nR: 1.9298229509449025
norm: 0.9958426558493413
sigma: 150.0
sigmaL: 155.20891151709068
sigmaR: 85.67059547706599
widthL: 155.20891151709068
widthR: 85.67059547706599
x0: 1475.6489522397192
