alphaL: 1.0195207285013417
alphaR: 1.3541524086949215
event_sum: 0.6388751801007471
mean: 1350.0366553284352
nL: 1.7478795045673916
nR: 2.82105457641818
norm: 0.6388751801007471
sigma: 135.0
sigmaL: 134.04140806994616
sigmaR: 65.09577393850576
widthL: 134.04140806994616
widthR: 65.09577393850576
x0: 1350.0366553284352
