alphaL: 0.9280933967500453
alphaR: 2.0300446377238717
event_sum: 35.77758984723613
fraction: 0.9911663892676326
mean: 1352.5861806371438
nL: 35.48852546759618
nR: 2.6636238099716496
norm: 11.127782629126454
sigma: 70.17941502510884
sigmaL: 51.72939325339186
sigmaR: 40.92599642419494
widthL: 51.72939325339186
widthR: 40.92599642419494
x0: 1352.5861806371438
