alphaL: 0.8172178171846712
alphaR: 1.4559306097788651
event_sum: 0.8624874120024361
mean: 1338.3025324699736
nL: 1.0671478762497126
nR: 3.868495978982812
norm: 0.8624874120024361
sigma: 135.0
sigmaL: 111.59537514356133
sigmaR: 79.67991779680241
widthL: 111.59537514356133
widthR: 79.67991779680241
x0: 1338.3025324699736
