alphaL: 0.6446111738661846
alphaR: 1.4363574723390524
event_sum: 8.751813568820364
fraction: 0.9028254380359572
mean: 1331.2600924137164
nL: 1.8545020283971048
nR: 4.5
norm: 7.622733369289915
sigma: 135.0
sigmaL: 93.69844565627233
sigmaR: 81.3214793269025
widthL: 93.69844565627233
widthR: 81.3214793269025
x0: 1331.2600924137164
