alphaL: 0.8556429403780991
alphaR: 1.3849973712576404
event_sum: 0.8065789453431239
mean: 1338.7328213328487
nL: 0.9808612020863436
nR: 4.001578228870767
norm: 0.8065789453431239
sigma: 135.0
sigmaL: 107.6773532003663
sigmaR: 74.64686845709777
widthL: 107.6773532003663
widthR: 74.64686845709777
x0: 1338.7328213328487
