alphaL: 1.0669857374712843
alphaR: 1.1501058700123463
event_sum: 6.445150806964241
fraction: 0.9224065162491707
mean: 1342.992251078229
nL: 1.675679743157249
nR: 4.002629918065113
norm: 5.916501562997609
sigma: 135.0
sigmaL: 122.80921421244526
sigmaR: 63.2255905743677
widthL: 122.80921421244526
widthR: 63.2255905743677
x0: 1342.992251078229
