alphaL: 1.1060293346798342
alphaR: 1.433155169694142
event_sum: 0.6126647810617794
mean: 1341.9461392390933
nL: 1.5548288159820816
nR: 2.27325279963688
norm: 0.6126647810617794
sigma: 135.0
sigmaL: 125.87159614098466
sigmaR: 68.36166942539008
widthL: 125.87159614098466
widthR: 68.36166942539008
x0: 1341.9461392390933
