alphaL: 0.9336941183610717
alphaR: 1.5777857567524924
event_sum: 8.196794487639139
fraction: 0.839624807218999
mean: 2413.410213242399
nL: 1.0886456428427462
nR: 4.393749866552837
norm: 3.829219193632041
sigma: 137.20000000000002
sigmaL: 153.1519383402623
sigmaR: 109.15807558097133
widthL: 153.1519383402623
widthR: 109.15807558097133
x0: 2413.410213242399
