alphaL: 1.1815433497338925
alphaR: 1.6778295252546553
event_sum: 0.6170879598154637
mean: 2394.9032012050884
nL: 1.0515302211399502
nR: 3.4003898455024877
norm: 0.6170879598154637
sigma: 137.20000000000002
sigmaL: 152.70881779028542
sigmaR: 114.69329701491043
widthL: 152.70881779028542
widthR: 114.69329701491043
x0: 2394.9032012050884
