alphaL: 0.8536966686093328
alphaR: 2.381697762242657
event_sum: 0.5875868365406669
mean: 2378.402895090993
nL: 3.276831486947117
nR: 2.695465811958002
norm: 0.5875868365406669
sigma: 137.20000000000002
sigmaL: 135.66775929851588
sigmaR: 135.28805032820657
widthL: 135.66775929851588
widthR: 135.28805032820657
x0: 2378.402895090993
