alphaL: 1.4087279866885538
alphaR: 1.2157624044979238
event_sum: 9.01760714733605
fraction: 0.8493436661281102
mean: 2422.1177588640417
nL: 0.6191679513360006
nR: 4.456318268974472
norm: 6.393808131538372
sigma: 137.20000000000002
sigmaL: 175.26864372300665
sigmaR: 86.64577675545709
widthL: 175.26864372300665
widthR: 86.64577675545709
x0: 2422.1177588640417
