alphaL: 0.9381343083459203
alphaR: 1.8168944999739045
event_sum: 0.3460592023769373
mean: 2399.1640747125994
nL: 1.2974717752606661
nR: 1.7440056371772168
norm: 0.3460592023769373
sigma: 137.20000000000002
sigmaL: 126.11636712769584
sigmaR: 117.97780548804742
widthL: 126.11636712769584
widthR: 117.97780548804742
x0: 2399.1640747125994
