alphaL: 1.051482324072541
alphaR: 1.9867071274831347
event_sum: 0.3662302065151672
mean: 2391.4163664509
nL: 0.9935262015141211
nR: 4.037554719651782
norm: 0.3662302065151672
sigma: 137.20000000000002
sigmaL: 159.00002038580962
sigmaR: 134.90045395844794
widthL: 159.00002038580962
widthR: 134.90045395844794
x0: 2391.4163664509
