alphaL: 1.3774300492630078
alphaR: 2.1372534528586504
event_sum: 37.277579271224006
fraction: 0.9993210461735187
mean: 1311.9763272884059
nL: 9.994192719546186
nR: 4.281502722835811
norm: 37.27400115112273
sigma: 63.00564784853059
sigmaL: 61.307743163321135
sigmaR: 37.13486862539983
widthL: 61.307743163321135
widthR: 37.13486862539983
x0: 1311.9763272884059
