alphaL: 1.5762138699183452
alphaR: 2.1531586745464444
event_sum: 37.242681952980256
mean: 1313.2577141585018
nL: 4.488918251521841
nR: 3.878261581349448
norm: 37.242681952980256
sigma: 62.975310040367276
sigmaL: 63.737730246165206
sigmaR: 36.498066581703974
widthL: 63.737730246165206
widthR: 36.498066581703974
x0: 1313.2577141585018
