alphaL: 1.416087192405766
alphaR: 2.214717791023129
event_sum: 37.11689568066278
mean: 1312.0375991404921
nL: 4.927751572813599
nR: 3.5725683541198787
norm: 37.11689568066278
sigma: 62.975310040367276
sigmaL: 61.1332003243893
sigmaR: 37.096850755370006
widthL: 61.1332003243893
widthR: 37.096850755370006
x0: 1312.0375991404921
