alphaL: 1.2965539626332827
alphaR: 2.0065113836268247
event_sum: 1.1200982479972414
mean: 1311.181251774168
nL: 3.4541274181211628
nR: 2.6644570920450863
norm: 1.1200982479972414
sigma: 67.78359976888513
sigmaL: 57.87611921444056
sigmaR: 38.94398031623148
widthL: 57.87611921444056
widthR: 38.94398031623148
x0: 1311.181251774168
