alphaL: 1.4510227168973606
alphaR: 2.4135680161411073
event_sum: 0.858628235539074
mean: 1308.8315620460596
nL: 3.060534136147508
nR: 2.067875925062145
norm: 0.858628235539074
sigma: 67.78359976888513
sigmaL: 58.80835025413704
sigmaR: 35.3533122872061
widthL: 58.80835025413704
widthR: 35.3533122872061
x0: 1308.8315620460596
