alphaL: 1.1752302594829434
alphaR: 1.9567764183408665
event_sum: 11.260795078633716
fraction: 0.9978893832733393
mean: 1311.139605620357
nL: 9.928231928941969
nR: 3.328790656364677
norm: 11.252741004074666
sigma: 67.78885262264427
sigmaL: 57.657278949453655
sigmaR: 38.82063895337808
widthL: 57.657278949453655
widthR: 38.82063895337808
x0: 1311.139605620357
