alphaL: 1.3934776289279525
alphaR: 1.837484835908484
event_sum: 1.1234520863303354
mean: 1313.0756576687947
nL: 4.377771304487886
nR: 3.6818758954621043
norm: 1.1234520863303354
sigma: 67.78359976888513
sigmaL: 60.9379019990326
sigmaR: 37.232067090384184
widthL: 60.9379019990326
widthR: 37.232067090384184
x0: 1313.0756576687947
