alphaL: 1.4466842092408194
alphaR: 2.099768240650933
event_sum: 8.625521974297415
fraction: 0.9983035865584438
mean: 1311.1210755757452
nL: 7.454150534275569
nR: 3.150602556964839
norm: 8.622035217713321
sigma: 67.78885262264427
sigmaL: 62.42030039226653
sigmaR: 33.80649435825985
widthL: 62.42030039226653
widthR: 33.80649435825985
x0: 1311.1210755757452
