alphaL: 1.741095284353916
alphaR: 2.27699594683105
event_sum: 21.31363521560288
mean: 1312.470098486861
nL: 4.234932014155803
nR: 4.385165924740244
norm: 21.31363521560288
sigma: 62.975310040367276
sigmaL: 67.52229639220064
sigmaR: 33.79379444907631
widthL: 67.52229639220064
widthR: 33.79379444907631
x0: 1312.470098486861
