alphaL: 1.495962015017304
alphaR: 2.6245545009295994
event_sum: 21.38072974358038
fraction: 0.9989422893504055
mean: 1311.2125175838357
nL: 9.996724911185812
nR: 1.9893104601037304
norm: 21.375693562361292
sigma: 63.00564784853059
sigmaL: 65.12987037171452
sigmaR: 34.4928210344281
widthL: 65.12987037171452
widthR: 34.4928210344281
x0: 1311.2125175838357
