alphaL: 1.4671267301780213
alphaR: 2.47901067003727
event_sum: 0.8612823824674114
mean: 1309.1446507998064
nL: 4.267247921960336
nR: 2.5800654287030453
norm: 0.8612823824674114
sigma: 67.78359976888513
sigmaL: 61.17557519165406
sigmaR: 35.665234649742914
widthL: 61.17557519165406
widthR: 35.665234649742914
x0: 1309.1446507998064
