alphaL: 1.5263423023013067
alphaR: 2.7609177898452844
event_sum: 21.24279992001481
mean: 1310.419909487976
nL: 4.944995055758788
nR: 1.4751215025040383
norm: 21.24279992001481
sigma: 62.975310040367276
sigmaL: 63.97736294359888
sigmaR: 34.92562350853329
widthL: 63.97736294359888
widthR: 34.92562350853329
x0: 1310.419909487976
