alphaL: 1.2152707857341305
alphaR: 1.132067150528574
event_sum: 7.196219407487661
fraction: 0.7661266568025662
mean: 2355.667229174183
nL: 0.4379137855378257
nR: 4.496973389547067
norm: 4.347646644338965
sigma: 240.0
sigmaL: 271.9866381213586
sigmaR: 108.21230376054855
widthL: 271.9866381213586
widthR: 108.21230376054855
x0: 2355.667229174183
