alphaL: 0.43104574049738076
alphaR: 0.9440178283034525
event_sum: 0.3859035250497982
mean: 2429.0822538325733
nL: 1.0000006462764137
nR: 2.9462002435539576
norm: 0.3859035250497982
sigma: 240.0
sigmaL: 391.69080873743474
sigmaR: 65.26626761257798
widthL: 391.69080873743474
widthR: 65.26626761257798
x0: 2429.0822538325733
