alphaL: 0.7485599358362256
alphaR: 0.6770977820450103
event_sum: 0.5260054508107714
mean: 2391.1235167344084
nL: 1.0000031724079066
nR: 3.8409787084520968
norm: 0.5260054508107714
sigma: 240.0
sigmaL: 265.0043820549294
sigmaR: 59.219096932175965
widthL: 265.0043820549294
widthR: 59.219096932175965
x0: 2391.1235167344084
