alphaL: 1.0769770678425594
alphaR: 1.3956167106360682
event_sum: 0.32374679879285395
mean: 2361.228920673692
nL: 0.1217207663022226
nR: 2.5337417632772943
norm: 0.32374679879285395
sigma: 240.0
sigmaL: 267.715406015096
sigmaR: 118.30442111634012
widthL: 267.715406015096
widthR: 118.30442111634012
x0: 2361.228920673692
