alphaL: 0.7892510017498181
alphaR: 1.2011823079249788
event_sum: 0.21239651378709823
mean: 2367.666133067758
nL: 0.20021500027579217
nR: 1.4112745308493715
norm: 0.21239651378709823
sigma: 136.95433615078176
sigmaL: 231.66073368114368
sigmaR: 91.04748263264135
widthL: 231.66073368114368
widthR: 91.04748263264135
x0: 2367.666133067758
