alphaL: 0.3401867645966478
alphaR: 1.0428109692261005
event_sum: 0.3859035250497982
mean: 2385.740718392335
nL: 1.0017532775306912
nR: 4.021105802529677
norm: 0.3859035250497982
sigma: 240.0
sigmaL: 273.26071759240966
sigmaR: 94.60827520607972
widthL: 273.26071759240966
widthR: 94.60827520607972
x0: 2385.740718392335
