alphaL: 0.7587058153684575
alphaR: 0.9295274758184051
event_sum: 0.7786210227641277
mean: 2399.014533716791
nL: 1.0000354617112988
nR: 2.128014101814538
norm: 0.7786210227641277
sigma: 240.0
sigmaL: 292.8797355025977
sigmaR: 63.760612880207894
widthL: 292.8797355025977
widthR: 63.760612880207894
x0: 2399.014533716791
