alphaL: 0.9649855097810126
alphaR: 1.0312517334402638
event_sum: 7.786209682235494
fraction: 0.7024072290410813
mean: 2378.924895067275
nL: 0.40011372977044746
nR: 4.210565976058207
norm: 2.8917833184823394
sigma: 240.0
sigmaL: 308.50772373633396
sigmaR: 93.91258941613759
widthL: 308.50772373633396
widthR: 93.91258941613759
x0: 2378.924895067275
