alphaL: 1.3356245534329334
alphaR: 1.7640405611406667
event_sum: 0.4718260584049858
mean: 2320.6508231189955
nL: 0.15994592454328393
nR: 1.9517111760322712
norm: 0.4718260584049858
sigma: 240.0
sigmaL: 251.62604992065474
sigmaR: 145.66376980692692
widthL: 251.62604992065474
widthR: 145.66376980692692
x0: 2320.6508231189955
