alphaL: 0.8693747911116991
alphaR: 1.517496986317843
event_sum: 0.34053243877133355
mean: 2332.387219805887
nL: 0.2002553027105726
nR: 1.644472476681693
norm: 0.34053243877133355
sigma: 136.95433615078176
sigmaL: 213.35656697646803
sigmaR: 126.88018415494454
widthL: 213.35656697646803
widthR: 126.88018415494454
x0: 2332.387219805887
