alphaL: 0.7210286447526753
alphaR: 0.840511858911704
event_sum: 0.5260054508107714
mean: 2376.6277944979756
nL: 1.0000038523397738
nR: 3.880514077605269
norm: 0.5260054508107714
sigma: 240.0
sigmaL: 246.62021622451567
sigmaR: 76.06505865423279
widthL: 246.62021622451567
widthR: 76.06505865423279
x0: 2376.6277944979756
