alphaL: 0.9486274765429998
alphaR: 0.9527860919319742
event_sum: 0.7196219911566004
mean: 2388.99597485305
nL: 1.000185615417403
nR: 2.225534540241175
norm: 0.7196219911566004
sigma: 240.0
sigmaL: 276.00724039032065
sigmaR: 67.99082217464293
widthL: 276.00724039032065
widthR: 67.99082217464293
x0: 2388.99597485305
