alphaL: 0.9787142115983732
alphaR: 1.0848949520822802
event_sum: 0.49982308923313273
mean: 1700.2867446636585
nL: 1.0140348378546005
nR: 2.4109881017208585
norm: 0.49982308923313273
sigma: 170.0
sigmaL: 179.567436648888
sigmaR: 59.232149539218504
widthL: 179.567436648888
widthR: 59.232149539218504
x0: 1700.2867446636585
