alphaL: 0.822173677326133
alphaR: 1.246723728330416
event_sum: 5.396728189969157
fraction: 0.8796574848939294
mean: 1662.018572167656
nL: 1.5327496222124979
nR: 4.5
norm: 4.45592467837996
sigma: 170.0
sigmaL: 130.77973930506508
sigmaR: 93.94579204763012
widthL: 130.77973930506508
widthR: 93.94579204763012
x0: 1662.018572167656
