alphaL: 0.9862597723393735
alphaR: 1.3580347040971383
event_sum: 6.626805777461039
fraction: 0.8096044269522477
mean: 1678.7717680529329
nL: 0.6069513274667494
nR: 4.5
norm: 4.811150052744689
sigma: 170.0
sigmaL: 174.0330996571114
sigmaR: 86.27566971432398
widthL: 174.0330996571114
widthR: 86.27566971432398
x0: 1678.7717680529329
