alphaL: 1.2105662462415234
alphaR: 1.3059679091477132
event_sum: 0.5177920858813759
mean: 1679.4738984773048
nL: 0.22581534545928456
nR: 4.126748723131722
norm: 0.5177920858813759
sigma: 170.0
sigmaL: 181.31297459819996
sigmaR: 83.49047256080578
widthL: 181.31297459819996
widthR: 83.49047256080578
x0: 1679.4738984773048
