alphaL: 0.6081937829283953
alphaR: 1.4439430251453866
event_sum: 0.5755398205146163
mean: 1674.6170084879207
nL: 0.9679552858619109
nR: 3.3328463635774286
norm: 0.5755398205146163
sigma: 170.0
sigmaL: 136.2485730968857
sigmaR: 90.71551961080519
widthL: 136.2485730968857
widthR: 90.71551961080519
x0: 1674.6170084879207
