alphaL: 1.1152048581173002
alphaR: 1.6227467097341406
event_sum: 0.4671366991435444
mean: 1656.7909758656383
nL: 0.7061851667060853
nR: 2.317928942701451
norm: 0.4671366991435444
sigma: 170.0
sigmaL: 150.36904315326726
sigmaR: 105.08749311376808
widthL: 150.36904315326726
widthR: 105.08749311376808
x0: 1656.7909758656383
