alphaL: 1.0493744239378044
alphaR: 1.3232102229764078
event_sum: 0.08985263552118597
mean: 3106.6298202261673
nL: 0.9846450115583543
nR: 2.2758230204085086
norm: 0.08985263552118597
sigma: 176.4
sigmaL: 182.42425829333962
sigmaR: 100.3020002165032
widthL: 182.42425829333962
widthR: 100.3020002165032
x0: 3106.6298202261673
