alphaL: 0.565790368503175
alphaR: 1.6796036142189619
event_sum: 4.035769641229026
fraction: 0.857220844445011
mean: 3100.0
nL: 1.4536241144872022
nR: 4.260811467750986
norm: 1.8319068032778705
sigma: 176.4
sigmaL: 112.16659058921451
sigmaR: 149.93869097122501
widthL: 112.16659058921451
widthR: 149.93869097122501
x0: 3100.0
