alphaL: 1.138928198714788
alphaR: 0.9879833390965503
event_sum: 4.75736307213138
fraction: 0.7166764799036275
mean: 3106.2969342339993
nL: 0.4013063879162455
nR: 4.5
norm: 0.9685825793872002
sigma: 176.4
sigmaL: 187.18707782805197
sigmaR: 105.46308090858022
widthL: 187.18707782805197
widthR: 105.46308090858022
x0: 3106.2969342339993
