alphaL: 0.8982986221199577
alphaR: 1.0931712110099068
event_sum: 0.17395649602421592
mean: 3138.9347904115075
nL: 1.01288025089217
nR: 2.8424620434171763
norm: 0.17395649602421592
sigma: 176.4
sigmaL: 186.05057811254113
sigmaR: 90.33760172821772
widthL: 186.05057811254113
widthR: 90.33760172821772
x0: 3138.9347904115075
