alphaL: 0.7967802863554587
alphaR: 0.5493576733282153
event_sum: 0.08071262573980191
mean: 3156.463722332198
nL: 0.1
nR: 2.168349086877465
norm: 0.08071262573980191
sigma: 176.4
sigmaL: 172.1485025379978
sigmaR: 71.70801180815461
widthL: 172.1485025379978
widthR: 71.70801180815461
x0: 3156.463722332198
