alphaL: 0.3822457053553193
alphaR: 1.7074358248487045
event_sum: 0.1657995740383255
mean: 3055.6065636240864
nL: 3.196414123795461
nR: 3.390604758879193
norm: 0.1657995740383255
sigma: 176.4
sigmaL: 96.27137916946576
sigmaR: 165.39709473132538
widthL: 96.27137916946576
widthR: 165.39709473132538
x0: 3055.6065636240864
