alphaL: 1.3715287749902119
alphaR: 1.711485968172838
event_sum: 1.2673760654433863
mean: 3504.1198449538747
nL: 4.323274681211508
nR: 2.4755526401588446
norm: 1.2673760654433863
sigma: 346.4921933147367
sigmaL: 151.8512859697993
sigmaR: 70.0320972002473
widthL: 151.8512859697993
widthR: 70.0320972002473
x0: 3504.1198449538747
