alphaL: 1.3267891388827615
alphaR: 1.400028448303982
event_sum: 6.6803784989751875
mean: 3511.1418202201357
nL: 4.47840737256542
nR: 2.8388410375092485
norm: 6.6803784989751875
sigma: 342.67091498500395
sigmaL: 145.74648564415196
sigmaR: 68.17001457392247
widthL: 145.74648564415196
widthR: 68.17001457392247
x0: 3511.1418202201357
