alphaL: 0.968551428167299
alphaR: 1.8977830953069204
event_sum: 0.41244299574100296
fraction: 0.9991593951709441
mean: 3487.4268712763833
nL: 9.997693093064004
nR: 4.040074028140491
norm: 0.4123936231553671
sigma: 155.28360605530054
sigmaL: 111.32836733419705
sigmaR: 82.0832151181251
widthL: 111.32836733419705
widthR: 82.0832151181251
x0: 3487.4268712763833
