alphaL: 1.364853915548899
alphaR: 1.2214468688848463
event_sum: 0.652412616458605
mean: 3518.9484704383435
nL: 4.7694617115597016
nR: 3.0612101956796804
norm: 0.652412616458605
sigma: 346.4921933147367
sigmaL: 152.34513398573174
sigmaR: 59.43823922799087
widthL: 152.34513398573174
widthR: 59.43823922799087
x0: 3518.9484704383435
