alphaL: 1.185844973355705
alphaR: 2.350011663029149
event_sum: 0.6370771285583032
mean: 3492.1681823083472
nL: 4.712503856382208
nR: 1.9139208528585232
norm: 0.6370771285583032
sigma: 155.0061634374384
sigmaL: 137.8789171024496
sigmaR: 78.64688232852484
widthL: 137.8789171024496
widthR: 78.64688232852484
x0: 3492.1681823083472
