alphaL: 1.3745661040022121
alphaR: 1.708793239205976
event_sum: 1.2673760654433863
mean: 3504.1407681267515
nL: 4.312639671299579
nR: 2.496596609084888
norm: 1.2673760654433863
sigma: 346.4921933147367
sigmaL: 152.0881860483012
sigmaR: 70.02225976573071
widthL: 152.0881860483012
widthR: 70.02225976573071
x0: 3504.1407681267515
