alphaL: 1.0655974443912697
alphaR: 1.4281765053399955
event_sum: 5.944109520409256
fraction: 0.9984982293835025
mean: 3512.27636963724
nL: 9.434730807971809
nR: 2.700899600562888
norm: 5.802479918580502
sigma: 341.4868369493486
sigmaL: 137.12792072248845
sigmaR: 66.77246660883169
widthL: 137.12792072248845
widthR: 66.77246660883169
x0: 3512.27636963724
