alphaL: 1.3993772109916678
alphaR: 1.3523263792453464
event_sum: 0.6566409733641194
mean: 3514.5418895405764
nL: 4.315680191894487
nR: 3.405309440901441
norm: 0.6566409733641194
sigma: 346.4921933147367
sigmaL: 152.48347901526824
sigmaR: 67.20844094400398
widthL: 152.48347901526824
widthR: 67.20844094400398
x0: 3514.5418895405764
