alphaL: 1.495024011162237
alphaR: 1.7728296012589775
event_sum: 0.6403934388217749
mean: 3512.083767089977
nL: 4.259579280032241
nR: 3.317754446213339
norm: 0.6403934388217749
sigma: 155.0061634374384
sigmaL: 163.1988298233167
sigmaR: 62.12819755917925
widthL: 163.1988298233167
widthR: 62.12819755917925
x0: 3512.083767089977
