alphaL: 1.45950125140284
alphaR: 1.1330154409783761
event_sum: 0.6523948271787958
mean: 3531.5015339596453
nL: 3.997978750824904
nR: 3.1658937986757008
norm: 0.6523948271787958
sigma: 347.61900837526963
sigmaL: 163.5249840843826
sigmaR: 51.16547279622085
widthL: 163.5249840843826
widthR: 51.16547279622085
x0: 3531.5015339596453
