alphaL: 1.2806409272077932
alphaR: 1.803853327415963
event_sum: 0.43221533363248454
mean: 3497.614604890165
nL: 4.446689383488231
nR: 3.6946584446458517
norm: 0.43221533363248454
sigma: 155.0061634374384
sigmaL: 133.15907837433173
sigmaR: 76.64680748637048
widthL: 133.15907837433173
widthR: 76.64680748637048
x0: 3497.614604890165
