alphaL: 1.423574882502949
alphaR: 1.6082554196672827
event_sum: 1.2662385333824204
mean: 3510.940895139703
nL: 3.869261117258327
nR: 2.656912880565572
norm: 1.2662385333824204
sigma: 347.61900837526963
sigmaL: 153.76691554709367
sigmaR: 63.97283927537087
widthL: 153.76691554709367
widthR: 63.97283927537087
x0: 3510.940895139703
