alphaL: 1.2762353978878787
alphaR: 1.724152067342672
event_sum: 12.707649648189545
mean: 3502.702348701268
nL: 4.499846349769025
nR: 2.6482876771388955
norm: 12.707649648189545
sigma: 342.67091498500395
sigmaL: 143.92638190950214
sigmaR: 70.38316353755046
widthL: 143.92638190950214
widthR: 70.38316353755046
x0: 3502.702348701268
