alphaL: 0.8694971619016716
alphaR: 1.7850570747668921
event_sum: 11.186182423494756
fraction: 0.9983396758660008
mean: 3490.9935302289564
nL: 9.997753415876614
nR: 2.9127913434891632
norm: 11.098697220906615
sigma: 341.4868369493486
sigmaL: 113.97391243652335
sigmaR: 77.12469342538384
widthL: 113.97391243652335
widthR: 77.12469342538384
x0: 3490.9935302289564
