alphaL: 1.2691350692288619
alphaR: 1.785650018664314
event_sum: 1.2610429575142916
mean: 3502.1038277382727
nL: 4.899206411798414
nR: 2.4150754968293358
norm: 1.2610429575142916
sigma: 346.4921933147367
sigmaL: 144.1516847869523
sigmaR: 70.53086392236655
widthL: 144.1516847869523
widthR: 70.53086392236655
x0: 3502.1038277382727
