alphaL: 1.5848211963311125
alphaR: 2.2088718016564544
event_sum: 0.6403934388217749
mean: 3501.5325177707
nL: 2.921565354107661
nR: 1.957072412021305
norm: 0.6403934388217749
sigma: 155.0061634374384
sigmaL: 159.61026995955223
sigmaR: 73.26436730689424
widthL: 159.61026995955223
widthR: 73.26436730689424
x0: 3501.5325177707
