alphaL: 1.4042044909219713
alphaR: 2.087051051007447
event_sum: 0.6097995345153322
fraction: 0.998266037383257
mean: 3497.072749424078
nL: 6.061393239201011
nR: 3.285738530415979
norm: 0.6097570164238277
sigma: 155.28360605530054
sigmaL: 153.76156455163647
sigmaR: 76.02292342210497
widthL: 153.76156455163647
widthR: 76.02292342210497
x0: 3497.072749424078
