alphaL: 1.5889230593729102
alphaR: 1.7153186750339764
event_sum: 0.640880259405094
mean: 3508.533428862972
nL: 4.238030071356062
nR: 4.146432494696355
norm: 0.640880259405094
sigma: 155.0650089119913
sigmaL: 164.17097961361134
sigmaR: 63.932942791936426
widthL: 164.17097961361134
widthR: 63.932942791936426
x0: 3508.533428862972
