alphaL: 1.267976176137644
alphaR: 1.9324168751005328
event_sum: 0.43221533363248454
mean: 3494.9110084084764
nL: 4.498527422317572
nR: 3.31715794471683
norm: 0.43221533363248454
sigma: 155.0061634374384
sigmaL: 129.88436080654049
sigmaR: 78.97528494107122
widthL: 129.88436080654049
widthR: 78.97528494107122
x0: 3494.9110084084764
