alphaL: 1.3937467001804464
alphaR: 1.9897825391758235
event_sum: 0.4299962482182309
mean: 3495.6829377886097
nL: 2.5267089880448372
nR: 3.0200210077657825
norm: 0.4299962482182309
sigma: 155.0061634374384
sigmaL: 133.5174834153151
sigmaR: 79.68653765070634
widthL: 133.5174834153151
widthR: 79.68653765070634
x0: 3495.6829377886097
