alphaL: 1.3462883136148909
alphaR: 2.017489292586684
event_sum: 0.43221533363248454
mean: 3498.1441589118735
nL: 3.699087232493563
nR: 2.405895716702761
norm: 0.43221533363248454
sigma: 155.0061634374384
sigmaL: 137.5254877660533
sigmaR: 77.05468839399418
widthL: 137.5254877660533
widthR: 77.05468839399418
x0: 3498.1441589118735
