alphaL: 1.2787703765555882
alphaR: 1.445905348065757
event_sum: 0.6566409733641194
mean: 3506.2814904298157
nL: 4.197459424577595
nR: 3.478773136374188
norm: 0.6566409733641194
sigma: 346.4921933147367
sigmaL: 137.85522619025363
sigmaR: 73.45340145038051
widthL: 137.85522619025363
widthR: 73.45340145038051
x0: 3506.2814904298157
