alphaL: 1.444028127286972
alphaR: 1.6979230699844634
event_sum: 0.432596571114118
mean: 3504.5471257404365
nL: 3.7996871209530774
nR: 4.19873782955226
norm: 0.432596571114118
sigma: 155.0650089119913
sigmaL: 143.43796101590226
sigmaR: 74.33417608359942
widthL: 143.43796101590226
widthR: 74.33417608359942
x0: 3504.5471257404365
