alphaL: 1.37837577650152
alphaR: 2.1135220077574717
event_sum: 0.6403934388217749
mean: 3498.57396045836
nL: 4.467129256013136
nR: 2.74869472370995
norm: 0.6403934388217749
sigma: 155.0061634374384
sigmaL: 150.743363826655
sigmaR: 74.5929975760137
widthL: 150.743363826655
widthR: 74.5929975760137
x0: 3498.57396045836
