alphaL: 0.8684727405766993
alphaR: 1.5653915054265175
event_sum: 2.047637082887942
mean: 1917.7061464086294
nL: 2.4137664912726304
nR: 3.5666854204463005
norm: 2.047637082887942
sigma: 109.2
sigmaL: 106.81407692122266
sigmaR: 90.82437373227496
widthL: 106.81407692122266
widthR: 90.82437373227496
x0: 1917.7061464086294
