alphaL: 1.0407572798511415
alphaR: 1.3166015908667286
event_sum: 1.6973679983945038
mean: 1933.7046944026501
nL: 1.3701798779077077
nR: 3.810730289637193
norm: 1.6973679983945038
sigma: 109.2
sigmaL: 130.77197848527595
sigmaR: 80.84899036171721
widthL: 130.77197848527595
widthR: 80.84899036171721
x0: 1933.7046944026501
