alphaL: 1.049041320071404
alphaR: 1.3912595205234837
event_sum: 23.412817103804606
fraction: 0.8858232403670926
mean: 1930.3255556638067
nL: 1.1168577935407777
nR: 3.9620386038146935
norm: 16.961403454491585
sigma: 109.2
sigmaL: 128.4160163915641
sigmaR: 85.33173730787915
widthL: 128.4160163915641
widthR: 85.33173730787915
x0: 1930.3255556638067
