alphaL: 0.9219592298724879
alphaR: 1.5155218568645017
event_sum: 1.965440842614856
mean: 1928.020343672736
nL: 2.9916022559301187
nR: 2.8038625675990176
norm: 1.965440842614856
sigma: 109.2
sigmaL: 120.32617904526913
sigmaR: 83.25775939315554
widthL: 120.32617904526913
widthR: 83.25775939315554
x0: 1928.020343672736
