alphaL: 0.5117953436710272
alphaR: 1.5947063881065382
event_sum: 23.81270279912471
fraction: 0.9353773080280305
mean: 1907.1153599971808
nL: 2.590646406621314
nR: 3.7373978024032923
norm: 20.240919238187523
sigma: 109.2
sigmaL: 58.448539517048346
sigmaR: 94.8423954787565
widthL: 58.448539517048346
widthR: 94.8423954787565
x0: 1907.1153599971808
