alphaL: 0.9034785590219707
alphaR: 1.55740623771671
event_sum: 1.613455631314942
mean: 1932.749213220744
nL: 2.1602381050532204
nR: 2.381622438665877
norm: 1.613455631314942
sigma: 109.2
sigmaL: 132.09813155609643
sigmaR: 85.9584975018046
widthL: 132.09813155609643
widthR: 85.9584975018046
x0: 1932.749213220744
