alphaL: 0.9831861862156307
alphaR: 1.386114966592305
event_sum: 0.8610218662406809
mean: 1091.7486117681324
nL: 3.738059166505037
nR: 3.5844857193314565
norm: 0.8610218662406809
sigma: 61.6
sigmaL: 71.63201913022365
sigmaR: 49.417363536254875
widthL: 71.63201913022365
widthR: 49.417363536254875
x0: 1091.7486117681324
