alphaL: 0.9963679764588005
alphaR: 1.4742102209824328
event_sum: 1.320060240473822
mean: 1096.7248495983
nL: 2.06332348958394
nR: 2.0644504013527167
norm: 1.320060240473822
sigma: 61.6
sigmaL: 74.47539246653871
sigmaR: 49.59459737748929
widthL: 74.47539246653871
widthR: 49.59459737748929
x0: 1096.7248495983
