alphaL: 1.1105726471554638
alphaR: 1.5329878925298122
event_sum: 0.8357372250148657
mean: 1093.1581965195815
nL: 2.287937560789516
nR: 1.9112297516864019
norm: 0.8357372250148657
sigma: 61.6
sigmaL: 76.94920902466248
sigmaR: 48.450525192642644
widthL: 76.94920902466248
widthR: 48.450525192642644
x0: 1093.1581965195815
