alphaL: 0.9047663088672635
alphaR: 1.5218542642228907
event_sum: 14.344988480922344
fraction: 0.9824757922990096
mean: 1091.2699570848936
nL: 3.084630825166921
nR: 3.939604253315218
norm: 14.024536181558927
sigma: 61.6
sigmaL: 68.41607626152663
sigmaR: 54.545427042155666
widthL: 68.41607626152663
widthR: 54.545427042155666
x0: 1091.2699570848936
