alphaL: 0.9343453104726367
alphaR: 1.550146797823922
event_sum: 8.94345707355689
fraction: 0.9858604098330891
mean: 1083.891296990286
nL: 4.617376081644084
nR: 3.4210201478039592
norm: 8.779545429516
sigma: 61.6
sigmaL: 64.64363151735404
sigmaR: 55.02537907447028
widthL: 64.64363151735404
widthR: 55.02537907447028
x0: 1083.891296990286
