alphaL: 0.8925888212577142
alphaR: 1.4006967621840591
event_sum: 1.3667647127480071
mean: 1095.3172612513351
nL: 3.698755004420335
nR: 3.7125838542864398
norm: 1.3667647127480071
sigma: 61.6
sigmaL: 71.19447273021052
sigmaR: 50.724250976693284
widthL: 71.19447273021052
widthR: 50.724250976693284
x0: 1095.3172612513351
