alphaL: 1.2928618129315372
alphaR: 2.128318007873471
event_sum: 31.27777111051084
fraction: 0.9991609951750755
mean: 1302.8671005360118
nL: 9.93402294092566
nR: 3.541729932868723
norm: 31.26553315634737
sigma: 63.58723916797852
sigmaL: 57.546797255266256
sigmaR: 36.15768525793163
widthL: 57.546797255266256
widthR: 36.15768525793163
x0: 1302.8671005360118
