alphaL: 1.381671605204402
alphaR: 2.0801075051498126
event_sum: 0.989980151556512
mean: 1303.306599529706
nL: 2.5524137203429724
nR: 2.2890561071468647
norm: 0.989980151556512
sigma: 67.53836971225921
sigmaL: 54.9344416104416
sigmaR: 37.20925890913234
widthL: 54.9344416104416
widthR: 37.20925890913234
x0: 1303.306599529706
