alphaL: 1.5324763982096452
alphaR: 1.908359696788683
event_sum: 18.05660936261297
mean: 1304.8318503814257
nL: 4.461240672897223
nR: 5.0
norm: 18.05660936261297
sigma: 63.80642971865905
sigmaL: 69.90306136121316
sigmaR: 32.74846898739012
widthL: 69.90306136121316
widthR: 32.74846898739012
x0: 1304.8318503814257
