alphaL: 1.301438328133023
alphaR: 2.139116227860391
event_sum: 32.535311540899315
mean: 1302.398849059809
nL: 4.997254690677825
nR: 3.82530604825278
norm: 32.535311540899315
sigma: 63.80642971865905
sigmaL: 56.27649776537769
sigmaR: 36.590341738513935
widthL: 56.27649776537769
widthR: 36.590341738513935
x0: 1302.398849059809
