alphaL: 1.0245264316093945
alphaR: 2.581549215614626
event_sum: 7.299289038675427
fraction: 0.9981380168595217
mean: 1300.3335019385397
nL: 9.690551529771259
nR: 1.8708427186614647
norm: 7.295375946045593
sigma: 67.22266218635549
sigmaL: 56.65703708782562
sigmaR: 35.53779131400826
widthL: 56.65703708782562
widthR: 35.53779131400826
x0: 1300.3335019385397
