alphaL: 1.5241330862314109
alphaR: 2.020811033404367
event_sum: 32.651328605227704
mean: 1304.7674248772457
nL: 4.491768257640829
nR: 4.423199825622549
norm: 32.651328605227704
sigma: 63.80642971865905
sigmaL: 61.020813972065284
sigmaR: 35.353728187639156
widthL: 61.020813972065284
widthR: 35.353728187639156
x0: 1304.7674248772457
