alphaL: 1.655384191300069
alphaR: 1.976980747898586
event_sum: 18.142788848709905
mean: 1305.6437080057483
nL: 4.487096183074194
nR: 4.312326071180917
norm: 18.142788848709905
sigma: 63.80642971865905
sigmaL: 71.35233241861108
sigmaR: 32.25198308530115
widthL: 71.35233241861108
widthR: 32.25198308530115
x0: 1305.6437080057483
