alphaL: 1.0565018699663238
alphaR: 1.9994027353694113
event_sum: 9.916265432418431
fraction: 0.9982094306965661
mean: 1300.6919845876807
nL: 9.433122145903859
nR: 3.546381296713615
norm: 9.911346251373999
sigma: 67.22266218635549
sigmaL: 51.32493857954829
sigmaR: 39.274116947240024
widthL: 51.32493857954829
widthR: 39.274116947240024
x0: 1300.6919845876807
