alphaL: 1.2433357676847505
alphaR: 2.3587116441965175
event_sum: 0.7299072822465126
mean: 1303.7789199585404
nL: 4.1783758851727395
nR: 2.4294152331329784
norm: 0.7299072822465126
sigma: 67.53836971225921
sigmaL: 60.65105497679068
sigmaR: 33.91574187348378
widthL: 60.65105497679068
widthR: 33.91574187348378
x0: 1303.7789199585404
