alphaL: 1.268850583251904
alphaR: 1.806120052762682
event_sum: 0.9938184072939292
mean: 1302.8160903633848
nL: 3.8085335618806124
nR: 4.0931163566926445
norm: 0.9938184072939292
sigma: 67.53836971225921
sigmaL: 53.90316075329016
sigmaR: 37.999616655332154
widthL: 53.90316075329016
widthR: 37.999616655332154
x0: 1302.8160903633848
