alphaL: 0.9066848849511353
alphaR: 1.9883839829188497
event_sum: 36.15797338706481
fraction: 0.9917508996573003
mean: 1303.1632670376944
nL: 50.23092072226008
nR: 3.0641681521921527
norm: 9.867990728242713
sigma: 67.60915188501207
sigmaL: 49.64594543073032
sigmaR: 39.37654184187764
widthL: 49.64594543073032
widthR: 39.37654184187764
x0: 1303.1632670376944
