alphaL: 1.4740993857046896
alphaR: 2.2303809380759345
event_sum: 17.365457923438974
fraction: 0.9990890406478717
mean: 1304.161400772732
nL: 10.0
nR: 3.0495948328887756
norm: 17.36410215394219
sigma: 63.58723916797852
sigmaL: 69.7297192302469
sigmaR: 33.5244763720658
widthL: 69.7297192302469
widthR: 33.5244763720658
x0: 1304.161400772732
