alphaL: 1.5698099227629796
alphaR: 2.060478091909539
event_sum: 0.7321144884936887
mean: 1307.9049542760029
nL: 4.232382695795237
nR: 3.197455728924001
norm: 0.7321144884936887
sigma: 67.53836971225921
sigmaL: 69.44710049674202
sigmaR: 31.52440718808391
widthL: 69.44710049674202
widthR: 31.52440718808391
x0: 1307.9049542760029
