alphaL: 0.9421331665454304
alphaR: 1.4599573082673
event_sum: 14.76524137363072
fraction: 0.7456319852135349
mean: 3100.0
nL: 0.623972133586076
nR: 4.083317157442053
norm: 2.8809249977876323
sigma: 176.4
sigmaL: 160.47430277619037
sigmaR: 137.10336128094633
widthL: 160.47430277619037
widthR: 137.10336128094633
x0: 3100.0
