alphaL: 1.3593779941985056
alphaR: 0.913005544364972
event_sum: 0.5848695065614637
mean: 3159.7425878388462
nL: 0.9047026642856156
nR: 2.431927936370168
norm: 0.5848695065614637
sigma: 176.4
sigmaL: 299.7263521005154
sigmaR: 58.4368807055672
widthL: 299.7263521005154
widthR: 58.4368807055672
x0: 3159.7425878388462
