alphaL: 1.5335234774001667
alphaR: 1.1461747516469498
event_sum: 13.05151649915844
fraction: 0.780298315160929
mean: 3138.643623431635
nL: 0.4
nR: 4.466463351911614
norm: 5.848920562633962
sigma: 176.4
sigmaL: 294.4478762728581
sigmaR: 98.99574293829076
widthL: 294.4478762728581
widthR: 98.99574293829076
x0: 3138.643623431635
