alphaL: 0.7272677901559946
alphaR: 1.2892848396061074
event_sum: 0.2580341667375904
mean: 3097.8772841402897
nL: 3.471568466354986
nR: 2.8069163910872876
norm: 0.2580341667375904
sigma: 176.4
sigmaL: 183.66284096752372
sigmaR: 115.88404276906746
widthL: 183.66284096752372
widthR: 115.88404276906746
x0: 3097.8772841402897
