alphaL: 0.40513342785777656
alphaR: 1.9184355782789317
event_sum: 0.5541194282597215
mean: 3068.434576012236
nL: 3.659888787635812
nR: 1.5975423873023775
norm: 0.5541194282597215
sigma: 176.4
sigmaL: 114.2709131126313
sigmaR: 147.26688742219181
widthL: 114.2709131126313
widthR: 147.26688742219181
x0: 3068.434576012236
