alphaL: 0.9404551740721621
alphaR: 2.0810306509894385
event_sum: 0.28050834729361673
mean: 3043.7679653650684
nL: 0.9880644731826586
nR: 3.79973947376472
norm: 0.28050834729361673
sigma: 176.4
sigmaL: 186.8627544114003
sigmaR: 182.3965578502121
widthL: 186.8627544114003
widthR: 182.3965578502121
x0: 3043.7679653650684
