alphaL: 0.9209234768863441
alphaR: 1.5344786911227717
event_sum: 1.0065857878524551
mean: 1666.9939917754791
nL: 2.445205119694789
nR: 3.940791163064991
norm: 1.0065857878524551
sigma: 95.2
sigmaL: 93.61510578683621
sigmaR: 82.2981315560391
widthL: 93.61510578683621
widthR: 82.2981315560391
x0: 1666.9939917754791
