alphaL: 1.1899801195507298
alphaR: 1.4983744996193618
event_sum: 11.483500355136886
fraction: 0.9298122861367161
mean: 1677.5379100662005
nL: 1.4050049953729933
nR: 3.4123953291486235
norm: 10.343272927101482
sigma: 95.2
sigmaL: 111.68866518474324
sigmaR: 76.55311953143872
widthL: 111.68866518474324
widthR: 76.55311953143872
x0: 1677.5379100662005
