alphaL: 0.7716678195260815
alphaR: 2.180156443323247
event_sum: 0.8907449580258379
mean: 1656.217859482808
nL: 1.8449289355282776
nR: 2.6985580359958976
norm: 0.8907449580258379
sigma: 95.2
sigmaL: 81.73723310876827
sigmaR: 99.17589687943098
widthL: 81.73723310876827
widthR: 99.17589687943098
x0: 1656.217859482808
