alphaL: 1.0468130056314855
alphaR: 2.100127978454238
event_sum: 0.9697714593291877
mean: 1668.9676860510278
nL: 1.9620878823332664
nR: 2.4535177796092036
norm: 0.9697714593291877
sigma: 95.2
sigmaL: 104.98678816826767
sigmaR: 84.16478171269735
widthL: 104.98678816826767
widthR: 84.16478171269735
x0: 1668.9676860510278
