alphaL: 1.0119046562795158
alphaR: 1.4485192602637642
event_sum: 11.806235413080543
fraction: 0.9013133033629352
mean: 1677.0294945717983
nL: 1.2362021859346612
nR: 4.187508802013513
norm: 9.677309319198669
sigma: 95.2
sigmaL: 99.78424380696805
sigmaR: 78.49473293572093
widthL: 99.78424380696805
widthR: 78.49473293572093
x0: 1677.0294945717983
