alphaL: 0.8498814595034307
alphaR: 1.5692627342837617
event_sum: 0.932398332981009
mean: 1678.525877368633
nL: 1.9355830224151975
nR: 3.009452087586232
norm: 0.932398332981009
sigma: 95.2
sigmaL: 97.10847209185494
sigmaR: 78.45152974456124
widthL: 97.10847209185494
widthR: 78.45152974456124
x0: 1678.525877368633
