alphaL: 1.3232305922359606
alphaR: 2.0529613054554297
event_sum: 2.1996528144357064
mean: 2751.2430995104546
nL: 3.4332408863411397
nR: 3.991302708510314
norm: 2.1996528144357064
sigma: 121.90902596204482
sigmaL: 101.05704130416991
sigmaR: 67.51488228589528
widthL: 101.05704130416991
widthR: 67.51488228589528
x0: 2751.2430995104546
