alphaL: 1.1144255149434694
alphaR: 1.7862742263968718
event_sum: 0.7863214086249812
mean: 2758.1714502451064
nL: 4.753075470421473
nR: 2.433972953615751
norm: 0.7863214086249812
sigma: 174.35913388734772
sigmaL: 101.5141829069964
sigmaR: 71.7289653792011
widthL: 101.5141829069964
widthR: 71.7289653792011
x0: 2758.1714502451064
