alphaL: 0.8873405544209996
alphaR: 2.0862364314787927
event_sum: 6.556312235239441
fraction: 0.9927471043128231
mean: 2742.234944552133
nL: 19.381047764114268
nR: 3.0096559812822825
norm: 2.1940196860428913
sigma: 123.85978874517177
sigmaL: 88.0145239505854
sigmaR: 68.44145370551811
widthL: 88.0145239505854
widthR: 68.44145370551811
x0: 2742.234944552133
