alphaL: 0.06461445972031564
alphaR: 2.457448949449658
event_sum: 1.5116709419152379
mean: 2721.690600658375
nL: 5.0
nR: 1.4507191736324947
norm: 1.5116709419152379
sigma: 174.35913388734772
sigmaL: 9.487742669643287
sigmaR: 82.26371471051827
widthL: 9.487742669643287
widthR: 82.26371471051827
x0: 2721.690600658375
