alphaL: 1.3732648517044403
alphaR: 1.950323261089325
event_sum: 3.085088107540138
mean: 2757.4401618192787
nL: 4.492690224748212
nR: 3.688208607833338
norm: 3.085088107540138
sigma: 121.90902596204482
sigmaL: 113.79573427950903
sigmaR: 62.50996670385359
widthL: 113.79573427950903
widthR: 62.50996670385359
x0: 2757.4401618192787
