alphaL: 1.4919862407363065
alphaR: 1.3732882574318541
event_sum: 0.7874565188754195
mean: 2770.701919378648
nL: 3.9675762812713993
nR: 3.665922944493087
norm: 0.7874565188754195
sigma: 174.35913388734772
sigmaL: 124.91405820916066
sigmaR: 60.68881789778706
widthL: 124.91405820916066
widthR: 60.68881789778706
x0: 2770.701919378648
