alphaL: 1.643499002547345
alphaR: 2.256790187066354
event_sum: 2.203537655930612
fraction: 0.9993265039036853
mean: 2763.7798437867605
nL: 9.142785109515348
nR: 1.9306478957702367
norm: 2.203239573809623
sigma: 122.02376923085738
sigmaL: 118.74411643567342
sigmaR: 62.13886114037088
widthL: 118.74411643567342
widthR: 62.13886114037088
x0: 2763.7798437867605
