alphaL: 1.065074576921095
alphaR: 2.0591098415340237
event_sum: 15.186480178346716
fraction: 0.9984190546163376
mean: 2755.3934506802543
nL: 9.983193119993459
nR: 1.908550722162476
norm: 15.152767126715432
sigma: 173.93766387929574
sigmaL: 102.9244258253639
sigmaR: 64.66838813828704
widthL: 102.9244258253639
widthR: 64.66838813828704
x0: 2755.3934506802543
