alphaL: 1.5171268017901436
alphaR: 1.5588349745836634
event_sum: 1.5145748623187885
mean: 2768.4731147673156
nL: 4.29643146302654
nR: 2.973033801452874
norm: 1.5145748623187885
sigma: 174.35913388734772
sigmaL: 126.98090711067614
sigmaR: 55.27255091456762
widthL: 126.98090711067614
widthR: 55.27255091456762
x0: 2768.4731147673156
