alphaL: 1.1971181638955755
alphaR: 2.134797767822881
event_sum: 2.189073230802979
mean: 2753.0424779931577
nL: 4.588033522375907
nR: 3.5514367623404555
norm: 2.189073230802979
sigma: 121.90902596204482
sigmaL: 100.17028989483735
sigmaR: 67.59682735487921
widthL: 100.17028989483735
widthR: 67.59682735487921
x0: 2753.0424779931577
