alphaL: 1.1583503439272942
alphaR: 1.9501802346596548
event_sum: 3.0906417279804774
fraction: 0.999265163126346
mean: 2754.0438652053354
nL: 10.0
nR: 4.491887406277692
norm: 3.0898907602697343
sigma: 122.02376923085738
sigmaL: 105.1138701235143
sigmaR: 63.48104650978857
widthL: 105.1138701235143
widthR: 63.48104650978857
x0: 2754.0438652053354
