alphaL: 1.2746665563975894
alphaR: 1.6601015849289789
event_sum: 3.072532206073983
mean: 2765.180061398671
nL: 4.698688867237594
nR: 3.1586110442380786
norm: 3.072532206073983
sigma: 121.90902596204482
sigmaL: 113.72700057677822
sigmaR: 48.85116970975303
widthL: 113.72700057677822
widthR: 48.85116970975303
x0: 2765.180061398671
