alphaL: 1.0258105752812845
alphaR: 1.6083003373208256
event_sum: 7.943695657157472
fraction: 0.9983025151749292
mean: 2759.084228222609
nL: 9.648759971740684
nR: 3.1689428505126784
norm: 7.880649178578508
sigma: 173.93766387929574
sigmaL: 102.21134741269563
sigmaR: 69.54223765818972
widthL: 102.21134741269563
widthR: 69.54223765818972
x0: 2759.084228222609
