alphaL: 1.1021719403334689
alphaR: 1.7073502673645906
event_sum: 0.42947313334119436
mean: 945.3672146422925
nL: 2.3769311349664517
nR: 1.9408368033435928
norm: 0.42947313334119436
sigma: 53.199999999999996
sigmaL: 66.68874667734377
sigmaR: 44.50741740150052
widthL: 66.68874667734377
widthR: 44.50741740150052
x0: 945.3672146422925
