alphaL: 1.220273365521939
alphaR: 1.5439216667008346
event_sum: 4.4321244784703495
fraction: 0.9932233198955348
mean: 947.9748449547087
nL: 5.150100411761796
nR: 3.00626346145981
norm: 4.4111891379034045
sigma: 53.199999999999996
sigmaL: 71.32012855552807
sigmaR: 42.370910107910625
widthL: 71.32012855552807
widthR: 42.370910107910625
x0: 947.9748449547087
