alphaL: 1.000219279985634
alphaR: 1.406040766577427
event_sum: 0.8679067050512032
mean: 947.2271148445072
nL: 3.3361011679116648
nR: 3.806607636187387
norm: 0.8679067050512032
sigma: 53.199999999999996
sigmaL: 60.064946364601205
sigmaR: 44.384431594249364
widthL: 60.064946364601205
widthR: 44.384431594249364
x0: 947.2271148445072
