alphaL: 1.1569251512285013
alphaR: 1.654654768573145
event_sum: 0.8424697293845943
mean: 945.0869307703457
nL: 2.259737412759153
nR: 2.225818297302747
norm: 0.8424697293845943
sigma: 53.199999999999996
sigmaL: 64.85002888130819
sigmaR: 47.20076817026988
widthL: 64.85002888130819
widthR: 47.20076817026988
x0: 945.0869307703457
