alphaL: 1.194754652276623
alphaR: 1.382765816921368
event_sum: 0.44005993171056146
mean: 951.1196864975003
nL: 3.732792054480017
nR: 3.5365042673832687
norm: 0.44005993171056146
sigma: 53.199999999999996
sigmaL: 73.05334581366613
sigmaR: 39.08876779986267
widthL: 73.05334581366613
widthR: 39.08876779986267
x0: 951.1196864975003
