alphaL: 1.0021306626675097
alphaR: 1.4596268662458516
event_sum: 8.76216753651068
fraction: 0.9949920611637979
mean: 943.8633052021046
nL: 4.265094112981402
nR: 3.9861806164792633
norm: 8.726351895351932
sigma: 53.199999999999996
sigmaL: 61.02979651563728
sigmaR: 46.57088604279174
widthL: 61.02979651563728
widthR: 46.57088604279174
x0: 943.8633052021046
