alphaL: 0.9268183057643437
alphaR: 2.151886030273309
event_sum: 2.9690814633154807
mean: 3391.361084406084
nL: 20.660250914088763
nR: 3.3793648031134578
norm_2016: 0.7641664936678679
norm_2017: 1.0369061993062751
norm_2018: 1.3922668873542492
norm_Run2: 2.9690814633154807
sigma: 150.61022842817508
sigmaL: 115.02289088570154
sigmaR: 76.25408851046026
widthL: 115.02289088570154
widthR: 76.25408851046026
x0: 3391.361084406084
