alphaL: 0.7570872074602394
alphaR: 1.3041449518536168
event_sum: 1.4051633777762609
mean: 3354.07280465476
nL: 0.1000033325613109
nR: 5.885367375011146
norm_2016: 0.41853355282091836
norm_2017: 0.4389840184366284
norm_2018: 0.5679259155585628
norm_Run2: 1.4051633777762609
sigma: 340.0
sigmaL: 385.92364442027326
sigmaR: 143.39117292081752
widthL: 385.92364442027326
widthR: 143.39117292081752
x0: 3354.07280465476
