alphaL: 0.8979788820845025
alphaR: 1.989380745872339
event_sum: 3.7825698421781353
mean: 3350.3839914791824
nL: 0.9631422343560301
nR: 1.6667199466262443
norm_2016: 0.748449280980763
norm_2017: 1.207578654706446
norm_2018: 1.882818185113649
norm_Run2: 3.7825698421781353
sigma: 190.4
sigmaL: 190.2671087703554
sigmaR: 136.10515789413208
widthL: 190.2671087703554
widthR: 136.10515789413208
x0: 3350.3839914791824
