alphaL: 1.3478528267888499
alphaR: 2.21909874951021
event_sum: 1.6698728812080679
fraction: 0.9991626494056296
mean: 3298.7102489197378
nL: 9.078008773239334
nR: 2.7553983986787784
norm: 1.6686671103930981
sigma: 148.11714830987628
sigmaL: 141.4365016196044
sigmaR: 71.94728218053233
widthL: 141.4365016196044
widthR: 71.94728218053233
x0: 3298.7102489197378
