alphaL: 1.083180012099385
alphaR: 1.4141227484754837
event_sum: 0.9876026087416409
mean: 3303.2593729939035
nL: 4.665673516907497
nR: 2.857302664833879
norm: 0.9876026087416409
sigma: 271.6605357258651
sigmaL: 120.35640599186183
sigmaR: 67.1653739782287
widthL: 120.35640599186183
widthR: 67.1653739782287
x0: 3303.2593729939035
