alphaL: 0.795031134232782
alphaR: 1.9157976225760704
event_sum: 23.134623437509326
fraction: 0.9992174505961378
mean: 3289.846670898652
nL: 9.998132637024247
nR: 2.2075489746566443
norm: 23.057635884891667
sigma: 270.8277552759604
sigmaL: 99.00867123114953
sigmaR: 73.31424042799385
widthL: 99.00867123114953
widthR: 73.31424042799385
x0: 3289.846670898652
