alphaL: 1.3464779937263711
alphaR: 1.4919802102927238
event_sum: 2.3099450156803707
mean: 3309.5337278772204
nL: 4.4180477001172
nR: 3.1996024363847435
norm: 2.3099450156803707
sigma: 271.6605357258651
sigmaL: 140.2434012933038
sigmaR: 60.833576823598925
widthL: 140.2434012933038
widthR: 60.833576823598925
x0: 3309.5337278772204
