alphaL: 1.2057376558102344
alphaR: 1.844425716448594
event_sum: 1.1070367151566998
fraction: 0.9987676653967452
mean: 3298.584006012397
nL: 7.5286709134122445
nR: 3.202141247449219
norm: 1.106291903738319
sigma: 148.11714830987628
sigmaL: 128.18637207068076
sigmaR: 71.74439023187774
widthL: 128.18637207068076
widthR: 71.74439023187774
x0: 3298.584006012397
