alphaL: 0.6210947458439249
alphaR: 1.6605715500908178
event_sum: 10.047114472184544
fraction: 0.9984689653841158
mean: 3281.7140568801246
nL: 9.980040243180982
nR: 2.9179235911674932
norm: 9.849960122235796
sigma: 270.8277552759604
sigmaL: 81.03869264002262
sigmaR: 81.63413792810903
widthL: 81.03869264002262
widthR: 81.63413792810903
x0: 3281.7140568801246
