alphaL: 1.2393596086254186
alphaR: 1.9874587885322725
event_sum: 1.101686017422689
mean: 3295.7800786491034
nL: 4.083630452018745
nR: 2.5505097291604324
norm: 1.101686017422689
sigma: 146.74751084570633
sigmaL: 121.53142497786256
sigmaR: 73.61471484882107
widthL: 121.53142497786256
widthR: 73.61471484882107
x0: 3295.7800786491034
