alphaL: 1.1010179868613128
alphaR: 1.4658818382316852
event_sum: 2.3055219164212306
mean: 3301.6730755448734
nL: 5.0
nR: 3.4812284981790924
norm: 2.3055219164212306
sigma: 271.6605357258651
sigmaL: 122.92411543490178
sigmaR: 64.45551284199732
widthL: 122.92411543490178
widthR: 64.45551284199732
x0: 3301.6730755448734
