alphaL: 1.5414706005628296
alphaR: 2.2335949982911614
event_sum: 1.6771882334273507
mean: 3306.139841526197
nL: 4.422477862061742
nR: 2.214885997818895
norm: 1.6771882334273507
sigma: 146.74751084570633
sigmaL: 151.83261577280518
sigmaR: 67.60712045040863
widthL: 151.83261577280518
widthR: 67.60712045040863
x0: 3306.139841526197
