alphaL: 1.316172782267275
alphaR: 2.3510970115268095
event_sum: 1.667640099817118
mean: 3299.4306176863943
nL: 4.422645451577903
nR: 2.422309782553565
norm: 1.667640099817118
sigma: 146.74751084570633
sigmaL: 137.50080670920272
sigmaR: 71.16649402070772
widthL: 137.50080670920272
widthR: 71.16649402070772
x0: 3299.4306176863943
