alphaL: 0.9240326181268272
alphaR: 1.6156619565609134
event_sum: 0.9821265953765622
mean: 3285.8464139941307
nL: 4.4776796091145235
nR: 2.911044926862239
norm: 0.9821265953765622
sigma: 271.6605357258651
sigmaL: 99.42522455977983
sigmaR: 79.55004917071652
widthL: 99.42522455977983
widthR: 79.55004917071652
x0: 3285.8464139941307
