alphaL: 1.351892014377142
alphaR: 2.1206623707529553
event_sum: 1.0932081864838739
mean: 3293.240580005332
nL: 2.385477668498562
nR: 1.8003863186538414
norm: 1.0932081864838739
sigma: 146.74751084570633
sigmaL: 119.38611428526471
sigmaR: 75.32062748445793
widthL: 119.38611428526471
widthR: 75.32062748445793
x0: 3293.240580005332
