alphaL: 0.867443820360938
alphaR: 2.2493799995098747
event_sum: 4.6717575378489515
mean: 3141.2466277871245
nL: 38.55406829946296
nR: 2.750403072663522
norm_2016: 1.1984735581685593
norm_2017: 1.6140378725468874
norm_2018: 2.2280952120571462
norm_Run2: 4.6717575378489515
sigma: 141.0622473265777
sigmaL: 104.00310197782957
sigmaR: 72.1983610623279
widthL: 104.00310197782957
widthR: 72.1983610623279
x0: 3141.2466277871245
