alphaL: 1.1898005960047664
alphaR: 1.162816607570883
event_sum: 2.656811222769693
mean: 3100.504702956462
nL: 0.42428458202961694
nR: 7.271157727661036
norm_2016: 0.5914858607513656
norm_2017: 0.8867720627839153
norm_2018: 1.2155729977983318
norm_Run2: 2.656811222769693
sigma: 176.4
sigmaL: 207.00941931683144
sigmaR: 121.42518203087619
widthL: 207.00941931683144
widthR: 121.42518203087619
x0: 3100.504702956462
