alphaL: 0.7237974051246632
alphaR: 1.7245750513098759
event_sum: 22.992439337895973
mean: 3142.441283587672
nL: 17.736251520991942
nR: 2.8125189596409497
norm_2016: 6.281147046769159
norm_2017: 7.292676820676839
norm_2018: 10.047159251437545
norm_Run2: 22.992439337895973
sigma: 254.2429313050415
sigmaL: 90.15846028000482
sigmaR: 78.97464017497738
widthL: 90.15846028000482
widthR: 78.97464017497738
x0: 3142.441283587672
