alphaL: 0.7847403256799097
alphaR: 1.683047736537346
event_sum: 5.615618720293923
mean: 3100.149437829014
nL: 1.634378525417822
nR: 2.633246583703878
norm_2016: 1.1268256230228797
norm_2017: 1.7656934001525224
norm_2018: 2.7940194270687537
norm_Run2: 5.615618720293923
sigma: 176.4
sigmaL: 175.237098694552
sigmaR: 129.1971367541596
widthL: 175.237098694552
widthR: 129.1971367541596
x0: 3100.149437829014
