alphaL: 1.1143218097352348
alphaR: 1.7993191591310915
event_sum: 7.1522200669217915
mean: 2328.9260864388084
nL: 0.20013835572707758
nR: 1.7175814080387861
norm: 7.1522200669217915
sigma: 167
sigmaL: 214.2005097184376
sigmaR: 148.26655741569397
widthL: 214.2005097184376
widthR: 148.26655741569397
x0: 2328.9260864388084
