alphaL: 0.6930735971356927
alphaR: 0.01
event_sum: 0.1995729506394709
mean: 3368.055162623215
nL: 0.1
nR: 2.635753433491611
norm: 0.1995729506394709
sigma: 325.0
sigmaL: 376.86951201338064
sigmaR: 5.0
widthL: 376.86951201338064
widthR: 5.0
x0: 3368.055162623215
