alphaL: 1.0273867502636327
alphaR: 1.5069091834131263
event_sum: 0.3412157450433027
mean: 3206.4654825219004
nL: 0.11659517874458096
nR: 1.4745937976616834
norm: 0.3412157450433027
sigma: 325.0
sigmaL: 387.0797467683816
sigmaR: 131.2732844507522
widthL: 387.0797467683816
widthR: 131.2732844507522
x0: 3206.4654825219004
