alphaL: 0.10318427843705755
alphaR: 1.2755553674165878
event_sum: 0.2660598941323122
mean: 3268.628448358686
nL: 0.9999228030598022
nR: 3.3999770041582393
norm: 0.2660598941323122
sigma: 325.0
sigmaL: 794.6037180217321
sigmaR: 100.85133317307027
widthL: 794.6037180217321
widthR: 100.85133317307027
x0: 3268.628448358686
