alphaL: 0.4439873382437873
alphaR: 1.2616741862074865
event_sum: 0.4017547602718881
mean: 3274.2188857268798
nL: 0.9948358418375373
nR: 2.5071088334206793
norm: 0.4017547602718881
sigma: 325.0
sigmaL: 574.7855226037909
sigmaR: 99.47789543679966
widthL: 574.7855226037909
widthR: 99.47789543679966
x0: 3274.2188857268798
