alphaL: 0.8261945923382572
alphaR: 1.3168479091300367
event_sum: 10.359425504344438
fraction: 0.6643021530249498
mean: 3200.0
nL: 0.4706993671963843
nR: 4.399596074187966
norm: 3.00654979221036
sigma: 325.0
sigmaL: 335.7663957176679
sigmaR: 140.5743194275443
widthL: 335.7663957176679
widthR: 140.5743194275443
x0: 3200.0
