alphaL: 0.4460847275886377
alphaR: 0.8842929659473019
event_sum: 14.637924152367042
fraction: 0.5860736055500194
mean: 3254.18302641172
nL: 0.4
nR: 3.6288880563529498
norm: 1.7052315563097902
sigma: 325.0
sigmaL: 353.59853393073894
sigmaR: 93.5416544821219
widthL: 353.59853393073894
widthR: 93.5416544821219
x0: 3254.18302641172
