alphaL: 1.2419077992978496
alphaR: 1.1322741188203136
event_sum: 0.32610814544192657
mean: 2740.6916768027786
nL: 0.1368790443160018
nR: 3.361316058110428
norm: 0.32610814544192657
sigma: 275.0
sigmaL: 363.96111608079065
sigmaR: 105.77699335786083
widthL: 363.96111608079065
widthR: 105.77699335786083
x0: 2740.6916768027786
