alphaL: 0.6507952360554781
alphaR: 0.6629778828913573
event_sum: 6.851684730095894
fraction: 0.6509622418462598
mean: 2708.1990503881775
nL: 0.4381557629465621
nR: 4.242903101660219
norm: 1.6790145634333455
sigma: 275.0
sigmaL: 149.67253407060133
sigmaR: 72.58153469074719
widthL: 149.67253407060133
widthR: 72.58153469074719
x0: 2708.1990503881775
