alphaL: 1.0322274295548381
alphaR: 1.102420557101946
event_sum: 6.333741021133231
fraction: 0.7015970370535539
mean: 2726.1999040498813
nL: 0.4050359298809443
nR: 3.655480267945014
norm: 3.0276609441129816
sigma: 275.0
sigmaL: 332.9294662851539
sigmaR: 104.71448601695057
widthL: 332.9294662851539
widthR: 104.71448601695057
x0: 2726.1999040498813
