alphaL: 0.6724836354177652
alphaR: 1.0455573678869508
event_sum: 0.3751093894948503
mean: 2783.067094610045
nL: 1.000140703496205
nR: 2.300734357672674
norm: 0.3751093894948503
sigma: 275.0
sigmaL: 380.5232004164576
sigmaR: 71.1427746163624
widthL: 380.5232004164576
widthR: 71.1427746163624
x0: 2783.067094610045
