alphaL: 0.18404720330775978
alphaR: 0.9257465748801695
event_sum: 0.2455567828455132
mean: 2791.048819238222
nL: 1.0001702740343859
nR: 3.191582342902859
norm: 0.2455567828455132
sigma: 275.0
sigmaL: 603.35556547621
sigmaR: 83.75655187926095
widthL: 603.35556547621
widthR: 83.75655187926095
x0: 2791.048819238222
