alphaL: 0.93557769458338
alphaR: 1.4831099371682814
event_sum: 0.19155861040456368
mean: 2709.437093129859
nL: 0.10622553770687876
nR: 2.149792791369336
norm: 0.19155861040456368
sigma: 275.0
sigmaL: 260.2561515080809
sigmaR: 129.24859734936726
widthL: 260.2561515080809
widthR: 129.24859734936726
x0: 2709.437093129859
