alphaL: 1.0496261205485058
alphaR: 1.7341433684297263
event_sum: 0.08323901466058645
mean: 3268.6862151666587
nL: 0.9917736612840571
nR: 3.7322307590091874
norm: 0.08323901466058645
sigma: 187.60000000000002
sigmaL: 208.18540074156462
sigmaR: 151.73502891368085
widthL: 208.18540074156462
widthR: 151.73502891368085
x0: 3268.6862151666587
