alphaL: 0.5524497172343644
alphaR: 2.237303855544242
event_sum: 0.1973920714547443
mean: 3273.351117361329
nL: 2.8921576370401723
nR: 0.9524607559267037
norm: 0.1973920714547443
sigma: 187.60000000000002
sigmaL: 165.31912222881635
sigmaR: 147.81607854727915
widthL: 165.31912222881635
widthR: 147.81607854727915
x0: 3273.351117361329
