alphaL: 0.9658534549343823
alphaR: 1.0807773052026284
event_sum: 6.266519941485299
fraction: 0.7600482826224771
mean: 3325.6527536328476
nL: 0.8535785464528168
nR: 4.5
norm: 0.8939764661201598
sigma: 187.60000000000002
sigmaL: 252.00674760084758
sigmaR: 102.94527797493649
widthL: 252.00674760084758
widthR: 102.94527797493649
x0: 3325.6527536328476
