alphaL: 0.7316468773076251
alphaR: 1.5899273534290033
event_sum: 22.697943244668522
fraction: 0.9907614901194585
mean: 3345.782512266521
nL: 20.38282829468104
nR: 3.2219338519137226
norm: 9.702562194210083
sigma: 303.719980231188
sigmaL: 98.1350719758324
sigmaR: 79.32168490334165
widthL: 98.1350719758324
widthR: 79.32168490334165
x0: 3345.782512266521
