alphaL: 1.7737805348486388
alphaR: 2.826368267078958
event_sum: 0.07813954921761974
mean: 3242.8740521478485
nL: 0.1
nR: 0.33319319144944304
norm: 0.07813954921761974
sigma: 187.60000000000002
sigmaL: 269.75118562436865
sigmaR: 198.10358919006768
widthL: 269.75118562436865
widthR: 198.10358919006768
x0: 3242.8740521478485
