alphaL: 1.6490446134281296
alphaR: 1.1715410852089245
event_sum: 5.730313184735077
fraction: 0.7300307845403716
mean: 3327.5007354130557
nL: 0.4
nR: 3.188553073178991
norm: 2.1940523406355514
sigma: 187.60000000000002
sigmaL: 274.12019666127554
sigmaR: 94.45206942342988
widthL: 274.12019666127554
widthR: 94.45206942342988
x0: 3327.5007354130557
