alphaL: 0.9823710000260492
alphaR: 1.2805909039635979
event_sum: 0.21040098936122043
mean: 3316.590549446763
nL: 1.0560443319589472
nR: 2.6893819299670305
norm: 0.21040098936122043
sigma: 187.60000000000002
sigmaL: 209.71975177793203
sigmaR: 90.2846834641306
widthL: 209.71975177793203
widthR: 90.2846834641306
x0: 3316.590549446763
