alphaL: 1.1875807696816671
alphaR: 1.1830610600325664
event_sum: 11.562990080289065
mean: 2213.154775056524
nL: 0.404993847019532
nR: 6.904616193278
norm_2016: 2.758964816321719
norm_2017: 3.634282418477261
norm_2018: 5.350423733421666
norm_Run2: 11.562990080289065
sigma: 225.0
sigmaL: 245.3039281364198
sigmaR: 112.97299421290573
widthL: 245.3039281364198
widthR: 112.97299421290573
x0: 2213.154775056524
