alphaL: 1.0068278162009865
alphaR: 1.9416600062891896
event_sum: 2.304629715623538
mean: 3294.2614664566986
nL: 12.872990247755586
nR: 3.131044082880761
norm_2016: 0.7171322325794011
norm_2017: 0.7143322639261241
norm_2018: 1.1038280342061053
norm_Run2: 2.304629715623538
sigma: 146.79103598753613
sigmaL: 112.32031034374407
sigmaR: 74.95815873507964
widthL: 112.32031034374407
widthR: 74.95815873507964
x0: 3294.2614664566986
