alphaL: 1.1463318990277669
alphaR: 1.1375167651062288
event_sum: 1.9502525397124622
mean: 3250.9681376919466
nL: 0.45082609807857393
nR: 8.42348223325948
norm_2016: 0.41279441120730376
norm_2017: 0.6882855575344186
norm_2018: 0.8790334521456759
norm_Run2: 1.9502525397124622
sigma: 184.8
sigmaL: 225.24619670565534
sigmaR: 125.40183604132892
widthL: 225.24619670565534
widthR: 125.40183604132892
x0: 3250.9681376919466
