alphaL: 0.7819252470289704
alphaR: 0.7363204936082504
event_sum: 2.7258605677431422
fraction: 0.6892479972612474
mean: 3145.073095620054
nL: 0.6408322178152253
nR: 4.1285410055429175
norm: 0.9024818489884759
sigma: 315.0
sigmaL: 389.30293699080505
sigmaR: 73.19951845191403
widthL: 389.30293699080505
widthR: 73.19951845191403
x0: 3145.073095620054
