alphaL: 0.7862300448250658
alphaR: 0.8464632694017112
event_sum: 0.06272580283437823
mean: 3211.447012348073
nL: 0.14139162651111892
nR: 1.4759086770854737
norm: 0.06272580283437823
sigma: 315.0
sigmaL: 388.46405743834725
sigmaR: 52.37831264270892
widthL: 388.46405743834725
widthR: 52.37831264270892
x0: 3211.447012348073
