alphaL: 0.8109246496685026
alphaR: 1.2391045855086198
event_sum: 0.09815625504283028
mean: 3169.101036496839
nL: 0.4904481583010514
nR: 1.1169211268681507
norm: 0.09815625504283028
sigma: 315.0
sigmaL: 352.1758517990199
sigmaR: 63.673166131399896
widthL: 352.1758517990199
widthR: 63.673166131399896
x0: 3169.101036496839
