alphaL: 0.053699888112689095
alphaR: 0.802482421874355
event_sum: 0.08697460189819177
mean: 3256.9597284176907
nL: 1.0006084807352875
nR: 4.177688917157893
norm: 0.08697460189819177
sigma: 315.0
sigmaL: 945.9800279613123
sigmaR: 78.66737850880632
widthL: 945.9800279613123
widthR: 78.66737850880632
x0: 3256.9597284176907
