alphaL: 0.7029563783878187
alphaR: 1.331623464506565
event_sum: 3.8994534692069527
fraction: 0.6362915477021206
mean: 3121.462566343714
nL: 0.4
nR: 4.5
norm: 0.5735261001824217
sigma: 315.0
sigmaL: 394.956694824252
sigmaR: 155.4353597376584
widthL: 394.956694824252
widthR: 155.4353597376584
x0: 3121.462566343714
