alphaL: 0.5773754445186857
alphaR: 0.8465078256262346
event_sum: 0.11335670654976514
mean: 3166.0768668652345
nL: 1.0000615092666414
nR: 2.1534413716361667
norm: 0.11335670654976514
sigma: 315.0
sigmaL: 493.8105421192695
sigmaR: 65.41256978595275
widthL: 493.8105421192695
widthR: 65.41256978595275
x0: 3166.0768668652345
