alphaL: 0.8911936145223003
alphaR: 2.2103824118152486
event_sum: 3.92693557123939
mean: 3241.2924104347085
nL: 31.39654134531328
nR: 3.0019877648434963
norm_2016: 1.0109758467242262
norm_2017: 1.3684566665066638
norm_2018: 1.8380867168345458
norm_Run2: 3.92693557123939
sigma: 144.88143976721665
sigmaL: 108.41101754097836
sigmaR: 73.82065204158084
widthL: 108.41101754097836
widthR: 73.82065204158084
x0: 3241.2924104347085
