alphaL: 0.9912251942163763
alphaR: 1.3291872705573642
event_sum: 3.1811461740711535
mean: 3200.3862834555703
nL: 0.18008344883529456
nR: 4.103370727521417
norm_2016: 0.8572750889024255
norm_2017: 1.0939906753015871
norm_2018: 1.2601275412510529
norm_Run2: 3.1811461740711535
sigma: 325.0
sigmaL: 382.0911477321754
sigmaR: 136.1875529247366
widthL: 382.0911477321754
widthR: 136.1875529247366
x0: 3200.3862834555703
