alphaL: 0.9909111466348585
alphaR: 1.6449879756044319
event_sum: 0.37737130325695034
mean: 880.6715584474423
nL: 4.6752831193162505
nR: 2.160038142794662
norm: 0.37737130325695034
sigma: 90.0
sigmaL: 76.50280385196466
sigmaR: 60.87117112302422
widthL: 76.50280385196466
widthR: 60.87117112302422
x0: 880.6715584474423
