alphaL: 1.0026604338501992
alphaR: 1.2084427774061368
event_sum: 0.6813155725321849
mean: 894.672049690461
nL: 0.2000908017733727
nR: 1.6920252592396354
norm: 0.6813155725321849
sigma: 46.469150044772185
sigmaL: 82.48233317652443
sigmaR: 48.2207792910221
widthL: 82.48233317652443
widthR: 48.2207792910221
x0: 894.672049690461
