alphaL: 0.9636811769146229
alphaR: 1.433303791034193
event_sum: 3.7800775152863935
fraction: 0.9911757385477598
mean: 880.9860996856621
nL: 7.447304106903915
nR: 3.699274950162349
norm: 3.7502327143447474
sigma: 90.0
sigmaL: 75.03702065133854
sigmaR: 59.65656764009356
widthL: 75.03702065133854
widthR: 59.65656764009356
x0: 880.9860996856621
