alphaL: 1.3954171299473446
alphaR: 1.4503026922136601
event_sum: 0.7928196458669845
mean: 889.9662387434192
nL: 1.0049713391937394
nR: 3.7665793688323377
norm: 0.7928196458669845
sigma: 90.0
sigmaL: 86.58722338439182
sigmaR: 57.546354784225244
widthL: 86.58722338439182
widthR: 57.546354784225244
x0: 889.9662387434192
