alphaL: 1.5055395861247471
alphaR: 1.2984748714403906
event_sum: 0.7919307533666142
mean: 891.4348164474716
nL: 0.6890333354025402
nR: 4.260629887748887
norm: 0.7919307533666142
sigma: 90.0
sigmaL: 87.07619299076288
sigmaR: 53.593678323357516
widthL: 87.07619299076288
widthR: 53.593678323357516
x0: 891.4348164474716
