alphaL: 1.1848293655175806
alphaR: 1.1192534014990918
event_sum: 0.3785823911675834
mean: 894.6891361537864
nL: 4.434840762934401
nR: 3.867998080406829
norm: 0.3785823911675834
sigma: 90.0
sigmaL: 88.49600294270915
sigmaR: 45.32225861131235
widthL: 88.49600294270915
widthR: 45.32225861131235
x0: 894.6891361537864
