alphaL: 1.5929049787204645
alphaR: 1.2321067893991509
event_sum: 7.915097043500282
fraction: 0.9933876306616222
mean: 894.7732438628504
nL: 0.45786355098761744
nR: 4.499530416561384
norm: 7.87477430421859
sigma: 90.0
sigmaL: 90.42311623433791
sigmaR: 50.208972559258676
widthL: 90.42311623433791
widthR: 50.208972559258676
x0: 894.7732438628504
