alphaL: 1.4000271529652824
alphaR: 1.2843541614108052
event_sum: 0.7928196458669845
mean: 893.3849155808058
nL: 1.0033782075406976
nR: 4.148936556831892
norm: 0.7928196458669845
sigma: 90.0
sigmaL: 87.15249739686065
sigmaR: 51.41435586074273
widthL: 87.15249739686065
widthR: 51.41435586074273
x0: 893.3849155808058
