alphaL: 1.241797026774319
alphaR: 1.5671098326457205
event_sum: 0.794352050688758
mean: 886.9688798104011
nL: 4.440593422081563
nR: 3.308731999635567
norm: 0.794352050688758
sigma: 90.0
sigmaL: 87.09366947049935
sigmaR: 60.322073203918194
widthL: 87.09366947049935
widthR: 60.322073203918194
x0: 886.9688798104011
