alphaL: 1.222353405931531
alphaR: 1.124097125613843
event_sum: 0.3793071112158941
mean: 897.7278863941725
nL: 4.498198509515772
nR: 2.5493462380848806
norm: 0.3793071112158941
sigma: 90.0
sigmaL: 90.22341438882499
sigmaR: 41.653426622447704
widthL: 90.22341438882499
widthR: 41.653426622447704
x0: 897.7278863941725
