alphaL: 1.053555713715453
alphaR: 1.1013544646272164
event_sum: 0.32320895932934945
mean: 888.7594190332301
nL: 0.20001224058782688
nR: 1.5331904008148023
norm: 0.32320895932934945
sigma: 46.469150044772185
sigmaL: 81.96159995744807
sigmaR: 46.38940544778162
widthL: 81.96159995744807
widthR: 46.38940544778162
x0: 888.7594190332301
