alphaL: 1.0624849338227418
alphaR: 1.3180113557447082
event_sum: 0.3785823911675834
mean: 884.5634970384907
nL: 4.499300370252404
nR: 3.582445732162043
norm: 0.3785823911675834
sigma: 90.0
sigmaL: 77.91954705201404
sigmaR: 54.848620296359705
widthL: 77.91954705201404
widthR: 54.848620296359705
x0: 884.5634970384907
