alphaL: 1.4177649566868578
alphaR: 1.9139186062441895
event_sum: 5.4350803743779466
mean: 2308.938494559055
nL: 4.508017777761746
nR: 3.9084356651041676
norm: 5.4350803743779466
sigma: 105.21912697421475
sigmaL: 93.21591039630404
sigmaR: 56.56961936173065
widthL: 93.21591039630404
widthR: 56.56961936173065
x0: 2308.938494559055
