alphaL: 1.2829741466281792
alphaR: 2.145600872570621
event_sum: 1.3755047556552444
mean: 2309.261438071569
nL: 4.446309761743802
nR: 1.6529334171374486
norm: 1.3755047556552444
sigma: 131.43401298151613
sigmaL: 93.2301437114819
sigmaR: 56.70416600473517
widthL: 93.2301437114819
widthR: 56.70416600473517
x0: 2309.261438071569
