alphaL: 1.2137305455425447
alphaR: 2.010248947176036
event_sum: 5.418934723608229
mean: 2304.684853069461
nL: 4.755560337321272
nR: 3.574892885337468
norm: 5.418934723608229
sigma: 105.21912697421475
sigmaL: 84.69816654710814
sigmaR: 59.13116063763385
widthL: 84.69816654710814
widthR: 59.13116063763385
x0: 2304.684853069461
