alphaL: 1.3134941195328669
alphaR: 2.0924158974287783
event_sum: 1.3725006132890678
mean: 2314.2222096019436
nL: 4.623366743197821
nR: 1.5341065373381149
norm: 1.3725006132890678
sigma: 131.43401298151613
sigmaL: 100.4824816894737
sigmaR: 52.98696426160271
widthL: 100.4824816894737
widthR: 52.98696426160271
x0: 2314.2222096019436
