alphaL: 1.4480578205468846
alphaR: 2.4109046486283128
event_sum: 6.272720251308032
mean: 2309.173216645415
nL: 4.489344204810693
nR: 1.5516486539232948
norm: 6.272720251308032
sigma: 105.21912697421475
sigmaL: 99.94783824383369
sigmaR: 51.99130461141121
widthL: 99.94783824383369
widthR: 51.99130461141121
x0: 2309.173216645415
