alphaL: 1.066499203750052
alphaR: 1.7738784069911733
event_sum: 9.04060072103212
fraction: 0.9971094804060785
mean: 2312.658580710569
nL: 10.0
nR: 2.377201643869527
norm: 9.010152339809748
sigma: 131.48648499493842
sigmaL: 88.59344958330693
sigmaR: 57.01651497253145
widthL: 88.59344958330693
widthR: 57.01651497253145
x0: 2312.658580710569
