alphaL: 1.2933604848371232
alphaR: 2.260588640424123
event_sum: 6.241193089834927
mean: 2306.995019625676
nL: 4.8472205903104335
nR: 2.474009223577927
norm: 6.241193089834927
sigma: 105.21912697421475
sigmaL: 94.96909058116117
sigmaR: 52.801011798400225
widthL: 94.96909058116117
widthR: 52.801011798400225
x0: 2306.995019625676
