alphaL: 1.2760646092846444
alphaR: 1.7876561680250704
event_sum: 0.9001838210838251
mean: 2313.1051381206667
nL: 4.510746757112217
nR: 2.1085873576627225
norm: 0.9001838210838251
sigma: 131.43401298151613
sigmaL: 93.67496341510095
sigmaR: 57.59366256763515
widthL: 93.67496341510095
widthR: 57.59366256763515
x0: 2313.1051381206667
