alphaL: 1.1815238070112943
alphaR: 2.059172124467163
event_sum: 5.44952383728394
fraction: 0.9991657149804957
mean: 2305.1338337071115
nL: 9.898709701731809
nR: 3.169014196439685
norm: 5.447811729378048
sigma: 105.3132947364443
sigmaL: 86.39601407592787
sigmaR: 59.12792247400686
widthL: 86.39601407592787
widthR: 59.12792247400686
x0: 2305.1338337071115
