alphaL: 1.0050019977056341
alphaR: 2.1243018240603995
event_sum: 13.778289369755118
fraction: 0.9970171295698615
mean: 2306.060529156183
nL: 9.97586729353402
nR: 1.8011550512553525
norm: 13.764675310792668
sigma: 131.48648499493842
sigmaL: 82.82685413612538
sigmaR: 57.688497476388974
widthL: 82.82685413612538
widthR: 57.688497476388974
x0: 2306.060529156183
