alphaL: 1.186752935416064
alphaR: 1.8074261967425747
event_sum: 0.8973023349412307
mean: 2312.399751985139
nL: 3.8668274995131084
nR: 2.211722604424922
norm: 0.8973023349412307
sigma: 131.43401298151613
sigmaL: 89.94596891150911
sigmaR: 57.414719070089774
widthL: 89.94596891150911
widthR: 57.414719070089774
x0: 2312.399751985139
