alphaL: 1.2941427488174162
alphaR: 2.3231229897452095
event_sum: 6.285305773383632
fraction: 0.9986909456910743
mean: 2309.090396453187
nL: 10.0
nR: 1.9168930916393563
norm: 6.284147232201894
sigma: 105.3132947364443
sigmaL: 98.58820205661456
sigmaR: 51.99266809693837
widthL: 98.58820205661456
widthR: 51.99266809693837
x0: 2309.090396453187
