alphaL: 1.3369978121666783
alphaR: 0.8934626768743852
event_sum: 0.664465069511725
mean: 3057.732240133629
nL: 0.9666306270122441
nR: 2.5932700841116976
norm: 0.664465069511725
sigma: 170.8
sigmaL: 286.27100694188755
sigmaR: 60.16416189910251
widthL: 286.27100694188755
widthR: 60.16416189910251
x0: 3057.732240133629
