alphaL: 1.4768472863790463
alphaR: 1.2067326374739855
event_sum: 13.683870038959261
fraction: 0.7953179907868978
mean: 3031.3206354716413
nL: 0.42972279377873496
nR: 4.270069258083014
norm: 6.66017565594265
sigma: 170.8
sigmaL: 273.282768544302
sigmaR: 104.20769523597778
widthL: 273.282768544302
widthR: 104.20769523597778
x0: 3031.3206354716413
