alphaL: 1.0951760361078204
alphaR: 1.3904178444900264
event_sum: 15.098220415998387
fraction: 0.737611533226339
mean: 3000.0
nL: 0.4783750481032076
nR: 4.093124842553355
norm: 3.4641689936662097
sigma: 170.8
sigmaL: 178.44707089334443
sigmaR: 127.66666518102622
widthL: 178.44707089334443
widthR: 127.66666518102622
x0: 3000.0
