alphaL: 0.46852684051000026
alphaR: 1.809555997595144
event_sum: 0.6295612606674827
mean: 2973.1139420449867
nL: 3.0769038160261633
nR: 2.0095504076875716
norm: 0.6295612606674827
sigma: 170.8
sigmaL: 116.3558971747689
sigmaR: 142.1633292838476
widthL: 116.3558971747689
widthR: 142.1633292838476
x0: 2973.1139420449867
