alphaL: 0.9664624118924409
alphaR: 1.825665849499772
event_sum: 0.3363706534063333
mean: 2971.3166146866015
nL: 0.9958378869403968
nR: 3.5060791176487207
norm: 0.3363706534063333
sigma: 170.8
sigmaL: 188.36297251848035
sigmaR: 155.01852517427506
widthL: 188.36297251848035
widthR: 155.01852517427506
x0: 2971.3166146866015
