alphaL: 0.8204190219048818
alphaR: 1.3320755275087721
event_sum: 0.3114817577072001
mean: 2997.157805676651
nL: 2.281103077026196
nR: 3.1645913276558653
norm: 0.3114817577072001
sigma: 170.8
sigmaL: 174.57502110360733
sigmaR: 118.97912891703785
widthL: 174.57502110360733
widthR: 118.97912891703785
x0: 2997.157805676651
