alphaL: 0.8924337427907993
alphaR: 2.095906863263932
event_sum: 7.217911487686497
mean: 2692.2776618930448
nL: 19.56632376553904
nR: 3.037810466384678
norm_2016: 2.0535462687999755
norm_2017: 2.4253593110525524
norm_2018: 3.3095042187806096
norm_Run2: 7.217911487686497
sigma: 121.56505476108227
sigmaL: 86.92634830327847
sigmaR: 67.69185383755723
widthL: 86.92634830327847
widthR: 67.69185383755723
x0: 2692.2776618930448
