alphaL: 1.264186995398608
alphaR: 1.9772746713655251
event_sum: 7.164046264929328
mean: 2157.2659425726615
nL: 4.94518945817749
nR: 3.564723801858409
norm: 7.164046264929328
sigma: 99.28587909658614
sigmaL: 83.95696617594245
sigmaR: 53.46010485592852
widthL: 83.95696617594245
widthR: 53.46010485592852
x0: 2157.2659425726615
