alphaL: 1.5240325863628283
alphaR: 2.2386462464064003
event_sum: 7.722574696808545
mean: 2158.6122112473736
nL: 4.484653889585365
nR: 2.1628321324748545
norm: 7.722574696808545
sigma: 99.28587909658614
sigmaL: 95.81651062129988
sigmaR: 50.2962196406658
widthL: 95.81651062129988
widthR: 50.2962196406658
x0: 2158.6122112473736
