alphaL: 1.3762897422755467
alphaR: 1.625285536529492
event_sum: 0.917010778153964
mean: 2171.383374977401
nL: 4.304073463981865
nR: 2.918858108749426
norm: 0.917010778153964
sigma: 119.63432192667857
sigmaL: 99.3087117580501
sigmaR: 50.61641327204839
widthL: 99.3087117580501
widthR: 50.61641327204839
x0: 2171.383374977401
