alphaL: 1.3316624995974187
alphaR: 2.3442697303283095
event_sum: 7.738638353361191
fraction: 0.9985865018530091
mean: 2157.0239302924806
nL: 9.866729474860659
nR: 1.9603477593084109
norm: 7.736854243058093
sigma: 99.12052510569853
sigmaL: 92.95136502606185
sigmaR: 51.47910875725452
widthL: 92.95136502606185
widthR: 51.47910875725452
x0: 2157.0239302924806
