alphaL: 1.0956164756165845
alphaR: 2.0543579478341
event_sum: 13.200019255383168
fraction: 0.9969974817659835
mean: 2158.5748857167014
nL: 9.957512845299533
nR: 1.9022553532006177
norm: 13.18799385678097
sigma: 119.50312501874642
sigmaL: 83.61283090768167
sigmaR: 51.88348814933466
widthL: 83.61283090768167
widthR: 51.88348814933466
x0: 2158.5748857167014
