alphaL: 1.375987098756519
alphaR: 2.263270117917398
event_sum: 7.684935679640165
mean: 2156.620937675067
nL: 5.0
nR: 2.4488359417781322
norm: 7.684935679640165
sigma: 99.28587909658614
sigmaL: 92.05193349834899
sigmaR: 51.669340098923165
widthL: 92.05193349834899
widthR: 51.669340098923165
x0: 2156.620937675067
