alphaL: 1.2794638464426753
alphaR: 1.9660745847015264
event_sum: 1.314127200423751
mean: 2162.2873416952925
nL: 4.339172896899248
nR: 2.0017245175004743
norm: 1.314127200423751
sigma: 119.63432192667857
sigmaL: 88.90812276254927
sigmaR: 48.901919755454855
widthL: 88.90812276254927
widthR: 48.901919755454855
x0: 2162.2873416952925
