alphaL: 1.2162581611123453
alphaR: 2.0466700991610915
event_sum: 7.203563224505082
fraction: 0.9990724945400792
mean: 2156.7037077588134
nL: 9.655434433447727
nR: 3.111805844893733
norm: 7.201138047344947
sigma: 99.12052510569853
sigmaL: 84.57205918366733
sigmaR: 54.372225625439235
widthL: 84.57205918366733
widthR: 54.372225625439235
x0: 2156.7037077588134
