alphaL: 1.0792264630354627
alphaR: 1.7396190764820167
event_sum: 9.20871378445777
fraction: 0.9975889271728566
mean: 2165.9155897280584
nL: 9.869777476010563
nR: 2.745219817534886
norm: 9.178864322863507
sigma: 119.50312501874642
sigmaL: 87.59525868316507
sigmaR: 53.827226909879215
widthL: 87.59525868316507
widthR: 53.827226909879215
x0: 2165.9155897280584
