alphaL: 1.436094944991647
alphaR: 1.8912788216809002
event_sum: 7.183790161170851
mean: 2159.510562423344
nL: 4.483030524724076
nR: 3.955506330501652
norm: 7.183790161170851
sigma: 99.28587909658614
sigmaL: 88.86265867168913
sigmaR: 52.141418080301506
widthL: 88.86265867168913
widthR: 52.141418080301506
x0: 2159.510562423344
