alphaL: 1.2400886690545834
alphaR: 1.7294826592553918
event_sum: 0.9139780665421474
mean: 2168.6160638154797
nL: 3.6447038734423645
nR: 2.6256030869297313
norm: 0.9139780665421474
sigma: 119.63432192667857
sigmaL: 91.4721521754893
sigmaR: 52.38337843915023
widthL: 91.4721521754893
widthR: 52.38337843915023
x0: 2168.6160638154797
