alphaL: 1.460020511703119
alphaR: 1.938980035030565
event_sum: 1.3173460206265317
mean: 2166.4549512827425
nL: 4.472661468676744
nR: 1.9358864801587476
norm: 1.3173460206265317
sigma: 119.63432192667857
sigmaL: 97.99027187726432
sigmaR: 47.35153498045354
widthL: 97.99027187726432
widthR: 47.35153498045354
x0: 2166.4549512827425
