alphaL: 1.3312195520998098
alphaR: 2.2515797529479187
event_sum: 22.216286458348996
fraction: 0.9991914156973889
mean: 1054.6233777746431
nL: 10.0
nR: 3.110899118714114
norm: 22.212053457644352
sigma: 54.2216624388914
sigmaL: 52.55626510545991
sigmaR: 30.40990638053611
widthL: 52.55626510545991
widthR: 30.40990638053611
x0: 1054.6233777746431
