alphaL: 1.48800217737091
alphaR: 2.2327250553105786
event_sum: 2.26110864015717
mean: 1055.8967999855292
nL: 3.9474835670754493
nR: 2.7768090567911425
norm: 2.26110864015717
sigma: 54.17751100399317
sigmaL: 54.7397875398541
sigmaR: 29.419776382865084
widthL: 54.7397875398541
widthR: 29.419776382865084
x0: 1055.8967999855292
