alphaL: 1.7072287613978268
alphaR: 2.291407894145175
event_sum: 192.69163797769906
mean: 1056.1668426812034
nL: 4.5217279222757645
nR: 3.6206607349728896
norm: 192.69163797769906
sigma: 52.1263138101744
sigmaL: 54.367154108846265
sigmaR: 32.206742799037244
widthL: 54.367154108846265
widthR: 32.206742799037244
x0: 1056.1668426812034
