alphaL: 1.5628317134510776
alphaR: 1.8718072273374735
event_sum: 3.7096658611567834
mean: 1057.5857081483857
nL: 4.065840037363947
nR: 4.409576902498096
norm: 3.7096658611567834
sigma: 54.17751100399317
sigmaL: 52.32429322241379
sigmaR: 32.05608212502823
widthL: 52.32429322241379
widthR: 32.05608212502823
x0: 1057.5857081483857
