alphaL: 1.452413121131105
alphaR: 1.7993611408145802
event_sum: 36.28461362722362
fraction: 0.9995176372312138
mean: 1059.2269261029817
nL: 10.0
nR: 4.5
norm: 36.27429990390809
sigma: 54.2216624388914
sigmaL: 53.36494819240577
sigmaR: 31.215701333064022
widthL: 53.36494819240577
widthR: 31.215701333064022
x0: 1059.2269261029817
