alphaL: 1.4423961808158217
alphaR: 2.4376932086477177
event_sum: 84.51506859296548
mean: 1053.9485316584664
nL: 4.4827126467035185
nR: 4.503245817350204
norm: 84.51506859296548
sigma: 52.1263138101744
sigmaL: 54.27278715413689
sigmaR: 30.768024580850547
widthL: 54.27278715413689
widthR: 30.768024580850547
x0: 1053.9485316584664
