alphaL: 1.57691429226373
alphaR: 2.184368642960752
event_sum: 180.2559577430662
fraction: 0.9997551462458665
mean: 1056.396296975046
nL: 10.0
nR: 4.5
norm: 180.2378711033986
sigma: 52.18456464783134
sigmaL: 54.01498478710222
sigmaR: 31.963258341664496
widthL: 54.01498478710222
widthR: 31.963258341664496
x0: 1056.396296975046
