alphaL: 1.522992031600123
alphaR: 2.335931979150084
event_sum: 192.1392876424309
mean: 1054.9527306973057
nL: 5.0
nR: 3.7456145504402167
norm: 192.1392876424309
sigma: 52.1263138101744
sigmaL: 51.96124930891587
sigmaR: 32.85424420744628
widthL: 51.96124930891587
widthR: 32.85424420744628
x0: 1054.9527306973057
