alphaL: 1.4920591578741667
alphaR: 1.764054801437748
event_sum: 3.698076976957459
mean: 1058.9469862101605
nL: 4.402392025696965
nR: 4.831949127755671
norm: 3.698076976957459
sigma: 54.17751100399317
sigmaL: 52.88691607329641
sigmaR: 31.034989645368327
widthL: 52.88691607329641
widthR: 31.034989645368327
x0: 1058.9469862101605
