alphaL: 1.5781915969340587
alphaR: 2.093423004378268
event_sum: 2.26950595617575
mean: 1056.8453739946656
nL: 4.231853374577316
nR: 3.81979296093662
norm: 2.26950595617575
sigma: 54.17751100399317
sigmaL: 55.55077272012091
sigmaR: 29.01325739387328
widthL: 55.55077272012091
widthR: 29.01325739387328
x0: 1056.8453739946656
