alphaL: 1.3287364703040718
alphaR: 2.524409005006487
event_sum: 79.27407349855513
fraction: 0.9994522256899984
mean: 1053.8221496050928
nL: 9.848193312544991
nR: 3.671129917623677
norm: 79.27304721096579
sigma: 52.18456464783134
sigmaL: 53.69047461316891
sigmaR: 30.96604925000033
widthL: 53.69047461316891
widthR: 30.96604925000033
x0: 1053.8221496050928
