alphaL: 1.3133469622310139
alphaR: 2.508850783466122
event_sum: 84.09962647294265
mean: 1052.957902268596
nL: 4.998054992668648
nR: 3.423984206400583
norm: 84.09962647294265
sigma: 52.1263138101744
sigmaL: 51.9632886401562
sigmaR: 31.208754142698503
widthL: 51.9632886401562
widthR: 31.208754142698503
x0: 1052.957902268596
