alphaL: 1.144093957374039
alphaR: 2.3462840667522467
event_sum: 179.55180322015119
mean: 1053.537150772395
nL: 145.52058706023456
nR: 4.084044249804302
norm_2016: 49.16779776572924
norm_2017: 58.14272358440203
norm_2018: 83.20020742097171
norm_Run2: 179.55180322015119
sigma: 52.215320312389224
sigmaL: 47.64553480506229
sigmaR: 33.37329299518062
widthL: 47.64553480506229
widthR: 33.37329299518062
x0: 1053.537150772395
