alphaL: 1.039946561366992
alphaR: 2.579495030170988
event_sum: 78.7884166056675
mean: 1051.8700463547964
nL: 79.33754107030904
nR: 3.392982956216604
norm_2016: 20.621493825448578
norm_2017: 25.887978319713813
norm_2018: 36.886998924427026
norm_Run2: 78.7884166056675
sigma: 52.215320312389224
sigmaL: 48.491072122532906
sigmaR: 31.855357967684252
widthL: 48.491072122532906
widthR: 31.855357967684252
x0: 1051.8700463547964
