alphaL: 1.049204596603673
alphaR: 2.5680539050203763
event_sum: 78.7884166056675
mean: 1051.879921224697
nL: 72.46447857118898
nR: 3.530194028596269
norm_2016: 20.621493825448578
norm_2017: 25.887978319713813
norm_2018: 36.886998924427026
norm_Run2: 78.7884166056675
sigma: 52.215320312389224
sigmaL: 48.641853031150625
sigmaR: 31.848994228008493
widthL: 48.641853031150625
widthR: 31.848994228008493
x0: 1051.879921224697
