alphaL: 0.9525304347222423
alphaR: 1.3251395551043288
event_sum: 29.609186701416924
mean: 1038.6424569772114
nL: 2.3417310923780974
nR: 5.119582972284254
norm_2016: 29.609186701416924
norm_2017: 29.609186701416924
norm_2018: 29.609186701416924
norm_Run2: 29.609186701416924
sigma: 127.05400731764087
sigmaL: 93.24220643695097
sigmaR: 60.115883068306275
widthL: 93.24220643695097
widthR: 60.115883068306275
x0: 1038.6424569772114
