alphaL: 0.7771196036167927
alphaR: 1.543362469025081
event_sum: 32.20039418638558
mean: 1039.1900501831065
nL: 4.508339985789325
nR: 4.4204756021625835
norm_2016: 8.649134169467603
norm_2017: 10.113400306656132
norm_2018: 13.996101909824317
norm_Run2: 32.75863638594806
sigma: 58.8
sigmaL: 56.057495253786826
sigmaR: 54.859061677114596
widthL: 56.057495253786826
widthR: 54.859061677114596
x0: 1039.1900501831065
