alphaL: 0.8202194895238626
alphaR: 1.5158488930733052
event_sum: 32.20039418638558
mean: 1040.6234621147955
nL: 4.241975421275871
nR: 4.459026361577978
norm_2016: 32.20039418638558
norm_2017: 32.20039418638558
norm_2018: 32.20039418638558
norm_Run2: 32.20039418638558
sigma: 97.07223996769099
sigmaL: 58.589811457293095
sigmaR: 53.76532195321991
widthL: 58.589811457293095
widthR: 53.76532195321991
x0: 1040.6234621147955
