alphaL: 0.8029217682874532
alphaR: 1.5317359212214057
event_sum: 32.20039418638558
mean: 1039.6896929769366
nL: 4.270628401948445
nR: 4.485470332195952
norm_2016: 8.649134169467603
norm_2017: 10.113400306656132
norm_2018: 13.996101909824317
norm_Run2: 32.20039418638558
sigma: 58.8
sigmaL: 57.15848045342462
sigmaR: 54.54936440620363
widthL: 57.15848045342462
widthR: 54.54936440620363
x0: 1039.6896929769366
