alphaL: 0.9473270233150242
alphaR: 1.333734454142406
event_sum: 29.609186701416924
mean: 1038.6502147912245
nL: 2.3765331361521147
nR: 5.066043276530152
norm_2016: 29.609186701416924
norm_2017: 29.609186701416924
norm_2018: 29.609186701416924
norm_Run2: 29.609186701416924
sigma: 105.0
sigmaL: 93.0780138505612
sigmaR: 60.30763040372047
widthL: 93.0780138505612
widthR: 60.30763040372047
x0: 1038.6502147912245
