alphaL: 1.028053927964928
alphaR: 1.840476482693328
event_sum: 36.098525138777575
mean: 1055.6699039686773
nL: 68.88736589930075
nR: 6.20116252345672
norm_2016: 9.846454280959351
norm_2017: 11.19961691196542
norm_2018: 15.817917208440752
norm_Run2: 36.863988401365525
sigma: 54.34215474438976
sigmaL: 45.12350735130825
sigmaR: 33.00529653303866
widthL: 45.12350735130825
widthR: 33.00529653303866
x0: 1055.6699039686773
