alphaL: 0.9473270233150242
alphaR: 1.333734454142406
event_sum: 29.609186701416924
mean: 1038.6502147912245
nL: 2.3765331361521147
nR: 5.066043276530152
norm_2016: 8.03707286573336
norm_2017: 9.470404856472529
norm_2018: 12.606933354282027
norm_Run2: 30.11441107648792
sigma: 105.0
sigmaL: 93.0780138505612
sigmaR: 60.30763040372047
widthL: 93.0780138505612
widthR: 60.30763040372047
x0: 1038.6502147912245
