alphaL: 1.03459865632716
alphaR: 2.392710297680371
event_sum: 22.075226227517042
mean: 1052.549173204657
nL: 58.75236992335819
nR: 2.8320554884214753
norm_2016: 5.596277135025132
norm_2017: 6.753567695376317
norm_2018: 10.181516387432453
norm_Run2: 22.075226227517042
sigma: 54.34215474438976
sigmaL: 47.02395616269512
sigmaR: 31.289957429799404
widthL: 47.02395616269512
widthR: 31.289957429799404
x0: 1052.549173204657
