alphaL: 1.0961008602832092
alphaR: 1.4293462130101058
event_sum: 18.545898967661802
mean: 1044.195613105564
nL: 4.419056396259592
nR: 4.0478052792036765
norm_2016: 4.910927303272229
norm_2017: 5.7217589346332804
norm_2018: 8.319320079764955
norm_Run2: 18.545898967661802
sigma: 58.8
sigmaL: 73.11980834977082
sigmaR: 48.15399053542997
widthL: 73.11980834977082
widthR: 48.15399053542997
x0: 1044.195613105564
