alphaL: 1.120988785759123
alphaR: 1.4547757402782924
event_sum: 18.545898967661802
mean: 1043.606910506562
nL: 3.9394589103667217
nR: 3.9534351789123527
norm_2016: 18.545898967661802
norm_2017: 18.545898967661802
norm_2018: 18.545898967661802
norm_Run2: 18.545898967661802
sigma: 97.07223996769099
sigmaL: 73.04888333579694
sigmaR: 48.762519513164634
widthL: 73.04888333579694
widthR: 48.762519513164634
x0: 1043.606910506562
