alphaL: 1.1647228835588657
alphaR: 1.4136435424420186
event_sum: 18.545898967661802
mean: 1044.7160906681167
nL: 3.6029301362411017
nR: 4.186026859284144
norm_2016: 4.910927303272229
norm_2017: 5.7217589346332804
norm_2018: 8.319320079764955
norm_Run2: 18.545898967661802
sigma: 58.8
sigmaL: 74.81958189382216
sigmaR: 47.826539640480604
widthL: 74.81958189382216
widthR: 47.826539640480604
x0: 1044.7160906681167
