alphaL: 0.9446458125736172
alphaR: 1.3817076698469473
event_sum: 17.09598790464667
mean: 1028.8106066000153
nL: 4.537871017851641
nR: 4.016873821657324
norm_2016: 4.203345968077431
norm_2017: 5.4768045899068225
norm_2018: 7.705288829901508
norm_Run2: 17.38543938788576
sigma: 105.0
sigmaL: 82.85702331866862
sigmaR: 66.17293018810665
widthL: 82.85702331866862
widthR: 66.17293018810665
x0: 1028.8106066000153
