alphaL: 0.9645159719281357
alphaR: 1.3784192189791347
event_sum: 17.09598790464667
mean: 1028.834690390473
nL: 4.395699168897318
nR: 4.104505726949679
norm_2016: 17.09598790464667
norm_2017: 17.09598790464667
norm_2018: 17.09598790464667
norm_Run2: 17.09598790464667
sigma: 127.05400731764087
sigmaL: 83.56688676234404
sigmaR: 66.2603457453355
widthL: 83.56688676234404
widthR: 66.2603457453355
x0: 1028.834690390473
