alphaL: 0.7466976602602581
alphaR: 2.1514990073962235
event_sum: 41.19402551910511
mean: 2097.25187170201
nL: 83.14912771391909
nR: 1.7464704488125795
norm_2016: 9.985969373162886
norm_2017: 12.98561506480513
norm_2018: 19.350936221736404
norm_Run2: 41.19402551910511
sigma: 115.599264266881
sigmaL: 67.30075339004767
sigmaR: 53.34097769076694
widthL: 67.30075339004767
widthR: 53.34097769076694
x0: 2097.25187170201
