alphaL: 1.132942642998128
alphaR: 1.3265989653702057
event_sum: 13.132238100641805
mean: 2059.1879174578917
nL: 0.5193757428239111
nR: 4.723936252924755
norm_2016: 3.0693679921545023
norm_2017: 4.13239466494807
norm_2018: 6.133032762308067
norm_Run2: 13.132238100641805
sigma: 210.0
sigmaL: 202.79852119965253
sigmaR: 111.61971890207033
widthL: 202.79852119965253
widthR: 111.61971890207033
x0: 2059.1879174578917
