alphaL: 1.0314211230539796
alphaR: 1.1353690023685425
event_sum: 2.6075978000104985
fraction: 0.735828022420157
mean: 3422.8534657099763
nL: 0.7626737714479064
nR: 2.119974799124585
norm: 0.763420606491152
sigma: 193.2
sigmaL: 239.35517031744112
sigmaR: 85.55215017869969
widthL: 239.35517031744112
widthR: 85.55215017869969
x0: 3422.8534657099763
