alphaL: 0.8142968025350624
alphaR: 1.3466538819864429
event_sum: 0.03975657557396875
mean: 3398.2320886168977
nL: 1.0023562514320645
nR: 3.3589761102683626
norm: 0.03975657557396875
sigma: 193.2
sigmaL: 209.34244920388568
sigmaR: 120.84714981026575
widthL: 209.34244920388568
widthR: 120.84714981026575
x0: 3398.2320886168977
