alphaL: 1.2684956432600332
alphaR: 0.8449738623656112
event_sum: 0.07397954589304406
mean: 3450.803120180917
nL: 0.8356914557329602
nR: 1.179439870937447
norm: 0.07397954589304406
sigma: 193.2
sigmaL: 244.11946958314067
sigmaR: 47.48314358069018
widthL: 244.11946958314067
widthR: 47.48314358069018
x0: 3450.803120180917
