alphaL: 1.1188626719716726
alphaR: 1.0701003075421325
event_sum: 0.03620074871697236
mean: 3449.1173186482247
nL: 0.1
nR: 1.329030715420748
norm: 0.03620074871697236
sigma: 193.2
sigmaL: 221.47084367664797
sigmaR: 54.608153179848614
widthL: 221.47084367664797
widthR: 54.608153179848614
x0: 3449.1173186482247
