alphaL: 0.9967083985168657
alphaR: 1.0367696371713837
event_sum: 3.5628143202462748
fraction: 0.7500188851670813
mean: 3428.846847275986
nL: 0.6582598214223689
nR: 1.9485903768415413
norm: 0.3887790382116545
sigma: 193.2
sigmaL: 196.88145165406826
sigmaR: 81.75887819168994
widthL: 196.88145165406826
widthR: 81.75887819168994
x0: 3428.846847275986
