alphaL: 0.9235985534121246
alphaR: 1.0486394001580879
event_sum: 0.0798960210637682
mean: 3432.1365559497917
nL: 0.9340028848085797
nR: 2.1500163684501534
norm: 0.0798960210637682
sigma: 193.2
sigmaL: 221.8912053849521
sigmaR: 68.8076317152024
widthL: 221.8912053849521
widthR: 68.8076317152024
x0: 3432.1365559497917
