alphaL: 0.9954939677473753
alphaR: 1.4336401218520438
event_sum: 2.658579217022243
mean: 1436.8559984299852
nL: 2.001131229370339
nR: 3.6317272233720144
norm: 2.658579217022243
sigma: 81.2
sigmaL: 93.20048785430264
sigmaR: 67.15386296380511
widthL: 93.20048785430264
widthR: 67.15386296380511
x0: 1436.8559984299852
