alphaL: 1.0951628220234928
alphaR: 1.4099422198599452
event_sum: 24.399098697158287
fraction: 0.9609771974284982
mean: 1436.2963185246501
nL: 2.4439369937996567
nR: 4.229481352905737
norm: 22.917733080934976
sigma: 81.2
sigmaL: 95.821808897294
sigmaR: 64.07746990329157
widthL: 95.821808897294
widthR: 64.07746990329157
x0: 1436.2963185246501
