alphaL: 0.9838589070037445
alphaR: 1.384971464493022
event_sum: 2.28861189114574
mean: 1441.2188751713484
nL: 4.068634038964121
nR: 3.5489577361684312
norm: 2.28861189114574
sigma: 81.2
sigmaL: 98.84026929232728
sigmaR: 59.48917700740001
widthL: 98.84026929232728
widthR: 59.48917700740001
x0: 1441.2188751713484
