alphaL: 1.1735370704205463
alphaR: 1.4801639307920258
event_sum: 30.061224238418273
fraction: 0.9276548699122469
mean: 1437.1028687609562
nL: 1.1102694183684416
nR: 3.726620895075308
norm: 26.911065171033194
sigma: 81.2
sigmaL: 96.9089809899
sigmaR: 67.7895850679302
widthL: 96.9089809899
widthR: 67.7895850679302
x0: 1437.1028687609562
