alphaL: 0.9232618769922865
alphaR: 2.3167931733655562
event_sum: 31.069289549290264
fraction: 0.9906447804949249
mean: 1450.3291834934912
nL: 62.727887646258914
nR: 1.9946679602598971
norm: 30.909635868637693
sigma: 75.74238779877436
sigmaL: 56.108421874797344
sigmaR: 39.302814729439625
widthL: 56.108421874797344
widthR: 39.302814729439625
x0: 1450.3291834934912
