alphaL: 0.9800250086098176
alphaR: 1.6755963211454235
event_sum: 2.5511337982214015
mean: 1437.1335909798165
nL: 2.26947297480542
nR: 2.167330307828479
norm: 2.5511337982214015
sigma: 81.2
sigmaL: 94.46239024803245
sigmaR: 68.02259413754726
widthL: 94.46239024803245
widthR: 68.02259413754726
x0: 1437.1335909798165
