alphaL: 1.0754565836409569
alphaR: 1.5485970143987826
event_sum: 2.2188211040158943
mean: 1433.4948915309064
nL: 2.8087333516873576
nR: 3.0425625253644513
norm: 2.2188211040158943
sigma: 81.2
sigmaL: 93.84156651093556
sigmaR: 66.85240573938643
widthL: 93.84156651093556
widthR: 66.85240573938643
x0: 1433.4948915309064
