alphaL: 0.2268885011042837
alphaR: 0.9441399669913483
event_sum: 0.13548729378270744
mean: 3433.4085098538944
nL: 0.9999583368720175
nR: 3.251071315089365
norm: 0.13548729378270744
sigma: 345.0
sigmaL: 707.0282560094204
sigmaR: 111.18464935943723
widthL: 707.0282560094204
widthR: 111.18464935943723
x0: 3433.4085098538944
