alphaL: 0.6014002143510969
alphaR: 1.1862991791770405
event_sum: 0.05866030695661477
mean: 3478.1088473445147
nL: 0.1
nR: 2.0685498063771375
norm: 0.05866030695661477
sigma: 345.0
sigmaL: 298.72117859528015
sigmaR: 79.75727707383615
widthL: 298.72117859528015
widthR: 79.75727707383615
x0: 3478.1088473445147
