alphaL: 0.8536316547692798
alphaR: 0.6642436874247386
event_sum: 4.349858761171673
fraction: 0.6240907329860106
mean: 3428.3615013361273
nL: 0.4
nR: 2.585730842646617
norm: 0.9028170914046041
sigma: 345.0
sigmaL: 537.7222769223013
sigmaR: 63.34529041663509
widthL: 537.7222769223013
widthR: 63.34529041663509
x0: 3428.3615013361273
