alphaL: 0.09887437643842843
alphaR: 1.1610117367448343
event_sum: 0.08035779274794785
mean: 3501.0362740566375
nL: 0.9999865378445366
nR: 2.848112510752387
norm: 0.08035779274794785
sigma: 345.0
sigmaL: 1005.3586017471757
sigmaR: 95.6156404383074
widthL: 1005.3586017471757
widthR: 95.6156404383074
x0: 3501.0362740566375
