alphaL: 0.9070982473150615
alphaR: 1.2530167704171418
event_sum: 0.1073594018610417
mean: 3335.0377268890206
nL: 0.12216330795392652
nR: 2.5436231769427815
norm: 0.1073594018610417
sigma: 345.0
sigmaL: 339.02078942356
sigmaR: 142.27273890636135
widthL: 339.02078942356
widthR: 142.27273890636135
x0: 3335.0377268890206
