alphaL: 0.4320090619263219
alphaR: 1.3379870478500209
event_sum: 6.143554154908481
fraction: 0.5531515379797711
mean: 3478.440180461022
nL: 0.4
nR: 3.038446602950612
norm: 0.47964646909416736
sigma: 345.0
sigmaL: 528.5934775601125
sigmaR: 88.05997131764775
widthL: 528.5934775601125
widthR: 88.05997131764775
x0: 3478.440180461022
