alphaL: 0.98873930723133
alphaR: 1.487054209245796
event_sum: 20.729196326291355
mean: 1731.1212318116054
nL: 1.4304138343651518
nR: 4.015880696231
norm_2016: 5.6953961929749815
norm_2017: 6.433033338395307
norm_2018: 8.987485824959515
norm_Run2: 20.729196326291355
sigma: 98.0
sigmaL: 108.82125586875125
sigmaR: 80.37649141007269
widthL: 108.82125586875125
widthR: 80.37649141007269
x0: 1731.1212318116054
