alphaL: 0.9893420632524118
alphaR: 1.300839870494162
event_sum: 17.316256261528945
mean: 1705.6131201243793
nL: 0.4926769436449962
nR: 8.379350752700866
norm_2016: 4.680315468234784
norm_2017: 5.339910136782049
norm_2018: 7.577068115207143
norm_Run2: 17.316256261528945
sigma: 175.0
sigmaL: 146.72355895131398
sigmaR: 102.40810555946348
widthL: 146.72355895131398
widthR: 102.40810555946348
x0: 1705.6131201243793
