alphaL: 0.8586124693575992
alphaR: 1.9393423613812042
event_sum: 32.47594623029449
mean: 1751.2522548179481
nL: 15.988390208266281
nR: 2.5881988707426187
norm_2016: 8.994839326105607
norm_2017: 10.085600549436927
norm_2018: 14.167496459731577
norm_Run2: 32.47594623029449
sigma: 92.64861949621528
sigmaL: 59.64143186733058
sigmaR: 48.57381346599039
widthL: 59.64143186733058
widthR: 48.57381346599039
x0: 1751.2522548179481
