alphaL: 1.062241131043013
alphaR: 1.3577053131727541
event_sum: 17.528915990532973
mean: 1709.4397861723116
nL: 0.9339645236235259
nR: 4.605594307854287
norm_2016: 4.4252573686054255
norm_2017: 5.468964182638146
norm_2018: 7.91941512067971
norm_Run2: 17.528915990532973
sigma: 175.0
sigmaL: 147.4321380258363
sigmaR: 99.6516671406829
widthL: 147.4321380258363
widthR: 99.6516671406829
x0: 1709.4397861723116
