alphaL: 1.8321077842509992
alphaR: 2.1534725940575075
event_sum: 22.698773018551556
mean: 2406.534613571574
nL: 2.99883163908308
nR: 2.3083453772010536
norm: 22.698773018551556
sigma: 149
sigmaL: 118.47868373535601
sigmaR: 51.24562664323355
widthL: 118.47868373535601
widthR: 51.24562664323355
x0: 2406.534613571574
