alphaL: 1.5682427529460938
alphaR: 1.7824579375995262
event_sum: 24.92132620731093
mean: 2407.434589140923
nL: 2.9998939143514205
nR: 2.450331746725554
norm: 24.92132620731093
sigma: 167
sigmaL: 105.77724633320429
sigmaR: 57.90073678529301
widthL: 105.77724633320429
widthR: 57.90073678529301
x0: 2407.434589140923
