alphaL: 1.018270021932622
alphaR: 1.7682189223694067
event_sum: 0.4225652436598994
mean: 2311.529385839357
nL: 1.0127519756367582
nR: 3.5815375744134776
norm: 0.4225652436598994
sigma: 131.6
sigmaL: 143.1160769531706
sigmaR: 110.9036418087786
widthL: 143.1160769531706
widthR: 110.9036418087786
x0: 2311.529385839357
