alphaL: 1.0889798458881073
alphaR: 1.876047017887654
event_sum: 0.39841881440114346
mean: 2305.499086812085
nL: 0.3653222876598254
nR: 1.6287063046217185
norm: 0.39841881440114346
sigma: 131.6
sigmaL: 135.03152617186493
sigmaR: 116.31761460351858
widthL: 135.03152617186493
widthR: 116.31761460351858
x0: 2305.499086812085
