alphaL: 1.1851668126622392
alphaR: 1.7835250464714931
event_sum: 0.6804078247797588
mean: 2292.982494005155
nL: 0.9010316918583152
nR: 3.72405048425051
norm: 0.6804078247797588
sigma: 131.6
sigmaL: 145.31352412365237
sigmaR: 120.489639385429
widthL: 145.31352412365237
widthR: 120.489639385429
x0: 2292.982494005155
