alphaL: 0.8632703013358353
alphaR: 1.7078750458126863
event_sum: 8.553376655807217
fraction: 0.8582285350188293
mean: 2309.2646749026057
nL: 1.1521136212229834
nR: 4.351195979753433
norm: 4.403346963478596
sigma: 131.6
sigmaL: 130.00837931407293
sigmaR: 113.06391974929791
widthL: 130.00837931407293
widthR: 113.06391974929791
x0: 2309.2646749026057
