alphaL: 1.4285667465461427
alphaR: 1.1614747652493838
event_sum: 9.479558240554216
fraction: 0.8615972909493317
mean: 2330.2240783314423
nL: 0.7047152956982086
nR: 4.417093801052875
norm: 7.045047652489293
sigma: 131.6
sigmaL: 179.21210326712344
sigmaR: 80.80665355043799
widthL: 179.21210326712344
widthR: 80.80665355043799
x0: 2330.2240783314423
