alphaL: 0.781862373239964
alphaR: 2.4599726265191
event_sum: 0.649532526547094
mean: 2280.6176397468535
nL: 3.5060239754000944
nR: 2.1586369624369777
norm: 0.649532526547094
sigma: 131.6
sigmaL: 130.11714437759125
sigmaR: 134.6209820947206
widthL: 130.11714437759125
widthR: 134.6209820947206
x0: 2280.6176397468535
