alphaL: 0.9769279415013639
alphaR: 1.4509020887459243
event_sum: 22.941055202961902
mean: 1630.3207285600909
nL: 1.4221409082837246
nR: 4.431010182591557
norm_2016: 6.237454221961107
norm_2017: 7.094494150043514
norm_2018: 10.036522529313169
norm_Run2: 22.941055202961902
sigma: 92.4
sigmaL: 98.47055679065141
sigmaR: 77.82682174101156
widthL: 98.47055679065141
widthR: 77.82682174101156
x0: 1630.3207285600909
