alphaL: 1.3466945617694772
alphaR: 2.559676260047087
event_sum: 0.6670048655651044
mean: 800.788785396382
nL: 4.414913690907038
nR: 4.3236985861993915
norm: 0.6670048655651044
sigma: 40.401768531944995
sigmaL: 39.7572772241384
sigmaR: 26.496981464812816
widthL: 39.7572772241384
widthR: 26.496981464812816
x0: 800.788785396382
