alphaL: 1.777436950881837
alphaR: 2.3610275559260923
event_sum: 33.68045005714521
fraction: 0.9999680253000687
mean: 803.5950379344152
nL: 8.446041155446048
nR: 4.418361008047354
norm: 33.68045005714521
sigma: 39.73110207516599
sigmaL: 48.64859002027495
sigmaR: 25.581707494465554
widthL: 48.64859002027495
widthR: 25.581707494465554
x0: 803.5950379344152
