alphaL: 1.629933548749612
alphaR: 2.0451405345082145
event_sum: 1.4531711624877062
mean: 805.9460452828918
nL: 3.4255785996527113
nR: 3.386162269722984
norm: 1.4531711624877062
sigma: 40.401768531944995
sigmaL: 42.415531243651834
sigmaR: 26.308100215038017
widthL: 42.415531243651834
widthR: 26.308100215038017
x0: 805.9460452828918
