alphaL: 1.8993345474787182
alphaR: 2.3618067500465734
event_sum: 33.68045005714521
mean: 803.7774857102936
nL: 4.499344112071951
nR: 4.384667254591879
norm: 33.68045005714521
sigma: 39.73110207516599
sigmaL: 49.12446949642587
sigmaR: 25.55710318606594
widthL: 49.12446949642587
widthR: 25.55710318606594
x0: 803.7774857102936
