alphaL: 1.0248096265157425
alphaR: 1.5125338504040542
event_sum: 11.566135567147285
mean: 784.154974398217
nL: 3.062494206106134
nR: 4.0280329304415465
norm: 11.566135567147285
sigma: 87.51928038277761
sigmaL: 59.15724339205589
sigmaR: 55.81046309879229
widthL: 59.15724339205589
widthR: 55.81046309879229
x0: 784.154974398217
