alphaL: 1.8293521539841162
alphaR: 2.4620595990981484
event_sum: 98.45195564301684
mean: 802.8359140016826
nL: 4.498417591977246
nR: 4.492442601720116
norm: 98.45195564301684
sigma: 39.82452468509153
sigmaL: 43.087820829300924
sigmaR: 28.275070905506702
widthL: 43.087820829300924
widthR: 28.275070905506702
x0: 802.8359140016826
