alphaL: 1.8966532218846528
alphaR: 2.378424216404627
event_sum: 33.5827370560728
mean: 803.5926207479191
nL: 4.499874322724514
nR: 4.450976079468587
norm: 33.5827370560728
sigma: 39.82452468509153
sigmaL: 49.01531241320562
sigmaR: 25.712438464246027
widthL: 49.01531241320562
widthR: 25.712438464246027
x0: 803.5926207479191
