alphaL: 1.5873363559584195
alphaR: 2.015841712120282
event_sum: 1.453869179240428
mean: 806.4430730748857
nL: 4.082183004842258
nR: 4.067807302468279
norm: 1.453869179240428
sigma: 40.401768531944995
sigmaL: 42.9851013639203
sigmaR: 26.175896615229
widthL: 42.9851013639203
widthR: 26.175896615229
x0: 806.4430730748857
