alphaL: 1.6269066811256776
alphaR: 2.4772294979947937
event_sum: 0.6670048655651044
mean: 803.7257230789423
nL: 2.156586968410072
nR: 2.29413213797819
norm: 0.6670048655651044
sigma: 40.401768531944995
sigmaL: 43.54033255146273
sigmaR: 24.180308178105477
widthL: 43.54033255146273
widthR: 24.180308178105477
x0: 803.7257230789423
