alphaL: 2.2437621861458257
alphaR: 2.454069113649191
event_sum: 98.5863110194914
mean: 804.0621894041017
nL: 3.9996799281793107
nR: 3.971818349581486
norm: 98.5863110194914
sigma: 39.82452468509153
sigmaL: 45.10564619173149
sigmaR: 27.70233150337641
widthL: 45.10564619173149
widthR: 27.70233150337641
x0: 804.0621894041017
