alphaL: 1.3177675301377008
alphaR: 2.4024666926518723
event_sum: 0.6670048655651044
mean: 802.4620457536101
nL: 4.492555187815671
nR: 4.310494832856983
norm: 0.6670048655651044
sigma: 40.401768531944995
sigmaL: 40.312570524018085
sigmaR: 25.147212748247078
widthL: 40.312570524018085
widthR: 25.147212748247078
x0: 802.4620457536101
