alphaL: 1.467822543627584
alphaR: 1.9447160022098575
event_sum: 14.542677912861109
fraction: 0.9998480836252222
mean: 806.1903536470943
nL: 9.486927038447421
nR: 4.499090227405367
norm: 14.54068357963115
sigma: 40.401768531944995
sigmaL: 41.991843674750484
sigmaR: 25.963965449439183
widthL: 41.991843674750484
widthR: 25.963965449439183
x0: 806.1903536470943
