alphaL: 1.8167299760569837
alphaR: 2.4440526040516675
event_sum: 98.42752739274874
mean: 802.8080316771411
nL: 4.908847059552235
nR: 4.99983222359831
norm: 98.42752739274874
sigma: 39.82452468509153
sigmaL: 43.0204981590998
sigmaR: 28.270726220523905
widthL: 43.0204981590998
widthR: 28.270726220523905
x0: 802.8080316771411
