alphaL: 1.8962292456360619
alphaR: 2.3792642134834123
event_sum: 33.5827370560728
mean: 803.5823373410076
nL: 4.499883598286137
nR: 4.450367921473772
norm: 33.5827370560728
sigma: 39.82452468509153
sigmaL: 49.008036046466195
sigmaR: 25.720086519477093
widthL: 49.008036046466195
widthR: 25.720086519477093
x0: 803.5823373410076
