alphaL: 2.0390371661239337
alphaR: 2.1093153885460785
event_sum: 1.458356323382759
mean: 808.0990644361632
nL: 3.410001284448942
nR: 2.9762224891172213
norm: 1.458356323382759
sigma: 40.43079974257216
sigmaL: 45.961899746229925
sigmaR: 25.334349035944147
widthL: 45.961899746229925
widthR: 25.334349035944147
x0: 808.0990644361632
