alphaL: 1.8598654681446745
alphaR: 2.2487484532228175
event_sum: 33.5827370560728
mean: 803.8992599935518
nL: 4.969780582064874
nR: 4.972048366664945
norm: 33.5827370560728
sigma: 39.82452468509153
sigmaL: 49.02169250081906
sigmaR: 25.35661985473615
widthL: 49.02169250081906
widthR: 25.35661985473615
x0: 803.8992599935518
