alphaL: 1.6332183113708618
alphaR: 2.4958911297298
event_sum: 98.42142033018172
fraction: 0.9999685865445871
mean: 802.184882912609
nL: 9.92478363106051
nR: 4.497078838319521
norm: 98.40920620504767
sigma: 39.73110207516599
sigmaL: 42.086306705872
sigmaR: 28.644322514350918
widthL: 42.086306705872
widthR: 28.644322514350918
x0: 802.184882912609
