alphaL: 1.8411127854218272
alphaR: 2.469943558431032
event_sum: 98.45195564301684
mean: 802.8004798466477
nL: 4.351509638220648
nR: 4.428566257450089
norm: 98.45195564301684
sigma: 39.82452468509153
sigmaL: 43.05903731630341
sigmaR: 28.2922633296743
widthL: 43.05903731630341
widthR: 28.2922633296743
x0: 802.8004798466477
