alphaL: 1.3235266839582722
alphaR: 2.1040195255914216
event_sum: 32.882355886220466
fraction: 0.9990563594281081
mean: 807.3134781288952
nL: 59.73928530113742
nR: 4.2439830028184105
norm: 14.530711913481355
sigma: 40.588915126924036
sigmaL: 41.26854882827589
sigmaR: 26.92446062186961
widthL: 41.26854882827589
widthR: 26.92446062186961
x0: 807.3134781288952
