alphaL: 2.560195219760471
alphaR: 2.3413432607331055
event_sum: 33.68045005714521
mean: 805.1629398441227
nL: 3.9649109887986564
nR: 3.998210919409915
norm: 33.68045005714521
sigma: 39.82452468509153
sigmaL: 51.42759997794913
sigmaR: 24.8616570119701
widthL: 51.42759997794913
widthR: 24.8616570119701
x0: 805.1629398441227
