alphaL: 1.1879955605477435
alphaR: 1.1902112370084685
event_sum: 5.325866890605539
mean: 792.0522212178638
nL: 4.277370829483624
nR: 3.608531207196887
norm: 5.325866890605539
sigma: 87.51928038277761
sigmaL: 74.06314642184233
sigmaR: 44.284092924012704
widthL: 74.06314642184233
widthR: 44.284092924012704
x0: 792.0522212178638
