alphaL: 1.8288448228825753
alphaR: 2.4873225022866476
event_sum: 98.42142033018172
mean: 802.6866482914467
nL: 4.4063153233829295
nR: 4.397359379753869
norm: 98.42142033018172
sigma: 39.73110207516599
sigmaL: 42.97088194330204
sigmaR: 28.406357246262743
widthL: 42.97088194330204
widthR: 28.406357246262743
x0: 802.6866482914467
