alphaL: 1.1629939956065627
alphaR: 2.711749379551181
event_sum: 6.671044654212892
fraction: 0.9999865276207915
mean: 799.0927198320526
nL: 8.622976372448845
nR: 4.346694358030805
norm: 6.671044654212892
sigma: 40.401768531944995
sigmaL: 37.742418339627584
sigmaR: 27.400264825768225
widthL: 37.742418339627584
widthR: 27.400264825768225
x0: 799.0927198320526
