alphaL: 1.5870868228022605
alphaR: 2.015615963026894
event_sum: 1.453869179240428
mean: 806.444342480766
nL: 4.081848868788398
nR: 4.067652329846865
norm: 1.453869179240428
sigma: 40.401768531944995
sigmaL: 42.98643913025214
sigmaR: 26.175633012778086
widthL: 42.98643913025214
widthR: 26.175633012778086
x0: 806.444342480766
