alphaL: 1.8925995499088262
alphaR: 2.775577041611109
event_sum: 0.6661073668510653
mean: 802.9991593292585
nL: 3.785894504646438
nR: 3.1914197477615636
norm: 0.6661073668510653
sigma: 40.43079974257216
sigmaL: 46.038767527294034
sigmaR: 25.280780083526107
widthL: 46.038767527294034
widthR: 25.280780083526107
x0: 802.9991593292585
