alphaL: 1.1434439564659598
alphaR: 1.2046657601540718
event_sum: 3.96769803257776
mean: 2900.2826645458235
nL: 0.5054451497224766
nR: 6.128663351241126
norm_2016: 0.9778325435389719
norm_2017: 1.2184292321975516
norm_2018: 1.8172097345533795
norm_Run2: 3.96769803257776
sigma: 165.2
sigmaL: 176.0814443153963
sigmaR: 116.76804994528196
widthL: 176.0814443153963
widthR: 116.76804994528196
x0: 2900.2826645458235
