alphaL: 0.7511760490950613
alphaR: 1.4933559646451176
event_sum: 7.380599882193923
mean: 2900.7271753815717
nL: 1.9222572405378577
nR: 3.3467131667488523
norm_2016: 1.6250073345275395
norm_2017: 2.3109321883186444
norm_2018: 3.525365419224141
norm_Run2: 7.380599882193923
sigma: 165.2
sigmaL: 164.02276196675433
sigmaR: 123.7679387279596
widthL: 164.02276196675433
widthR: 123.7679387279596
x0: 2900.7271753815717
