alphaL: 1.0041158100748395
alphaR: 1.0796593597793196
event_sum: 0.6519273070298368
mean: 1406.6307761784342
nL: 2.1994555565305536
nR: 2.7254954803648883
norm: 0.6519273070298368
sigma: 140.0
sigmaL: 135.6751672613548
sigmaR: 51.53286440508211
widthL: 135.6751672613548
widthR: 51.53286440508211
x0: 1406.6307761784342
