alphaL: 0.9817247444625545
alphaR: 1.23382119774814
event_sum: 0.48266586941463174
mean: 1390.053944103327
nL: 0.20012462387929802
nR: 1.779599649250944
norm: 0.48266586941463174
sigma: 73.08145300759077
sigmaL: 113.56616483835765
sigmaR: 62.2160237391822
widthL: 113.56616483835765
widthR: 62.2160237391822
x0: 1390.053944103327
