alphaL: 0.6670466018495327
alphaR: 1.3779909657153069
event_sum: 8.588663989445195
fraction: 0.8879631849373542
mean: 1384.01048540348
nL: 1.494748482474863
nR: 4.267793990330457
norm: 7.320067389984615
sigma: 140.0
sigmaL: 100.37025441646587
sigmaR: 80.08765475841813
widthL: 100.37025441646587
widthR: 80.08765475841813
x0: 1384.01048540348
