alphaL: 0.7322408745876519
alphaR: 1.4400621087534973
event_sum: 0.8384720772810397
mean: 1388.291802287295
nL: 1.0000154284486766
nR: 3.83885254487206
norm: 0.8384720772810397
sigma: 140.0
sigmaL: 110.13746900926975
sigmaR: 81.50558971681015
widthL: 110.13746900926975
widthR: 81.50558971681015
x0: 1388.291802287295
