alphaL: 0.5069301846493484
alphaR: 1.760802718589086
event_sum: 0.8384720772810397
mean: 1371.6466257179834
nL: 1.0000087428505708
nR: 3.2479409365432033
norm: 0.8384720772810397
sigma: 140.0
sigmaL: 64.07838123925734
sigmaR: 92.1400854024914
widthL: 64.07838123925734
widthR: 92.1400854024914
x0: 1371.6466257179834
