alphaL: 0.8345240169625474
alphaR: 1.3731988660366916
event_sum: 0.7757911909211543
mean: 1388.899268357296
nL: 0.9379477525702816
nR: 3.932795492744831
norm: 0.7757911909211543
sigma: 140.0
sigmaL: 110.39590313338267
sigmaR: 75.40863556654263
widthL: 110.39590313338267
widthR: 75.40863556654263
x0: 1388.899268357296
