alphaL: 1.0734844862131392
alphaR: 1.110140479673435
event_sum: 6.519272987963632
fraction: 0.9194952770913445
mean: 1394.2837036610886
nL: 1.5531124948914272
nR: 3.845590474896537
norm: 5.923574130632915
sigma: 140.0
sigmaL: 129.0315024443642
sigmaR: 62.746987928358486
widthL: 129.0315024443642
widthR: 62.746987928358486
x0: 1394.2837036610886
