alphaL: 0.5655884989181064
alphaR: 1.7325586000676036
event_sum: 0.8588664097915171
mean: 1360.8062827076844
nL: 1.0000000007764465
nR: 3.6634806423061255
norm: 0.8588664097915171
sigma: 140.0
sigmaL: 60.588504998996356
sigmaR: 97.54340331913447
widthL: 60.588504998996356
widthR: 97.54340331913447
x0: 1360.8062827076844
