alphaL: 1.067363563903916
alphaR: 1.3027274756769698
event_sum: 0.6132126419252018
mean: 1392.5062544708871
nL: 1.6060811386312122
nR: 2.5574686047753894
norm: 0.6132126419252018
sigma: 140.0
sigmaL: 128.65739066674726
sigmaR: 66.95131655302795
widthL: 128.65739066674726
widthR: 66.95131655302795
x0: 1392.5062544708871
