alphaL: 0.8893584132904936
alphaR: 1.2261319951508038
event_sum: 0.5700043103352073
mean: 1394.5540392000046
nL: 0.20005508418375095
nR: 1.6872238140230134
norm: 0.5700043103352073
sigma: 73.08145300759077
sigmaL: 105.70566500069762
sigmaR: 67.83490026342437
widthL: 105.70566500069762
widthR: 67.83490026342437
x0: 1394.5540392000046
