alphaL: 1.1112211959929044
alphaR: 1.2004803207305532
event_sum: 0.642939974059118
mean: 1388.3563312167455
nL: 1.1540047811281833
nR: 4.099501313470815
norm: 0.642939974059118
sigma: 140.0
sigmaL: 125.92138372740375
sigmaR: 71.36810024132872
widthL: 125.92138372740375
widthR: 71.36810024132872
x0: 1388.3563312167455
