alphaL: 1.03301470370843
alphaR: 1.286876941964367
event_sum: 0.642939974059118
mean: 1400.31427836988
nL: 1.6147556903718696
nR: 2.9949831150118853
norm: 0.642939974059118
sigma: 140.0
sigmaL: 139.52430897215257
sigmaR: 64.55715759320461
widthL: 139.52430897215257
widthR: 64.55715759320461
x0: 1400.31427836988
