alphaL: 1.5025556912341143
alphaR: 1.700184519155833
event_sum: 2.2587488410645165
mean: 3007.0752644272616
nL: 3.947529298592556
nR: 2.514540994852946
norm: 2.2587488410645165
sigma: 210.72690159074355
sigmaL: 134.25234813795353
sigmaR: 60.00793818833168
widthL: 134.25234813795353
widthR: 60.00793818833168
x0: 3007.0752644272616
