alphaL: 1.1440484835561138
alphaR: 1.5837931198855661
event_sum: 1.0505151515244506
mean: 2998.437393881932
nL: 4.425447097229249
nR: 2.884986034732014
norm: 1.0505151515244506
sigma: 211.52547304593077
sigmaL: 111.52675555013742
sigmaR: 69.28049549656497
widthL: 111.52675555013742
widthR: 69.28049549656497
x0: 2998.437393881932
