alphaL: 1.252891348245536
alphaR: 1.690283555905933
event_sum: 2.257253090967424
mean: 3002.47705690724
nL: 4.913204041974521
nR: 2.6413431372145313
norm: 2.257253090967424
sigma: 211.52547304593077
sigmaL: 120.80151040883382
sigmaR: 62.17711589595683
widthL: 120.80151040883382
widthR: 62.17711589595683
x0: 3002.47705690724
