alphaL: 0.9802105385655566
alphaR: 1.8684331484855274
event_sum: 22.639007105957717
fraction: 0.9987368246779382
mean: 2995.9279463423013
nL: 9.999997181356857
nR: 2.2533229090387397
norm: 22.585824884008616
sigma: 210.19167079627798
sigmaL: 105.41607254995101
sigmaR: 66.66336553051237
widthL: 105.41607254995101
widthR: 66.66336553051237
x0: 2995.9279463423013
