alphaL: 1.2297249987482812
alphaR: 1.6591346039327037
event_sum: 1.0523432905320078
mean: 2995.513251598235
nL: 3.8219639550907734
nR: 2.650262583721465
norm: 1.0523432905320078
sigma: 210.72690159074355
sigmaL: 111.4928240627615
sigmaR: 72.8053792235863
widthL: 111.4928240627615
widthR: 72.8053792235863
x0: 2995.513251598235
