alphaL: 1.5277313990413024
alphaR: 1.8185596292570911
event_sum: 1.8422280828963267
mean: 3000.970545927
nL: 4.481951613193582
nR: 3.4441236123444114
norm: 1.8422280828963267
sigma: 133.16988320275465
sigmaL: 127.31966937059298
sigmaR: 64.5159495908007
widthL: 127.31966937059298
widthR: 64.5159495908007
x0: 3000.970545927
