alphaL: 1.088074989272506
alphaR: 1.6711724031166635
event_sum: 10.623148834332824
mean: 2993.4039200125467
nL: 4.49999949960148
nR: 2.7280943980185617
norm: 10.623148834332824
sigma: 210.19167079627798
sigmaL: 103.74915897285248
sigmaR: 73.31870831512231
widthL: 103.74915897285248
widthR: 73.31870831512231
x0: 2993.4039200125467
