alphaL: 1.1957137897726553
alphaR: 2.0919116901905284
event_sum: 2.9433299255470047
mean: 2992.9767984993255
nL: 4.8397517666351435
nR: 3.7828507637645017
norm: 2.9433299255470047
sigma: 132.61397299757058
sigmaL: 114.7541564522941
sigmaR: 65.87928959826081
widthL: 114.7541564522941
widthR: 65.87928959826081
x0: 2992.9767984993255
