alphaL: 1.1580600044385307
alphaR: 1.5381288366797563
event_sum: 1.0505151515244506
mean: 3001.9284486862334
nL: 4.434169146722999
nR: 2.931621530539416
norm: 1.0505151515244506
sigma: 211.52547304593077
sigmaL: 113.8131380518573
sigmaR: 66.99057944607743
widthL: 113.8131380518573
widthR: 66.99057944607743
x0: 3001.9284486862334
