alphaL: 1.1904509492461708
alphaR: 1.9964537580405561
event_sum: 1.8361780727718724
mean: 2988.890978741061
nL: 4.433677833311095
nR: 3.3390229520929466
norm: 1.8361780727718724
sigma: 132.61397299757058
sigmaL: 105.70283045621373
sigmaR: 73.16256176132796
widthL: 105.70283045621373
widthR: 73.16256176132796
x0: 2988.890978741061
