alphaL: 1.4242061584769163
alphaR: 2.0275155952482184
event_sum: 2.9560349468083587
mean: 2997.1072727172245
nL: 3.999228649493495
nR: 3.371639615097383
norm: 2.9560349468083587
sigma: 132.61397299757058
sigmaL: 127.13456332435531
sigmaR: 63.91213135631243
widthL: 127.13456332435531
widthR: 63.91213135631243
x0: 2997.1072727172245
