alphaL: 1.4966323131234165
alphaR: 1.5234526009240248
event_sum: 22.639007105957717
mean: 3012.76520329762
nL: 4.496901644945647
nR: 2.817392610058604
norm: 22.639007105957717
sigma: 210.19167079627798
sigmaL: 137.70307391118286
sigmaR: 54.496555643622656
widthL: 137.70307391118286
widthR: 54.496555643622656
x0: 3012.76520329762
