alphaL: 0.7637974728669599
alphaR: 1.7418039172814033
event_sum: 10.623148834332824
fraction: 0.9984374287744939
mean: 2986.829090506818
nL: 9.999740498389727
nR: 2.691033719870223
norm: 10.501826890511438
sigma: 210.19167079627798
sigmaL: 84.97110257192125
sigmaR: 77.47786004635105
widthL: 84.97110257192125
widthR: 77.47786004635105
x0: 2986.829090506818
