alphaL: 1.468194395720677
alphaR: 2.0572714305549766
event_sum: 2.9560349468083587
mean: 3000.5167630354777
nL: 4.4470197087266685
nR: 3.2789870326129527
norm: 2.9560349468083587
sigma: 132.61397299757058
sigmaL: 132.09074584231348
sigmaR: 62.60371327067661
widthL: 132.09074584231348
widthR: 62.60371327067661
x0: 3000.5167630354777
