alphaL: 0.8618746125720009
alphaR: 2.0378842725530957
event_sum: 4.028743655915605
fraction: 0.9931813473350719
mean: 2992.021357847573
nL: 18.454667756990425
nR: 2.868883555770306
norm: 1.83516973775113
sigma: 135.33345866561928
sigmaL: 93.45540218712001
sigmaR: 72.18945304532257
widthL: 93.45540218712001
widthR: 72.18945304532257
x0: 2992.021357847573
