alphaL: 0.8318191291188947
alphaR: 2.3078763810518144
event_sum: 6.042477918206714
fraction: 0.9937258982688354
mean: 2991.177953815749
nL: 49.29035873068748
nR: 2.3730260343935603
norm: 2.9560349468083587
sigma: 135.33345866561928
sigmaL: 97.3912286331064
sigmaR: 69.7649245934485
widthL: 97.3912286331064
widthR: 69.7649245934485
x0: 2991.177953815749
