alphaL: 1.166196791986549
alphaR: 2.089212968078999
event_sum: 1.8269013905810425
mean: 2988.1144359966793
nL: 3.864774050415399
nR: 2.515692825888702
norm: 1.8269013905810425
sigma: 132.61397299757058
sigmaL: 102.70366921444838
sigmaR: 73.56111147281015
widthL: 102.70366921444838
widthR: 73.56111147281015
x0: 2988.1144359966793
