alphaL: 1.4821849702671472
alphaR: 1.6495257867720359
event_sum: 2.258915035519749
mean: 3010.802968289557
nL: 4.427983815693151
nR: 2.614464300901827
norm: 2.258915035519749
sigma: 211.52547304593077
sigmaL: 137.68760015379542
sigmaR: 58.10491878467208
widthL: 137.68760015379542
widthR: 58.10491878467208
x0: 3010.802968289557
