alphaL: 1.457072974061351
alphaR: 2.067095015147434
event_sum: 2.9560349468083587
mean: 2999.6671596038514
nL: 4.457684367289159
nR: 3.2640305248020436
norm: 2.9560349468083587
sigma: 132.61397299757058
sigmaL: 131.24319334580278
sigmaR: 62.88501134165486
widthL: 131.24319334580278
widthR: 62.88501134165486
x0: 2999.6671596038514
