alphaL: 1.0971507657361177
alphaR: 2.038953118824716
event_sum: 1.8422280828963267
fraction: 0.9990885483038571
mean: 2990.408437428873
nL: 9.298575691378305
nR: 3.0033191952466805
norm: 1.8420264158921782
sigma: 133.16988320275465
sigmaL: 107.76600211091244
sigmaR: 71.90322777959436
widthL: 107.76600211091244
widthR: 71.90322777959436
x0: 2990.408437428873
