alphaL: 1.3472365010784257
alphaR: 1.987822725487487
event_sum: 1.8361780727718724
mean: 2991.720170422434
nL: 3.9032958778228815
nR: 3.0317041327095127
norm: 1.8361780727718724
sigma: 132.61397299757058
sigmaL: 114.19713080858578
sigmaR: 70.96932482944385
widthL: 114.19713080858578
widthR: 70.96932482944385
x0: 2991.720170422434
