alphaL: 1.6268754753444554
alphaR: 1.9212881391008676
event_sum: 2.964706627986743
mean: 3003.0797762735688
nL: 4.497763105014447
nR: 3.6958018112451496
norm: 2.964706627986743
sigma: 133.16988320275465
sigmaL: 137.83121450037345
sigmaR: 59.9248529485619
widthL: 137.83121450037345
widthR: 59.9248529485619
x0: 3003.0797762735688
