alphaL: 1.4898943244100498
alphaR: 1.607291618648299
event_sum: 2.258915035519749
mean: 3011.7349913877833
nL: 4.435863543185708
nR: 2.66338467103551
norm: 2.258915035519749
sigma: 211.52547304593077
sigmaL: 138.62091730092138
sigmaR: 56.589744915659224
widthL: 138.62091730092138
widthR: 56.589744915659224
x0: 3011.7349913877833
