alphaL: 1.2450680422966294
alphaR: 1.9100167830474999
event_sum: 1.8361780727718724
mean: 2993.4464058791295
nL: 4.177397386651643
nR: 3.33887407243323
norm: 1.8361780727718724
sigma: 132.61397299757058
sigmaL: 109.61748444768766
sigmaR: 70.00183659513894
widthL: 109.61748444768766
widthR: 70.00183659513894
x0: 2993.4464058791295
