alphaL: 1.2245008772720682
alphaR: 2.106378116703803
event_sum: 2.964706627986743
fraction: 0.9992048877473282
mean: 2994.1602955587728
nL: 9.902340169644045
nR: 3.1668742012091378
norm: 2.9645049609825946
sigma: 133.16988320275465
sigmaL: 121.10886298073382
sigmaR: 65.45489890403566
widthL: 121.10886298073382
widthR: 65.45489890403566
x0: 2994.1602955587728
