alphaL: 0.9667718860231869
alphaR: 1.7095856138151728
event_sum: 1.047856040240731
mean: 2989.0639353883544
nL: 4.764738189583444
nR: 3.01825484669422
norm: 1.047856040240731
sigma: 211.52547304593077
sigmaL: 95.47439077031554
sigmaR: 76.35138099951253
widthL: 95.47439077031554
widthR: 76.35138099951253
x0: 2989.0639353883544
