alphaL: 0.9214724837047581
alphaR: 1.8200255170002682
event_sum: 1.0928116459177748
mean: 2216.1211762446574
nL: 1.8963687974988508
nR: 1.9278344472145847
norm: 1.0928116459177748
sigma: 126.0
sigmaL: 131.37759626534836
sigmaR: 106.15626272003162
widthL: 131.37759626534836
widthR: 106.15626272003162
x0: 2216.1211762446574
