alphaL: 1.1703383100798346
alphaR: 1.4399384059858493
event_sum: 20.69820557778853
fraction: 0.8217504703881656
mean: 2225.1356022364926
nL: 0.6111365801460144
nR: 4.0473211560251
norm: 11.781290212315291
sigma: 126.0
sigmaL: 142.16893347926865
sigmaR: 95.46842055024645
widthL: 142.16893347926865
widthR: 95.46842055024645
x0: 2225.1356022364926
