alphaL: 1.1272177470540257
alphaR: 1.2376593624210623
event_sum: 21.520616743855257
fraction: 0.8939506934879384
mean: 2229.6531089204314
nL: 1.2055644086612456
nR: 4.5
norm: 16.696574863177553
sigma: 126.0
sigmaL: 153.01957976707675
sigmaR: 87.51348096954226
widthL: 153.01957976707675
widthR: 87.51348096954226
x0: 2229.6531089204314
