alphaL: 0.8682890314253298
alphaR: 1.4704837242197166
event_sum: 1.5895821885418193
mean: 2223.181683833411
nL: 2.410479572088718
nR: 2.712255942555794
norm: 1.5895821885418193
sigma: 126.0
sigmaL: 132.52802492639864
sigmaR: 93.90441677062987
widthL: 132.52802492639864
widthR: 93.90441677062987
x0: 2223.181683833411
