alphaL: 1.0121941061020947
alphaR: 1.351544763472791
event_sum: 1.157786372552454
mean: 2225.9225951875833
nL: 1.0454434801325598
nR: 3.887680623690296
norm: 1.157786372552454
sigma: 126.0
sigmaL: 141.2827985644814
sigmaR: 91.29871217853862
widthL: 141.2827985644814
widthR: 91.29871217853862
x0: 2225.9225951875833
