alphaL: 0.9729494277084204
alphaR: 1.2743731039528579
event_sum: 1.6636265246222828
mean: 2226.8102016976068
nL: 1.8800966576812628
nR: 3.965961160368929
norm: 1.6636265246222828
sigma: 126.0
sigmaL: 143.41542353130018
sigmaR: 88.84456573208611
widthL: 143.41542353130018
widthR: 88.84456573208611
x0: 2226.8102016976068
