alphaL: 0.6162469185170218
alphaR: 0.9051984807566599
event_sum: 0.15143703311453474
mean: 3172.9338252684
nL: 0.999734605707918
nR: 1.9715747760139088
norm: 0.15143703311453474
sigma: 315.0
sigmaL: 483.89846759928867
sigmaR: 73.43906883840734
widthL: 483.89846759928867
widthR: 73.43906883840734
x0: 3172.9338252684
