alphaL: 0.10053416341175032
alphaR: 0.35386468778385255
event_sum: 0.09381738573984719
mean: 3181.4161175080894
nL: 1.0074755813173837
nR: 2.6009880194406367
norm: 0.09381738573984719
sigma: 315.0
sigmaL: 747.2193433046111
sigmaR: 35.55203550155021
widthL: 747.2193433046111
widthR: 35.55203550155021
x0: 3181.4161175080894
