alphaL: 0.47908481079733306
alphaR: 0.4921094442767574
event_sum: 4.4366203747047335
fraction: 0.5884822850288481
mean: 3191.8537441935414
nL: 0.4
nR: 3.117228872333434
norm: 0.6034564126498501
sigma: 315.0
sigmaL: 305.9992363104978
sigmaR: 45.90775740180877
widthL: 305.9992363104978
widthR: 45.90775740180877
x0: 3191.8537441935414
