alphaL: 0.94628818643601
alphaR: 0.6560967596452995
event_sum: 3.420869719583184
fraction: 0.6920294652455837
mean: 3169.642569857779
nL: 0.5556495017586842
nR: 3.7928040387431987
norm: 1.1817536960429658
sigma: 315.0
sigmaL: 400.7829999510319
sigmaR: 63.656854580459374
widthL: 400.7829999510319
widthR: 63.656854580459374
x0: 3169.642569857779
