alphaL: 0.7852056431242361
alphaR: 1.0270741927968072
event_sum: 0.07312687430403446
mean: 3238.0712035914094
nL: 0.12855840069243524
nR: 0.1
norm: 0.07312687430403446
sigma: 315.0
sigmaL: 300.2867783760267
sigmaR: 7.1056575048244515
widthL: 300.2867783760267
widthR: 7.1056575048244515
x0: 3238.0712035914094
