alphaL: 1.3666428527749908
alphaR: 1.3147308658974066
event_sum: 0.13018301044031835
mean: 3162.3661435872946
nL: 0.1
nR: 1.3231870959481435
norm: 0.13018301044031835
sigma: 315.0
sigmaL: 443.69069344095595
sigmaR: 92.48763467943371
widthL: 443.69069344095595
widthR: 92.48763467943371
x0: 3162.3661435872946
