alphaL: 0.6080656713838823
alphaR: 0.7424702519986197
event_sum: 4.299180464699117
fraction: 0.5984679466013102
mean: 3447.791136968589
nL: 0.4
nR: 2.1960094386179008
norm: 0.3542939824285271
sigma: 345.0
sigmaL: 441.29404884754
sigmaR: 99.45771001593927
widthL: 441.29404884754
widthR: 99.45771001593927
x0: 3447.791136968589
