alphaL: 0.7492968447218099
alphaR: 0.7534262420052772
event_sum: 3.080149131515902
fraction: 0.6345526263352826
mean: 3466.7425089865756
nL: 0.5030522559042891
nR: 3.372701482568264
norm: 0.7783486441474827
sigma: 345.0
sigmaL: 419.4553605691513
sigmaR: 71.48807336417357
widthL: 419.4553605691513
widthR: 71.48807336417357
x0: 3466.7425089865756
