alphaL: 0.7713858493014701
alphaR: 0.9785450416053082
event_sum: 0.04188160640516626
mean: 3491.2379397022946
nL: 0.11891129284391283
nR: 0.1
norm: 0.04188160640516626
sigma: 345.0
sigmaL: 388.28327983095807
sigmaR: 48.498547880027246
widthL: 388.28327983095807
widthR: 48.498547880027246
x0: 3491.2379397022946
