alphaL: 0.10833701482542495
alphaR: 0.6034316549608911
event_sum: 0.058819527665798836
mean: 3504.614315985532
nL: 1.0024284987607104
nR: 2.1404922149464998
norm: 0.058819527665798836
sigma: 345.0
sigmaL: 1357.9501188583877
sigmaR: 49.33245293886445
widthL: 1357.9501188583877
widthR: 49.33245293886445
x0: 3504.614315985532
