alphaL: 1.1563679332875094
alphaR: 1.9483486020027576
event_sum: 0.08690065717635988
mean: 3397.1901625127193
nL: 0.1
nR: 0.5702628417591004
norm: 0.08690065717635988
sigma: 345.0
sigmaL: 414.38016864019875
sigmaR: 156.83950977964966
widthL: 414.38016864019875
widthR: 156.83950977964966
x0: 3397.1901625127193
