alphaL: 0.5507402424183558
alphaR: 1.0169231273860744
event_sum: 0.10513142112489207
mean: 3469.1953075206447
nL: 0.9998269658396813
nR: 2.263470313831625
norm: 0.10513142112489207
sigma: 345.0
sigmaL: 561.754824507024
sigmaR: 86.12920930187663
widthL: 561.754824507024
widthR: 86.12920930187663
x0: 3469.1953075206447
