alphaL: 1.2395393686978742
alphaR: 1.9411105749971174
event_sum: 4.661747163448728
fraction: 0.9991175498437801
mean: 2510.530952346624
nL: 9.962800257487725
nR: 3.6143350600216104
norm: 4.661422101017799
sigma: 113.0628733130747
sigmaL: 104.03065165444107
sigmaR: 53.98976041686959
widthL: 104.03065165444107
widthR: 53.98976041686959
x0: 2510.530952346624
