alphaL: 1.2754028621853128
alphaR: 1.9211647260632028
event_sum: 1.454959756062028
mean: 2509.684095835812
nL: 4.429416716870464
nR: 2.100418281049553
norm: 1.454959756062028
sigma: 146.5167398611961
sigmaL: 102.22500501592738
sigmaR: 59.355173757431096
widthL: 102.22500501592738
widthR: 59.355173757431096
x0: 2509.684095835812
