alphaL: 1.1549491675926222
alphaR: 2.074507222538875
event_sum: 3.58524474508966
mean: 2503.776376250531
nL: 4.559853593956013
nR: 3.7122994531614006
norm: 3.58524474508966
sigma: 112.90240977187976
sigmaL: 89.6655036247847
sigmaR: 63.52040587555176
widthL: 89.6655036247847
widthR: 63.52040587555176
x0: 2503.776376250531
