alphaL: 1.3071423078725457
alphaR: 1.7322043386680377
event_sum: 0.8583144515141509
mean: 2511.4660172311164
nL: 4.282927183743158
nR: 2.7192236183899112
norm: 0.8583144515141509
sigma: 146.5167398611961
sigmaL: 99.65196153021141
sigmaR: 61.46440602819569
widthL: 99.65196153021141
widthR: 61.46440602819569
x0: 2511.4660172311164
