alphaL: 1.0386925004701473
alphaR: 2.0613759754667207
event_sum: 14.579643582108785
fraction: 0.9973430573037655
mean: 2506.7066837587727
nL: 10.0
nR: 1.8932387281421938
norm: 14.55983451723681
sigma: 146.54057385066525
sigmaL: 93.19627100286688
sigmaR: 61.09154891632748
widthL: 93.19627100286688
widthR: 61.09154891632748
x0: 2506.7066837587727
