alphaL: 1.1870688510618508
alphaR: 2.1824014401482486
event_sum: 4.633683049458235
mean: 2504.2668662458227
nL: 4.593320710936636
nR: 2.746361182963466
norm: 4.633683049458235
sigma: 112.90240977187976
sigmaL: 96.42459671433821
sigmaR: 58.89675675991186
widthL: 96.42459671433821
widthR: 58.89675675991186
x0: 2504.2668662458227
