alphaL: 1.1450863393316528
alphaR: 1.9620732248762491
event_sum: 0.8558501847376216
mean: 2506.4669523404946
nL: 4.246115733514981
nR: 2.087822030519409
norm: 0.8558501847376216
sigma: 146.5167398611961
sigmaL: 90.83428736330013
sigmaR: 66.0037916202123
widthL: 90.83428736330013
widthR: 66.0037916202123
x0: 2506.4669523404946
