alphaL: 1.308776462216552
alphaR: 2.053058705188285
event_sum: 3.601029090033513
mean: 2503.8566840172834
nL: 3.9782143619502794
nR: 3.861915446353547
norm: 3.601029090033513
sigma: 112.90240977187976
sigmaL: 93.77336967761954
sigmaR: 63.88253223322527
widthL: 93.77336967761954
widthR: 63.88253223322527
x0: 2503.8566840172834
