alphaL: 1.4282051034975358
alphaR: 2.1273568936112794
event_sum: 4.654312159697917
mean: 2511.481519467482
nL: 4.5029477918841705
nR: 2.64857810466243
norm: 4.654312159697917
sigma: 112.90240977187976
sigmaL: 109.08585927561005
sigmaR: 54.425695840821184
widthL: 109.08585927561005
widthR: 54.425695840821184
x0: 2511.481519467482
