alphaL: 0.9531136143170081
alphaR: 2.0208398558715595
event_sum: 8.628490412281959
fraction: 0.9972548316815742
mean: 2503.0098243548605
nL: 10.0
nR: 1.9764790645879762
norm: 8.59219149538448
sigma: 146.54057385066525
sigmaL: 83.34838798776225
sigmaR: 68.69424299463051
widthL: 83.34838798776225
widthR: 68.69424299463051
x0: 2503.0098243548605
