alphaL: 1.0772277571181068
alphaR: 2.1092619222545403
event_sum: 3.6067675793114264
fraction: 0.9990901968222239
mean: 2502.933973360921
nL: 9.733859855400482
nR: 3.1145167735457986
norm: 3.6063723245153194
sigma: 113.0628733130747
sigmaL: 88.9372174144948
sigmaR: 63.89679904097371
widthL: 88.9372174144948
widthR: 63.89679904097371
x0: 2502.933973360921
