alphaL: 0.6604937583276509
alphaR: 2.285479728346999
event_sum: 1.4515382385478792
mean: 2492.4437695275024
nL: 4.605870731889307
nR: 1.3866054727285946
norm: 1.4515382385478792
sigma: 146.5167398611961
sigmaL: 52.72454037973134
sigmaR: 68.65608586615623
widthL: 52.72454037973134
widthR: 68.65608586615623
x0: 2492.4437695275024
