alphaL: 1.136496577552516
alphaR: 1.463080102631585
event_sum: 4.21512549693761
fraction: 0.7683661434789743
mean: 2114.3979766588077
nL: 0.47465226718907266
nR: 3.2996599545612306
norm: 2.963087065396864
sigma: 215.0
sigmaL: 232.90723004893422
sigmaR: 112.76784531256838
widthL: 232.90723004893422
widthR: 112.76784531256838
x0: 2114.3979766588077
