alphaL: 1.2949565622020995
alphaR: 1.7868750511100868
event_sum: 0.30166878612171627
mean: 2084.7605232617957
nL: 0.1
nR: 2.1649370091732063
norm: 0.30166878612171627
sigma: 215.0
sigmaL: 239.26864409373937
sigmaR: 130.97954526019788
widthL: 239.26864409373937
widthR: 130.97954526019788
x0: 2084.7605232617957
