alphaL: 0.8204374912467636
alphaR: 0.9630486419050086
event_sum: 0.38997573741244185
mean: 2166.8841163601774
nL: 1.000477496683121
nR: 2.4534293267574863
norm: 0.38997573741244185
sigma: 215.0
sigmaL: 252.0928816156864
sigmaR: 58.090644525343755
widthL: 252.0928816156864
widthR: 58.090644525343755
x0: 2166.8841163601774
