alphaL: 1.183717768295491
alphaR: 0.6607105306195353
event_sum: 4.943832650703805
fraction: 0.7532893168036499
mean: 2153.9839391748856
nL: 0.4
nR: 4.091135212786688
norm: 2.4517173723984627
sigma: 215.0
sigmaL: 299.167619286717
sigmaR: 50.74297705119767
widthL: 299.167619286717
widthR: 50.74297705119767
x0: 2153.9839391748856
