alphaL: 0.5547523132310009
alphaR: 0.967326535719634
event_sum: 0.3539263033887453
mean: 2163.225496578005
nL: 0.998772172208392
nR: 3.2026836368775418
norm: 0.3539263033887453
sigma: 215.0
sigmaL: 283.2314230079966
sigmaR: 61.17850963933304
widthL: 283.2314230079966
widthR: 61.17850963933304
x0: 2163.225496578005
