alphaL: 1.3728926186091863
alphaR: 1.405816269157291
event_sum: 0.35424395623463056
mean: 2123.0188058594954
nL: 0.1921715428177629
nR: 2.79830168770895
norm: 0.35424395623463056
sigma: 215.0
sigmaL: 248.6027819806991
sigmaR: 108.37591615081158
widthL: 248.6027819806991
widthR: 108.37591615081158
x0: 2123.0188058594954
