alphaL: 1.2291077515578914
alphaR: 1.98958608462122
event_sum: 8.56785493866882
fraction: 0.9990451258336535
mean: 2059.279301110865
nL: 9.719353419101513
nR: 3.3455314219356858
norm: 8.565839993369968
sigma: 94.99716830123235
sigmaL: 83.76449158409777
sigmaR: 50.4370804294572
widthL: 83.76449158409777
widthR: 50.4370804294572
x0: 2059.279301110865
