alphaL: 1.1685678736753178
alphaR: 1.9950005967762765
event_sum: 12.9282452861447
fraction: 0.996733623383942
mean: 2060.3066595136675
nL: 9.961001142262777
nR: 1.9210451142168876
norm: 12.921251489960854
sigma: 111.25531275314627
sigmaL: 85.00106255755793
sigmaR: 48.966056970081404
widthL: 85.00106255755793
widthR: 48.966056970081404
x0: 2060.3066595136675
