alphaL: 1.2443103613947026
alphaR: 1.8932468097958455
event_sum: 8.52045376466906
mean: 2059.723588374905
nL: 4.905920813660838
nR: 4.03184519249844
norm: 8.52045376466906
sigma: 95.44066466949366
sigmaL: 82.40820418681993
sigmaR: 49.470008120452675
widthL: 82.40820418681993
widthR: 49.470008120452675
x0: 2059.723588374905
