alphaL: 1.3270957668380112
alphaR: 1.7661923385196734
event_sum: 0.9357151831757974
mean: 2066.9783497496405
nL: 4.196040707583109
nR: 3.3582022899967763
norm: 0.9357151831757974
sigma: 111.69245168085645
sigmaL: 89.31177469968428
sigmaR: 51.83316285476453
widthL: 89.31177469968428
widthR: 51.83316285476453
x0: 2066.9783497496405
