alphaL: 1.6206515539900053
alphaR: 2.0179416228221947
event_sum: 8.859698809563831
mean: 2062.8696058439673
nL: 4.49426553298321
nR: 2.7899736815345233
norm: 8.859698809563831
sigma: 95.44066466949366
sigmaL: 97.92330291598896
sigmaR: 45.96152485290353
widthL: 97.92330291598896
widthR: 45.96152485290353
x0: 2062.8696058439673
