alphaL: 0.934253938876112
alphaR: 2.0057419800080982
event_sum: 26.411924197294216
fraction: 0.9946318531411398
mean: 2047.9132908188394
nL: 39.73827572108759
nR: 4.228983857470832
norm: 8.53592433358025
sigma: 94.93843115997393
sigmaL: 72.58123076746699
sigmaR: 52.906309384059284
widthL: 72.58123076746699
widthR: 52.906309384059284
x0: 2047.9132908188394
