alphaL: 1.4729712911308224
alphaR: 1.8665616034311727
event_sum: 1.2900311809389005
mean: 2066.1768386219123
nL: 4.543729110742229
nR: 1.9787743093175922
norm: 1.2900311809389005
sigma: 111.69245168085645
sigmaL: 94.6392554913627
sigmaR: 45.53188805933659
widthL: 94.6392554913627
widthR: 45.53188805933659
x0: 2066.1768386219123
