alphaL: 1.402848023236955
alphaR: 1.8658744235056999
event_sum: 8.549139419625575
mean: 2061.596352592106
nL: 4.480169628629424
nR: 3.8763724770926506
norm: 8.549139419625575
sigma: 95.44066466949366
sigmaL: 87.17610969206362
sigmaR: 48.58040907118781
widthL: 87.17610969206362
widthR: 48.58040907118781
x0: 2061.596352592106
