alphaL: 1.3595751147415396
alphaR: 1.8796988942892694
event_sum: 1.2865645772584733
mean: 2062.979196605507
nL: 3.59943106501892
nR: 2.2066174202911215
norm: 1.2865645772584733
sigma: 111.69245168085645
sigmaL: 89.4938986303467
sigmaR: 46.92573180405556
widthL: 89.4938986303467
widthR: 46.92573180405556
x0: 2062.979196605507
