alphaL: 1.391777128070995
alphaR: 2.1045927135282154
event_sum: 8.875436671304662
fraction: 0.9988208708545383
mean: 2060.990346014333
nL: 9.658619810491363
nR: 2.509231366959302
norm: 8.87419935239613
sigma: 94.99716830123235
sigmaL: 93.58054846334137
sigmaR: 47.004321594132115
widthL: 93.58054846334137
widthR: 47.004321594132115
x0: 2060.990346014333
