alphaL: 1.287148090569628
alphaR: 1.9433677157570046
event_sum: 0.9322599143053365
mean: 2064.595628222624
nL: 3.352902827918834
nR: 2.6312536437643823
norm: 0.9322599143053365
sigma: 111.69245168085645
sigmaL: 85.80831185964968
sigmaR: 53.946054507457724
widthL: 85.80831185964968
widthR: 53.946054507457724
x0: 2064.595628222624
