alphaL: 1.022061073332075
alphaR: 2.034986055733359
event_sum: 9.38860630972294
fraction: 0.9978589274128196
mean: 2060.2962539631544
nL: 9.63385910682679
nR: 2.4978603083044173
norm: 9.367538893702337
sigma: 111.25531275314627
sigmaL: 76.9573635765054
sigmaR: 56.36920979120553
widthL: 76.9573635765054
widthR: 56.36920979120553
x0: 2060.2962539631544
