alphaL: 1.4245829279321471
alphaR: 2.0455654630422857
event_sum: 8.821715718574351
mean: 2060.790437208398
nL: 4.94031732735558
nR: 2.85393431037957
norm: 8.821715718574351
sigma: 95.44066466949366
sigmaL: 92.67745004172855
sigmaR: 46.98721729950162
widthL: 92.67745004172855
widthR: 46.98721729950162
x0: 2060.790437208398
