alphaL: 1.1685378240252373
alphaR: 1.5329157201746018
event_sum: 17.067075895583095
mean: 1189.248654357345
nL: 2.111631916146451
nR: 2.9236219835652237
norm: 17.067075895583095
sigma: 78
sigmaL: 79.59488724343223
sigmaR: 56.15578645295813
widthL: 79.59488724343223
widthR: 56.15578645295813
x0: 1189.248654357345
