alphaL: 1.1694749837050764
alphaR: 1.8628678433336097
event_sum: 1.2104374943503549
fraction: 0.9988055827706198
mean: 3248.1043304438276
nL: 7.889117575264529
nR: 3.1868048813190395
norm: 1.2097070448354172
sigma: 146.08371171644143
sigmaL: 124.43481053934435
sigmaR: 71.26739649789809
widthL: 124.43481053934435
widthR: 71.26739649789809
x0: 3248.1043304438276
