alphaL: 1.097982228710686
alphaR: 1.4653820753815991
event_sum: 2.2984325386760784
mean: 3251.6268443265326
nL: 5.0
nR: 3.4433843372130033
norm: 2.2984325386760784
sigma: 258.86986687454447
sigmaL: 120.56804869876946
sigmaR: 63.66996288533558
widthL: 120.56804869876946
widthR: 63.66996288533558
x0: 3251.6268443265326
