alphaL: 1.3559002016593924
alphaR: 1.4810967351317514
event_sum: 2.301825865103857
mean: 3260.2625926467954
nL: 4.411101560123256
nR: 3.2155773999747304
norm: 2.301825865103857
sigma: 258.86986687454447
sigmaL: 139.0580981343169
sigmaR: 59.662383315791836
widthL: 139.0580981343169
widthR: 59.662383315791836
x0: 3260.2625926467954
