alphaL: 1.2248350055179837
alphaR: 1.9782210475834343
event_sum: 1.2046150669384168
mean: 3246.177714242597
nL: 4.067063625747563
nR: 2.598676609278587
norm: 1.2046150669384168
sigma: 144.68275172999435
sigmaL: 118.96539435683272
sigmaR: 72.64512834049873
widthL: 118.96539435683272
widthR: 72.64512834049873
x0: 3246.177714242597
