alphaL: 1.5439757701058394
alphaR: 2.22841595132647
event_sum: 1.843675161150528
mean: 3255.969851135617
nL: 4.422406228411878
nR: 2.2183365172780976
norm: 1.843675161150528
sigma: 144.68275172999435
sigmaL: 149.66348416678247
sigmaR: 66.698796072777
widthL: 149.66348416678247
widthR: 66.698796072777
x0: 3255.969851135617
