alphaL: 1.334696357833115
alphaR: 2.219092840109396
event_sum: 1.837445898887197
fraction: 0.9991876699619175
mean: 3248.5142943088495
nL: 9.319225683094045
nR: 2.673992323691383
norm: 1.836271183577056
sigma: 146.08371171644143
sigmaL: 138.87567755294265
sigmaR: 70.92041283853676
widthL: 138.87567755294265
widthR: 70.92041283853676
x0: 3248.5142943088495
