alphaL: 0.8018515880134456
alphaR: 1.8883274021933498
event_sum: 23.057534134143456
fraction: 0.9992250306703988
mean: 3240.5468163380783
nL: 9.998245217554684
nR: 2.2863490356044407
norm: 22.987953915399224
sigma: 258.1129299166392
sigmaL: 97.93395945496093
sigmaR: 72.04509629418449
widthL: 97.93395945496093
widthR: 72.04509629418449
x0: 3240.5468163380783
