alphaL: 1.2946469487467955
alphaR: 2.31713949006346
event_sum: 1.83363960053728
mean: 3248.5967405037404
nL: 4.538912766463479
nR: 2.6371653266077146
norm: 1.83363960053728
sigma: 144.68275172999435
sigmaL: 133.46541972033123
sigmaR: 70.37119717361917
widthL: 133.46541972033123
widthR: 70.37119717361917
x0: 3248.5967405037404
