alphaL: 1.0719665593436745
alphaR: 1.4208683370218684
event_sum: 0.9955654462287205
mean: 3253.9051382258635
nL: 4.679560822340544
nR: 2.8108532083204594
norm: 0.9955654462287205
sigma: 258.86986687454447
sigmaL: 118.34756563693534
sigmaR: 65.82218313553786
widthL: 118.34756563693534
widthR: 65.82218313553786
x0: 3253.9051382258635
