alphaL: 1.3095879210776293
alphaR: 2.113670343414327
event_sum: 1.195630473046704
mean: 3243.2206876077444
nL: 2.608538871437639
nR: 1.8648320298972827
norm: 1.195630473046704
sigma: 144.68275172999435
sigmaL: 116.23980617581154
sigmaR: 74.59772668110476
widthL: 116.23980617581154
widthR: 74.59772668110476
x0: 3243.2206876077444
