alphaL: 0.605307012582809
alphaR: 1.6987811801335602
event_sum: 10.119103850555648
fraction: 0.9984506774195716
mean: 3230.908251395722
nL: 9.9819745078091
nR: 2.7658259896558857
norm: 9.936722748820877
sigma: 258.1129299166392
sigmaL: 77.76630094212803
sigmaR: 81.56576081791239
widthL: 77.76630094212803
widthR: 81.56576081791239
x0: 3230.908251395722
