alphaL: 0.8798382889117039
alphaR: 1.6448467096848753
event_sum: 0.9905635044182085
mean: 3234.1923499048694
nL: 4.585893454428285
nR: 2.9013879207488666
norm: 0.9905635044182085
sigma: 258.86986687454447
sigmaL: 94.28594454620978
sigmaR: 79.62761404926184
widthL: 94.28594454620978
widthR: 79.62761404926184
x0: 3234.1923499048694
