alphaL: 1.336630297833411
alphaR: 1.5455139602735168
event_sum: 13.50662934495918
mean: 1568.0361865256837
nL: 0.20000000039045737
nR: 1.7902869214365664
norm: 13.50662934495918
sigma: 102
sigmaL: 146.1714639302109
sigmaR: 89.59993397099485
widthL: 146.1714639302109
widthR: 89.59993397099485
x0: 1568.0361865256837
