alphaL: 0.7477384738494286
alphaR: 1.3517738510208448
event_sum: 1.2239359212619527
mean: 3404.575177404069
nL: 0.10000203757007303
nR: 5.585390041011147
norm_2016: 0.346528468066766
norm_2017: 0.3839083778435023
norm_2018: 0.5086623523097454
norm_Run2: 1.2239359212619527
sigma: 345.0
sigmaL: 409.42676098533104
sigmaR: 146.7317617498835
widthL: 409.42676098533104
widthR: 146.7317617498835
x0: 3404.575177404069
