alphaL: 0.9090805552159587
alphaR: 1.5210863772986374
event_sum: 2.3221953910514173
mean: 3400.094351595258
nL: 0.1382277556456749
nR: 2.4552915086142786
norm_2016: 0.5841624485152797
norm_2017: 0.8064770622996784
norm_2018: 0.9490477417376901
norm_Run2: 2.3221953910514173
sigma: 345.0
sigmaL: 425.07735682823176
sigmaR: 146.6318759289354
widthL: 425.07735682823176
widthR: 146.6318759289354
x0: 3400.094351595258
