alphaL: 0.42880857845564124
alphaR: 1.9854511292841788
event_sum: 0.4815994312742577
mean: 3168.8344506778312
nL: 3.8068906470147983
nR: 1.3307216643914286
norm: 0.4815994312742577
sigma: 182.0
sigmaL: 122.70876016595004
sigmaR: 149.6963683093488
widthL: 122.70876016595004
widthR: 149.6963683093488
x0: 3168.8344506778312
