alphaL: 1.3308704258725708
alphaR: 0.9716048870230238
event_sum: 0.5091562053166766
mean: 3258.1459466395727
nL: 0.8658923766914991
nR: 2.375792159208875
norm: 0.5091562053166766
sigma: 182.0
sigmaL: 299.75239185899835
sigmaR: 61.51701012764161
widthL: 299.75239185899835
widthR: 61.51701012764161
x0: 3258.1459466395727
