alphaL: 0.7154461068189507
alphaR: 1.2180798672959092
event_sum: 0.21291158313861389
mean: 3202.7167722382933
nL: 4.06396705377974
nR: 2.62452222768548
norm: 0.21291158313861389
sigma: 182.0
sigmaL: 201.95322475122197
sigmaR: 110.4639903500435
widthL: 201.95322475122197
widthR: 110.4639903500435
x0: 3202.7167722382933
