alphaL: 0.9157216512125352
alphaR: 2.2631064031709758
event_sum: 0.23290702768256805
mean: 3123.8786185161484
nL: 0.9831904426871666
nR: 4.025167497935389
norm: 0.23290702768256805
sigma: 182.0
sigmaL: 191.70684027601442
sigmaR: 204.25801145321458
widthL: 191.70684027601442
widthR: 204.25801145321458
x0: 3123.8786185161484
