alphaL: 1.536344467230841
alphaR: 1.1067815470135989
event_sum: 12.463297133647155
fraction: 0.7639143558705774
mean: 3243.867320533348
nL: 0.4
nR: 4.5
norm: 5.089930459567381
sigma: 182.0
sigmaL: 303.77876407342984
sigmaR: 94.94065303977888
widthL: 303.77876407342984
widthR: 94.94065303977888
x0: 3243.867320533348
