alphaL: 0.8447171153188163
alphaR: 1.4722847971285933
event_sum: 14.476759064317305
fraction: 0.7487339553766048
mean: 3200.0
nL: 0.716417108673882
nR: 4.0145485944449435
norm: 2.3857141877917516
sigma: 182.0
sigmaL: 157.77764476621022
sigmaR: 140.60072127567054
widthL: 157.77764476621022
widthR: 140.60072127567054
x0: 3200.0
