alphaL: 1.434901800912833
alphaR: 1.6844593811282809
event_sum: 5.1871286648461155
mean: 3459.8795868089865
nL: 4.499890188895486
nR: 2.629531132585739
norm: 5.1871286648461155
sigma: 329.8161346284017
sigmaL: 151.56386099438842
sigmaR: 68.32972979104285
widthL: 151.56386099438842
widthR: 68.32972979104285
x0: 3459.8795868089865
