alphaL: 1.1720388436344833
alphaR: 1.8241354360577324
event_sum: 1.6301102742607925
fraction: 0.9992877842884386
mean: 3449.417428270881
nL: 9.863377164950206
nR: 3.279792470502639
norm: 1.6288341437556095
sigma: 153.60734790400588
sigmaL: 129.2250107884132
sigmaR: 73.99154244448492
widthL: 129.2250107884132
widthR: 73.99154244448492
x0: 3449.417428270881
