alphaL: 1.2899105863143627
alphaR: 1.76512631687971
event_sum: 5.166666762102657
mean: 3454.3175398845774
nL: 4.944505679231419
nR: 2.620403705052186
norm: 5.166666762102657
sigma: 329.8161346284017
sigmaL: 141.35787338317053
sigmaR: 72.30197692623943
widthL: 141.35787338317053
widthR: 72.30197692623943
x0: 3454.3175398845774
