alphaL: 1.2027085988378068
alphaR: 1.4920007052149276
event_sum: 2.3283289394511346
mean: 3453.2582475369372
nL: 4.50208667498185
nR: 3.2278280039868745
norm: 2.3283289394511346
sigma: 329.8161346284017
sigmaL: 131.4197843745483
sigmaR: 76.01520011673989
widthL: 131.4197843745483
widthR: 76.01520011673989
x0: 3453.2582475369372
