alphaL: 0.8759372772402524
alphaR: 1.5697460340195
event_sum: 22.393042710809635
fraction: 0.9986396660991026
mean: 3447.4408465269307
nL: 9.99901938689851
nR: 3.3811633771289653
norm: 21.85848035394214
sigma: 325.967323983693
sigmaL: 112.41695543975916
sigmaR: 78.85254765102565
widthL: 112.41695543975916
widthR: 78.85254765102565
x0: 3447.4408465269307
