alphaL: 0.9705947633043522
alphaR: 1.6156095860247546
event_sum: 49.11539350047913
fraction: 0.998972930771558
mean: 3448.7629471875152
nL: 9.934574673358329
nR: 4.174573722864137
norm: 48.83999158169363
sigma: 325.967323983693
sigmaL: 121.44312967228389
sigmaR: 73.67692626292704
widthL: 121.44312967228389
widthR: 73.67692626292704
x0: 3448.7629471875152
