alphaL: 1.4307107467924367
alphaR: 1.968625682743661
event_sum: 2.9226245427420845
mean: 3454.5607214054075
nL: 4.494678637259809
nR: 3.643552157528654
norm: 2.9226245427420845
sigma: 153.19089046889144
sigmaL: 149.8591796096415
sigmaR: 71.20303589460872
widthL: 149.8591796096415
widthR: 71.20303589460872
x0: 3454.5607214054075
