alphaL: 1.2097951290613744
alphaR: 1.5444215009919904
event_sum: 2.313846554500178
mean: 3454.315436384348
nL: 4.849904543931176
nR: 3.020913534587207
norm: 2.313846554500178
sigma: 329.8161346284017
sigmaL: 132.79758046697853
sigmaR: 75.66283897864687
widthL: 132.79758046697853
widthR: 75.66283897864687
x0: 3454.315436384348
