alphaL: 1.3379291541396772
alphaR: 1.793604915557498
event_sum: 1.8047661181447028
mean: 3450.596161441432
nL: 4.443014597866585
nR: 3.5661738264326046
norm: 1.8047661181447028
sigma: 153.19089046889144
sigmaL: 134.74678586438017
sigmaR: 73.76341299786637
widthL: 134.74678586438017
widthR: 73.76341299786637
x0: 3450.596161441432
