alphaL: 0.8954545089249379
alphaR: 2.3658150823767308
event_sum: 2.9064994193929135
mean: 3435.0731452031073
nL: 4.549430616139108
nR: 2.520465058845695
norm: 2.9064994193929135
sigma: 153.19089046889144
sigmaL: 107.01797482883798
sigmaR: 80.60047130847289
widthL: 107.01797482883798
widthR: 80.60047130847289
x0: 3435.0731452031073
