alphaL: 1.12823648718971
alphaR: 2.00183294388617
event_sum: 1.7945805731446658
mean: 3443.409178125769
nL: 4.697160347650889
nR: 2.4168566986595383
norm: 1.7945805731446658
sigma: 153.19089046889144
sigmaL: 121.13157978616003
sigmaR: 78.5256317190468
widthL: 121.13157978616003
widthR: 78.5256317190468
x0: 3443.409178125769
