alphaL: 1.3566036676775646
alphaR: 1.949981390858183
event_sum: 2.68247809016039
fraction: 0.999105439754378
mean: 3452.808242322303
nL: 8.403977056910573
nR: 4.0391858724860175
norm: 2.6819120564183643
sigma: 153.60734790400588
sigmaL: 148.36328008251232
sigmaR: 71.15355520624766
widthL: 148.36328008251232
widthR: 71.15355520624766
x0: 3452.808242322303
