alphaL: 1.0793044180154794
alphaR: 1.8935478731572364
event_sum: 1.6268097244902606
mean: 3445.381520761261
nL: 10.082151493138168
nR: 3.262124346435989
norm_2016: 0.49489656643752966
norm_2017: 0.5119021789605177
norm_2018: 0.776750395966795
norm_Run2: 1.6268097244902606
sigma: 152.51982464849453
sigmaL: 121.7527644220561
sigmaR: 76.34251157995817
widthL: 121.7527644220561
widthR: 76.34251157995817
x0: 3445.381520761261
