alphaL: 1.0216947483702328
alphaR: 1.8845525873683855
event_sum: 1.6268097244902606
mean: 3442.935194431404
nL: 11.268291052555972
nR: 3.4502884119810995
norm_2016: 1.6268097244902606
norm_2017: 1.6268097244902606
norm_2018: 1.6268097244902606
norm_Run2: 1.6268097244902606
sigma: 152.51982464849453
sigmaL: 117.00365843143024
sigmaR: 78.51593981857803
widthL: 117.00365843143024
widthR: 78.51593981857803
x0: 3442.935194431404
