alphaL: 0.9145751239161459
alphaR: 2.1163975873313206
event_sum: 2.677624994276354
mean: 3440.5929504583833
nL: 19.25224884115944
nR: 3.814132826480494
norm_2016: 2.677624994276354
norm_2017: 2.677624994276354
norm_2018: 2.677624994276354
norm_Run2: 2.677624994276354
sigma: 152.51982464849453
sigmaL: 115.86530702598569
sigmaR: 77.65243431920126
widthL: 115.86530702598569
widthR: 77.65243431920126
x0: 3440.5929504583833
