alphaL: 0.7303790184927776
alphaR: 1.5073484802275066
event_sum: 21.737495066468924
mean: 3447.637353264451
nL: 23.705470307543827
nR: 3.4661634722334025
norm_2016: 5.811094938853787
norm_2017: 6.902290795265235
norm_2018: 9.596925955358236
norm_Run2: 21.737495066468924
sigma: 328.45850469426125
sigmaL: 101.93514381964638
sigmaR: 79.00060886566236
widthL: 101.93514381964638
widthR: 79.00060886566236
x0: 3447.637353264451
