alphaL: 1.0318975560110237
alphaR: 1.2086235393976643
event_sum: 1.5251667052950282
mean: 3389.1117137573156
nL: 0.5572818471092149
nR: 9.561040191861855
norm_2016: 1.5251667052950282
norm_2017: 1.5251667052950282
norm_2018: 1.5251667052950282
norm_Run2: 1.5251667052950282
sigma: 193.2
sigmaL: 229.48507234124835
sigmaR: 140.7820757263293
widthL: 229.48507234124835
widthR: 140.7820757263293
x0: 3389.1117137573156
