alphaL: 0.7337284228984057
alphaR: 1.4899585772296788
event_sum: 1.2239359212619527
mean: 3389.373511679307
nL: 0.10007620602979604
nR: 4.497909275909185
norm_2016: 0.346528468066766
norm_2017: 0.3839083778435023
norm_2018: 0.5086623523097454
norm_Run2: 1.2239359212619527
sigma: 345.0
sigmaL: 372.2746950056587
sigmaR: 158.28052968714815
widthL: 372.2746950056587
widthR: 158.28052968714815
x0: 3389.373511679307
