alphaL: 1.1028632020507674
alphaR: 1.1122169226415743
event_sum: 1.5251667052950282
mean: 3401.4315724274315
nL: 0.4773676141275309
nR: 9.575806738857922
norm_2016: 0.36305602900320955
norm_2017: 0.5067318755804698
norm_2018: 0.6729795559478612
norm_Run2: 1.5251667052950282
sigma: 193.2
sigmaL: 243.4829740944792
sigmaR: 129.37849005178165
widthL: 243.4829740944792
widthR: 129.37849005178165
x0: 3401.4315724274315
