alphaL: 0.5865582790662547
alphaR: 2.090553490777416
event_sum: 48.64576093819818
mean: 3437.9194011890922
nL: 123.49861452161932
nR: 1.816912146663807
norm_2016: 11.155245723785018
norm_2017: 15.678265730518056
norm_2018: 23.1692823345236
norm_Run2: 50.00279378882667
sigma: 328.45850469426125
sigmaL: 86.57641924805776
sigmaR: 81.62464006860921
widthL: 86.57641924805776
widthR: 81.62464006860921
x0: 3437.9194011890922
