alphaL: 0.8675729150699883
alphaR: 2.391978917296882
event_sum: 3.457174482949376
mean: 3360.0840958196222
nL: 0.7416277902072705
nR: 0.8051849060420517
norm_2016: 0.7180870201705558
norm_2017: 1.1089932015019395
norm_2018: 1.6798013543167245
norm_Run2: 3.5068815759892207
sigma: 193.2
sigmaL: 137.46443751371447
sigmaR: 162.48004845271726
widthL: 137.46443751371447
widthR: 162.48004845271726
x0: 3360.0840958196222
