alphaL: 0.6801919118372863
alphaR: 1.5841536512026113
event_sum: 2.3221953910514173
mean: 3354.9988093388265
nL: 0.25837381334879317
nR: 4.108711412735253
norm_2016: 0.5841624485152797
norm_2017: 0.8064770622996784
norm_2018: 0.9490477417376901
norm_Run2: 2.3221953910514173
sigma: 345.0
sigmaL: 267.497447082007
sigmaR: 174.79226574752695
widthL: 267.497447082007
widthR: 174.79226574752695
x0: 3354.9988093388265
