alphaL: 1.1907296691136426
alphaR: 1.145272971004847
event_sum: 7.0310637293438
fraction: 0.7542586915726709
mean: 2403.5548829899194
nL: 0.41095625811996267
nR: 4.5
norm: 4.111066803033615
sigma: 245.0
sigmaL: 276.2367379037166
sigmaR: 112.44638686927884
widthL: 276.2367379037166
widthR: 112.44638686927884
x0: 2403.5548829899194
