alphaL: 0.958403021123648
alphaR: 0.9876599945869052
event_sum: 7.606751604250588
fraction: 0.6924242444475837
mean: 2424.6084485034303
nL: 0.4
nR: 4.149963741966349
norm: 2.668306559465574
sigma: 245.0
sigmaL: 292.4641385203144
sigmaR: 91.87851190080421
widthL: 292.4641385203144
widthR: 91.87851190080421
x0: 2424.6084485034303
