alphaL: 1.3092690436756813
alphaR: 1.7047873992280242
event_sum: 0.4460843545672545
mean: 2374.585711139157
nL: 0.1669559724559029
nR: 2.1523126653182016
norm: 0.4460843545672545
sigma: 245.0
sigmaL: 262.6473303100616
sigmaR: 144.3295223426921
widthL: 262.6473303100616
widthR: 144.3295223426921
x0: 2374.585711139157
