alphaL: 0.39142806229450855
alphaR: 0.9676177504893021
event_sum: 0.35951081797793566
mean: 2478.2418505459486
nL: 0.9998262025634679
nR: 3.020489169484942
norm: 0.35951081797793566
sigma: 245.0
sigmaL: 405.72361922628465
sigmaR: 69.9746407095354
widthL: 405.72361922628465
widthR: 69.9746407095354
x0: 2478.2418505459486
