alphaL: 1.0946577992023956
alphaR: 1.4087512989188324
event_sum: 0.2999082110205805
mean: 2414.5533473097103
nL: 0.10234076273676196
nR: 2.356337908203807
norm: 0.2999082110205805
sigma: 245.0
sigmaL: 283.9534647663877
sigmaR: 118.42512372705737
widthL: 283.9534647663877
widthR: 118.42512372705737
x0: 2414.5533473097103
