alphaL: 0.7189905507621847
alphaR: 0.7053373700104262
event_sum: 0.49924701224281415
mean: 2445.785115193032
nL: 0.9998496376912961
nR: 3.660907013895287
norm: 0.49924701224281415
sigma: 245.0
sigmaL: 274.6466539690845
sigmaR: 59.68232510270005
widthL: 274.6466539690845
widthR: 59.68232510270005
x0: 2445.785115193032
