alphaL: 0.9478608023010265
alphaR: 1.4146320507253485
event_sum: 0.5385134836157962
mean: 1823.867812132238
nL: 1.8300549134026558
nR: 3.9934041727524394
norm: 0.5385134836157962
sigma: 103.6
sigmaL: 109.09410957006037
sigmaR: 80.98379792796743
widthL: 109.09410957006037
widthR: 80.98379792796743
x0: 1823.867812132238
