alphaL: 1.013318002338305
alphaR: 1.5753403337392613
event_sum: 0.5179170992641535
mean: 1835.2731166006593
nL: 1.784650359416821
nR: 1.848932511634187
norm: 0.5179170992641535
sigma: 103.6
sigmaL: 122.1838116342373
sigmaR: 71.9286393202328
widthL: 122.1838116342373
widthR: 71.9286393202328
x0: 1835.2731166006593
