alphaL: 1.021687550736324
alphaR: 1.5319669419844462
event_sum: 6.20516071897134
fraction: 0.9187667134585065
mean: 1821.4747957204142
nL: 1.4749681780646517
nR: 3.4675910455137675
norm: 5.405473021023351
sigma: 103.6
sigmaL: 109.08924102732345
sigmaR: 84.00781459577188
widthL: 109.08924102732345
widthR: 84.00781459577188
x0: 1821.4747957204142
