alphaL: 1.158598041523672
alphaR: 1.3408650193877083
event_sum: 0.5077991722051667
mean: 1839.9099022891703
nL: 0.9691124073176453
nR: 4.213948235313805
norm: 0.5077991722051667
sigma: 103.6
sigmaL: 130.07602788166884
sigmaR: 71.84408317612571
widthL: 130.07602788166884
widthR: 71.84408317612571
x0: 1839.9099022891703
