alphaL: 1.090054787796318
alphaR: 1.5531710870827968
event_sum: 6.709978468442883
fraction: 0.8824425383492267
mean: 1828.300992395862
nL: 0.999296613680675
nR: 3.5067218099798576
norm: 5.159975373679386
sigma: 103.6
sigmaL: 120.04336441318901
sigmaR: 84.44246009223411
widthL: 120.04336441318901
widthR: 84.44246009223411
x0: 1828.300992395862
