alphaL: 0.7595291127468045
alphaR: 1.9034494345408681
event_sum: 0.48434711260974256
mean: 1821.2733037499227
nL: 2.14355748182881
nR: 1.5828142473869906
norm: 0.48434711260974256
sigma: 103.6
sigmaL: 97.42912930666894
sigmaR: 90.59632388363265
widthL: 97.42912930666894
widthR: 90.59632388363265
x0: 1821.2733037499227
