alphaL: 0.5879170350636915
alphaR: 1.03718750163991
event_sum: 0.7486028522275388
mean: 1890.6557111726868
nL: 1.0089447074240963
nR: 3.8091793732742767
norm: 0.7486028522275388
sigma: 190.0
sigmaL: 177.3355578400831
sigmaR: 73.26613703868128
widthL: 177.3355578400831
widthR: 73.26613703868128
x0: 1890.6557111726868
