alphaL: 1.1590178162419007
alphaR: 1.7559866622017768
event_sum: 0.6596015947428722
mean: 1842.3057795721834
nL: 0.2209498245119108
nR: 3.025004680525724
norm: 0.6596015947428722
sigma: 190.0
sigmaL: 182.23842754798204
sigmaR: 122.55226258199976
widthL: 182.23842754798204
widthR: 122.55226258199976
x0: 1842.3057795721834
