alphaL: 1.2370606970770481
alphaR: 1.292411998122067
event_sum: 8.935141390752849
fraction: 0.8306437760989588
mean: 1862.9732439301854
nL: 0.5869739432232197
nR: 4.376338188038815
norm: 6.961520600263882
sigma: 190.0
sigmaL: 171.38195187616137
sigmaR: 99.63617247679782
widthL: 171.38195187616137
widthR: 99.63617247679782
x0: 1862.9732439301854
