alphaL: 1.4039079169791082
alphaR: 1.6129491679155992
event_sum: 0.7383339566250093
mean: 1848.1701019934596
nL: 0.28015612109307914
nR: 2.952891146258924
norm: 0.7383339566250093
sigma: 190.0
sigmaL: 167.87237362196083
sigmaR: 115.42302602143123
widthL: 167.87237362196083
widthR: 115.42302602143123
x0: 1848.1701019934596
