alphaL: 0.7945545170178034
alphaR: 1.5008027484167055
event_sum: 0.7974928095015756
mean: 1844.177357604817
nL: 1.0078539011181131
nR: 4.012529813185051
norm: 0.7974928095015756
sigma: 190.0
sigmaL: 126.14766719247424
sigmaR: 115.45174121180055
widthL: 126.14766719247424
widthR: 115.45174121180055
x0: 1844.177357604817
