alphaL: 1.0055844963279337
alphaR: 1.3347797323410209
event_sum: 9.654296404150864
fraction: 0.77153968964727
mean: 1861.278132761498
nL: 0.47155005857890037
nR: 4.402899450822397
norm: 6.08084229108514
sigma: 190.0
sigmaL: 180.62727441252994
sigmaR: 101.24764454850774
widthL: 180.62727441252994
widthR: 101.24764454850774
x0: 1861.278132761498
