alphaL: 1.3092152578024154
alphaR: 2.3875891994634
event_sum: 0.8947915449971201
mean: 1356.9937051821992
nL: 3.508066417110226
nR: 2.0326207835643317
norm: 0.8947915449971201
sigma: 70.42158768002174
sigmaL: 57.003945854614074
sigmaR: 36.862144049188224
widthL: 57.003945854614074
widthR: 36.862144049188224
x0: 1356.9937051821992
