alphaL: 1.5650306148875468
alphaR: 2.7025287516501892
event_sum: 20.264563440268898
mean: 1362.6492376248557
nL: 4.953864741239519
nR: 1.4674844739632982
norm: 20.264563440268898
sigma: 64.82903608061437
sigmaL: 67.59481120153329
sigmaR: 34.41288489407977
widthL: 67.59481120153329
widthR: 34.41288489407977
x0: 1362.6492376248557
