alphaL: 1.4145099905944978
alphaR: 2.197974745503041
event_sum: 34.0422861321914
mean: 1362.804556401772
nL: 4.897004864886279
nR: 3.608382127068807
norm: 34.0422861321914
sigma: 64.82903608061437
sigmaL: 63.047222736798346
sigmaR: 37.24923340396829
widthL: 63.047222736798346
widthR: 37.24923340396829
x0: 1362.804556401772
