alphaL: 1.3457271266741548
alphaR: 2.0467099694995476
event_sum: 1.1120016562717028
mean: 1362.9500339201231
nL: 3.2403344938898164
nR: 2.3094858579089594
norm: 1.1120016562717028
sigma: 70.42158768002174
sigmaL: 61.3784844037355
sigmaR: 39.49857298255374
widthL: 61.3784844037355
widthR: 39.49857298255374
x0: 1362.9500339201231
