alphaL: 1.5860189718817543
alphaR: 2.1961387467323856
event_sum: 34.16300713758179
mean: 1364.1525823969707
nL: 4.493018368520241
nR: 3.236796743108329
norm: 34.16300713758179
sigma: 64.82903608061437
sigmaL: 66.0576829483675
sigmaR: 36.649072947932346
widthL: 66.0576829483675
widthR: 36.649072947932346
x0: 1364.1525823969707
