alphaL: 1.5281800296504364
alphaR: 2.45932876863864
event_sum: 20.387827256510967
fraction: 0.9991532061678502
mean: 1363.5572433406276
nL: 10.0
nR: 2.4678869986646217
norm: 20.382566290121133
sigma: 64.82152294974311
sigmaL: 68.67523040500133
sigmaR: 33.83062114111324
widthL: 68.67523040500133
widthR: 33.83062114111324
x0: 1363.5572433406276
