alphaL: 1.2174460631712045
alphaR: 2.01645014459903
event_sum: 11.178265391670381
fraction: 0.9974006819496906
mean: 1362.6057608248452
nL: 9.835503332953294
nR: 2.6548978159326135
norm: 11.169576544104906
sigma: 70.4263679956434
sigmaL: 61.368543030498216
sigmaR: 39.57256430379199
widthL: 61.368543030498216
widthR: 39.57256430379199
x0: 1362.6057608248452
