alphaL: 1.049160029080989
alphaR: 2.490731257256041
event_sum: 62.17476080817076
fraction: 0.9946145939560874
mean: 1351.4639596576442
nL: 117.89163306074079
nR: 2.6156305079669613
norm: 20.334171084705144
sigma: 65.46945728176867
sigmaL: 58.22729946437108
sigmaR: 37.10576883677216
widthL: 58.22729946437108
widthR: 37.10576883677216
x0: 1351.4639596576442
