alphaL: 1.2965028725311538
alphaR: 2.1717182809128914
event_sum: 8.990176874208748
fraction: 0.9982084120160623
mean: 1359.0609241140774
nL: 8.843384548879621
nR: 2.6245078407069236
norm: 8.985360181563212
sigma: 70.4263679956434
sigmaL: 60.34513606662321
sigmaR: 35.620206450804474
widthL: 60.34513606662321
widthR: 35.620206450804474
x0: 1359.0609241140774
