alphaL: 1.748777590804631
alphaR: 2.2014659365680873
event_sum: 20.341422648687676
mean: 1364.7316748789783
nL: 4.261962839285955
nR: 4.331354211461246
norm: 20.341422648687676
sigma: 64.82903608061437
sigmaL: 70.75933558109891
sigmaR: 33.159960946268484
widthL: 70.75933558109891
widthR: 33.159960946268484
x0: 1364.7316748789783
