alphaL: 1.3967632567738393
alphaR: 1.827677735152693
event_sum: 1.1152605369781656
mean: 1364.4491645350067
nL: 4.485604897724352
nR: 3.5054276627063787
norm: 1.1152605369781656
sigma: 70.42158768002174
sigmaL: 63.84870198281637
sigmaR: 37.99707288783174
widthL: 63.84870198281637
widthR: 37.99707288783174
x0: 1364.4491645350067
