alphaL: 1.3768159760262833
alphaR: 2.1590173771522236
event_sum: 34.19541889732967
fraction: 0.9992738941989112
mean: 1362.653273689814
nL: 9.996699464993272
nR: 3.7815876770449375
norm: 34.19442454658947
sigma: 64.82152294974311
sigmaL: 63.232504952070016
sigmaR: 37.3815577943403
widthL: 63.232504952070016
widthR: 37.3815577943403
x0: 1362.653273689814
