alphaL: 1.3900653691020568
alphaR: 2.3686384636428053
event_sum: 0.8976157707463699
mean: 1357.0681017369159
nL: 4.054242359596923
nR: 3.4626857015948325
norm: 0.8976157707463699
sigma: 70.42158768002174
sigmaL: 59.893781267688645
sigmaR: 37.5277229563536
widthL: 59.893781267688645
widthR: 37.5277229563536
x0: 1357.0681017369159
