alphaL: 1.5745267141115753
alphaR: 2.5193645511416616
event_sum: 89.50816025616577
fraction: 1.0000198683420123
mean: 750.922238938496
nL: 9.433090406219575
nR: 4.5
norm: 89.49312494494951
sigma: 36.933190789608204
sigmaL: 38.089953884927084
sigmaR: 28.669587370050028
widthL: 38.089953884927084
widthR: 28.669587370050028
x0: 750.922238938496
