alphaL: 1.89673943248069
alphaR: 1.8416373313299064
event_sum: 13.345386289339269
fraction: 0.9999660672922767
mean: 757.3034189374098
nL: 8.822500597334809
nR: 4.5
norm: 13.343073714268073
sigma: 37.05872829973921
sigmaL: 40.90235842566761
sigmaR: 24.206610823892124
widthL: 40.90235842566761
widthR: 24.206610823892124
x0: 757.3034189374098
