alphaL: 1.283165794556327
alphaR: 2.667475452513817
event_sum: 63.03170269976602
fraction: 0.9999202884573881
mean: 753.4667010115816
nL: 99.99629558043004
nR: 6.435069209315738
norm: 28.039052180933524
sigma: 37.75200614311582
sigmaL: 42.87541705734953
sigmaR: 25.790779666534313
widthL: 42.87541705734953
widthR: 25.790779666534313
x0: 753.4667010115816
