alphaL: 1.9007409765799916
alphaR: 2.0130755889197722
event_sum: 1.3350304597987197
mean: 756.4671160536303
nL: 3.396978597014614
nR: 3.3085582687810784
norm: 1.3350304597987197
sigma: 37.09720617479694
sigmaL: 40.05023448464884
sigmaR: 24.802644883304055
widthL: 40.05023448464884
widthR: 24.802644883304055
x0: 756.4671160536303
