alphaL: 1.9432289596164585
alphaR: 2.3468448031498688
event_sum: 28.03085181163857
fraction: 0.9999293530318537
mean: 752.4626177694429
nL: 7.810852309663719
nR: 4.5
norm: 28.030927372228316
sigma: 36.933190789608204
sigmaL: 43.467953659790474
sigmaR: 25.422126762946984
widthL: 43.467953659790474
widthR: 25.422126762946984
x0: 752.4626177694429
