alphaL: 1.8167125645601923
alphaR: 2.4723928890132663
event_sum: 89.53097058704908
mean: 751.4996782755534
nL: 3.9998413821164105
nR: 5.0
norm: 89.53097058704908
sigma: 37.00866660565709
sigmaL: 38.80681602595294
sigmaR: 28.3234328144804
widthL: 38.80681602595294
widthR: 28.3234328144804
x0: 751.4996782755534
