alphaL: 2.159776781767217
alphaR: 2.1593263960280478
event_sum: 0.5726427741889778
mean: 756.0609392548218
nL: 3.976685233999624
nR: 3.9982902742628497
norm: 0.5726427741889778
sigma: 37.09720617479694
sigmaL: 40.55982471206846
sigmaR: 21.764768710073508
widthL: 40.55982471206846
widthR: 21.764768710073508
x0: 756.0609392548218
