alphaL: 1.6276645109713184
alphaR: 2.1940668449091234
event_sum: 0.5732297429263017
mean: 754.7492498979606
nL: 1.3821694473200814
nR: 2.751824864789938
norm: 0.5732297429263017
sigma: 37.09720617479694
sigmaL: 42.13897307957392
sigmaR: 22.197618745157655
widthL: 42.13897307957392
widthR: 22.197618745157655
x0: 754.7492498979606
