alphaL: 1.5255756467436927
alphaR: 2.431776978795022
event_sum: 5.72778642502058
fraction: 0.999952392532543
mean: 750.430801545068
nL: 7.95785961738972
nR: 4.324027916756318
norm: 5.727590588513637
sigma: 37.05872829973921
sigmaL: 35.47543793397631
sigmaR: 25.13124541181479
widthL: 35.47543793397631
widthR: 25.13124541181479
x0: 750.430801545068
