alphaL: 1.833937787606164
alphaR: 1.9070288979847672
event_sum: 1.3342873434733256
mean: 757.0781834842725
nL: 3.5699895556161967
nR: 4.543367142542631
norm: 1.3342873434733256
sigma: 37.09720617479694
sigmaL: 40.25898509314537
sigmaR: 24.491205339374936
widthL: 40.25898509314537
widthR: 24.491205339374936
x0: 757.0781834842725
