alphaL: 1.7853212864235664
alphaR: 2.48206878096096
event_sum: 27.939644018847886
mean: 752.6842740051267
nL: 4.460025980095218
nR: 4.604086331408573
norm: 27.939644018847886
sigma: 37.00866660565709
sigmaL: 43.798798506755006
sigmaR: 25.310449805675468
widthL: 43.798798506755006
widthR: 25.310449805675468
x0: 752.6842740051267
