alphaL: 1.8451926610398823
alphaR: 2.4906329521953916
event_sum: 89.5537959386435
mean: 751.9258593518243
nL: 4.303635041135449
nR: 5.0
norm: 89.5537959386435
sigma: 37.00866660565709
sigmaL: 39.48565941698018
sigmaR: 28.10649969279764
widthL: 39.48565941698018
widthR: 28.10649969279764
x0: 751.9258593518243
