alphaL: 1.5384657685687153
alphaR: 2.5055693824364442
event_sum: 27.904030795482793
mean: 752.1175221282087
nL: 4.245862445536842
nR: 4.423716051990435
norm: 27.904030795482793
sigma: 37.00866660565709
sigmaL: 43.13866656964206
sigmaR: 25.750962430892365
widthL: 43.13866656964206
widthR: 25.750962430892365
x0: 752.1175221282087
