alphaL: 0.9023744503952108
alphaR: 1.4374413786069955
event_sum: 0.5500452665728517
mean: 1776.1070020088819
nL: 2.3163677210655638
nR: 3.7211281548665767
norm: 0.5500452665728517
sigma: 100.8
sigmaL: 103.53202259525021
sigmaR: 78.11070033547442
widthL: 103.53202259525021
widthR: 78.11070033547442
x0: 1776.1070020088819
