alphaL: 0.7620752470791645
alphaR: 1.5514496937452988
event_sum: 0.5500452665728517
mean: 1770.4691079029733
nL: 4.400372029197339
nR: 3.65753663589051
norm: 0.5500452665728517
sigma: 100.8
sigmaL: 102.70382502472064
sigmaR: 87.88775439395556
widthL: 102.70382502472064
widthR: 87.88775439395556
x0: 1770.4691079029733
