alphaL: 1.0361728107338712
alphaR: 1.4557683932506569
event_sum: 0.5298608344673994
mean: 1790.9626198767862
nL: 1.7173707093198676
nR: 2.042977877911885
norm: 0.5298608344673994
sigma: 100.8
sigmaL: 119.63178534578601
sigmaR: 64.91968337501545
widthL: 119.63178534578601
widthR: 64.91968337501545
x0: 1790.9626198767862
