alphaL: 1.1389697292548433
alphaR: 1.492838145758381
event_sum: 0.5307140245640767
mean: 1789.4268698762346
nL: 1.000002400966797
nR: 4.470599963847412
norm: 0.5307140245640767
sigma: 100.8
sigmaL: 131.14501963708327
sigmaR: 78.6381565869242
widthL: 131.14501963708327
widthR: 78.6381565869242
x0: 1789.4268698762346
