alphaL: 1.3001605144624726
alphaR: 1.5393384004600006
event_sum: 0.46218958610552363
mean: 1791.089409521589
nL: 0.20049469433663322
nR: 2.0286267549328745
norm: 0.46218958610552363
sigma: 93.92768552400403
sigmaL: 132.3970616957822
sigmaR: 73.94316143443747
widthL: 132.3970616957822
widthR: 73.94316143443747
x0: 1791.089409521589
