alphaL: 1.3525781901563478
alphaR: 1.4609975668715824
event_sum: 0.487173018118483
mean: 1790.853065459885
nL: 0.5620146960510424
nR: 1.812612622205634
norm: 0.487173018118483
sigma: 93.92768552400403
sigmaL: 122.64689970527459
sigmaR: 67.56069511280684
widthL: 122.64689970527459
widthR: 67.56069511280684
x0: 1790.853065459885
