alphaL: 1.0548917653931977
alphaR: 1.4689059337158519
event_sum: 6.417409854475409
fraction: 0.9200437752011393
mean: 1774.5413208323198
nL: 1.4491001647255535
nR: 3.7437323269935048
norm: 5.646696896175854
sigma: 100.8
sigmaL: 106.26424518632807
sigmaR: 79.62108931400974
widthL: 106.26424518632807
widthR: 79.62108931400974
x0: 1774.5413208323198
