alphaL: 1.1497185724714123
alphaR: 1.5801440646416502
event_sum: 7.01122764707543
fraction: 0.8805803828965445
mean: 1779.2619606684955
nL: 0.9095595476015441
nR: 3.473694925130843
norm: 5.5068002545740455
sigma: 100.8
sigmaL: 122.68449383049794
sigmaR: 83.34843485893799
widthL: 122.68449383049794
widthR: 83.34843485893799
x0: 1779.2619606684955
