alphaL: 1.0513806184195182
alphaR: 1.418871882244278
event_sum: 6.4448174614226446
mean: 1779.5867347914618
nL: 1.6530152891999705
nR: 3.79420586959557
norm: 6.4448174614226446
sigma: 100.8
sigmaL: 115.42548864269057
sigmaR: 76.8748407662875
widthL: 115.42548864269057
widthR: 76.8748407662875
x0: 1779.5867347914618
