alphaL: 0.7473742084518564
alphaR: 1.9785010862563241
event_sum: 0.5063874627594487
mean: 1766.2311354132657
nL: 2.427271006442194
nR: 1.4934170830765072
norm: 0.5063874627594487
sigma: 100.8
sigmaL: 92.55756303033232
sigmaR: 92.76280387116023
widthL: 92.55756303033232
widthR: 92.76280387116023
x0: 1766.2311354132657
