alphaL: 0.5672978494146205
alphaR: 1.7254640858331196
event_sum: 7.041680543683469
mean: 1772.574763010277
nL: 4.481312523166996
nR: 3.573609505748793
norm: 7.041680543683469
sigma: 100.8
sigmaL: 92.56859602020957
sigmaR: 89.49808629732027
widthL: 92.56859602020957
widthR: 89.49808629732027
x0: 1772.574763010277
