alphaL: 1.163486773917878
alphaR: 1.4184803133122015
event_sum: 0.5307140245640767
mean: 1786.0065033615642
nL: 1.0000024322293626
nR: 4.299128859682155
norm: 0.5307140245640767
sigma: 100.8
sigmaL: 128.76498103871918
sigmaR: 74.83563803983074
widthL: 128.76498103871918
widthR: 74.83563803983074
x0: 1786.0065033615642
