alphaL: 0.8552912804464227
alphaR: 2.0978604746936655
event_sum: 10.79351045202068
mean: 2492.513219626002
nL: 44.71443137975385
nR: 3.2045901676206285
norm_2016: 3.0392933303316676
norm_2017: 3.5928705733660653
norm_2018: 5.066052371308233
norm_Run2: 10.79351045202068
sigma: 113.83591492160068
sigmaL: 79.88490717919431
sigmaR: 64.40799433447859
widthL: 79.88490717919431
widthR: 64.40799433447859
x0: 2492.513219626002
