alphaL: 0.8610570866754148
alphaR: 2.248245471640444
event_sum: 13.716233887954408
mean: 2494.3703119902693
nL: 97.2273085036704
nR: 2.530981401378564
norm_2016: 3.5841114078337637
norm_2017: 4.646227597455662
norm_2018: 6.690292081609985
norm_Run2: 13.716233887954408
sigma: 113.83591492160068
sigmaL: 85.88836824646314
sigmaR: 59.35769508400416
widthL: 85.88836824646314
widthR: 59.35769508400416
x0: 2494.3703119902693
