alphaL: 1.0974758506110704
alphaR: 1.1706096160679755
event_sum: 5.774945188038174
mean: 2450.0076755978744
nL: 0.1299213565045835
nR: 5.760893349548667
norm_2016: 1.4227021630777639
norm_2017: 1.873349988384444
norm_2018: 2.5414807256758065
norm_Run2: 5.774945188038174
sigma: 250.0
sigmaL: 262.56709128735054
sigmaR: 120.14119464137931
widthL: 262.56709128735054
widthR: 120.14119464137931
x0: 2450.0076755978744
