alphaL: 1.399801302656527
alphaR: 0.7551758815749962
event_sum: 3.7736774132295174
mean: 3516.8853859820138
nL: 0.20077774453752106
nR: 2.9931537954992455
norm: 3.7736774132295174
sigma: 393
sigmaL: 290.8068701517312
sigmaR: 54.847954444575514
widthL: 290.8068701517312
widthR: 54.847954444575514
x0: 3516.8853859820138
