alphaL: 0.10000068221431768
alphaR: 0.12189097860091021
event_sum: 17.929052133312922
mean: 3527.948537358999
nL: 0.20002674304200008
nR: 2.955642592031554
norm: 17.929052133312922
sigma: 393
sigmaL: 1969.4792908228858
sigmaR: 8.43224581494585
widthL: 1969.4792908228858
widthR: 8.43224581494585
x0: 3527.948537358999
