alphaL: 0.10000063833020345
alphaR: 0.10089113263690246
event_sum: 5.776648880190165
mean: 3200.2057816247057
nL: 0.20012184198243135
nR: 2.4668830331008467
norm: 5.776648880190165
sigma: 393
sigmaL: 1969.0589129133496
sigmaR: 14.080355990542223
widthL: 1969.0589129133496
widthR: 14.080355990542223
x0: 3200.2057816247057
