alphaL: 1.2611383335297595
alphaR: 1.3523366707510402
event_sum: 1.3446046212992548
mean: 3460.8747258143753
nL: 0.24376805025648723
nR: 2.9982003094574954
norm: 1.3446046212992548
sigma: 393.91723266301136
sigmaL: 255.3648024901533
sigmaR: 124.08027589407436
widthL: 255.3648024901533
widthR: 124.08027589407436
x0: 3460.8747258143753
