alphaL: 1.3504099335013537
alphaR: 1.1612993289404334
event_sum: 0.5869713832884189
mean: 3535.1410760944354
nL: 0.2000427576013958
nR: 2.0003806290252135
norm: 0.5869713832884189
sigma: 393
sigmaL: 322.17855839791997
sigmaR: 69.4638510359655
widthL: 322.17855839791997
widthR: 69.4638510359655
x0: 3535.1410760944354
