alphaL: 0.10001523354079932
alphaR: 0.4513373537713857
event_sum: 11.4460221712307
mean: 3402.6079867735307
nL: 0.20060863114940192
nR: 2.9876860172669537
norm: 11.4460221712307
sigma: 877
sigmaL: 4316.404587012367
sigmaR: 39.99233428090007
widthL: 4316.404587012367
widthR: 39.99233428090007
x0: 3402.6079867735307
