alphaL: 1.2357900366974546
alphaR: 1.8291070821797213
event_sum: 0.20363169591015542
mean: 3426.5337937982467
nL: 0.25144654004256783
nR: 1.8927928423668845
norm: 0.20363169591015542
sigma: 394.81566598317363
sigmaL: 223.853398020658
sigmaR: 160.47233064493383
widthL: 223.853398020658
widthR: 160.47233064493383
x0: 3426.5337937982467
