alphaL: 1.3882828452636389
alphaR: 1.5022348977936943
event_sum: 2.812067351477161
mean: 3468.1612845254936
nL: 0.20009377299776895
nR: 2.949591047911645
norm: 2.812067351477161
sigma: 393.9193820526282
sigmaL: 249.93195912489108
sigmaR: 118.62273701445994
widthL: 249.93195912489108
widthR: 118.62273701445994
x0: 3468.1612845254936
