alphaL: 1.2367472670577704
alphaR: 1.7614713387825824
event_sum: 0.20363169591015542
mean: 3461.8691042739683
nL: 0.27403068949233994
nR: 1.67156952566782
norm: 0.20363169591015542
sigma: 394.81566598317363
sigmaL: 259.0631407259296
sigmaR: 139.57679449573115
widthL: 259.0631407259296
widthR: 139.57679449573115
x0: 3461.8691042739683
