alphaL: 0.1263599946376904
alphaR: 1.0509911340739853
event_sum: 8.120441324500371
mean: 3595.393030577463
nL: 0.20000013231679417
nR: 2.3392306526815547
norm: 8.120441324500371
sigma: 877
sigmaL: 377.60421298395596
sigmaR: 55.15871094736753
widthL: 377.60421298395596
widthR: 55.15871094736753
x0: 3595.393030577463
