alphaL: 1.3378496853446498
alphaR: 1.4110693621675412
event_sum: 1.3446046212992548
mean: 3463.5899827684425
nL: 0.20046822073904472
nR: 2.6269412779162473
norm: 1.3446046212992548
sigma: 393.9193820526282
sigmaL: 273.1128713423716
sigmaR: 124.92765500850693
widthL: 273.1128713423716
widthR: 124.92765500850693
x0: 3463.5899827684425
