alphaL: 1.3737863536889903
alphaR: 1.7160599498548637
event_sum: 2.812067351477161
mean: 3462.290147247728
nL: 0.20703965162385668
nR: 2.379492252005319
norm: 2.812067351477161
sigma: 393
sigmaL: 243.21462918598533
sigmaR: 128.55021629708665
widthL: 243.21462918598533
widthR: 128.55021629708665
x0: 3462.290147247728
