alphaL: 1.3933406518970168
alphaR: 1.1626105377441713
event_sum: 0.4252303895368335
mean: 3510.995470140648
nL: 0.2270401573548029
nR: 2.5898540891845285
norm: 0.4252303895368335
sigma: 394.81566598317363
sigmaL: 292.3313111694524
sigmaR: 78.34244417190659
widthL: 292.3313111694524
widthR: 78.34244417190659
x0: 3510.995470140648
