alphaL: 1.404668920294277
alphaR: 1.1987265717633724
event_sum: 0.4252303895368335
mean: 3510.2784047623063
nL: 0.2174762440388131
nR: 2.423293532739578
norm: 0.4252303895368335
sigma: 394.81566598317363
sigmaL: 295.22590482201946
sigmaR: 77.82918509369446
widthL: 295.22590482201946
widthR: 77.82918509369446
x0: 3510.2784047623063
