alphaL: 1.358077701425069
alphaR: 1.6973892281118739
event_sum: 2.812067351477161
mean: 3448.9022594682124
nL: 0.21184141255268452
nR: 2.999981179372714
norm: 2.812067351477161
sigma: 393.91723266301136
sigmaL: 229.73285291000084
sigmaR: 137.50453537735638
widthL: 229.73285291000084
widthR: 137.50453537735638
x0: 3448.9022594682124
