alphaL: 1.3160439353262443
alphaR: 1.4351177224643146
event_sum: 1.3446046212992548
mean: 3455.72362543135
nL: 0.20000000143069224
nR: 2.8697593587344516
norm: 1.3446046212992548
sigma: 393
sigmaL: 265.0558344629856
sigmaR: 133.14375210536264
widthL: 265.0558344629856
widthR: 133.14375210536264
x0: 3455.72362543135
