alphaL: 0.9128254863979995
alphaR: 1.2671985842355553
event_sum: 0.31834772324509686
mean: 3478.355315245275
nL: 1.000051452974919
nR: 2.9280758785786034
norm: 0.31834772324509686
sigma: 196.0
sigmaL: 212.53759150810404
sigmaR: 95.96358205123069
widthL: 212.53759150810404
widthR: 95.96358205123069
x0: 3478.355315245275
