alphaL: 0.9078910839619377
alphaR: 1.2956979423734243
event_sum: 0.31834772324509686
mean: 3483.7064729369313
nL: 1.0000578750186313
nR: 2.9652435787848095
norm: 0.31834772324509686
sigma: 196.0
sigmaL: 213.41812906701597
sigmaR: 97.80530079138806
widthL: 213.41812906701597
widthR: 97.80530079138806
x0: 3483.7064729369313
