alphaL: 0.8063013629449158
alphaR: 0.9330799563011504
event_sum: 14.224115642777178
mean: 3491.2433314218906
nL: 1.0000071742958951
nR: 1.896058913126429
norm: 14.224115642777178
sigma: 196.0
sigmaL: 243.85430975698517
sigmaR: 77.0382515585129
widthL: 243.85430975698517
widthR: 77.0382515585129
x0: 3491.2433314218906
