alphaL: 1.3173793625659131
alphaR: 0.8307006932403186
event_sum: 0.13483709514548536
mean: 3489.318460654893
nL: 0.2098823714268586
nR: 3.824171470372724
norm: 0.13483709514548536
sigma: 196.0
sigmaL: 305.7990125623948
sigmaR: 85.02359646904715
widthL: 305.7990125623948
widthR: 85.02359646904715
x0: 3489.318460654893
