alphaL: 0.829405269724356
alphaR: 1.763973056497018
event_sum: 3.1834770472487435
mean: 3453.1804713608462
nL: 1.0010293111708972
nR: 2.7090102215278984
norm: 3.1834770472487435
sigma: 196.0
sigmaL: 190.83973218862332
sigmaR: 134.98207963870854
widthL: 190.83973218862332
widthR: 134.98207963870854
x0: 3453.1804713608462
