alphaL: 1.3718713648759053
alphaR: 1.7437082860940516
event_sum: 0.3229118254603236
mean: 3463.3575795451297
nL: 0.261527999787207
nR: 2.2596897945255954
norm: 0.3229118254603236
sigma: 345.74255649746345
sigmaL: 240.75136310223812
sigmaR: 128.77286236103055
widthL: 240.75136310223812
widthR: 128.77286236103055
x0: 3463.3575795451297
