alphaL: 0.9024473279593548
alphaR: 2.038307443229255
event_sum: 0.14649214602832217
mean: 3393.978607136296
nL: 1.000000590692259
nR: 3.942847756084582
norm: 0.14649214602832217
sigma: 196.0
sigmaL: 258.4142329563553
sigmaR: 205.07427356943143
widthL: 258.4142329563553
widthR: 205.07427356943143
x0: 3393.978607136296
