alphaL: 0.8716793333225641
alphaR: 1.2425317665076505
event_sum: 1.4649213729426265
mean: 3453.6913713448926
nL: 1.0000209293233564
nR: 4.212530968800245
norm: 1.4649213729426265
sigma: 196.0
sigmaL: 245.2865043424471
sigmaR: 131.1418057191096
widthL: 245.2865043424471
widthR: 131.1418057191096
x0: 3453.6913713448926
