alphaL: 1.149355577341543
alphaR: 1.872175732997278
event_sum: 8716.0
mean: 3450.0002411836904
nL: 0.40000021409810566
nR: 2.2141827870211603
norm: 8716.0
sigma: 196.0
sigmaL: 209.9589540762253
sigmaR: 138.22689034263766
widthL: 209.9589540762253
widthR: 138.22689034263766
x0: 3450.0002411836904
