alphaL: 1.1305168308471787
alphaR: 1.0889444179565955
event_sum: 11081.0
mean: 3464.397767112741
nL: 0.40000027023534823
nR: 4.49989816452117
norm: 11081.0
sigma: 196.0
sigmaL: 253.56703003589774
sigmaR: 117.18058060448155
widthL: 253.56703003589774
widthR: 117.18058060448155
x0: 3464.397767112741
