alphaL: 1.2003514312719472
alphaR: 1.1537268331647377
event_sum: 11.074543436407112
fraction: 0.7139573697079294
mean: 3490.9431415753515
nL: 0.40985285815776423
nR: 4.4523253951885176
norm: 3.2890279328566976
sigma: 196.0
sigmaL: 248.0642611327642
sigmaR: 95.4831387859808
widthL: 248.0642611327642
widthR: 95.4831387859808
x0: 3490.9431415753515
