alphaL: 0.9681538639055858
alphaR: 1.5683556497812432
event_sum: 0.14649214602832217
mean: 3456.9412721344625
nL: 1.0000006919681659
nR: 3.4956715457425585
norm: 0.14649214602832217
sigma: 196.0
sigmaL: 277.9395463627959
sigmaR: 152.12070267077831
widthL: 277.9395463627959
widthR: 152.12070267077831
x0: 3456.9412721344625
