alphaL: 0.8579698975402293
alphaR: 1.1888035552633318
event_sum: 11.326019350846764
mean: 3487.1252359103223
nL: 1.0000034639399402
nR: 4.2451719866726405
norm: 11.326019350846764
sigma: 196.0
sigmaL: 226.27448745001828
sigmaR: 99.35142304251991
widthL: 226.27448745001828
widthR: 99.35142304251991
x0: 3487.1252359103223
