alphaL: 1.1138017400566618
alphaR: 1.4884913377776507
event_sum: 11.074543436407112
fraction: 0.7069940755158091
mean: 3450.000297449581
nL: 0.42283102904023007
nR: 5.790540247119057
norm: 3.2705567676457576
sigma: 196.0
sigmaL: 193.8246855044816
sigmaR: 129.61155561266767
widthL: 193.8246855044816
widthR: 129.61155561266767
x0: 3450.000297449581
