alphaL: 1.1143026151680129
alphaR: 1.7917006771512227
event_sum: 0.2927964138943935
mean: 3453.7523236653356
nL: 0.5716842677969519
nR: 1.9723238879202423
norm: 0.2927964138943935
sigma: 196.0
sigmaL: 217.67530941088629
sigmaR: 138.03043845840492
widthL: 217.67530941088629
widthR: 138.03043845840492
x0: 3453.7523236653356
