alphaL: 1.1673151963086572
alphaR: 1.5028576082474834
event_sum: 0.14872696583188372
mean: 3467.16636064042
nL: 0.35757566515085054
nR: 2.1706717879617283
norm: 0.14872696583188372
sigma: 345.74255649746345
sigmaL: 263.78196098551405
sigmaR: 133.98547107170901
widthL: 263.78196098551405
widthR: 133.98547107170901
x0: 3467.16636064042
