alphaL: 1.0594331068651748
alphaR: 1.1819378884174494
event_sum: 13.877728186838794
fraction: 0.7048557961968427
mean: 3453.130571886537
nL: 0.4529611944602229
nR: 5.999941284524247
norm: 1.5189156830310822
sigma: 196.0
sigmaL: 251.55095850935527
sigmaR: 131.18058021597218
widthL: 251.55095850935527
widthR: 131.18058021597218
x0: 3453.130571886537
