alphaL: 1.1362834513296922
alphaR: 1.0222006300274855
event_sum: 13.877728186838794
fraction: 0.7049704555627926
mean: 3481.507309327723
nL: 0.41208557192345774
nR: 3.513372187363617
norm: 1.5305770728737116
sigma: 196.0
sigmaL: 278.46184179161145
sigmaR: 102.59714422105644
widthL: 278.46184179161145
widthR: 102.59714422105644
x0: 3481.507309327723
