alphaL: 1.0763225162145198
alphaR: 1.4567727282881167
event_sum: 7.3621155429573655
fraction: 0.8412402269205442
mean: 2702.6368627307197
nL: 0.9412512747901397
nR: 4.152557640001366
norm: 4.460090738082247
sigma: 154.0
sigmaL: 179.60797784420748
sigmaR: 116.95799688236606
widthL: 179.60797784420748
widthR: 116.95799688236606
x0: 2702.6368627307197
