alphaL: 1.2213564592765949
alphaR: 1.2512494903918634
event_sum: 0.40637549030148457
mean: 2699.557789552983
nL: 0.1
nR: 3.080553094585138
norm: 0.40637549030148457
sigma: 154.0
sigmaL: 169.1449487355891
sigmaR: 119.29776736617757
widthL: 169.1449487355891
widthR: 119.29776736617757
x0: 2699.557789552983
