alphaL: 0.9871698826664395
alphaR: 1.40174370378319
event_sum: 0.4277885867814956
mean: 2704.407280042087
nL: 0.9633981084382355
nR: 3.029733569171643
norm: 0.4277885867814956
sigma: 154.0
sigmaL: 166.59004377114096
sigmaR: 112.02033393960511
widthL: 166.59004377114096
widthR: 112.02033393960511
x0: 2704.407280042087
