alphaL: 1.3736465779111102
alphaR: 1.1925832566647019
event_sum: 7.424703283117154
fraction: 0.7128722432061424
mean: 2700.0
nL: 0.4
nR: 3.1340526746565347
norm: 2.5869823147582016
sigma: 154.0
sigmaL: 178.76745608006212
sigmaR: 99.16958423243192
widthL: 178.76745608006212
widthR: 99.16958423243192
x0: 2700.0
