alphaL: 1.0176967781848998
alphaR: 1.8159625402591424
event_sum: 0.2417150511413042
mean: 2678.6992686547796
nL: 1.0058848079243672
nR: 3.7251140534940728
norm: 0.2417150511413042
sigma: 154.0
sigmaL: 187.6830599773504
sigmaR: 140.36385777305296
widthL: 187.6830599773504
widthR: 140.36385777305296
x0: 2678.6992686547796
