alphaL: 0.48455881682473917
alphaR: 0.9435504255755262
event_sum: 0.225879983778767
mean: 2727.3182362114258
nL: 4.013614920594908
nR: 3.511337191120663
norm: 0.225879983778767
sigma: 154.0
sigmaL: 144.97552865129282
sigmaR: 73.85011445259174
widthL: 144.97552865129282
widthR: 73.85011445259174
x0: 2727.3182362114258
