alphaL: 0.983027066786397
alphaR: 1.4476350682879269
event_sum: 6.940542142011035
fraction: 0.7586285460490543
mean: 1865.3223403005766
nL: 0.41130123791026374
nR: 4.070524114311385
norm: 4.375224528634885
sigma: 190.0
sigmaL: 168.26527678676365
sigmaR: 109.57793856198944
widthL: 168.26527678676365
widthR: 109.57793856198944
x0: 1865.3223403005766
