alphaL: 0.6747752962046152
alphaR: 0.9945569497479626
event_sum: 0.5393329994248206
mean: 1924.1829073423428
nL: 0.9975868856090249
nR: 2.5229826448464583
norm: 0.5393329994248206
sigma: 190.0
sigmaL: 243.01957447275936
sigmaR: 56.94238757468779
widthL: 243.01957447275936
widthR: 56.94238757468779
x0: 1924.1829073423428
