alphaL: 1.3125802581226178
alphaR: 0.9683631907277771
event_sum: 6.2345583330807814
fraction: 0.8090775912477927
mean: 1891.2233377055545
nL: 0.4
nR: 4.493696913330382
norm: 4.865164676415606
sigma: 190.0
sigmaL: 190.6929914587811
sigmaR: 73.98432834202538
widthL: 190.6929914587811
widthR: 73.98432834202538
x0: 1891.2233377055545
