alphaL: 0.9376570745788507
alphaR: 1.0997585597827315
event_sum: 0.5572672006675001
mean: 1903.8973139974778
nL: 1.00748304573765
nR: 2.851375644815693
norm: 0.5572672006675001
sigma: 190.0
sigmaL: 189.75260761604756
sigmaR: 67.98930131569433
widthL: 189.75260761604756
widthR: 67.98930131569433
x0: 1903.8973139974778
