alphaL: 1.2758574058860606
alphaR: 1.6442854633099533
event_sum: 0.47373959880037775
mean: 1880.7680273053195
nL: 0.1252139651201392
nR: 2.180207577473007
norm: 0.47373959880037775
sigma: 190.0
sigmaL: 192.95007636625962
sigmaR: 101.97114848393686
widthL: 192.95007636625962
widthR: 101.97114848393686
x0: 1880.7680273053195
