alphaL: 1.3146551730306824
alphaR: 1.4881002773666723
event_sum: 0.5165300681365537
mean: 1871.1747833123784
nL: 0.3119881229971967
nR: 2.3233941533683833
norm: 0.5165300681365537
sigma: 190.0
sigmaL: 176.99434357199328
sigmaR: 102.40996594086762
widthL: 176.99434357199328
widthR: 102.40996594086762
x0: 1871.1747833123784
