alphaL: 1.562880460214317
alphaR: 2.2069464319428524
event_sum: 5.647306984839647
fraction: 0.99893796119884
mean: 1056.409065000876
nL: 10.0
nR: 2.2364051350225416
norm: 5.6438517816243285
sigma: 54.33952767421052
sigmaL: 59.03527256614802
sigmaR: 27.429074704395763
widthL: 59.03527256614802
widthR: 27.429074704395763
x0: 1056.409065000876
