alphaL: 1.5898274744871848
alphaR: 2.079700089658038
event_sum: 49.34550064700258
fraction: 0.9997267454949266
mean: 1056.0895802983641
nL: 9.976281469113804
nR: 4.5
norm: 49.337271496114276
sigma: 51.58356311105839
sigmaL: 55.21090619101435
sigmaR: 30.06512316818679
widthL: 55.21090619101435
widthR: 30.06512316818679
x0: 1056.0895802983641
