alphaL: 1.562634590765962
alphaR: 1.8188214000202438
event_sum: 9.904430270053298
fraction: 0.9993501998696566
mean: 1059.5915284088405
nL: 9.828990248777016
nR: 3.754679275367472
norm: 9.903101208712709
sigma: 54.33952767421052
sigmaL: 55.56061209835086
sigmaR: 29.43968453211278
widthL: 55.56061209835086
widthR: 29.43968453211278
x0: 1059.5915284088405
