alphaL: 1.6755059865932211
alphaR: 1.9281292917952821
event_sum: 0.9976257845802934
mean: 1059.2383640714077
nL: 4.235191275983762
nR: 4.058029803500508
norm: 0.9976257845802934
sigma: 54.3540263841815
sigmaL: 55.61252312724011
sigmaR: 29.501692855086738
widthL: 55.61252312724011
widthR: 29.501692855086738
x0: 1059.2383640714077
