alphaL: 1.7283571614388502
alphaR: 2.504936693521562
event_sum: 21.35758933439854
mean: 1056.3913060250125
nL: 4.480632475784205
nR: 4.165969239128748
norm: 21.35758933439854
sigma: 51.45835199984543
sigmaL: 60.754832760056004
sigmaR: 27.595445089091786
widthL: 60.754832760056004
widthR: 27.595445089091786
x0: 1056.3913060250125
