alphaL: 1.63120956606144
alphaR: 1.8154650425255692
event_sum: 0.9936826856546105
mean: 1058.9042130776681
nL: 3.3954233238413933
nR: 3.8857915129395946
norm: 0.9936826856546105
sigma: 54.3540263841815
sigmaL: 54.84440665670636
sigmaR: 29.809957188617357
widthL: 54.84440665670636
widthR: 29.809957188617357
x0: 1058.9042130776681
