alphaL: 1.6916612802961661
alphaR: 2.120054707560222
event_sum: 50.93682745875192
mean: 1056.7852674787694
nL: 4.527137931732702
nR: 4.1742453621905895
norm: 50.93682745875192
sigma: 51.45835199984543
sigmaL: 55.896748184259366
sigmaR: 29.581264290552237
widthL: 55.896748184259366
widthR: 29.581264290552237
x0: 1056.7852674787694
