alphaL: 1.7619022330618794
alphaR: 3.1600250906999676
event_sum: 21.209033332932027
mean: 1056.234285279909
nL: 4.43246582283857
nR: 0.48614836651871496
norm: 21.209033332932027
sigma: 51.45835199984543
sigmaL: 60.72824977150783
sigmaR: 27.72276393896006
widthL: 60.72824977150783
widthR: 27.72276393896006
x0: 1056.234285279909
