alphaL: 1.6711192860562054
alphaR: 2.506079668810358
event_sum: 0.5655886830402087
mean: 1052.298311794001
nL: 2.907550050397779
nR: 2.409800368955198
norm: 0.5655886830402087
sigma: 54.3540263841815
sigmaL: 54.93797929016783
sigmaR: 30.241234446952042
widthL: 54.93797929016783
widthR: 30.241234446952042
x0: 1052.298311794001
