alphaL: 1.2519458087510538
alphaR: 2.2521611018805876
event_sum: 0.5684817738115788
mean: 1048.7298894888886
nL: 3.8304383025842323
nR: 3.9057346704032563
norm: 0.5684817738115788
sigma: 54.3540263841815
sigmaL: 47.23661528007148
sigmaR: 31.951221622876737
widthL: 47.23661528007148
widthR: 31.951221622876737
x0: 1048.7298894888886
