alphaL: 1.795087448165277
alphaR: 2.5710027863947804
event_sum: 20.790390933289814
fraction: 0.9995091525907581
mean: 1056.142042242682
nL: 5.358596185586189
nR: 3.7354744829496913
norm: 20.79141374690522
sigma: 51.58356311105839
sigmaL: 60.87757777953345
sigmaR: 27.856725186478748
widthL: 60.87757777953345
widthR: 27.856725186478748
x0: 1056.142042242682
