alphaL: 1.535239677962785
alphaR: 2.167477514104089
event_sum: 50.80003532054302
mean: 1055.4778614944184
nL: 5.0
nR: 4.054551698955101
norm: 50.80003532054302
sigma: 51.45835199984543
sigmaL: 53.45539773184135
sigmaR: 30.347952072596616
widthL: 53.45539773184135
widthR: 30.347952072596616
x0: 1055.4778614944184
