alphaL: 1.0906539414143808
alphaR: 1.470414597000543
event_sum: 13.10536212590523
fraction: 0.9931451601233566
mean: 797.4944272872108
nL: 56.77874815072176
nR: 3.277057349262011
norm: 4.0505219218321145
sigma: 44.800000000000004
sigmaL: 57.321136658404676
sigmaR: 39.15871102223205
widthL: 57.321136658404676
widthR: 39.15871102223205
x0: 797.4944272872108
