alphaL: 1.3782743251280212
alphaR: 1.3651573547451257
event_sum: 0.40401520070736296
mean: 803.6337568021506
nL: 2.8704562104545017
nR: 3.2326907212084124
norm: 0.40401520070736296
sigma: 44.800000000000004
sigmaL: 64.01895658020516
sigmaR: 37.815334027864274
widthL: 64.01895658020516
widthR: 37.815334027864274
x0: 803.6337568021506
