alphaL: 1.4698298404806618
alphaR: 1.549780759282434
event_sum: 4.074718588031828
mean: 803.4929957165208
nL: 4.393857037542941
nR: 2.676360235623306
norm: 4.074718588031828
sigma: 44.800000000000004
sigmaL: 64.97103385144618
sigmaR: 39.13554692839533
widthL: 64.97103385144618
widthR: 39.13554692839533
x0: 803.4929957165208
