alphaL: 1.1034210917676313
alphaR: 1.7015899738970894
event_sum: 0.9219621349475347
mean: 801.7960065369598
nL: 1.793667985592751
nR: 1.8075960777000621
norm: 0.9219621349475347
sigma: 44.800000000000004
sigmaL: 50.64109801972468
sigmaR: 41.9626430815906
widthL: 50.64109801972468
widthR: 41.9626430815906
x0: 801.7960065369598
