alphaL: 1.28523249373508
alphaR: 1.3882084201770242
event_sum: 0.9259718682878884
mean: 807.3072815053121
nL: 2.6212605383579666
nR: 3.548541225160031
norm: 0.9259718682878884
sigma: 44.800000000000004
sigmaL: 58.87550793156305
sigmaR: 37.72850859852616
widthL: 58.87550793156305
widthR: 37.72850859852616
x0: 807.3072815053121
