alphaL: 1.0294583046717176
alphaR: 1.5412429431036394
event_sum: 9.317790486849844
fraction: 0.9953821696279352
mean: 802.5042329647911
nL: 5.572249003393341
nR: 3.665602668248565
norm: 9.281149820890278
sigma: 44.800000000000004
sigmaL: 52.34275726591369
sigmaR: 41.77482859564393
widthL: 52.34275726591369
widthR: 41.77482859564393
x0: 802.5042329647911
