alphaL: 1.2864042647692036
alphaR: 1.3886523950602379
event_sum: 0.9259718682878884
mean: 807.2952825691061
nL: 2.6086397879654375
nR: 3.547909231818671
norm: 0.9259718682878884
sigma: 44.800000000000004
sigmaL: 58.87092760119345
sigmaR: 37.746461712091055
widthL: 58.87092760119345
widthR: 37.746461712091055
x0: 807.2952825691061
