alphaL: 1.1446291125433838
alphaR: 1.3582483113881525
event_sum: 29.694302471878473
fraction: 0.9963691691584284
mean: 801.5953692650614
nL: 39.54617096394303
nR: 4.873802076972871
norm: 9.272162487730384
sigma: 44.800000000000004
sigmaL: 57.6655342263488
sigmaR: 38.69398183275145
widthL: 57.6655342263488
widthR: 38.69398183275145
x0: 801.5953692650614
