alphaL: 1.0592810293154533
alphaR: 1.5486364815065823
event_sum: 9.317790486849844
mean: 802.3295370652156
nL: 4.3684426335738635
nR: 3.6637939986260846
norm: 9.317790486849844
sigma: 44.800000000000004
sigmaL: 52.50915053380266
sigmaR: 42.024194163347694
widthL: 52.50915053380266
widthR: 42.024194163347694
x0: 802.3295370652156
