alphaL: 1.443167224359994
alphaR: 1.469137477298697
event_sum: 4.074718588031828
fraction: 0.9924000816931031
mean: 804.9834026706098
nL: 3.1009797592288035
nR: 2.908899854767867
norm: 4.055361255072057
sigma: 44.800000000000004
sigmaL: 64.84583764077654
sigmaR: 37.418911127670306
widthL: 64.84583764077654
widthR: 37.418911127670306
x0: 804.9834026706098
