alphaL: 1.0199092562057905
alphaR: 1.6229812627342624
event_sum: 0.8809660682090907
mean: 800.7117522702516
nL: 1.9552800563686172
nR: 1.9264773330155407
norm: 0.8809660682090907
sigma: 41.15734226142178
sigmaL: 48.77977188312701
sigmaR: 42.48941025063444
widthL: 48.77977188312701
widthR: 42.48941025063444
x0: 800.7117522702516
