alphaL: 1.0870628049020186
alphaR: 1.6803021709332842
event_sum: 0.40270166737172985
mean: 799.4464318930743
nL: 2.3487872756162758
nR: 1.7699240429196865
norm: 0.40270166737172985
sigma: 44.800000000000004
sigmaL: 55.535736973536586
sigmaR: 41.17398605848092
widthL: 55.535736973536586
widthR: 41.17398605848092
x0: 799.4464318930743
