alphaL: 1.4783798781996311
alphaR: 1.5774239695212202
event_sum: 0.3851418006743188
mean: 801.2238144194145
nL: 0.9856637822200408
nR: 1.6875495074625007
norm: 0.3851418006743188
sigma: 41.15734226142178
sigmaL: 63.6634599019593
sigmaR: 40.60622592181093
widthL: 63.6634599019593
widthR: 40.60622592181093
x0: 801.2238144194145
