alphaL: 1.3773737208964318
alphaR: 1.3655973219859339
event_sum: 0.40401520070736296
mean: 803.6336005583111
nL: 2.88712074510636
nR: 3.233337507308852
norm: 0.40401520070736296
sigma: 44.800000000000004
sigmaL: 64.0234350136591
sigmaR: 37.826206284295814
widthL: 64.0234350136591
widthR: 37.826206284295814
x0: 803.6336005583111
