alphaL: 1.3704566125062758
alphaR: 1.930268193679201
event_sum: 12.473834658798296
mean: 3003.6823491581486
nL: 4.499832820125846
nR: 2.109746509872705
norm: 12.473834658798296
sigma: 223.68380323436315
sigmaL: 128.30504477229508
sigmaR: 64.52051215462298
widthL: 128.30504477229508
widthR: 64.52051215462298
x0: 3003.6823491581486
