alphaL: 1.0513616423253083
alphaR: 2.305059230086937
event_sum: 1.6079771008298849
mean: 2989.879643066859
nL: 4.61388164390818
nR: 2.2151703583442273
norm: 1.6079771008298849
sigma: 141.48908790541054
sigmaL: 108.54508745422827
sigmaR: 68.75241972245766
widthL: 108.54508745422827
widthR: 68.75241972245766
x0: 2989.879643066859
