alphaL: 1.4051306492082265
alphaR: 1.7204462496367094
event_sum: 0.6998156995978206
mean: 3009.2787912521444
nL: 3.6152966690847173
nR: 2.2928619261144063
norm: 0.6998156995978206
sigma: 223.83779344807496
sigmaL: 131.26192393066418
sigmaR: 64.3664816907434
widthL: 131.26192393066418
widthR: 64.3664816907434
x0: 3009.2787912521444
