alphaL: 0.9452468575182617
alphaR: 2.036590223582288
event_sum: 11.822454023815226
fraction: 0.9985974232023531
mean: 2994.1375791947894
nL: 9.997413229305591
nR: 2.017188707387417
norm: 11.78412576339906
sigma: 223.08031545703548
sigmaL: 103.59776778712595
sigmaR: 69.2559026588331
widthL: 103.59776778712595
widthR: 69.2559026588331
x0: 2994.1375791947894
