alphaL: 1.0613859303711164
alphaR: 2.086842612454189
event_sum: 1.5469839196448447
fraction: 0.9987710862650327
mean: 2994.723929614436
nL: 9.998915815398613
nR: 3.0180665072931965
norm: 1.5464940943638794
sigma: 140.2956699561443
sigmaL: 113.54706369112209
sigmaR: 65.09180697773066
widthL: 113.54706369112209
widthR: 65.09180697773066
x0: 2994.723929614436
