alphaL: 1.4093869956144986
alphaR: 2.005351949228231
event_sum: 1.6179233728325926
mean: 2998.6444026487416
nL: 4.40043266114324
nR: 3.4259022779335644
norm: 1.6179233728325926
sigma: 139.79222688489537
sigmaL: 130.7168175319765
sigmaR: 63.2440902551188
widthL: 130.7168175319765
widthR: 63.2440902551188
x0: 2998.6444026487416
