alphaL: 0.9819192015080306
alphaR: 1.9460383950561766
event_sum: 1.200318133836845
fraction: 0.9989183504593667
mean: 2993.154270129279
nL: 9.669057429968342
nR: 3.2026786107926064
norm: 1.2000914902164368
sigma: 140.2956699561443
sigmaL: 100.56041150861948
sigmaR: 68.07595675085841
widthL: 100.56041150861948
widthR: 68.07595675085841
x0: 2993.154270129279
