alphaL: 1.37853307740101
alphaR: 1.5278574457908751
event_sum: 0.7015967309416737
mean: 3009.5920105994633
nL: 4.120588828711194
nR: 3.2027621761523406
norm: 0.7015967309416737
sigma: 224.3193507862181
sigmaL: 128.1673404045387
sigmaR: 62.30940565887598
widthL: 128.1673404045387
widthR: 62.30940565887598
x0: 3009.5920105994633
