alphaL: 1.3710802522476635
alphaR: 1.9378218767618987
event_sum: 1.243851968771196
mean: 3004.036519189066
nL: 4.491696105137192
nR: 2.1189246986877888
norm: 1.243851968771196
sigma: 224.3193507862181
sigmaL: 129.14479132936123
sigmaR: 64.45274824156786
widthL: 129.14479132936123
widthR: 64.45274824156786
x0: 3004.036519189066
