alphaL: 1.5884202837878039
alphaR: 1.4868609967359916
event_sum: 1.2526728101511253
mean: 3014.7965118648563
nL: 4.281294200528862
nR: 3.9864516818294895
norm: 1.2526728101511253
sigma: 139.79222688489537
sigmaL: 138.51406500544553
sigmaR: 53.286225281497856
widthL: 138.51406500544553
widthR: 53.286225281497856
x0: 3014.7965118648563
