alphaL: 1.3277114003029054
alphaR: 1.4158280278710489
event_sum: 7.090700998203829
mean: 3013.405839156689
nL: 4.496396094014579
nR: 3.3938535655582873
norm: 7.090700998203829
sigma: 223.68380323436315
sigmaL: 129.5128702807058
sigmaR: 58.6468343803766
widthL: 129.5128702807058
widthR: 58.6468343803766
x0: 3013.405839156689
