alphaL: 1.4126405888833116
alphaR: 1.8230637289180411
event_sum: 1.243851968771196
mean: 3006.787585248526
nL: 4.49591385163882
nR: 2.276242099611856
norm: 1.243851968771196
sigma: 224.3193507862181
sigmaL: 132.0189207859443
sigmaR: 61.95302253254146
widthL: 132.0189207859443
widthR: 61.95302253254146
x0: 3006.787585248526
