alphaL: 1.3007107059779794
alphaR: 1.7737751529023036
event_sum: 1.6140816481711227
mean: 3001.5371604713287
nL: 4.493481601484425
nR: 4.3678609336463445
norm: 1.6140816481711227
sigma: 141.48908790541054
sigmaL: 125.06323008171739
sigmaR: 60.45601340583932
widthL: 125.06323008171739
widthR: 60.45601340583932
x0: 3001.5371604713287
