alphaL: 1.4658848616284146
alphaR: 0.4484905908208312
event_sum: 0.7010126252425835
mean: 3042.0366386244805
nL: 4.966369577917151
nR: 4.6089513409153575
norm: 0.7010126252425835
sigma: 224.3193507862181
sigmaL: 150.8590440544258
sigmaR: 18.140614320421296
widthL: 150.8590440544258
widthR: 18.140614320421296
x0: 3042.0366386244805
