alphaL: 1.3879420992833542
alphaR: 1.672855414275706
event_sum: 1.6140816481711227
mean: 3009.331096975648
nL: 4.499885186189114
nR: 4.2821669797810955
norm: 1.6140816481711227
sigma: 141.48908790541054
sigmaL: 134.6298457864464
sigmaR: 55.135661539821704
widthL: 134.6298457864464
widthR: 55.135661539821704
x0: 3009.331096975648
