alphaL: 1.3791602990040817
alphaR: 1.5292214848754615
event_sum: 0.7015967309416737
mean: 3009.69774330398
nL: 4.128336650800896
nR: 3.206264549425922
norm: 0.7015967309416737
sigma: 224.3193507862181
sigmaL: 128.25127270142715
sigmaR: 62.34801502364437
widthL: 128.25127270142715
widthR: 62.34801502364437
x0: 3009.69774330398
