alphaL: 0.951677110438592
alphaR: 2.0527832227791243
event_sum: 1.250337080702593
mean: 2983.6148005715304
nL: 4.43996144423962
nR: 3.3617538189253744
norm: 1.250337080702593
sigma: 141.48908790541054
sigmaL: 87.18111791932847
sigmaR: 73.92844621896317
widthL: 87.18111791932847
widthR: 73.92844621896317
x0: 2983.6148005715304
