alphaL: 1.303715604185428
alphaR: 1.935364115132414
event_sum: 1.2427021208713995
mean: 3001.642307886246
nL: 4.784986164526145
nR: 2.203414945689972
norm: 1.2427021208713995
sigma: 224.3193507862181
sigmaL: 124.434414108082
sigmaR: 65.35903569612941
widthL: 124.434414108082
widthR: 65.35903569612941
x0: 3001.642307886246
