alphaL: 1.24001311600982
alphaR: 2.02300822477083
event_sum: 1.250337080702593
mean: 2995.3750624999384
nL: 3.998390794630889
nR: 2.9285671225252248
norm: 1.250337080702593
sigma: 141.48908790541054
sigmaL: 111.36248872647077
sigmaR: 67.71575843555411
widthL: 111.36248872647077
widthR: 67.71575843555411
x0: 2995.3750624999384
