alphaL: 1.4066425497641395
alphaR: 1.7076311399087973
event_sum: 1.250337080702593
mean: 3007.0884528290744
nL: 4.225288158563246
nR: 3.955030438303445
norm: 1.250337080702593
sigma: 141.48908790541054
sigmaL: 126.668380658984
sigmaR: 60.00260742044782
widthL: 126.668380658984
widthR: 60.00260742044782
x0: 3007.0884528290744
