alphaL: 1.3340449594417279
alphaR: 2.0651458574234822
event_sum: 1.6140816481711227
mean: 2998.969306285671
nL: 3.9996404294249133
nR: 2.8447578772433646
norm: 1.6140816481711227
sigma: 141.48908790541054
sigmaL: 126.19429408570564
sigmaR: 62.94201861232446
widthL: 126.19429408570564
widthR: 62.94201861232446
x0: 2998.969306285671
