alphaL: 0.9347732967655611
alphaR: 1.5507806728757176
event_sum: 6.71300970565062
fraction: 0.9983246137279038
mean: 3004.7732036658454
nL: 9.774107539171812
nR: 3.183052046564825
norm: 6.642745145712979
sigma: 223.08031545703548
sigmaL: 106.13933629208051
sigmaR: 64.29542165977077
widthL: 106.13933629208051
widthR: 64.29542165977077
x0: 3004.7732036658454
