alphaL: 0.9945096858488132
alphaR: 2.1576804332605137
event_sum: 1.2449307332572062
mean: 2991.105807366338
nL: 4.604742708944354
nR: 2.215618750422822
norm: 1.2449307332572062
sigma: 141.48908790541054
sigmaL: 95.6884275804532
sigmaR: 69.47355535273992
widthL: 95.6884275804532
widthR: 69.47355535273992
x0: 2991.105807366338
