alphaL: 1.6158769149726713
alphaR: 1.8430142555295845
event_sum: 1.2525782582670217
mean: 3009.9623292961805
nL: 3.9165850808226965
nR: 2.3704781375480914
norm: 1.2525782582670217
sigma: 223.83779344807496
sigmaL: 143.61143945643795
sigmaR: 62.26572335953128
widthL: 143.61143945643795
widthR: 62.26572335953128
x0: 3009.9623292961805
