alphaL: 1.0382820455364081
alphaR: 1.6594132553599987
event_sum: 4.060592705383759
mean: 992.8452146412601
nL: 2.7166359875169555
nR: 2.3954446485734615
norm: 4.060592705383759
sigma: 69.04609906092607
sigmaL: 64.82583394235762
sigmaR: 51.727477383388944
widthL: 64.82583394235762
widthR: 51.727477383388944
x0: 992.8452146412601
