alphaL: 1.1176680085952815
alphaR: 1.7045263141693872
event_sum: 35.5165522106185
mean: 992.0105414516443
nL: 2.975142824612401
nR: 2.99051650600302
norm: 35.5165522106185
sigma: 69
sigmaL: 67.10834463188363
sigmaR: 50.80177997076535
widthL: 67.10834463188363
widthR: 50.80177997076535
x0: 992.0105414516443
