alphaL: 0.9694301402221281
alphaR: 1.6409755972914237
event_sum: 4.060592705383759
mean: 990.6533428868082
nL: 3.284844179742212
nR: 2.7807598158388447
norm: 4.060592705383759
sigma: 69.04609906092607
sigmaL: 60.54708011811649
sigmaR: 53.05337109826621
widthL: 60.54708011811649
widthR: 53.05337109826621
x0: 990.6533428868082
