alphaL: 0.9773645019539556
alphaR: 1.6749566523983264
event_sum: 12.48720409961162
mean: 992.728103917438
nL: 2.6899426837470246
nR: 2.5659535012159687
norm: 12.48720409961162
sigma: 69
sigmaL: 60.615532517503866
sigmaR: 54.46255934867357
widthL: 60.615532517503866
widthR: 54.46255934867357
x0: 992.728103917438
