alphaL: 1.204801511909605
alphaR: 1.5220871670162786
event_sum: 14.726334035806309
mean: 995.8558360051366
nL: 2.888158773502501
nR: 2.9311117806343288
norm: 14.726334035806309
sigma: 69
sigmaL: 73.25786608370856
sigmaR: 45.521221561032355
widthL: 73.25786608370856
widthR: 45.521221561032355
x0: 995.8558360051366
