alphaL: 1.4327339558507954
alphaR: 1.661496953376609
event_sum: 14.726334035806309
mean: 997.0628776494783
nL: 1.4459190876449284
nR: 2.0221625196988637
norm: 14.726334035806309
sigma: 69.09854105928672
sigmaL: 77.85871015732101
sigmaR: 45.80972006794154
widthL: 77.85871015732101
widthR: 45.80972006794154
x0: 997.0628776494783
