alphaL: 1.1113862189918282
alphaR: 1.5928382116424187
event_sum: 33.31366334551911
mean: 993.1148649767987
nL: 2.9130921544631194
nR: 2.8846981052192304
norm: 33.31366334551911
sigma: 69
sigmaL: 67.4489224792707
sigmaR: 49.055161964719204
widthL: 67.4489224792707
widthR: 49.055161964719204
x0: 993.1148649767987
