alphaL: 1.4350874015377248
alphaR: 1.5075926583730224
event_sum: 12.205433892699366
mean: 999.5755404320291
nL: 2.9991884279485697
nR: 2.9633944390641322
norm: 12.205433892699366
sigma: 117
sigmaL: 80.7540249732984
sigmaR: 43.33273331413654
widthL: 80.7540249732984
widthR: 43.33273331413654
x0: 999.5755404320291
