alphaL: 0.9878938689193104
alphaR: 1.6426778247644755
event_sum: 26.86161032606206
mean: 991.2262273414394
nL: 2.9999343569943724
nR: 2.8172988284032288
norm: 26.86161032606206
sigma: 69.09854105928672
sigmaL: 61.0848315553704
sigmaR: 52.48077655670054
widthL: 61.0848315553704
widthR: 52.48077655670054
x0: 991.2262273414394
