alphaL: 0.9942612688785895
alphaR: 1.6515035130286737
event_sum: 26.860679123035716
mean: 991.1284832699267
nL: 2.928429242448208
nR: 2.7896831227310948
norm: 26.860679123035716
sigma: 69.02968104919115
sigmaL: 61.039545750816686
sigmaR: 52.58953183238486
widthL: 61.039545750816686
widthR: 52.58953183238486
x0: 991.1284832699267
