alphaL: 1.2034440958905293
alphaR: 1.5420983712959035
event_sum: 14.726334035806309
mean: 995.3641336716078
nL: 2.7252462001179354
nR: 2.863767990743812
norm: 14.726334035806309
sigma: 69.02968104919115
sigmaL: 73.08023547186829
sigmaR: 46.16791593270777
widthL: 73.08023547186829
widthR: 46.16791593270777
x0: 995.3641336716078
