alphaL: 0.8846739514314338
alphaR: 1.82138158149147
event_sum: 13.401522994653618
mean: 989.6721252060236
nL: 2.895395736440647
nR: 2.999746825872288
norm: 13.401522994653618
sigma: 69
sigmaL: 55.20172385307774
sigmaR: 57.359647090487
widthL: 55.20172385307774
widthR: 57.359647090487
x0: 989.6721252060236
