alphaL: 1.0396630569873342
alphaR: 1.7326619298123545
event_sum: 22.388429617037204
mean: 991.1607294355811
nL: 2.9925008593531235
nR: 2.970624038749793
norm: 22.388429617037204
sigma: 117
sigmaL: 62.892868704008144
sigmaR: 53.59416626353999
widthL: 62.892868704008144
widthR: 53.59416626353999
x0: 991.1607294355811
