alphaL: 1.3966522498961396
alphaR: 1.5402352457735118
event_sum: 2.2264065862431437
mean: 997.3176793569264
nL: 1.4935009550192055
nR: 2.880160143713581
norm: 2.2264065862431437
sigma: 69.04609906092607
sigmaL: 77.05506411444539
sigmaR: 45.19059267217779
widthL: 77.05506411444539
widthR: 45.19059267217779
x0: 997.3176793569264
