alphaL: 1.1442203029917672
alphaR: 1.5067666139452762
event_sum: 2.2264065862431437
mean: 994.8120241486615
nL: 3.1543330131245257
nR: 3.3064217089550443
norm: 2.2264065862431437
sigma: 69.04609906092607
sigmaL: 71.50807869267165
sigmaR: 46.48220401727647
widthL: 71.50807869267165
widthR: 46.48220401727647
x0: 994.8120241486615
