alphaL: 0.961110189082827
alphaR: 1.6240109049714193
event_sum: 3.169114460433775
mean: 992.5000420916793
nL: 3.343252640400039
nR: 2.960608502024933
norm: 3.169114460433775
sigma: 56.0
sigmaL: 62.33392013179711
sigmaR: 51.91801953820562
widthL: 62.33392013179711
widthR: 51.91801953820562
x0: 992.5000420916793
