alphaL: 0.947452646476289
alphaR: 1.5380865167263769
event_sum: 32.940412556228694
fraction: 0.9932807924298379
mean: 992.0255121757509
nL: 3.2703994286895117
nR: 4.2185960508870926
norm: 32.71628409816185
sigma: 56.0
sigmaL: 60.36236863542188
sigmaR: 51.956540029700164
widthL: 60.36236863542188
widthR: 51.956540029700164
x0: 992.0255121757509
