alphaL: 1.106941345693653
alphaR: 1.466826041994383
event_sum: 18.015223931637593
mean: 992.8582364729189
nL: 4.181005231548494
nR: 3.9139073267327578
norm: 18.015223931637593
sigma: 56.0
sigmaL: 68.63472762234372
sigmaR: 47.50494718657729
widthL: 68.63472762234372
widthR: 47.50494718657729
x0: 992.8582364729189
