alphaL: 0.8722822292043052
alphaR: 1.5433972435850267
event_sum: 32.68360176484566
mean: 990.7758521077812
nL: 4.171810511859215
nR: 4.294432713432024
norm: 32.68360176484566
sigma: 56.0
sigmaL: 57.94436801488455
sigmaR: 52.602618021172546
widthL: 57.94436801488455
widthR: 52.602618021172546
x0: 990.7758521077812
