alphaL: 1.084602276008975
alphaR: 1.5338583769786454
event_sum: 1.6402756128518376
mean: 997.3027266619272
nL: 1.3498142870615306
nR: 1.825193355326301
norm: 1.6402756128518376
sigma: 51.6373052919934
sigmaL: 70.77828551771539
sigmaR: 44.561270797903916
widthL: 70.77828551771539
widthR: 44.561270797903916
x0: 997.3027266619272
