alphaL: 0.9960024715486295
alphaR: 1.422796134463347
event_sum: 32.940412556228694
fraction: 0.998614628590398
mean: 992.006242629903
nL: 2.7215372066631445
nR: 5.999690802717079
norm: 32.87521301198285
sigma: 56.0
sigmaL: 60.80084348332101
sigmaR: 51.315856586106214
widthL: 60.80084348332101
widthR: 51.315856586106214
x0: 992.006242629903
