alphaL: 1.1482901297990682
alphaR: 1.6431550324156001
event_sum: 1.7544283456518315
mean: 994.119683692334
nL: 2.350920182868047
nR: 2.143352158888069
norm: 1.7544283456518315
sigma: 56.0
sigmaL: 70.29145576963428
sigmaR: 47.02061599309015
widthL: 70.29145576963428
widthR: 47.02061599309015
x0: 994.119683692334
