alphaL: 1.1607004714399685
alphaR: 1.4394481553443774
event_sum: 18.40656278008828
mean: 995.8104917208017
nL: 4.262834372530258
nR: 3.672266083774159
norm: 18.40656278008828
sigma: 56.0
sigmaL: 72.47621634288775
sigmaR: 45.34282332990729
widthL: 72.47621634288775
widthR: 45.34282332990729
x0: 995.8104917208017
