alphaL: 0.9168400051877799
alphaR: 1.6518889222124251
event_sum: 2.946616134773649
mean: 990.4867691234398
nL: 2.7198667432461443
nR: 2.440041072327957
norm: 2.946616134773649
sigma: 51.6373052919934
sigmaL: 57.5896997793328
sigmaR: 53.18063451611162
widthL: 57.5896997793328
widthR: 53.18063451611162
x0: 990.4867691234398
