alphaL: 1.0919954700479417
alphaR: 1.4928319506313923
event_sum: 18.000556809070986
fraction: 0.9937808955073449
mean: 993.4954501501937
nL: 4.545856081951344
nR: 3.737541729496044
norm: 17.879237509681843
sigma: 56.0
sigmaL: 69.10918454124301
sigmaR: 47.4460486942763
widthL: 69.10918454124301
widthR: 47.4460486942763
x0: 993.4954501501937
