alphaL: 0.9851808653133702
alphaR: 1.5371090129233582
event_sum: 33.540641420229804
mean: 992.1831816144417
nL: 2.9859403935847744
nR: 4.24020954388501
norm: 33.540641420229804
sigma: 56.0
sigmaL: 61.57085082337087
sigmaR: 51.823543024201044
widthL: 61.57085082337087
widthR: 51.823543024201044
x0: 992.1831816144417
