alphaL: 1.081838514391942
alphaR: 1.4354311440910543
event_sum: 1.8015225551935146
mean: 993.0895228177374
nL: 4.08349464417991
nR: 3.8342438388860036
norm: 1.8015225551935146
sigma: 56.0
sigmaL: 67.77411808671047
sigmaR: 46.495468727433924
widthL: 67.77411808671047
widthR: 46.495468727433924
x0: 993.0895228177374
