alphaL: 1.152038852860387
alphaR: 1.4436923233805428
event_sum: 18.40656278008828
mean: 995.658722464011
nL: 4.332043111735736
nR: 3.6813072337203456
norm: 18.40656278008828
sigma: 56.0
sigmaL: 72.15357915678777
sigmaR: 45.439301456534096
widthL: 72.15357915678777
widthR: 45.439301456534096
x0: 995.658722464011
