alphaL: 1.0836272647767373
alphaR: 1.4362485013358246
event_sum: 1.8015225551935146
mean: 993.0647149062787
nL: 4.087789734795611
nR: 3.8377713646167546
norm: 1.8015225551935146
sigma: 56.0
sigmaL: 67.80051851659981
sigmaR: 46.55552543401171
widthL: 67.80051851659981
widthR: 46.55552543401171
x0: 993.0647149062787
