alphaL: 0.9875338330806643
alphaR: 1.4537594825103393
event_sum: 3.268360469286563
mean: 995.9826956497275
nL: 3.6612322514624047
nR: 3.8705236554048303
norm: 3.268360469286563
sigma: 56.0
sigmaL: 65.19057146736813
sigmaR: 48.136425989691006
widthL: 65.19057146736813
widthR: 48.136425989691006
x0: 995.9826956497275
