alphaL: 1.0642183091272635
alphaR: 1.4548118398559724
event_sum: 18.000556809070986
fraction: 0.9970815890222434
mean: 994.3198874020387
nL: 5.199258844747848
nR: 3.814845181036965
norm: 17.94230459589744
sigma: 56.0
sigmaL: 69.31672959477646
sigmaR: 46.46081241012896
widthL: 69.31672959477646
widthR: 46.46081241012896
x0: 994.3198874020387
