alphaL: 0.9502877711820671
alphaR: 1.5425836532803794
event_sum: 33.540641420229804
mean: 991.8709032334432
nL: 3.2534110538619165
nR: 4.192339079640515
norm: 33.540641420229804
sigma: 56.0
sigmaL: 60.49949305203699
sigmaR: 52.11521461228043
widthL: 60.49949305203699
widthR: 52.11521461228043
x0: 991.8709032334432
