alphaL: 0.9879278413090699
alphaR: 1.454942120042262
event_sum: 3.268360469286563
mean: 995.9723629600733
nL: 3.6701348500451405
nR: 3.873416689197239
norm: 3.268360469286563
sigma: 56.0
sigmaL: 65.2147969020846
sigmaR: 48.185102164518135
widthL: 65.2147969020846
widthR: 48.185102164518135
x0: 995.9723629600733
