alphaL: 1.0818965494694124
alphaR: 1.7783626727362116
event_sum: 2.455425089283556
mean: 3093.522996855751
nL: 4.507013346412603
nR: 2.57879486008543
norm: 2.455425089283556
sigma: 239.08368411361602
sigmaL: 106.6214819711444
sigmaR: 78.62875835486494
widthL: 106.6214819711444
widthR: 78.62875835486494
x0: 3093.522996855751
