alphaL: 1.3455789379579832
alphaR: 1.6951320101310738
event_sum: 3.678640966680479
mean: 3104.7214318517276
nL: 4.479162279812668
nR: 4.206543895342527
norm: 3.678640966680479
sigma: 140.37687036041748
sigmaL: 125.63529709817708
sigmaR: 66.57258053321036
widthL: 125.63529709817708
widthR: 66.57258053321036
x0: 3104.7214318517276
