alphaL: 1.2164755885239962
alphaR: 1.869993960900182
event_sum: 5.100460068182998
mean: 3102.466443720714
nL: 4.931433275001943
nR: 2.3352145909270985
norm: 5.100460068182998
sigma: 239.08368411361602
sigmaL: 120.37383419611963
sigmaR: 67.74786697134654
widthL: 120.37383419611963
widthR: 67.74786697134654
x0: 3102.466443720714
