alphaL: 1.0972273774599042
alphaR: 1.9316172858618594
event_sum: 3.6594755575061115
mean: 3096.575055188106
nL: 4.48206650860323
nR: 2.9965671144037342
norm: 3.6594755575061115
sigma: 140.37687036041748
sigmaL: 108.64279494989572
sigmaR: 70.87373840106171
widthL: 108.64279494989572
widthR: 70.87373840106171
x0: 3096.575055188106
