alphaL: 1.135282922767277
alphaR: 1.8692259954103412
event_sum: 3.348973490541222
fraction: 0.9991408709268593
mean: 3099.849746533847
nL: 9.440936420600044
nR: 3.3079019403168357
norm: 3.3472787758955276
sigma: 140.4308957837284
sigmaL: 114.73630760151102
sigmaR: 68.16519441777353
widthL: 114.73630760151102
widthR: 68.16519441777353
x0: 3099.849746533847
