alphaL: 1.032968578116397
alphaR: 1.7355806961054878
event_sum: 2.449708141130357
mean: 3095.0550651989824
nL: 4.953286575667187
nR: 3.0357706213963853
norm: 2.449708141130357
sigma: 239.08368411361602
sigmaL: 105.90859456841926
sigmaR: 77.23859566956017
widthL: 105.90859456841926
widthR: 77.23859566956017
x0: 3095.0550651989824
