alphaL: 0.7348187207941933
alphaR: 1.9270824109019773
event_sum: 23.74926244784994
fraction: 0.9985842404861524
mean: 3085.8523628644334
nL: 10.0
nR: 2.146691281692004
norm: 23.437638606242164
sigma: 237.45136984306396
sigmaL: 84.6684082617892
sigmaR: 82.17757570313388
widthL: 84.6684082617892
widthR: 82.17757570313388
x0: 3085.8523628644334
