alphaL: 1.4331418985800655
alphaR: 1.7438361017422057
event_sum: 5.103738734492439
mean: 3109.388071921546
nL: 4.497815636304461
nR: 2.4101915758366244
norm: 5.103738734492439
sigma: 239.08368411361602
sigmaL: 135.49080346523309
sigmaR: 63.5857633363013
widthL: 135.49080346523309
widthR: 63.5857633363013
x0: 3109.388071921546
