alphaL: 1.2096915722207027
alphaR: 2.085085138541464
event_sum: 5.1002979464101195
fraction: 0.9991637734713106
mean: 3099.794678155068
nL: 9.886686132134287
nR: 2.9716093164041713
norm: 5.099143785777876
sigma: 140.4308957837284
sigmaL: 124.84641105615746
sigmaR: 66.66856223138348
widthL: 124.84641105615746
widthR: 66.66856223138348
x0: 3099.794678155068
