alphaL: 1.371786392995385
alphaR: 2.156661043046798
event_sum: 5.553562319417251
mean: 3100.4884757894497
nL: 4.49914838249818
nR: 2.750671192102102
norm: 5.553562319417251
sigma: 140.37687036041748
sigmaL: 129.157553138453
sigmaR: 66.98817295702858
widthL: 129.157553138453
widthR: 66.98817295702858
x0: 3100.4884757894497
