alphaL: 0.815318828111371
alphaR: 2.302881036289305
event_sum: 5.53069080031646
mean: 3088.135908776983
nL: 4.705697115048673
nR: 2.6436857419229036
norm: 5.53069080031646
sigma: 140.37687036041748
sigmaL: 89.40879038318195
sigmaR: 71.28563394718341
widthL: 89.40879038318195
widthR: 71.28563394718341
x0: 3088.135908776983
