alphaL: 0.9576851971977213
alphaR: 1.8522707881698053
event_sum: 49.00923426013253
fraction: 0.9991183085079544
mean: 3098.111391076569
nL: 9.993876791486901
nR: 2.4669674913123143
norm: 48.869661687886335
sigma: 237.45136984306396
sigmaL: 106.92957313905163
sigmaR: 69.68986536542499
widthL: 106.92957313905163
widthR: 69.68986536542499
x0: 3098.111391076569
