alphaL: 0.8986077969223532
alphaR: 2.0256459927241175
event_sum: 3.3386185038425005
mean: 3092.3056717915892
nL: 17.30014986867937
nR: 2.9415000946700034
norm_2016: 3.3386185038425005
norm_2017: 3.3386185038425005
norm_2018: 3.3386185038425005
norm_Run2: 3.3386185038425005
sigma: 139.15265110625822
sigmaL: 98.86568503509731
sigmaR: 73.53408592965887
widthL: 98.86568503509731
widthR: 73.53408592965887
x0: 3092.3056717915892
