alphaL: 0.8358538472978938
alphaR: 2.2695638791266135
event_sum: 5.087048882748274
mean: 3091.7082997331963
nL: 42.65450051682269
nR: 2.648756903793104
norm_2016: 1.3028500420093503
norm_2017: 1.749139332120119
norm_2018: 2.4514981541237235
norm_Run2: 5.503487528253194
sigma: 139.15265110625822
sigmaL: 101.32903928593856
sigmaR: 70.9780619069968
widthL: 101.32903928593856
widthR: 70.9780619069968
x0: 3091.7082997331963
