alphaL: 0.8019137112366187
alphaR: 1.0962697191609747
event_sum: 2.2802856873001924
mean: 3042.4716192357664
nL: 0.10013758622345066
nR: 6.93859482644982
norm_2016: 2.2802856873001924
norm_2017: 2.2802856873001924
norm_2018: 2.2802856873001924
norm_Run2: 2.2802856873001924
sigma: 310.0
sigmaL: 227.9502550693199
sigmaR: 131.91139864566736
widthL: 227.9502550693199
widthR: 131.91139864566736
x0: 3042.4716192357664
