alphaL: 0.7218350370789227
alphaR: 1.758236975780094
event_sum: 23.24442305085152
mean: 3091.60597641796
nL: 17.074607327569666
nR: 2.7101652365727564
norm_2016: 6.38054780945033
norm_2017: 7.339012488278996
norm_2018: 10.157659676728777
norm_Run2: 23.24442305085152
sigma: 241.87366907350489
sigmaL: 88.16430735604791
sigmaR: 78.88787899288633
widthL: 88.16430735604791
widthR: 78.88787899288633
x0: 3091.60597641796
