alphaL: 1.1703486571555761
alphaR: 1.2046209478641579
event_sum: 2.9479764969379323
mean: 3050.589678609373
nL: 0.46130229188998684
nR: 6.6627844221772605
norm_2016: 0.6744556900949363
norm_2017: 0.9607639356615482
norm_2018: 1.3517436239013574
norm_Run2: 2.9869632496578427
sigma: 173.6
sigmaL: 203.3277693468427
sigmaR: 121.9137759299643
widthL: 203.3277693468427
widthR: 121.9137759299643
x0: 3050.589678609373
