alphaL: 0.7212192778904205
alphaR: 1.7567857482824465
event_sum: 23.24442305085152
mean: 3091.640458612629
nL: 17.24051511897237
nR: 2.712457735064914
norm_2016: 23.24442305085152
norm_2017: 23.24442305085152
norm_2018: 23.24442305085152
norm_Run2: 23.24442305085152
sigma: 241.87366907350489
sigmaL: 88.05215357455725
sigmaR: 78.76412062082949
widthL: 88.05215357455725
widthR: 78.76412062082949
x0: 3091.640458612629
