alphaL: 0.9273715012737045
alphaR: 1.2282441548591645
event_sum: 3.9141902280131284
mean: 3033.087176667408
nL: 0.3090250918055108
nR: 6.149344188911759
norm_2016: 0.961073552966172
norm_2017: 1.3023733233319337
norm_2018: 1.6935263566772711
norm_Run2: 3.9569732329753764
sigma: 310.0
sigmaL: 296.8558352439517
sigmaR: 140.83860538463458
widthL: 296.8558352439517
widthR: 140.83860538463458
x0: 3033.087176667408
