alphaL: 0.9273715012737045
alphaR: 1.2282441548591645
event_sum: 3.9141902280131284
mean: 3033.087176667408
nL: 0.3090250918055108
nR: 6.149344188911759
norm_2016: 3.9141902280131284
norm_2017: 3.9141902280131284
norm_2018: 3.9141902280131284
norm_Run2: 3.9141902280131284
sigma: 310.0
sigmaL: 296.8558352439517
sigmaR: 140.83860538463458
widthL: 296.8558352439517
widthR: 140.83860538463458
x0: 3033.087176667408
