alphaL: 0.6454174619968497
alphaR: 2.0991275369851716
event_sum: 48.621268636793225
mean: 3091.913074853204
nL: 117.83651852197845
nR: 1.7157415177595026
norm_2016: 11.673082545325983
norm_2017: 15.623334639273711
norm_2018: 22.63459770551296
norm_Run2: 49.93101489011266
sigma: 241.87366907350489
sigmaL: 84.48956227758735
sigmaR: 73.80457479886695
widthL: 84.48956227758735
widthR: 73.80457479886695
x0: 3091.913074853204
