alphaL: 1.0528336734666897
alphaR: 1.1852629405014092
event_sum: 3.9141902280131284
mean: 3050.6052323508043
nL: 0.2114752187275093
nR: 5.339430141701771
norm_2016: 0.961073552966172
norm_2017: 1.3023733233319337
norm_2018: 1.6935263566772711
norm_Run2: 3.9141902280131284
sigma: 310.0
sigmaL: 349.85149091013307
sigmaR: 128.35431067158748
widthL: 349.85149091013307
widthR: 128.35431067158748
x0: 3050.6052323508043
