alphaL: 0.7002669670691404
alphaR: 1.6928348011566294
event_sum: 6.029422727766258
mean: 3035.9475793074716
nL: 1.805120319379216
nR: 2.9304937803998916
norm_2016: 1.2389008681290472
norm_2017: 1.8927480803848975
norm_2018: 2.970304950573656
norm_Run2: 6.101953899087601
sigma: 173.6
sigmaL: 146.87726929052596
sigmaR: 136.0152838531623
widthL: 146.87726929052596
widthR: 136.0152838531623
x0: 3035.9475793074716
