alphaL: 1.332554174435679
alphaR: 1.8254376787127138
event_sum: 4.838561452313558
mean: 2951.7435293003423
nL: 4.4883910287609625
nR: 3.7703220791280976
norm: 4.838561452313558
sigma: 132.8744437280379
sigmaL: 117.80471355723584
sigmaR: 66.29746973084542
widthL: 117.80471355723584
widthR: 66.29746973084542
x0: 2951.7435293003423
