alphaL: 1.2366129476513399
alphaR: 1.6697398412544522
event_sum: 2.528597667074737
mean: 2951.911016280274
nL: 4.488717792476882
nR: 2.7870485433808065
norm: 2.528597667074737
sigma: 208.88183071330417
sigmaL: 114.48840119704326
sigmaR: 71.24227165642115
widthL: 114.48840119704326
widthR: 71.24227165642115
x0: 2951.911016280274
