alphaL: 1.3689983593987214
alphaR: 2.0724238252201026
event_sum: 7.227668628312442
mean: 2949.775498112227
nL: 4.49988759739519
nR: 3.1595960112666264
norm: 7.227668628312442
sigma: 132.8744437280379
sigmaL: 122.13794524117792
sigmaR: 64.1952836840448
widthL: 122.13794524117792
widthR: 64.1952836840448
x0: 2949.775498112227
