alphaL: 1.156703989355946
alphaR: 1.5861990212540003
event_sum: 2.5245939861399527
mean: 2953.6903802809597
nL: 5.0
nR: 3.037174409249305
norm: 2.5245939861399527
sigma: 208.88183071330417
sigmaL: 112.54678903798246
sigmaR: 68.46375113798905
widthL: 112.54678903798246
widthR: 68.46375113798905
x0: 2953.6903802809597
