alphaL: 1.2663436986042695
alphaR: 2.1496653436865856
event_sum: 7.201111229884804
mean: 2948.9426356118774
nL: 4.815738080949773
nR: 2.867936850271108
norm: 7.201111229884804
sigma: 132.8744437280379
sigmaL: 120.34999069290305
sigmaR: 64.00321040593093
widthL: 120.34999069290305
widthR: 64.00321040593093
x0: 2948.9426356118774
