alphaL: 1.2385696070183903
alphaR: 1.9715061234713527
event_sum: 5.03335568567216
mean: 2952.7735683414603
nL: 4.985570140736242
nR: 2.0114927419394157
norm: 5.03335568567216
sigma: 208.88183071330417
sigmaL: 117.58008440367806
sigmaR: 65.49555604332798
widthL: 117.58008440367806
widthR: 65.49555604332798
x0: 2952.7735683414603
