alphaL: 1.1653408839129547
alphaR: 2.1053554012129463
event_sum: 6.57321965077152
fraction: 0.9991593172308341
mean: 2947.5734735278766
nL: 10.0
nR: 3.059658563089863
norm: 6.57213202460547
sigma: 132.7380986042428
sigmaL: 115.0408784545379
sigmaR: 65.08619816523733
widthL: 115.0408784545379
widthR: 65.08619816523733
x0: 2947.5734735278766
