alphaL: 1.1162689850386305
alphaR: 1.8294561524726811
event_sum: 4.428315495188175
fraction: 0.9991803230755983
mean: 2947.603254119276
nL: 9.456931618189858
nR: 4.07254222019226
norm: 4.427863182495149
sigma: 132.7380986042428
sigmaL: 107.1681402010557
sigmaR: 67.14942682581172
widthL: 107.1681402010557
widthR: 67.14942682581172
x0: 2947.603254119276
