alphaL: 1.4673995683536443
alphaR: 1.8538047416776504
event_sum: 5.038377250447353
mean: 2959.346975382034
nL: 4.497058490072338
nR: 2.1080262581321705
norm: 5.038377250447353
sigma: 208.88183071330417
sigmaL: 132.2553471383164
sigmaR: 61.85954112240506
widthL: 132.2553471383164
widthR: 61.85954112240506
x0: 2959.346975382034
