alphaL: 1.0949025460268835
alphaR: 2.0169075541593946
event_sum: 4.8167142322384
mean: 2943.8823764655285
nL: 4.52633167454466
nR: 2.9318552457632676
norm: 4.8167142322384
sigma: 132.8744437280379
sigmaL: 101.44814406639725
sigmaR: 70.36908095952222
widthL: 101.44814406639725
widthR: 70.36908095952222
x0: 2943.8823764655285
