alphaL: 0.9945656598755698
alphaR: 1.975945158268163
event_sum: 48.54159776148647
fraction: 0.9985319774489761
mean: 2948.602058825381
nL: 10.0
nR: 2.011003452905638
norm: 48.419149289037556
sigma: 207.80430779849468
sigmaL: 105.35936698690095
sigmaR: 67.64171315633631
widthL: 105.35936698690095
widthR: 67.64171315633631
x0: 2948.602058825381
