alphaL: 0.8841342093306875
alphaR: 1.7883547448759356
event_sum: 24.545444486198537
fraction: 0.9986087289148866
mean: 2943.948086255368
nL: 9.99608758806005
nR: 2.5229334774660668
norm: 24.299455309558343
sigma: 207.80430779849468
sigmaL: 94.63507308607534
sigmaR: 75.84944445527934
widthL: 94.63507308607534
widthR: 75.84944445527934
x0: 2943.948086255368
