alphaL: 0.8669678009418007
alphaR: 2.047554704338235
event_sum: 4.428315495188175
fraction: 0.9930944987306222
mean: 2942.0640751884853
nL: 18.639943758415193
nR: 2.8970380408727014
norm: 4.410817458597089
sigma: 133.03872468152977
sigmaL: 92.36722653981309
sigmaR: 71.43985317736167
widthL: 92.36722653981309
widthR: 71.43985317736167
x0: 2942.0640751884853
