alphaL: 0.8658523845585011
alphaR: 2.0694097225229005
event_sum: 4.410817458597089
mean: 2942.188143615329
nL: 20.027899665135404
nR: 2.8455245627690355
norm_2016: 4.410817458597089
norm_2017: 4.410817458597089
norm_2018: 4.410817458597089
norm_Run2: 4.410817458597089
sigma: 133.03872468152977
sigmaL: 92.60821363831676
sigmaR: 71.3310972168471
widthL: 92.60821363831676
widthR: 71.3310972168471
x0: 2942.188143615329
