alphaL: 0.8187177101508148
alphaR: 2.3057022361450796
event_sum: 6.548462736610225
mean: 2942.1485535386173
nL: 49.832118414000156
nR: 2.3474591625812185
norm_2016: 1.673450747192609
norm_2017: 2.2234734897768127
norm_2018: 3.237542205282787
norm_Run2: 7.134466442252209
sigma: 133.03872468152977
sigmaL: 95.97738361207412
sigmaR: 68.19483607718574
widthL: 95.97738361207412
widthR: 68.19483607718574
x0: 2942.1485535386173
