alphaL: 0.7349545523895255
alphaR: 1.8158992837464352
event_sum: 24.069740968775616
mean: 2941.3863674577024
nL: 16.662069587151585
nR: 2.5361233673261117
norm_2016: 24.069740968775616
norm_2017: 24.069740968775616
norm_2018: 24.069740968775616
norm_Run2: 24.069740968775616
sigma: 209.73057646044026
sigmaL: 84.82975706242954
sigmaR: 77.03109940619201
widthL: 84.82975706242954
widthR: 77.03109940619201
x0: 2941.3863674577024
