alphaL: 0.8554695937834733
alphaR: 1.04502865204272
event_sum: 2.7693225194411597
mean: 2891.326576103096
nL: 0.10132634774006666
nR: 7.119250113081971
norm_2016: 0.6897941710127006
norm_2017: 0.851532881584351
norm_2018: 1.25224961791649
norm_Run2: 2.7693225194411597
sigma: 295.0
sigmaL: 194.7955568608006
sigmaR: 126.8627476245171
widthL: 194.7955568608006
widthR: 126.8627476245171
x0: 2891.326576103096
