alphaL: 1.1238331144620952
alphaR: 1.2364754970874867
event_sum: 3.96769803257776
mean: 2902.8235180143884
nL: 0.5252772314224995
nR: 5.722773047271948
norm_2016: 0.9778325435389719
norm_2017: 1.2184292321975516
norm_2018: 1.8172097345533795
norm_Run2: 3.96769803257776
sigma: 165.2
sigmaL: 181.76168526995298
sigmaR: 116.86414887921578
widthL: 181.76168526995298
widthR: 116.86414887921578
x0: 2902.8235180143884
