alphaL: 1.0173615428157052
alphaR: 1.1369390814780833
event_sum: 4.777876818565032
mean: 2892.1856495184884
nL: 0.31680982647505046
nR: 6.537566079511639
norm_2016: 1.0517119905287866
norm_2017: 1.546283026266176
norm_2018: 2.2379823696146137
norm_Run2: 4.835977386409575
sigma: 295.0
sigmaL: 301.73171034795786
sigmaR: 130.61787338054373
widthL: 301.73171034795786
widthR: 130.61787338054373
x0: 2892.1856495184884
