alphaL: 0.7016344206308671
alphaR: 1.4839109680277434
event_sum: 7.380599882193923
mean: 2895.0912181618564
nL: 1.9729838425680573
nR: 3.6367893073875157
norm_2016: 1.6250073345275395
norm_2017: 2.3109321883186444
norm_2018: 3.525365419224141
norm_Run2: 7.380599882193923
sigma: 165.2
sigmaL: 149.96753803511638
sigmaR: 126.45020706513577
widthL: 149.96753803511638
widthR: 126.45020706513577
x0: 2895.0912181618564
