alphaL: 0.6732649155094973
alphaR: 2.103275811190781
event_sum: 48.064378740062836
mean: 2943.4100971035714
nL: 111.58603855107683
nR: 1.6963304057253528
norm_2016: 11.708706114704837
norm_2017: 15.41543376533572
norm_2018: 22.318438381000256
norm_Run2: 48.064378740062836
sigma: 209.73057646044026
sigmaL: 83.78691514020942
sigmaR: 70.53833332566072
widthL: 83.78691514020942
widthR: 70.53833332566072
x0: 2943.4100971035714
