alphaL: 1.1046755975705849
alphaR: 1.08843079114129
event_sum: 4.777876818565032
mean: 2901.7688358206433
nL: 0.23416024255858645
nR: 6.148192490351461
norm_2016: 1.0517119905287866
norm_2017: 1.546283026266176
norm_2018: 2.2379823696146137
norm_Run2: 4.777876818565032
sigma: 295.0
sigmaL: 323.24588137778085
sigmaR: 122.32954096914136
widthL: 323.24588137778085
widthR: 122.32954096914136
x0: 2901.7688358206433
