alphaL: 1.9396906282766373
alphaR: 2.787169643324677
event_sum: 21.73557429946959
mean: 1007.1648801376339
nL: 4.499491171586815
nR: 2.172148403511935
norm: 21.73557429946959
sigma: 49.37618948387706
sigmaL: 60.27785137401846
sigmaR: 26.5759826572881
widthL: 60.27785137401846
widthR: 26.5759826572881
x0: 1007.1648801376339
