alphaL: 1.868241382475538
alphaR: 1.8236094205480318
event_sum: 0.9873958758398658
mean: 1011.1253178048512
nL: 3.2299177492303244
nR: 3.665907435501372
norm: 0.9873958758398658
sigma: 51.670600709570465
sigmaL: 56.546138342741095
sigmaR: 27.893717882051302
widthL: 56.546138342741095
widthR: 27.893717882051302
x0: 1011.1253178048512
