alphaL: 1.6305544858063559
alphaR: 2.2134545563987933
event_sum: 52.932935854420066
fraction: 0.9998394291123782
mean: 1006.4541068273319
nL: 9.98792504048858
nR: 4.457494082484177
norm: 52.923194570466876
sigma: 49.50459292077465
sigmaL: 53.71402734823918
sigmaR: 29.166132397213076
widthL: 53.71402734823918
widthR: 29.166132397213076
x0: 1006.4541068273319
