alphaL: 1.7600823354554163
alphaR: 2.51483536493383
event_sum: 21.72205338580534
mean: 1006.3210113155304
nL: 4.47386829109718
nR: 4.20303972560808
norm: 21.72205338580534
sigma: 49.366483635527565
sigmaL: 58.62945590430353
sigmaR: 26.983215020313597
widthL: 58.62945590430353
widthR: 26.983215020313597
x0: 1006.3210113155304
