alphaL: 1.4001941605943338
alphaR: 3.0955890300221527
event_sum: 21.17666650377214
fraction: 0.9896649758238778
mean: 1004.8165183214182
nL: 80.59421717404231
nR: 0.8128779179572965
norm: 21.029673133976758
sigma: 49.50459292077465
sigmaL: 55.86795738297274
sigmaR: 27.685892345128796
widthL: 55.86795738297274
widthR: 27.685892345128796
x0: 1004.8165183214182
