alphaL: 1.3445406140473621
alphaR: 2.2386659679019703
event_sum: 0.5344263349688845
mean: 1000.1673411597865
nL: 3.8288483744862223
nR: 4.006710785100982
norm: 0.5344263349688845
sigma: 51.601127256377175
sigmaL: 47.14886660173515
sigmaR: 30.215551462037773
widthL: 47.14886660173515
widthR: 30.215551462037773
x0: 1000.1673411597865
