alphaL: 1.6635373660873525
alphaR: 1.9085628802605357
event_sum: 0.9859377719767508
mean: 1008.9256395544497
nL: 3.275190986110438
nR: 3.6154898310021135
norm: 0.9859377719767508
sigma: 51.601127256377175
sigmaL: 53.58809065580814
sigmaR: 29.126110216319272
widthL: 53.58809065580814
widthR: 29.126110216319272
x0: 1008.9256395544497
