alphaL: 1.210463261023064
alphaR: 2.3388861382111577
event_sum: 52.932935854420066
fraction: 0.9944859790719622
mean: 1003.9860748916657
nL: 106.03799260101276
nR: 4.049368640881709
norm: 52.772567990235984
sigma: 49.50459292077465
sigmaL: 48.49074027292802
sigmaR: 30.5017519210279
widthL: 48.49074027292802
widthR: 30.5017519210279
x0: 1003.9860748916657
