alphaL: 1.1495726122355945
alphaR: 2.368235386011625
event_sum: 5.320713985187467
fraction: 0.9902713042108006
mean: 1003.165644135745
nL: 92.50978796481697
nR: 2.0734047354921037
norm: 5.278381132695358
sigma: 51.62109294600032
sigmaL: 50.00267037909323
sigmaR: 28.43551445569143
widthL: 50.00267037909323
widthR: 28.43551445569143
x0: 1003.165644135745
