alphaL: 1.6226029989893545
alphaR: 2.1563945041598482
event_sum: 5.320713985187467
fraction: 0.999483249864678
mean: 1006.9307894803845
nL: 9.565981569564336
nR: 2.821087568744442
norm: 5.318131974665448
sigma: 51.62109294600032
sigmaL: 58.10953108069297
sigmaR: 26.346614056010715
widthL: 58.10953108069297
widthR: 26.346614056010715
x0: 1006.9307894803845
