alphaL: 1.6641464205355547
alphaR: 1.9622598190021785
event_sum: 0.9894844040391035
mean: 1008.1202080410076
nL: 4.230327495719362
nR: 4.131281700535972
norm: 0.9894844040391035
sigma: 51.601127256377175
sigmaL: 52.90122995534289
sigmaR: 29.53114017139488
widthL: 52.90122995534289
widthR: 29.53114017139488
x0: 1008.1202080410076
