alphaL: 1.8151148862105693
alphaR: 2.5478901539643726
event_sum: 21.17666650377214
fraction: 0.9997408294744846
mean: 1006.4495019780708
nL: 5.779899496475234
nR: 4.169319563136996
norm: 21.17666650377214
sigma: 49.50459292077465
sigmaL: 59.04988226335241
sigmaR: 26.97223260832503
widthL: 59.04988226335241
widthR: 26.97223260832503
x0: 1006.4495019780708
