alphaL: 1.8045633465378674
alphaR: 2.9576705549198974
event_sum: 21.72205338580534
mean: 1006.4501887119086
nL: 3.693741081623814
nR: 1.5577390637339237
norm: 21.72205338580534
sigma: 49.366483635527565
sigmaL: 58.8516508745998
sigmaR: 26.922648581074526
widthL: 58.8516508745998
widthR: 26.922648581074526
x0: 1006.4501887119086
