alphaL: 1.6673559206074495
alphaR: 3.2452693185340253
event_sum: 0.5352346610088716
mean: 999.7919207295985
nL: 2.229992718781521
nR: 2.4523243642450505
norm: 0.5352346610088716
sigma: 51.670600709570465
sigmaL: 51.19207148016087
sigmaR: 31.901213873434955
widthL: 51.19207148016087
widthR: 31.901213873434955
x0: 999.7919207295985
