alphaL: 1.6645310559286735
alphaR: 1.9620012106997773
event_sum: 0.9894844040391035
mean: 1008.1122771311151
nL: 4.230311580763426
nR: 4.130863251209151
norm: 0.9894844040391035
sigma: 51.601127256377175
sigmaL: 52.90029909888464
sigmaR: 29.53950935704796
widthL: 52.90029909888464
widthR: 29.53950935704796
x0: 1008.1122771311151
