alphaL: 1.7688938699453751
alphaR: 2.2072491755530774
event_sum: 54.52707681711763
mean: 1007.0168525686106
nL: 4.498638742633464
nR: 4.213269032524961
norm: 54.52707681711763
sigma: 49.366483635527565
sigmaL: 54.32527912307387
sigmaR: 28.750572258512197
widthL: 54.32527912307387
widthR: 28.750572258512197
x0: 1007.0168525686106
