alphaL: 1.347758795485948
alphaR: 2.235237751726865
event_sum: 0.5344263349688845
mean: 1000.2275758854206
nL: 3.8299641514070046
nR: 4.005645902989422
norm: 0.5344263349688845
sigma: 51.601127256377175
sigmaL: 47.25934365018091
sigmaR: 30.188999728395757
widthL: 47.25934365018091
widthR: 30.188999728395757
x0: 1000.2275758854206
