alphaL: 1.5700773913430883
alphaR: 2.3138436978980423
event_sum: 54.38473823061213
mean: 1005.6733599902226
nL: 4.999950907116931
nR: 3.6908816656947803
norm: 54.38473823061213
sigma: 49.366483635527565
sigmaL: 52.01537461863378
sigmaR: 29.532426440702526
widthL: 52.01537461863378
widthR: 29.532426440702526
x0: 1005.6733599902226
