alphaL: 1.1915470642369044
alphaR: 1.625823493031999
event_sum: 9.849589096324053
fraction: 0.9940784953135867
mean: 1008.0463906571324
nL: 83.69642360972601
nR: 9.60523461312501
norm: 9.803728849859908
sigma: 51.62109294600032
sigmaL: 49.18816882053783
sigmaR: 28.87746356750115
widthL: 49.18816882053783
widthR: 28.87746356750115
x0: 1008.0463906571324
