alphaL: 1.797703972239851
alphaR: 2.2206170761890327
event_sum: 54.52707681711763
mean: 1007.2154695306423
nL: 4.304569923477341
nR: 4.171485626452294
norm: 54.52707681711763
sigma: 49.366483635527565
sigmaL: 54.7820286590129
sigmaR: 28.74969938388062
widthL: 54.7820286590129
widthR: 28.74969938388062
x0: 1007.2154695306423
