alphaL: 1.8047932877491135
alphaR: 2.3850471892075036
event_sum: 54.52707681711763
mean: 1006.7867969831108
nL: 3.996953845720932
nR: 2.918357503609219
norm: 54.52707681711763
sigma: 49.366483635527565
sigmaL: 54.37611004208073
sigmaR: 29.056169838317874
widthL: 54.37611004208073
widthR: 29.056169838317874
x0: 1006.7867969831108
