alphaL: 1.737229674746316
alphaR: 2.437831362008001
event_sum: 0.5317469619694748
mean: 1003.1556790997006
nL: 2.6968486088321235
nR: 2.554968471919594
norm: 0.5317469619694748
sigma: 51.601127256377175
sigmaL: 55.01692537329718
sigmaR: 29.000321934572977
widthL: 55.01692537329718
widthR: 29.000321934572977
x0: 1003.1556790997006
