alphaL: 1.750586970165947
alphaR: 3.1123773495527547
event_sum: 21.579567327629775
mean: 1006.3377014434183
nL: 4.3903953405458145
nR: 0.7786625423055695
norm: 21.579567327629775
sigma: 49.366483635527565
sigmaL: 58.445268502792246
sigmaR: 26.95957328124441
widthL: 58.445268502792246
widthR: 26.95957328124441
x0: 1006.3377014434183
