alphaL: 1.125933638716628
alphaR: 1.3967646680225405
event_sum: 4.134550599497743
mean: 985.0917947963163
nL: 4.420112410861243
nR: 3.444050458669575
norm: 4.134550599497743
sigma: 127.4480247662113
sigmaL: 94.42907334443518
sigmaR: 60.96104601583111
widthL: 94.42907334443518
widthR: 60.96104601583111
x0: 985.0917947963163
