alphaL: 1.987760499293091
alphaR: 2.157561120920815
event_sum: 54.560078711248934
mean: 1008.3709610724735
nL: 4.499597007854905
nR: 4.4999690289840695
norm: 54.560078711248934
sigma: 49.37618948387706
sigmaL: 56.71856327326827
sigmaR: 28.066165066867313
widthL: 56.71856327326827
widthR: 28.066165066867313
x0: 1008.3709610724735
