alphaL: 0.8492618552754252
alphaR: 1.347929104523252
event_sum: 8.188290374993812
mean: 986.4214232642444
nL: 2.7840702327269597
nR: 4.497589392548117
norm: 8.188290374993812
sigma: 127.4480247662113
sigmaL: 81.16325138071407
sigmaR: 59.36377143640218
widthL: 81.16325138071407
widthR: 59.36377143640218
x0: 986.4214232642444
