alphaL: 1.5605633814799862
alphaR: 1.9116463595030124
event_sum: 9.849589096324053
fraction: 0.999487678238656
mean: 1009.3026251904344
nL: 9.997978604468706
nR: 3.4510235547658583
norm: 9.848728426150046
sigma: 51.62109294600032
sigmaL: 53.59242149818207
sigmaR: 28.903962255589597
widthL: 53.59242149818207
widthR: 28.903962255589597
x0: 1009.3026251904344
