alphaL: 1.7587919729805495
alphaR: 2.515400449359591
event_sum: 21.72205338580534
mean: 1006.400831521836
nL: 4.475859727952207
nR: 4.202778058583123
norm: 21.72205338580534
sigma: 49.366483635527565
sigmaL: 58.620393274818106
sigmaR: 26.931214969431878
widthL: 58.620393274818106
widthR: 26.931214969431878
x0: 1006.400831521836
