alphaL: 1.0092589719950085
alphaR: 1.6199330468137767
event_sum: 26.860679123035716
mean: 991.835436802646
nL: 2.8052029360133774
nR: 2.948039971023089
norm: 26.860679123035716
sigma: 69
sigmaL: 62.332972567595085
sigmaR: 52.11720488594435
widthL: 62.332972567595085
widthR: 52.11720488594435
x0: 991.835436802646
