alphaL: 1.541025071526266
alphaR: 2.14019546069829
event_sum: 134.3990240113131
mean: 1254.8703971461885
nL: 4.494021320873814
nR: 4.227737577787531
norm: 134.3990240113131
sigma: 61.03798209764768
sigmaL: 59.09271137949108
sigmaR: 36.50772990728649
widthL: 59.09271137949108
widthR: 36.50772990728649
x0: 1254.8703971461885
