alphaL: 1.211778855636323
alphaR: 1.9594716169514637
event_sum: 3.7126694229218433
mean: 1255.8762191219278
nL: 4.52311137915471
nR: 3.089263378582131
norm: 3.7126694229218433
sigma: 65.138962058161
sigmaL: 53.67933465307748
sigmaR: 36.62426204304074
widthL: 53.67933465307748
widthR: 36.62426204304074
x0: 1255.8762191219278
