alphaL: 1.3406788273622774
alphaR: 2.634069707137998
event_sum: 2.7321863206618087
mean: 1252.8088872857245
nL: 4.775168991081556
nR: 1.6741855640085181
norm: 2.7321863206618087
sigma: 65.138962058161
sigmaL: 58.77348765568403
sigmaR: 36.40276001121148
widthL: 58.77348765568403
widthR: 36.40276001121148
x0: 1252.8088872857245
