alphaL: 1.2955159204473692
alphaR: 2.593336322334759
event_sum: 26.807988849628554
fraction: 0.9977468632193052
mean: 1253.5906598782587
nL: 9.70721370963466
nR: 1.5750944332247905
norm: 26.799338237311126
sigma: 65.03329635921617
sigmaL: 58.60887197024611
sigmaR: 34.72038698360876
widthL: 58.60887197024611
widthR: 34.72038698360876
x0: 1253.5906598782587
