alphaL: 1.0810514088121947
alphaR: 2.4742177876850002
event_sum: 68.43749177512402
fraction: 0.9946144731694897
mean: 1250.8016999487554
nL: 133.61542957845933
nR: 3.717274941002142
norm: 68.15811000455943
sigma: 60.96160930427917
sigmaL: 55.82377418317172
sigmaR: 36.075673788311036
widthL: 55.82377418317172
widthR: 36.075673788311036
x0: 1250.8016999487554
