alphaL: 1.680379393051011
alphaR: 2.341664291472695
event_sum: 73.90740115778777
mean: 1253.9778373525173
nL: 4.453567766454379
nR: 3.7523668898922717
norm: 73.90740115778777
sigma: 61.03798209764768
sigmaL: 65.10865864534213
sigmaR: 34.7128850847212
widthL: 65.10865864534213
widthR: 34.7128850847212
x0: 1253.9778373525173
