alphaL: 1.495801895542813
alphaR: 2.389909243372869
event_sum: 73.63470001654429
mean: 1252.8790457272135
nL: 4.996152813984926
nR: 3.8737790543158743
norm: 73.63470001654429
sigma: 61.03798209764768
sigmaL: 62.535984079864576
sigmaR: 35.25963683717216
widthL: 62.535984079864576
widthR: 35.25963683717216
x0: 1252.8790457272135
