alphaL: 1.174575066415346
alphaR: 1.8311604005860744
event_sum: 36.45419952849141
fraction: 0.9986030646784351
mean: 1256.6148366473944
nL: 9.973980506218984
nR: 3.7353690870478915
norm: 36.434020166070866
sigma: 65.03329635921617
sigmaL: 55.103830753462226
sigmaR: 36.107784723727576
widthL: 55.103830753462226
widthR: 36.107784723727576
x0: 1256.6148366473944
