alphaL: 1.434352243928324
alphaR: 2.6063587745812065
event_sum: 68.43749177512402
fraction: 0.9987203182728912
mean: 1252.5896352626694
nL: 10.0
nR: 2.2046584173673973
norm: 68.42736066257753
sigma: 60.97293777388017
sigmaL: 62.03296717215468
sigmaR: 35.54826649756271
widthL: 62.03296717215468
widthR: 35.54826649756271
x0: 1252.5896352626694
