alphaL: 1.3709378825586602
alphaR: 1.745602074425327
event_sum: 3.725422777071287
mean: 1257.9017940663607
nL: 4.5390885756927295
nR: 4.096568263101898
norm: 3.725422777071287
sigma: 65.138962058161
sigmaL: 57.889674971839476
sigmaR: 35.31331149728127
widthL: 57.889674971839476
widthR: 35.31331149728127
x0: 1257.9017940663607
