alphaL: 1.4145189208273656
alphaR: 2.6772590855416345
event_sum: 2.741331090429472
mean: 1251.9360342514033
nL: 4.537978649771347
nR: 1.2811658460271007
norm: 2.741331090429472
sigma: 65.138962058161
sigmaL: 58.35407920285282
sigmaR: 35.6189507133356
widthL: 58.35407920285282
widthR: 35.6189507133356
x0: 1251.9360342514033
