alphaL: 1.3665653294586684
alphaR: 2.155149973273409
event_sum: 133.97006745600413
mean: 1253.4605396660297
nL: 4.996389660966794
nR: 4.419952455451884
norm: 133.97006745600413
sigma: 61.03798209764768
sigmaL: 55.95940366670501
sigmaR: 37.156176917440895
widthL: 55.95940366670501
widthR: 37.156176917440895
x0: 1253.4605396660297
