alphaL: 1.349111753132429
alphaR: 2.194219064784051
event_sum: 124.97720413515843
fraction: 0.9992608537485342
mean: 1253.7202728651355
nL: 9.999261817771185
nR: 4.0209408048597695
norm: 124.96121109855362
sigma: 60.97293777388017
sigmaL: 56.79425308872355
sigmaR: 37.23030893989641
widthL: 56.79425308872355
widthR: 37.23030893989641
x0: 1253.7202728651355
