alphaL: 1.0203554230386842
alphaR: 2.2008809217357426
event_sum: 124.70066136418025
mean: 1251.4181885309997
nL: 136.4416614868106
nR: 4.609795090951545
norm_2016: 34.32256345362087
norm_2017: 40.60822523917947
norm_2018: 57.92875201960399
norm_Run2: 132.85954071240437
sigma: 60.96160930427917
sigmaL: 50.67716050615925
sigmaR: 38.266549019820154
widthL: 50.67716050615925
widthR: 38.266549019820154
x0: 1251.4181885309997
