alphaL: 1.0203554230386842
alphaR: 2.2008809217357426
event_sum: 124.70066136418025
mean: 1251.4181885309997
nL: 136.4416614868106
nR: 4.609795090951545
norm_2016: 124.70066136418025
norm_2017: 124.70066136418025
norm_2018: 124.70066136418025
norm_Run2: 124.70066136418025
sigma: 60.96160930427917
sigmaL: 50.67716050615925
sigmaR: 38.266549019820154
widthL: 50.67716050615925
widthR: 38.266549019820154
x0: 1251.4181885309997
