alphaL: 1.0852266905158876
alphaR: 2.471357148015783
event_sum: 68.15811000455943
mean: 1250.9205056797855
nL: 126.16864173100332
nR: 3.5625708191533416
norm_2016: 18.14287817803295
norm_2017: 22.310551494283082
norm_2018: 32.500962147562554
norm_Run2: 72.95439181987858
sigma: 60.96160930427917
sigmaL: 56.145883203799585
sigmaR: 36.041051052304894
widthL: 56.145883203799585
widthR: 36.041051052304894
x0: 1250.9205056797855
