alphaL: 0.8181968114940679
alphaR: 1.4459090133861696
event_sum: 29.53400253128221
mean: 1240.0399766712308
nL: 3.6308125060447027
nR: 4.588908650798614
norm_2016: 29.53400253128221
norm_2017: 29.53400253128221
norm_2018: 29.53400253128221
norm_Run2: 29.53400253128221
sigma: 70.0
sigmaL: 71.6842171555749
sigmaR: 59.19167588447824
widthL: 71.6842171555749
widthR: 59.19167588447824
x0: 1240.0399766712308
