alphaL: 0.900070954589578
alphaR: 1.9468367339067978
event_sum: 36.269563006120805
mean: 1253.7903711359254
nL: 62.314989584314176
nR: 3.461136060394041
norm_2016: 9.976273515633007
norm_2017: 11.272915176618346
norm_2018: 15.863223354427639
norm_Run2: 36.269563006120805
sigma: 65.03888874491528
sigmaL: 47.973180837958715
sigmaR: 37.853699724748665
widthL: 47.973180837958715
widthR: 37.853699724748665
x0: 1253.7903711359254
