alphaL: 0.8036012440582124
alphaR: 1.284753391470739
event_sum: 26.713417787272967
mean: 1226.7413973092496
nL: 1.8544157032473716
nR: 8.002151250312664
norm_2016: 26.713417787272967
norm_2017: 26.713417787272967
norm_2018: 26.713417787272967
norm_Run2: 26.713417787272967
sigma: 125.0
sigmaL: 97.33617104246227
sigmaR: 73.98806904810245
widthL: 97.33617104246227
widthR: 73.98806904810245
x0: 1226.7413973092496
