alphaL: 0.8025090445035352
alphaR: 1.4839934359149045
event_sum: 29.53400253128221
mean: 1238.8479966548468
nL: 3.5861223830757014
nR: 4.408662399897066
norm_2016: 8.003993236794567
norm_2017: 9.219545997158791
norm_2018: 12.837397247239808
norm_Run2: 29.53400253128221
sigma: 70.0
sigmaL: 69.81120303985824
sigmaR: 60.29826410771528
widthL: 69.81120303985824
widthR: 60.29826410771528
x0: 1238.8479966548468
