alphaL: 0.7073906136408574
alphaR: 1.3381866389741133
event_sum: 18.774401099235885
mean: 1222.0225102451577
nL: 4.846941390141591
nR: 4.855641205668926
norm_2016: 4.67553848832677
norm_2017: 5.852483902037678
norm_2018: 8.576972325919959
norm_Run2: 19.104994716284406
sigma: 125.0
sigmaL: 86.02571001155539
sigmaR: 74.28483809495447
widthL: 86.02571001155539
widthR: 74.28483809495447
x0: 1222.0225102451577
