alphaL: 0.9525156326816251
alphaR: 2.514973705887857
event_sum: 26.697760243804854
mean: 1251.024236057448
nL: 60.02408694331331
nR: 2.012012038826904
norm_2016: 6.954640259309385
norm_2017: 8.233174691206772
norm_2018: 12.124475344088436
norm_Run2: 27.31229029460459
sigma: 65.03888874491528
sigmaL: 50.91836256118513
sigmaR: 35.83458917684521
widthL: 50.91836256118513
widthR: 35.83458917684521
x0: 1251.024236057448
