alphaL: 1.0831666942502007
alphaR: 1.388991527420921
event_sum: 21.195046980149186
mean: 1239.636473248796
nL: 3.5417901434699792
nR: 4.803025186923455
norm_2016: 5.488501110193333
norm_2017: 6.531711743803728
norm_2018: 9.586361430254742
norm_Run2: 21.6065742842518
sigma: 70.0
sigmaL: 82.75874425480367
sigmaR: 57.05206583796345
widthL: 82.75874425480367
widthR: 57.05206583796345
x0: 1239.636473248796
