alphaL: 0.9671764490562659
alphaR: 1.3318991182632505
event_sum: 22.242061382276006
mean: 1386.200254450384
nL: 4.8420213320451015
nR: 5.49740026513151
norm_2016: 5.638954302528873
norm_2017: 7.020489628077485
norm_2018: 10.00656744861044
norm_Run2: 22.242061382276006
sigma: 78.4
sigmaL: 90.47401612325484
sigmaR: 62.34915594126707
widthL: 90.47401612325484
widthR: 62.34915594126707
x0: 1386.200254450384
