alphaL: 1.191777295258669
alphaR: 1.4576315205187733
event_sum: 17.46709057962654
mean: 1388.050817067374
nL: 0.2000565263041417
nR: 2.137935102675777
norm: 17.46709057962654
sigma: 91
sigmaL: 140.15536429118706
sigmaR: 71.11064154276673
widthL: 140.15536429118706
widthR: 71.11064154276673
x0: 1388.050817067374
