alphaL: 1.3517195234895956
alphaR: 1.4739920236870139
event_sum: 14.344433820285056
mean: 1377.94262447593
nL: 0.20000336271953573
nR: 1.7968352654521216
norm: 14.344433820285056
sigma: 91
sigmaL: 133.91926882503245
sigmaR: 75.32542164419841
widthL: 133.91926882503245
widthR: 75.32542164419841
x0: 1377.94262447593
