alphaL: 1.2353482556350088
alphaR: 1.0751621358386216
event_sum: 0.9611399042812717
mean: 1062.5418565547857
nL: 0.9132067994562065
nR: 3.7063646949980327
norm: 0.9611399042812717
sigma: 105.0
sigmaL: 118.59037424121006
sigmaR: 44.57753990934003
widthL: 118.59037424121006
widthR: 44.57753990934003
x0: 1062.5418565547857
