alphaL: 1.067918313340391
alphaR: 1.286286644665772
event_sum: 0.5550734036252266
mean: 1034.093160872708
nL: 2.3144855394496746
nR: 4.404300396028204
norm: 0.5550734036252266
sigma: 105.0
sigmaL: 84.47142960460471
sigmaR: 65.18731825060644
widthL: 84.47142960460471
widthR: 65.18731825060644
x0: 1034.093160872708
