alphaL: 1.185103005142486
alphaR: 1.2069389402114368
event_sum: 9.620016998524672
fraction: 0.9734369765050637
mean: 1058.8842574378998
nL: 0.5280645148970592
nR: 3.1009187336421355
norm: 9.380085464370271
sigma: 105.0
sigmaL: 114.22966492200429
sigmaR: 48.496664063829165
widthL: 114.22966492200429
widthR: 48.496664063829165
x0: 1058.8842574378998
