alphaL: 1.2771913353574689
alphaR: 1.5035508921330032
event_sum: 0.9560684359831161
mean: 1058.2115394501375
nL: 1.0844265204921737
nR: 1.6300092994701267
norm: 0.9560684359831161
sigma: 105.0
sigmaL: 108.94871203374448
sigmaR: 49.51167325105077
widthL: 108.94871203374448
widthR: 49.51167325105077
x0: 1058.2115394501375
