alphaL: 1.2620725341841013
alphaR: 1.1571264527568765
event_sum: 5.560225005113354
fraction: 0.9806006475030943
mean: 1040.508406995401
nL: 0.9480536461731557
nR: 4.5
norm: 5.444162920064189
sigma: 105.0
sigmaL: 97.96614742122249
sigmaR: 59.609089640269225
widthL: 97.96614742122249
widthR: 59.609089640269225
x0: 1040.508406995401
