alphaL: 1.3388180167256118
alphaR: 1.5884426846122797
event_sum: 0.5524266625563721
mean: 1044.9449627339286
nL: 1.83448663117708
nR: 1.964330438917204
norm: 0.5524266625563721
sigma: 105.0
sigmaL: 106.94105010711526
sigmaR: 61.732658081119276
widthL: 106.94105010711526
widthR: 61.732658081119276
x0: 1044.9449627339286
