alphaL: 1.3737276182972995
alphaR: 1.985672374897206
event_sum: 9.337838356304788
mean: 2799.7065603727574
nL: 4.500143524028759
nR: 3.5503954304398957
norm: 9.337838356304788
sigma: 125.44241449013326
sigmaL: 116.17325850419316
sigmaR: 61.13753751146559
widthL: 116.17325850419316
widthR: 61.13753751146559
x0: 2799.7065603727574
