alphaL: 0.8435217735234195
alphaR: 2.2799741889786085
event_sum: 8.44666630769864
fraction: 0.9930395912320731
mean: 2792.1525922815313
nL: 53.596396551869034
nR: 2.4719347010379065
norm: 8.410218471593339
sigma: 126.15452272926126
sigmaL: 92.52035720605808
sigmaR: 65.86593372253094
widthL: 92.52035720605808
widthR: 65.86593372253094
x0: 2792.1525922815313
