alphaL: 1.1011158186405328
alphaR: 2.099737904005031
event_sum: 6.4495158860520165
mean: 2791.5608573943905
nL: 4.61980921536188
nR: 2.852903995526533
norm: 6.4495158860520165
sigma: 125.44241449013326
sigmaL: 95.1235688275129
sigmaR: 69.69105145798582
widthL: 95.1235688275129
widthR: 69.69105145798582
x0: 2791.5608573943905
