alphaL: 1.3232541447031192
alphaR: 1.9426971850070198
event_sum: 6.476017692837379
mean: 2798.8152957936027
nL: 4.4945631674154845
nR: 3.408304369408608
norm: 6.476017692837379
sigma: 125.44241449013326
sigmaL: 109.9541793829997
sigmaR: 65.78380245651654
widthL: 109.9541793829997
widthR: 65.78380245651654
x0: 2798.8152957936027
