alphaL: 1.5507054280170698
alphaR: 2.0545678597327823
event_sum: 9.303454063930035
mean: 2805.0928127670327
nL: 4.9175547050942265
nR: 3.0060672731213742
norm: 9.303454063930035
sigma: 125.44241449013326
sigmaL: 137.86627129654175
sigmaR: 59.07371542201583
widthL: 137.86627129654175
widthR: 59.07371542201583
x0: 2805.0928127670327
