alphaL: 1.0341184207472989
alphaR: 1.6461601875706264
event_sum: 25.43858676516894
fraction: 0.9985333577003596
mean: 2802.3848170994956
nL: 9.992865662426892
nR: 2.9415372374457434
norm: 25.2450102891801
sigma: 183.11674355912024
sigmaL: 104.66453620555092
sigmaR: 68.86741028902732
widthL: 104.66453620555092
widthR: 68.86741028902732
x0: 2802.3848170994956
