alphaL: 1.2615130396594305
alphaR: 1.5235197436766612
event_sum: 2.6117176701248344
mean: 2810.4038553071723
nL: 5.0
nR: 2.893676555067854
norm: 2.6117176701248344
sigma: 183.77373554672715
sigmaL: 117.25309792750797
sigmaR: 61.84547705253004
widthL: 117.25309792750797
widthR: 61.84547705253004
x0: 2810.4038553071723
