alphaL: 1.1446295979097485
alphaR: 2.1062797059311476
event_sum: 8.44666630769864
fraction: 0.9991292027433027
mean: 2796.2135553568382
nL: 9.986595997709216
nR: 3.216354399484033
norm: 8.445574997352702
sigma: 125.18660741017909
sigmaL: 107.20343109249396
sigmaR: 63.08974726955615
widthL: 107.20343109249396
widthR: 63.08974726955615
x0: 2796.2135553568382
