alphaL: 1.4810193243623853
alphaR: 1.953012140206303
event_sum: 4.956363446290603
mean: 2808.8732783553555
nL: 4.497094296516927
nR: 1.8553273513374497
norm: 4.956363446290603
sigma: 183.77373554672715
sigmaL: 127.87544083047635
sigmaR: 60.111456812310145
widthL: 127.87544083047635
widthR: 60.111456812310145
x0: 2808.8732783553555
