alphaL: 1.2525419365925967
alphaR: 2.053468810515552
event_sum: 4.947799951543742
mean: 2802.9081215411816
nL: 5.0
nR: 1.7493126398071397
norm: 4.947799951543742
sigma: 183.77373554672715
sigmaL: 114.55693884469652
sigmaR: 63.163997881333
widthL: 114.55693884469652
widthR: 63.163997881333
x0: 2802.9081215411816
