alphaL: 1.1000607844876142
alphaR: 1.8099529015130644
event_sum: 5.93355969943461
fraction: 0.9992138386370621
mean: 2795.3442280594445
nL: 9.556525007665662
nR: 4.5
norm: 5.933727669486694
sigma: 125.18660741017909
sigmaL: 99.94094116635326
sigmaR: 66.3035026762793
widthL: 99.94094116635326
widthR: 66.3035026762793
x0: 2795.3442280594445
