alphaL: 1.0325591415213833
alphaR: 2.0658860612731917
event_sum: 47.82793631432249
fraction: 0.9978750760421894
mean: 2799.3434380397066
nL: 10.0
nR: 1.7490499692812753
norm: 47.71488970679076
sigma: 183.11674355912024
sigmaL: 104.0640663928064
sigmaR: 65.17074951963319
widthL: 104.0640663928064
widthR: 65.17074951963319
x0: 2799.3434380397066
