alphaL: 1.3837231996147072
alphaR: 1.5587297636887885
event_sum: 2.615443754482109
mean: 2810.1971949059352
nL: 4.467736340676387
nR: 3.0081396659199573
norm: 2.615443754482109
sigma: 183.77373554672715
sigmaL: 121.80014465283958
sigmaR: 63.5939907961171
widthL: 121.80014465283958
widthR: 63.5939907961171
x0: 2810.1971949059352
