alphaL: 0.8730892487079847
alphaR: 2.0797637073286217
event_sum: 5.9079390937657825
mean: 2792.3751499206737
nL: 23.04098435496917
nR: 2.9937022390470727
norm_2016: 5.9079390937657825
norm_2017: 5.9079390937657825
norm_2018: 5.9079390937657825
norm_Run2: 5.9079390937657825
sigma: 126.15452272926126
sigmaL: 89.38263378768902
sigmaR: 68.9922915546282
widthL: 89.38263378768902
widthR: 68.9922915546282
x0: 2792.3751499206737
