alphaL: 0.8347846786680797
alphaR: 2.2828319142330837
event_sum: 8.410218471593339
mean: 2792.5133012907545
nL: 51.30589924067836
nR: 2.442459586963326
norm_2016: 8.410218471593339
norm_2017: 8.410218471593339
norm_2018: 8.410218471593339
norm_Run2: 8.410218471593339
sigma: 126.15452272926126
sigmaL: 92.38207465337837
sigmaR: 65.56604922678494
widthL: 92.38207465337837
widthR: 65.56604922678494
x0: 2792.5133012907545
