alphaL: 0.784011582117432
alphaR: 1.7794365175198812
event_sum: 24.994856771404354
mean: 2795.7642894087694
nL: 20.468123153321905
nR: 2.653153753111265
norm_2016: 24.994856771404354
norm_2017: 24.994856771404354
norm_2018: 24.994856771404354
norm_Run2: 24.994856771404354
sigma: 187.5168720104662
sigmaL: 87.0622734504085
sigmaR: 72.03473997213632
widthL: 87.0622734504085
widthR: 72.03473997213632
x0: 2795.7642894087694
