alphaL: 0.8656141139720358
alphaR: 1.3354699375004786
event_sum: 5.175690998451685
mean: 2749.6867806419555
nL: 0.799470240207947
nR: 5.386958153714236
norm_2016: 5.175690998451685
norm_2017: 5.175690998451685
norm_2018: 5.175690998451685
norm_Run2: 5.175690998451685
sigma: 156.8
sigmaL: 139.48397846306008
sigmaR: 117.8880961238545
widthL: 139.48397846306008
widthR: 117.8880961238545
x0: 2749.6867806419555
