alphaL: 0.784011582117432
alphaR: 1.7794365175198812
event_sum: 24.994856771404354
mean: 2795.7642894087694
nL: 20.468123153321905
nR: 2.653153753111265
norm_2016: 6.967548022939579
norm_2017: 7.703428082510032
norm_2018: 10.980004712048164
norm_Run2: 25.650980817497775
sigma: 187.5168720104662
sigmaL: 87.0622734504085
sigmaR: 72.03473997213632
widthL: 87.0622734504085
widthR: 72.03473997213632
x0: 2795.7642894087694
