alphaL: 0.9576927085627116
alphaR: 1.2287530433182743
event_sum: 3.4430102612269824
mean: 2735.235925942406
nL: 0.10484002069535354
nR: 5.5691997868007395
norm_2016: 0.8046118161162283
norm_2017: 1.0731235548165898
norm_2018: 1.5910764150149521
norm_Run2: 3.4688117859477705
sigma: 280.0
sigmaL: 219.03812503781882
sigmaR: 134.31890688233554
widthL: 219.03812503781882
widthR: 134.31890688233554
x0: 2735.235925942406
