alphaL: 0.7063565478212162
alphaR: 2.108371451343819
event_sum: 47.27832338735143
mean: 2794.4780149997223
nL: 97.68782378092122
nR: 1.7248147515408792
norm_2016: 11.62491684429341
norm_2017: 15.137129803618329
norm_2018: 21.950376696074528
norm_Run2: 48.71242334398627
sigma: 187.5168720104662
sigmaL: 83.46770827419311
sigmaR: 67.44252199439251
widthL: 83.46770827419311
widthR: 67.44252199439251
x0: 2794.4780149997223
