alphaL: 1.0754634479247773
alphaR: 1.168089143914937
event_sum: 5.821257482953406
mean: 2745.4053246472304
nL: 0.29674864894934005
nR: 5.953117943159986
norm_2016: 5.821257482953406
norm_2017: 5.821257482953406
norm_2018: 5.821257482953406
norm_Run2: 5.821257482953406
sigma: 280.0
sigmaL: 291.1950029497381
sigmaR: 129.05881482217893
widthL: 291.1950029497381
widthR: 129.05881482217893
x0: 2745.4053246472304
