alphaL: 0.8491418796024887
alphaR: 1.4564058539041587
event_sum: 8.914364181001918
mean: 2750.353434592569
nL: 1.5650093871300559
nR: 3.933982567472238
norm_2016: 2.0591958048446015
norm_2017: 2.7918291028826774
norm_2018: 4.164197307637648
norm_Run2: 9.015222215364927
sigma: 156.8
sigmaL: 151.17020274590644
sigmaR: 120.43906064353195
widthL: 151.17020274590644
widthR: 120.43906064353195
x0: 2750.353434592569
