alphaL: 0.8543126208687831
alphaR: 1.4756800657714195
event_sum: 8.914364181001918
mean: 2752.882584609548
nL: 1.5776680619867394
nR: 3.7473649691440363
norm_2016: 2.0591958048446015
norm_2017: 2.7918291028826774
norm_2018: 4.164197307637648
norm_Run2: 8.914364181001918
sigma: 156.8
sigmaL: 157.4337699198075
sigmaR: 119.91478270131
widthL: 157.4337699198075
widthR: 119.91478270131
x0: 2752.882584609548
