alphaL: 0.7841426104027351
alphaR: 1.2708630006282096
event_sum: 5.613289607246446
mean: 2701.2482498452096
nL: 0.936253484689743
nR: 6.1679838679552565
norm_2016: 1.4674237392332323
norm_2017: 1.6777937147386774
norm_2018: 2.530676156720352
norm_Run2: 5.613289607246446
sigma: 154.0
sigmaL: 125.31665386495136
sigmaR: 114.04613764471594
widthL: 125.31665386495136
widthR: 114.04613764471594
x0: 2701.2482498452096
