alphaL: 1.095492788456342
alphaR: 1.6766330218336793
event_sum: 10.402827403954763
fraction: 0.997951021111371
mean: 1712.709305030895
nL: 9.908081875738262
nR: 3.10884340050963
norm: 10.389168125769485
sigma: 90.40087339493128
sigmaL: 68.39012946470521
sigmaR: 44.012865877465956
widthL: 68.39012946470521
widthR: 44.012865877465956
x0: 1712.709305030895
