alphaL: 1.2696552580628586
alphaR: 1.9909770625107015
event_sum: 17.214688393208966
fraction: 0.9992072346277676
mean: 1709.2917100570075
nL: 9.996127788692656
nR: 3.9337036421007348
norm: 17.20600412648821
sigma: 79.79384202198378
sigmaL: 71.56311885555915
sigmaR: 46.244559142131244
widthL: 71.56311885555915
widthR: 46.244559142131244
x0: 1709.2917100570075
