alphaL: 1.2731607276694508
alphaR: 2.1123716521688287
event_sum: 17.117128102587174
mean: 1707.7625613414339
nL: 5.0
nR: 3.6023895797163337
norm: 17.117128102587174
sigma: 79.83334927153086
sigmaL: 69.24934990389846
sigmaR: 47.349194840782836
widthL: 69.24934990389846
widthR: 47.349194840782836
x0: 1707.7625613414339
