alphaL: 1.107346935538776
alphaR: 2.242544285701518
event_sum: 11.28262169708369
fraction: 0.9973507217600039
mean: 1705.4648225484495
nL: 9.75032540715695
nR: 1.9663956538480618
norm: 11.272594750943991
sigma: 90.40087339493128
sigmaL: 67.22783685519798
sigmaR: 45.48808820284145
widthL: 67.22783685519798
widthR: 45.48808820284145
x0: 1705.4648225484495
