alphaL: 1.3578019876176681
alphaR: 1.6990483744170946
event_sum: 1.033443551820417
mean: 1713.9986034472531
nL: 2.97254379391256
nR: 2.6728865352033595
norm: 1.033443551820417
sigma: 90.33720180894376
sigmaL: 72.05809129240365
sigmaR: 43.30665203848198
widthL: 72.05809129240365
widthR: 43.30665203848198
x0: 1713.9986034472531
