alphaL: 1.6316766197404278
alphaR: 2.1755142165075503
event_sum: 13.887605604100802
mean: 1711.5275761441349
nL: 4.515426709998776
nR: 2.9548043260922356
norm: 13.887605604100802
sigma: 79.83334927153086
sigmaL: 83.26922293405975
sigmaR: 40.82067329176212
widthL: 83.26922293405975
widthR: 40.82067329176212
x0: 1711.5275761441349
