alphaL: 1.4194433682464214
alphaR: 2.2563791764763415
event_sum: 13.911038017949158
fraction: 0.9990755769923504
mean: 1709.873495276381
nL: 9.863806512969884
nR: 2.6814290275318937
norm: 13.910556671606065
sigma: 79.79384202198378
sigmaL: 80.08840019228845
sigmaR: 41.66185049720525
widthL: 80.08840019228845
widthR: 41.66185049720525
x0: 1709.873495276381
