alphaL: 1.4076323242983306
alphaR: 2.3709604634121364
event_sum: 13.842038096653765
mean: 1709.0228748336688
nL: 4.777766953407559
nR: 2.248225066036906
norm: 13.842038096653765
sigma: 79.83334927153086
sigmaL: 77.808674711588
sigmaR: 42.30921323785461
widthL: 77.808674711588
widthR: 42.30921323785461
x0: 1709.0228748336688
