alphaL: 1.4898416803274837
alphaR: 1.9277768141232188
event_sum: 17.184763277008965
mean: 1711.5773220504852
nL: 4.4932816462576515
nR: 4.343909121746054
norm: 17.184763277008965
sigma: 79.83334927153086
sigmaL: 76.28892425130338
sigmaR: 44.882326251924724
widthL: 76.28892425130338
widthR: 44.882326251924724
x0: 1711.5773220504852
