alphaL: 1.281877908657467
alphaR: 2.3254768582962124
event_sum: 1.1228889971548617
mean: 1705.1331674309774
nL: 3.4443207546706245
nR: 1.5820188157758581
norm: 1.1228889971548617
sigma: 90.33720180894376
sigmaL: 69.75308035303598
sigmaR: 46.59993242439818
widthL: 69.75308035303598
widthR: 46.59993242439818
x0: 1705.1331674309774
