alphaL: 1.3456964562431635
alphaR: 2.0924115983031664
event_sum: 1.1264908918218741
mean: 1700.4750429839078
nL: 3.5169700296635042
nR: 3.900350119474322
norm: 1.1264908918218741
sigma: 90.33720180894376
sigmaL: 67.4820609188018
sigmaR: 49.09203590984184
widthL: 67.4820609188018
widthR: 49.09203590984184
x0: 1700.4750429839078
