alphaL: 1.4019996211748074
alphaR: 1.7237203852547616
event_sum: 1.0377922068986556
mean: 1713.922536278264
nL: 4.003130542129832
nR: 2.6229659322962022
norm: 1.0377922068986556
sigma: 90.33720180894376
sigmaL: 74.4296254447443
sigmaR: 43.44663711793663
widthL: 74.4296254447443
widthR: 43.44663711793663
x0: 1713.922536278264
