alphaL: 0.8689441955728147
alphaR: 1.4318835328271171
event_sum: 2.9136909759788865
mean: 1276.8256928689923
nL: 0.6399942451759046
nR: 4.43572577503673
norm: 2.9136909759788865
sigma: 130.0
sigmaL: 102.89055150407464
sigmaR: 78.17404689249715
widthL: 102.89055150407464
widthR: 78.17404689249715
x0: 1276.8256928689923
