alphaL: 0.9740583581693834
alphaR: 1.2380407192527343
event_sum: 20.393714773861223
fraction: 0.9376730017745099
mean: 1281.4006289435392
nL: 2.549833973087013
nR: 4.435540655439842
norm: 18.903625131690234
sigma: 130.0
sigmaL: 116.30254315612818
sigmaR: 68.6293968268706
widthL: 116.30254315612818
widthR: 68.6293968268706
x0: 1281.4006289435392
