alphaL: 0.717450845533817
alphaR: 1.4347652414726104
event_sum: 28.859486413590925
fraction: 0.9187112416606144
mean: 1277.127024266812
nL: 2.326024954625978
nR: 4.5
norm: 25.662900396214074
sigma: 130.0
sigmaL: 99.3989185132932
sigmaR: 77.58636421574445
widthL: 99.3989185132932
widthR: 77.58636421574445
x0: 1277.127024266812
