alphaL: 1.1163583993617463
alphaR: 1.2637896208227857
event_sum: 2.065897428111163
mean: 1281.4988287983429
nL: 1.3763581628700285
nR: 4.042538220067626
norm: 2.065897428111163
sigma: 130.0
sigmaL: 118.65602174946217
sigmaR: 68.07595404291676
widthL: 118.65602174946217
widthR: 68.07595404291676
x0: 1281.4988287983429
