alphaL: 1.0410328119055023
alphaR: 1.4829540790301743
event_sum: 1.9929419024457897
mean: 1277.7479891923656
nL: 1.790149543102788
nR: 2.626795890974569
norm: 1.9929419024457897
sigma: 130.0
sigmaL: 116.24669255562094
sigmaR: 74.40302948512104
widthL: 116.24669255562094
widthR: 74.40302948512104
x0: 1277.7479891923656
