alphaL: 1.2989994003293772
alphaR: 0.7568432270436545
event_sum: 2.755249309447725
mean: 1309.407755552348
nL: 0.5077323253862489
nR: 4.689683353208048
norm: 2.755249309447725
sigma: 130.0
sigmaL: 154.11551351118382
sigmaR: 40.42538922252587
widthL: 154.11551351118382
widthR: 40.42538922252587
x0: 1309.407755552348
