alphaL: 0.5851670555397875
alphaR: 1.5639019980535587
event_sum: 3.3675236939993853
mean: 2922.3952717017446
nL: 1.536082355342666
nR: 2.962190041716883
norm: 3.3675236939993853
sigma: 255.21287945842604
sigmaL: 239.8355247088523
sigmaR: 155.5321343040938
widthL: 239.8355247088523
widthR: 155.5321343040938
x0: 2922.3952717017446
