alphaL: 0.7346636281267284
alphaR: 1.4729867917164594
event_sum: 3.3675236939993853
mean: 2939.3768674693447
nL: 1.1163240019243363
nR: 2.997071232153579
norm: 3.3675236939993853
sigma: 255
sigmaL: 289.36061200329794
sigmaR: 143.98193778964685
widthL: 289.36061200329794
widthR: 143.98193778964685
x0: 2939.3768674693447
