alphaL: 0.7536095498881974
alphaR: 0.986523535768177
event_sum: 0.28237843321725337
mean: 3022.9634531060565
nL: 0.20012101088022702
nR: 1.3294476124311534
norm: 0.28237843321725337
sigma: 255.48384456075382
sigmaL: 311.07324873207034
sigmaR: 62.193446974442374
widthL: 311.07324873207034
widthR: 62.193446974442374
x0: 3022.9634531060565
