alphaL: 0.8593976475871555
alphaR: 1.2405377619627087
event_sum: 0.5091666985349529
mean: 2982.3660715654783
nL: 1.0557125034916617
nR: 2.413962348635235
norm: 0.5091666985349529
sigma: 255.48384456075382
sigmaL: 359.5266594026949
sigmaR: 104.45490647948783
widthL: 359.5266594026949
widthR: 104.45490647948783
x0: 2982.3660715654783
