alphaL: 0.7537346399618644
alphaR: 0.9876436409084782
event_sum: 0.28237843321725337
mean: 3022.8867411193382
nL: 0.2001074348206301
nR: 1.3199072115190058
norm: 0.28237843321725337
sigma: 255.48384456075382
sigmaL: 311.27920984316717
sigmaR: 62.10187860688869
widthL: 311.27920984316717
widthR: 62.10187860688869
x0: 3022.8867411193382
