alphaL: 0.7185550313967135
alphaR: 0.8164003464275192
event_sum: 1.8687238039225407
mean: 2984.096814479371
nL: 0.20000235930590288
nR: 2.9344154993337535
norm: 1.8687238039225407
sigma: 255.15199766028056
sigmaL: 245.00234391812978
sigmaR: 82.73002733053792
widthL: 245.00234391812978
widthR: 82.73002733053792
x0: 2984.096814479371
