alphaL: 0.7328044247740241
alphaR: 0.8907480965363529
event_sum: 1.8687238039225407
mean: 2981.520331625242
nL: 0.20019440725708612
nR: 2.9933586223442212
norm: 1.8687238039225407
sigma: 255.21287945842604
sigmaL: 251.81313893404842
sigmaR: 89.97433031882805
widthL: 251.81313893404842
widthR: 89.97433031882805
x0: 2981.520331625242
