alphaL: 0.7231799281044274
alphaR: 0.9630635360325277
event_sum: 0.7926680003357047
mean: 3015.5752794087116
nL: 0.20005872910704378
nR: 1.2698602208165877
norm: 0.7926680003357047
sigma: 255
sigmaL: 333.3543042173465
sigmaR: 71.01579439062176
widthL: 333.3543042173465
widthR: 71.01579439062176
x0: 3015.5752794087116
