alphaL: 0.10000047397120551
alphaR: 0.3955823461970351
event_sum: 19.32384870415283
mean: 3014.5721789021136
nL: 0.20000674064819474
nR: 2.989543784403655
norm: 19.32384870415283
sigma: 255
sigmaL: 1275.3808010089601
sigmaR: 30.459145076833465
widthL: 1275.3808010089601
widthR: 30.459145076833465
x0: 3014.5721789021136
