alphaL: 0.3519097406204878
alphaR: 1.663591763670766
event_sum: 3.3675236939993853
mean: 2909.9616733190996
nL: 2.816679860720871
nR: 2.9926347651356204
norm: 3.3675236939993853
sigma: 255.15199766028056
sigmaL: 162.03966430124083
sigmaR: 163.77123177250223
widthL: 162.03966430124083
widthR: 163.77123177250223
x0: 2909.9616733190996
