alphaL: 0.5387510804152889
alphaR: 1.4928605508052777
event_sum: 4.743292643530177
mean: 2936.882363102758
nL: 1.1864851220149235
nR: 2.997399859724876
norm: 4.743292643530177
sigma: 255
sigmaL: 243.5272256922828
sigmaR: 146.23918208235995
widthL: 243.5272256922828
widthR: 146.23918208235995
x0: 2936.882363102758
