alphaL: 0.10006255231918224
alphaR: 0.10000758051404625
event_sum: 6.115103140424288
mean: 2700.149865626728
nL: 0.20018767037816337
nR: 2.9339331316131547
norm: 6.115103140424288
sigma: 255
sigmaL: 1275.7484789837367
sigmaR: 13.713694220577155
widthL: 1275.7484789837367
widthR: 13.713694220577155
x0: 2700.149865626728
