alphaL: 0.6295969978885346
alphaR: 1.5237427736569218
event_sum: 0.5091666985349529
mean: 2947.113972091657
nL: 2.8951156284307293
nR: 2.7630899369220048
norm: 0.5091666985349529
sigma: 255.48384456075382
sigmaL: 297.6093382857522
sigmaR: 141.12448699458014
widthL: 297.6093382857522
widthR: 141.12448699458014
x0: 2947.113972091657
