alphaL: 0.5327204144141913
alphaR: 0.9688834518128442
event_sum: 0.5852417064888868
mean: 3024.412327457572
nL: 1.0000034158393498
nR: 2.746876403330371
norm: 0.5852417064888868
sigma: 300.0
sigmaL: 438.89971242280825
sigmaR: 72.8864543913224
widthL: 438.89971242280825
widthR: 72.8864543913224
x0: 3024.412327457572
