alphaL: 0.14803459756809037
alphaR: 1.1598343526978616
event_sum: 0.39208291081740754
mean: 3032.0962130518496
nL: 1.0000026080930775
nR: 3.1239896343813576
norm: 0.39208291081740754
sigma: 300.0
sigmaL: 703.1288001100245
sigmaR: 89.29132258152377
widthL: 703.1288001100245
widthR: 89.29132258152377
x0: 3032.0962130518496
