alphaL: 1.1105086642341817
alphaR: 1.4338628172472558
event_sum: 0.4994013669202104
mean: 2954.181120543505
nL: 0.14861449751645542
nR: 2.3410650777470976
norm: 0.4994013669202104
sigma: 300.0
sigmaL: 333.3097406016241
sigmaR: 133.29070137159152
widthL: 333.3097406016241
widthR: 133.29070137159152
x0: 2954.181120543505
