alphaL: 0.5134841987808452
alphaR: 0.9069864951035375
event_sum: 14.879686929227319
fraction: 0.6139628035953514
mean: 2973.582586325374
nL: 0.40000176638445023
nR: 4.082528122956377
norm: 2.484705113922246
sigma: 300.0
sigmaL: 230.84301001279633
sigmaR: 100.83336061015592
widthL: 230.84301001279633
widthR: 100.83336061015592
x0: 2973.582586325374
