alphaL: 1.0528558124083442
alphaR: 0.9091090292883501
event_sum: 0.37333907259016996
mean: 3024.370941917003
nL: 3.2726263470026455
nR: 1.923227052992612
norm: 0.37333907259016996
sigma: 217.91794754304522
sigmaL: 441.63988338306854
sigmaR: 60.866108324119864
widthL: 441.63988338306854
widthR: 60.866108324119864
x0: 3024.370941917003
