alphaL: 0.5922177826719774
alphaR: 0.9636923175082934
event_sum: 1.5352755374988192
mean: 2997.127605287315
nL: 1.0000049729713643
nR: 2.205320966783822
norm: 1.5352755374988192
sigma: 300.0
sigmaL: 415.55774973948263
sigmaR: 87.18741691741072
widthL: 415.55774973948263
widthR: 87.18741691741072
x0: 2997.127605287315
