alphaL: 0.83269126246111
alphaR: 0.6330803233519601
event_sum: 0.2994233627541689
mean: 3014.801004752815
nL: 0.1000075066814046
nR: 2.3571450191166408
norm: 0.2994233627541689
sigma: 300.0
sigmaL: 275.1228827314676
sigmaR: 52.757616843322964
widthL: 275.1228827314676
widthR: 52.757616843322964
x0: 3014.801004752815
