alphaL: 0.10069715235425143
alphaR: 1.0733668809498338
event_sum: 0.39208291081740754
mean: 3016.5844394499068
nL: 1.0002625161183034
nR: 4.393105691860927
norm: 0.39208291081740754
sigma: 300.0
sigmaL: 1162.9647179922442
sigmaR: 114.76993560932792
widthL: 1162.9647179922442
widthR: 114.76993560932792
x0: 3016.5844394499068
