alphaL: 0.968871345416231
alphaR: 0.6968151601875384
event_sum: 1.2063702934319736
mean: 2991.0572072700393
nL: 0.5064988225766407
nR: 4.072134780964193
norm: 1.2063702934319736
sigma: 300.0
sigmaL: 375.91942262482513
sigmaR: 68.53720327671584
widthL: 375.91942262482513
widthR: 68.53720327671584
x0: 2991.0572072700393
