alphaL: 0.9683591785156717
alphaR: 1.1179060033217696
event_sum: 11.681125609669834
fraction: 0.6815873093488053
mean: 2958.2581010762437
nL: 0.40000027056739157
nR: 4.233816551448157
norm: 4.372262093122117
sigma: 300.0
sigmaL: 324.6991120737094
sigmaR: 117.03367908060089
widthL: 324.6991120737094
widthR: 117.03367908060089
x0: 2958.2581010762437
