alphaL: 0.48489512963751297
alphaR: 0.7622035062455804
event_sum: 0.5852417064888868
mean: 3011.1866674546814
nL: 1.011528965384471
nR: 3.5422738363456654
norm: 0.5852417064888868
sigma: 300.0
sigmaL: 370.12752709501274
sigmaR: 68.9834495560219
widthL: 370.12752709501274
widthR: 68.9834495560219
x0: 3011.1866674546814
