alphaL: 0.7914142960158639
alphaR: 0.9384067737668618
event_sum: 1.2063702934319736
mean: 2999.9856314056087
nL: 1.0000056745546544
nR: 2.1325732283711076
norm: 1.2063702934319736
sigma: 300.0
sigmaL: 358.49909914385563
sigmaR: 69.80672495657555
widthL: 358.49909914385563
widthR: 69.80672495657555
x0: 2999.9856314056087
