alphaL: 1.0086659154561213
alphaR: 1.140914731027366
event_sum: 11.681125609669834
fraction: 0.6702432628024532
mean: 2950.2272874665164
nL: 0.33205693487445
nR: 4.9713514135345305
norm: 4.372262093122117
sigma: 300.0
sigmaL: 317.9461572833138
sigmaR: 122.42528485582979
widthL: 317.9461572833138
widthR: 122.42528485582979
x0: 2950.2272874665164
