alphaL: 0.7577052513305794
alphaR: 0.9559841732288751
event_sum: 0.1981408547508181
mean: 3011.6513085610977
nL: 0.20007496233135336
nR: 1.239334123281651
norm: 0.1981408547508181
sigma: 217.91794754304522
sigmaL: 273.588504065252
sigmaR: 61.20295405752406
widthL: 273.588504065252
widthR: 61.20295405752406
x0: 3011.6513085610977
