alphaL: 0.5056454080269794
alphaR: 1.1019908855027634
event_sum: 14.879686929227319
fraction: 0.5934463016637452
mean: 2950.312457574835
nL: 0.30000161747644416
nR: 5.198546313779164
norm: 2.484705113922246
sigma: 300.0
sigmaL: 176.4990129947701
sigmaR: 126.22757906350174
widthL: 176.4990129947701
widthR: 126.22757906350174
x0: 2950.312457574835
