alphaL: 0.3938256055169638
alphaR: 0.9314876819491866
event_sum: 1.5352755374988192
mean: 2974.6200311027987
nL: 0.5000042232360253
nR: 4.050871970478928
norm: 1.5352755374988192
sigma: 300.0
sigmaL: 204.2862171060266
sigmaR: 97.99955845345168
widthL: 204.2862171060266
widthR: 97.99955845345168
x0: 2974.6200311027987
