alphaL: 0.7844693971882007
alphaR: 1.6092100460585812
event_sum: 0.32295980612063796
mean: 2455.727285586786
nL: 2.1349665873306023
nR: 2.204159989864276
norm: 0.32295980612063796
sigma: 140.0
sigmaL: 122.85507731660874
sigmaR: 107.40957458454928
widthL: 122.85507731660874
widthR: 107.40957458454928
x0: 2455.727285586786
