alphaL: 1.0279773373263308
alphaR: 1.5002135683237705
event_sum: 8.047064845761458
fraction: 0.8127825146434877
mean: 2461.5591790552344
nL: 0.8832376081553514
nR: 4.110357648687595
norm: 3.59003891575399
sigma: 140.0
sigmaL: 160.70867513874165
sigmaR: 106.68457000478062
widthL: 160.70867513874165
widthR: 106.68457000478062
x0: 2461.5591790552344
