alphaL: 1.1499540088026565
alphaR: 1.6128400097885751
event_sum: 0.5818983315295218
mean: 2447.492520127503
nL: 1.0578822864781314
nR: 3.283882387916244
norm: 0.5818983315295218
sigma: 140.0
sigmaL: 154.6409268187558
sigmaR: 112.81690309404458
widthL: 154.6409268187558
widthR: 112.81690309404458
x0: 2447.492520127503
