alphaL: 0.9574813549530626
alphaR: 2.120622340799655
event_sum: 0.5536684338724054
mean: 2435.4722093375954
nL: 2.4918545724668792
nR: 2.927412106642756
norm: 0.5536684338724054
sigma: 140.0
sigmaL: 143.5896981678205
sigmaR: 128.69263623585528
widthL: 143.5896981678205
widthR: 128.69263623585528
x0: 2435.4722093375954
