alphaL: 1.0407304876139027
alphaR: 1.9850453447570202
event_sum: 0.342168101689694
mean: 2436.929739400891
nL: 0.9929900211777641
nR: 4.036355231816779
norm: 0.342168101689694
sigma: 140.0
sigmaL: 166.5033274787848
sigmaR: 139.08065866545508
widthL: 166.5033274787848
widthR: 139.08065866545508
x0: 2436.929739400891
