alphaL: 1.3173852678356834
alphaR: 1.2678088871894886
event_sum: 8.714009875399142
fraction: 0.8495010348902023
mean: 2467.1530811395064
nL: 0.7026500428136274
nR: 4.4922726762544105
norm: 6.035308785571985
sigma: 140.0
sigmaL: 169.91258403519302
sigmaR: 92.8701318329847
widthL: 169.91258403519302
widthR: 92.8701318329847
x0: 2467.1530811395064
