alphaL: 1.410700984461076
alphaR: 1.8514122263776334
event_sum: 1.9683224750418356
mean: 2154.350233269066
nL: 4.489931077446228
nR: 2.228217876117876
norm: 1.9683224750418356
sigma: 119.01351898602982
sigmaL: 97.56992747767615
sigmaR: 48.48868788711007
widthL: 97.56992747767615
widthR: 48.48868788711007
x0: 2154.350233269066
