alphaL: 1.3580158349544382
alphaR: 1.9684987417003863
event_sum: 9.922022616613313
mean: 2144.3475013483626
nL: 4.4968584049160585
nR: 4.044517129685713
norm: 9.922022616613313
sigma: 97.12485097479438
sigmaL: 85.48632067869482
sigmaR: 54.15160168621554
widthL: 85.48632067869482
widthR: 54.15160168621554
x0: 2144.3475013483626
