alphaL: 1.3728332531546226
alphaR: 1.7386650856624228
event_sum: 1.288019740951828
mean: 2153.3524390518673
nL: 4.280861139606262
nR: 2.8293331137439806
norm: 1.288019740951828
sigma: 119.01351898602982
sigmaL: 93.0382504835806
sigmaR: 53.574318897292315
widthL: 93.0382504835806
widthR: 53.574318897292315
x0: 2153.3524390518673
