alphaL: 1.195822999176448
alphaR: 1.9373152922036943
event_sum: 9.885807905526054
mean: 2141.3214617158387
nL: 4.651841323540726
nR: 4.2281975505812275
norm: 9.885807905526054
sigma: 97.12485097479438
sigmaL: 78.90440354487554
sigmaR: 55.4199911271657
widthL: 78.90440354487554
widthR: 55.4199911271657
x0: 2141.3214617158387
