alphaL: 1.348652882106824
alphaR: 2.0909685200251267
event_sum: 11.182846091409392
fraction: 0.999034451737394
mean: 2146.151526495107
nL: 9.85786296371556
nR: 2.889792629846022
norm: 11.18121834299058
sigma: 97.07744858768761
sigmaL: 95.58446374636954
sigmaR: 50.102075831726424
widthL: 95.58446374636954
widthR: 50.102075831726424
x0: 2146.151526495107
