alphaL: 1.5056632632025355
alphaR: 1.9580366174223414
event_sum: 11.167090490850134
mean: 2148.372906859122
nL: 4.49931831893515
nR: 3.7917751479517694
norm: 11.167090490850134
sigma: 97.12485097479438
sigmaL: 99.27258354010532
sigmaR: 49.34450627079808
widthL: 99.27258354010532
widthR: 49.34450627079808
x0: 2148.372906859122
