alphaL: 1.1485724016244911
alphaR: 1.87365610782964
event_sum: 19.730812782113055
fraction: 0.9975095465248441
mean: 2150.7988282897163
nL: 10.0
nR: 2.3140804480659254
norm: 19.702358249875093
sigma: 119.03172709213842
sigmaL: 89.52331114376642
sigmaR: 50.1012690712889
widthL: 89.52331114376642
widthR: 50.1012690712889
x0: 2150.7988282897163
