alphaL: 0.9660010451010097
alphaR: 2.270406981848616
event_sum: 22.931214342095174
fraction: 0.9943028271549317
mean: 2145.918614578548
nL: 116.44243529953728
nR: 2.494458741086005
norm: 11.142854420634375
sigma: 99.02269399710751
sigmaL: 81.71719135921771
sigmaR: 53.162514857977534
widthL: 81.71719135921771
widthR: 53.162514857977534
x0: 2145.918614578548
