alphaL: 1.2244709888280976
alphaR: 2.0317229171243203
event_sum: 11.122596715330639
mean: 2143.8341240189984
nL: 4.866055152719083
nR: 3.7105653024203473
norm: 11.122596715330639
sigma: 97.12485097479438
sigmaL: 88.31981028393795
sigmaR: 51.406307421115756
widthL: 88.31981028393795
widthR: 51.406307421115756
x0: 2143.8341240189984
