alphaL: 1.2105065785643985
alphaR: 1.8391150054288614
event_sum: 1.2843016774224916
mean: 2147.3832694265693
nL: 4.1307999122079755
nR: 2.5173864690544603
norm: 1.2843016774224916
sigma: 119.01351898602982
sigmaL: 84.20474972194202
sigmaR: 57.34144811430868
widthL: 84.20474972194202
widthR: 57.34144811430868
x0: 2147.3832694265693
