alphaL: 0.9761287187795289
alphaR: 1.908780145272459
event_sum: 12.922324326574675
fraction: 0.997112011977252
mean: 2143.8752939215574
nL: 10.0
nR: 2.38255387161054
norm: 12.900713156005299
sigma: 119.03172709213842
sigmaL: 75.52756396868266
sigmaR: 59.20164641154628
widthL: 75.52756396868266
widthR: 59.20164641154628
x0: 2143.8752939215574
