alphaL: 1.311304355609793
alphaR: 1.8209654041333043
event_sum: 1.9620981405768452
mean: 2152.3836581179467
nL: 4.0817694936622
nR: 2.336598848124453
norm: 1.9620981405768452
sigma: 119.01351898602982
sigmaL: 92.8013944980762
sigmaR: 48.66427715215894
widthL: 92.8013944980762
widthR: 48.66427715215894
x0: 2152.3836581179467
