alphaL: 1.1415385948517522
alphaR: 2.026577750395434
event_sum: 9.95263311170455
fraction: 0.999210256892395
mean: 2140.0930468922297
nL: 9.612146854616727
nR: 4.160322403184686
norm: 9.951065262809989
sigma: 97.07744858768761
sigmaL: 78.13097638614299
sigmaR: 56.512894174731784
widthL: 78.13097638614299
widthR: 56.512894174731784
x0: 2140.0930468922297
