alphaL: 1.3315524095830216
alphaR: 2.355817605473604
event_sum: 215.48966139205731
mean: 905.6743121006449
nL: 149.47360800442112
nR: 4.230332367992295
norm_2016: 58.85026772902347
norm_2017: 69.8849917575717
norm_2018: 96.59946583211422
norm_Run2: 215.48966139205731
sigma: 45.37884874203543
sigmaL: 45.75229170839732
sigmaR: 29.113397276874785
widthL: 45.75229170839732
widthR: 29.113397276874785
x0: 905.6743121006449
