alphaL: 1.3034009821043517
alphaR: 2.6815922348956893
event_sum: 81.90080646472052
mean: 902.1650350408387
nL: 148.82782629203504
nR: 4.511150373378715
norm_2016: 21.416740607935935
norm_2017: 25.765520503744483
norm_2018: 38.76086790114641
norm_Run2: 81.90080646472052
sigma: 45.37884874203543
sigmaL: 47.8405530645285
sigmaR: 29.176294935026434
widthL: 47.8405530645285
widthR: 29.176294935026434
x0: 902.1650350408387
