alphaL: 1.2934893142185528
alphaR: 1.3938364248395585
event_sum: 15.97329840308521
mean: 898.7737325535625
nL: 3.995525179494428
nR: 3.439069902706722
norm_2016: 4.085790294455364
norm_2017: 4.854180695838295
norm_2018: 7.281975612859242
norm_Run2: 15.97329840308521
sigma: 50.4
sigmaL: 67.31717617698801
sigmaR: 39.83561854534863
widthL: 67.31717617698801
widthR: 39.83561854534863
x0: 898.7737325535625
