alphaL: 0.8064342024004859
alphaR: 1.608567890974981
event_sum: 14.299520380562171
mean: 876.7404249398022
nL: 20.520597025444523
nR: 2.763756091907617
norm_2016: 3.7502327143447474
norm_2017: 4.403901065059472
norm_2018: 6.396491632913239
norm_Run2: 14.299520380562171
sigma: 90.0
sigmaL: 63.937759219050385
sigmaR: 63.42048960760658
widthL: 63.937759219050385
widthR: 63.42048960760658
x0: 876.7404249398022
