alphaL: 1.2239095171984078
alphaR: 1.55031471779076
event_sum: 0.7807029413493919
mean: 1031.2896669727727
nL: 3.5253040327147467
nR: 3.2367902396766923
norm: 0.7807029413493919
sigma: 105.0
sigmaL: 101.54632737583727
sigmaR: 65.94325819135821
widthL: 101.54632737583727
widthR: 65.94325819135821
x0: 1031.2896669727727
