alphaL: 1.1172784241283933
alphaR: 1.162623162801785
event_sum: 1.2803115002108512
mean: 1056.2987234828834
nL: 4.084485451116693
nR: 2.7924919616681962
norm: 1.2803115002108512
sigma: 105.0
sigmaL: 119.00098019931221
sigmaR: 43.13554777494082
widthL: 119.00098019931221
widthR: 43.13554777494082
x0: 1056.2987234828834
