alphaL: 1.2392918919382159
alphaR: 1.407572307155173
event_sum: 1.2729344735496524
mean: 1039.8315528535536
nL: 1.281202297394738
nR: 2.925906471664042
norm: 1.2729344735496524
sigma: 105.0
sigmaL: 107.52563924949013
sigmaR: 58.264614935931036
widthL: 107.52563924949013
widthR: 58.264614935931036
x0: 1039.8315528535536
