alphaL: 1.0548358391007797
alphaR: 1.326550596994317
event_sum: 12.81054328008891
fraction: 0.9796961277392789
mean: 1037.4466358913307
nL: 2.1293449185707463
nR: 3.993782760417223
norm: 12.485095215853852
sigma: 105.0
sigmaL: 98.24999477746279
sigmaR: 58.923252443181994
widthL: 98.24999477746279
widthR: 58.923252443181994
x0: 1037.4466358913307
