alphaL: 1.0967206852206237
alphaR: 1.5778709908910142
event_sum: 0.7769150948377214
mean: 1025.8585592914894
nL: 2.7672674606087053
nR: 2.553496829798588
norm: 0.7769150948377214
sigma: 105.0
sigmaL: 91.57006952203015
sigmaR: 69.39326794035321
widthL: 91.57006952203015
widthR: 69.39326794035321
x0: 1025.8585592914894
