alphaL: 1.390137821352662
alphaR: 1.224091731263119
event_sum: 7.822924409711622
fraction: 0.9811350471880703
mean: 1035.9043352110878
nL: 1.431704789137344
nR: 4.44292239687832
norm: 7.653556107332401
sigma: 105.0
sigmaL: 100.53228623478466
sigmaR: 58.2707729894386
widthL: 100.53228623478466
widthR: 58.2707729894386
x0: 1035.9043352110878
