alphaL: 1.0245500010858484
alphaR: 1.0205428345611864
event_sum: 6.153970023546363
fraction: 0.6964456576519548
mean: 2779.1713286695804
nL: 0.4051800581649206
nR: 3.747912778855262
norm: 2.823321121761419
sigma: 280.0
sigmaL: 337.9930396110902
sigmaR: 96.59898028766331
widthL: 337.9930396110902
widthR: 96.59898028766331
x0: 2779.1713286695804
