alphaL: 0.879812505664082
alphaR: 1.4237641651165454
event_sum: 0.17717593247174554
mean: 2759.624588387212
nL: 0.10619979334804701
nR: 2.2112089967591584
norm: 0.17717593247174554
sigma: 280.0
sigmaL: 239.40371181358682
sigmaR: 126.42471440841388
widthL: 239.40371181358682
widthR: 126.42471440841388
x0: 2759.624588387212
