alphaL: 1.2195254604795653
alphaR: 1.1893596875006383
event_sum: 0.3051661360199222
mean: 2782.6895315075826
nL: 0.13562636352730248
nR: 3.2743421659964924
norm: 0.3051661360199222
sigma: 280.0
sigmaL: 357.6009626113938
sigmaR: 111.62413207137433
widthL: 357.6009626113938
widthR: 111.62413207137433
x0: 2782.6895315075826
