alphaL: 0.5947446569077172
alphaR: 0.6477314676302088
event_sum: 6.79691177998004
fraction: 0.6406681395305175
mean: 2760.9120569204747
nL: 0.43787674532996473
nR: 4.2992625243137175
norm: 1.5481104302051185
sigma: 280.0
sigmaL: 146.92409619742583
sigmaR: 71.2340177151452
widthL: 146.92409619742583
widthR: 71.2340177151452
x0: 2760.9120569204747
