alphaL: 0.6647854085821694
alphaR: 1.061773465055807
event_sum: 0.3523637323420147
mean: 2828.944552638923
nL: 1.0001416642551093
nR: 2.2435634813626093
norm: 0.3523637323420147
sigma: 280.0
sigmaL: 387.839243893814
sigmaR: 73.3996999709557
widthL: 387.839243893814
widthR: 73.3996999709557
x0: 2828.944552638923
