alphaL: 0.16197361755795928
alphaR: 0.9300655668539114
event_sum: 0.22889078298484744
mean: 2840.7209354179254
nL: 1.000168803331323
nR: 3.1995045340355897
norm: 0.22889078298484744
sigma: 280.0
sigmaL: 647.604821999675
sigmaR: 86.07938365321847
widthL: 647.604821999675
widthR: 86.07938365321847
x0: 2840.7209354179254
