alphaL: 2.9817664018996566
alphaR: 4.606683774640295
event_sum: 8.674832453998064
mean: 721.3110688013153
nL: 2.9968892681871533
nR: 1.4005956621262021
norm: 8.674832453998064
sigma: 104
sigmaL: 70.46807112120817
sigmaR: 155.07477421776255
widthL: 70.46807112120817
widthR: 155.07477421776255
x0: 721.3110688013153
