alphaL: 1.8940414333790536
alphaR: 1.1188850045896126
event_sum: 24.504073388962254
mean: 708.998918963069
nL: 2.9990903146441314
nR: 0.20000388200095892
norm: 24.504073388962254
sigma: 100.33232579822645
sigmaL: 54.84242522877685
sigmaR: 28.900277579655892
widthL: 54.84242522877685
widthR: 28.900277579655892
x0: 708.998918963069
