alphaL: 1.3281432723554647
alphaR: 2.102070186087589
event_sum: 10.453316468188465
mean: 665.6542839851625
nL: 2.9977786108630236
nR: 2.315371902529321
norm: 10.453316468188465
sigma: 100.29414689844393
sigmaL: 34.591628387511506
sigmaR: 209.65634619937805
widthL: 34.591628387511506
widthR: 209.65634619937805
x0: 665.6542839851625
