alphaL: 2.2461983502862566
alphaR: 1.747637585498618
event_sum: 1.5795652982823152
mean: 673.8774265507012
nL: 2.439589349557546
nR: 2.9795054931182112
norm: 1.5795652982823152
sigma: 100.27749571854402
sigmaL: 46.66082962951384
sigmaR: 209.27094162550364
widthL: 46.66082962951384
widthR: 209.27094162550364
x0: 673.8774265507012
