alphaL: 1.0352801377506073
alphaR: 3.348908385493942
event_sum: 10.32858125551872
mean: 622.8613572438678
nL: 1.0001884361474367
nR: 1.6405965411023793
norm: 10.32858125551872
sigma: 100
sigmaL: 41.84716312429268
sigmaR: 176.89000293923704
widthL: 41.84716312429268
widthR: 176.89000293923704
x0: 622.8613572438678
