alphaL: 0.9693050370008525
alphaR: 3.2156762093932953
event_sum: 24.395590692998855
mean: 663.2541731292588
nL: 1.0
nR: 1.9473149241091894
norm: 24.395590692998855
sigma: 100
sigmaL: 199.94808443773437
sigmaR: 165.09734014253607
widthL: 199.94808443773437
widthR: 165.09734014253607
x0: 663.2541731292588
