alphaL: 1.9241931801065728
alphaR: 1.9732289606062958
event_sum: 1.5795652982823152
mean: 673.782810182091
nL: 1.0053878133277887
nR: 3.8788150730177975
norm: 1.5795652982823152
sigma: 100.27749571854402
sigmaL: 43.19307996339235
sigmaR: 199.79461435871687
widthL: 43.19307996339235
widthR: 199.79461435871687
x0: 673.782810182091
