alphaL: 2.2121379681081836
alphaR: 1.1017395223332276
event_sum: 11.480494503611443
mean: 714.053541469024
nL: 2.9374142113446453
nR: 0.20000081143512036
norm: 11.480494503611443
sigma: 100
sigmaL: 58.50288516153694
sigmaR: 25.536282838078296
widthL: 58.50288516153694
widthR: 25.536282838078296
x0: 714.053541469024
