alphaL: 2.426959046709994
alphaR: 0.7931713051176715
event_sum: 3.7055496462566033
mean: 725.2413412489625
nL: 2.4843977690036816
nR: 0.20002915095067536
norm: 3.7055496462566033
sigma: 100.27749571854402
sigmaL: 65.5235821354041
sigmaR: 5.00007658015284
widthL: 65.5235821354041
widthR: 5.00007658015284
x0: 725.2413412489625
