alphaL: 1.8811221648867775
alphaR: 1.1204642055012821
event_sum: 24.503189736280163
mean: 709.139864409882
nL: 2.9794700366699507
nR: 0.20000241568030866
norm: 24.503189736280163
sigma: 100.29414689844393
sigmaL: 54.92933615767875
sigmaR: 28.742582341711774
widthL: 54.92933615767875
widthR: 28.742582341711774
x0: 709.139864409882
