alphaL: 2.264627338788321
alphaR: 1.0928125118224252
event_sum: 24.531155584474323
mean: 712.2944433346688
nL: 2.97056176354438
nR: 0.20000040163137947
norm: 24.531155584474323
sigma: 100
sigmaL: 58.569997148774064
sigmaR: 25.72931027051228
widthL: 58.569997148774064
widthR: 25.72931027051228
x0: 712.2944433346688
