alphaL: 2.0022252144662884
alphaR: 1.5594068974099762
event_sum: 10.463074956174966
mean: 672.1795012931221
nL: 1.925725517767314
nR: 0.20182133307585556
norm: 10.463074956174966
sigma: 100
sigmaL: 42.96447019809461
sigmaR: 205.8501995507478
widthL: 42.96447019809461
widthR: 205.8501995507478
x0: 672.1795012931221
