alphaL: 2.424794306306381
alphaR: 0.7930475511793685
event_sum: 3.7055496462566033
mean: 725.297548164319
nL: 2.789153206379659
nR: 0.2002411586253202
norm: 3.7055496462566033
sigma: 100.27749571854402
sigmaL: 65.60161947806215
sigmaR: 5.000008012933339
widthL: 65.60161947806215
widthR: 5.000008012933339
x0: 725.297548164319
