alphaL: 1.3000604820648527
alphaR: 2.045093794457433
event_sum: 10.453316468188465
mean: 666.0286433855574
nL: 2.9969013618948526
nR: 2.892844360092911
norm: 10.453316468188465
sigma: 100.33232579822645
sigmaL: 34.27444126306237
sigmaR: 208.77278764218693
widthL: 34.27444126306237
widthR: 208.77278764218693
x0: 666.0286433855574
