alphaL: 2.3277334465490145
alphaR: 0.9794005349400631
event_sum: 27.24150803857484
mean: 710.6365132492646
nL: 2.969250335083171
nR: 0.2000044150644141
norm: 27.24150803857484
sigma: 100
sigmaL: 58.725594776334866
sigmaR: 23.699531944161965
widthL: 58.725594776334866
widthR: 23.699531944161965
x0: 710.6365132492646
