alphaL: 0.6411471579735073
alphaR: 1.5263142747192384
event_sum: 16063.0
mean: 694.9714609615481
nL: 5.696419019187246
nR: 3.1885229606608587
norm: 16063.0
sigma: 39.2
sigmaL: 43.26965895979108
sigmaR: 38.20548829650579
widthL: 43.26965895979108
widthR: 38.20548829650579
x0: 694.9714609615481
