alphaL: 0.6656770413840372
alphaR: 1.451024883938602
event_sum: 42810.0
mean: 698.8523125618328
nL: 5.996204402959791
nR: 4.499999689446566
norm: 42810.0
sigma: 39.2
sigmaL: 39.12160485571631
sigmaR: 38.088279580446695
widthL: 39.12160485571631
widthR: 38.088279580446695
x0: 698.8523125618328
