alphaL: 0.61157570511134
alphaR: 1.5003812516701496
event_sum: 21.329831435898086
fraction: 0.995490804888802
mean: 697.4412639338391
nL: 6.20986914748042
nR: 4.242260412982147
norm: 21.216699410433648
sigma: 39.2
sigmaL: 36.7191918389353
sigmaR: 39.07243808524183
widthL: 36.7191918389353
widthR: 39.07243808524183
x0: 697.4412639338391
