alphaL: 0.644277903339192
alphaR: 1.4958764436574379
event_sum: 8.087725440534996
fraction: 0.9926471277454573
mean: 695.0942302937425
nL: 1.6581337713652973
nR: 3.377055687350643
norm: 8.034330853435677
sigma: 39.2
sigmaL: 43.68484259151102
sigmaR: 37.76848847299866
widthL: 43.68484259151102
widthR: 37.76848847299866
x0: 695.0942302937425
