alphaL: 1.5681640922998719
alphaR: 0.2920010196598667
event_sum: 1.2678596155055857
mean: 690.6091252013739
nL: 2.893855724695233
nR: 0.20000001326849323
norm: 1.2678596155055857
sigma: 90.43756252373696
sigmaL: 45.70707545103294
sigmaR: 33.112791084135296
widthL: 45.70707545103294
widthR: 33.112791084135296
x0: 690.6091252013739
