alphaL: 0.16664400350602854
alphaR: 1.6430818803287086
event_sum: 2.1773493112268625
mean: 694.161123100885
nL: 4.469557666214104
nR: 3.1858299069738725
norm: 2.1773493112268625
sigma: 39.2
sigmaL: 11.973760567957125
sigmaR: 41.14689487616542
widthL: 11.973760567957125
widthR: 41.14689487616542
x0: 694.161123100885
