alphaL: 0.10009534278846079
alphaR: 1.3243760522181036
event_sum: 0.8220082452644419
mean: 702.959086840777
nL: 1.0158138938191463
nR: 3.0436989105176235
norm: 0.8220082452644419
sigma: 39.2
sigmaL: 21.61441621686003
sigmaR: 31.36802362778331
widthL: 21.61441621686003
widthR: 31.36802362778331
x0: 702.959086840777
