alphaL: 0.8869105742973339
alphaR: 1.5809795865570089
event_sum: 2.1639128930873994
mean: 698.6109332723682
nL: 3.8553062621044676
nR: 2.3721073890721764
norm: 2.1639128930873994
sigma: 39.2
sigmaL: 41.13844514199977
sigmaR: 38.513388001253
widthL: 41.13844514199977
widthR: 38.513388001253
x0: 698.6109332723682
