alphaL: 1.874382078873941
alphaR: 0.6297856816966355
event_sum: 2.8659117835013603
mean: 711.0083714790887
nL: 2.342069272103027
nR: 0.20000002283264287
norm: 2.8659117835013603
sigma: 90.43756252373696
sigmaL: 55.10619269168204
sigmaR: 15.813542954740871
widthL: 55.10619269168204
widthR: 15.813542954740871
x0: 711.0083714790887
