alphaL: 0.10009553901525942
alphaR: 1.324404914820105
event_sum: 0.8220082452644419
mean: 702.9613507121469
nL: 1.0158495569904296
nR: 3.0438016683637166
norm: 0.8220082452644419
sigma: 39.2
sigmaL: 21.59703626659375
sigmaR: 31.3618863419441
widthL: 21.59703626659375
widthR: 31.3618863419441
x0: 702.9613507121469
