alphaL: 0.6516901173033437
alphaR: 1.487397650983235
event_sum: 21.329831435898086
fraction: 0.9948607446658077
mean: 697.3408619178053
nL: 6.543184710493923
nR: 4.452235350164969
norm: 21.19458807585761
sigma: 39.2
sigmaL: 37.43455764993409
sigmaR: 39.34604401396655
widthL: 37.43455764993409
widthR: 39.34604401396655
x0: 697.3408619178053
