alphaL: 0.5520526034038358
alphaR: 1.4957433871081844
event_sum: 21.77349132532254
mean: 697.3302144164427
nL: 4.381938998436882
nR: 4.417826221695944
norm: 21.77349132532254
sigma: 39.2
sigmaL: 34.99976699090103
sigmaR: 38.9990440018489
widthL: 34.99976699090103
widthR: 38.9990440018489
x0: 697.3302144164427
