alphaL: 1.1644355616266888
alphaR: 1.4673729252890886
event_sum: 21.982594602101017
mean: 700.5522333701082
nL: 4.463816045767612
nR: 3.9110050079898038
norm: 21.982594602101017
sigma: 39.2
sigmaL: 45.547442750479114
sigmaR: 37.14960585772909
widthL: 45.547442750479114
widthR: 37.14960585772909
x0: 700.5522333701082
