alphaL: 0.40018932897391307
alphaR: 1.3635762915750234
event_sum: 8.087725440534996
fraction: 0.9913664079025922
mean: 701.0897900896728
nL: 0.4006062574488691
nR: 3.4069026801032063
norm: 8.023978615208762
sigma: 39.2
sigmaL: 47.24113813814061
sigmaR: 33.36596154151397
widthL: 47.24113813814061
widthR: 33.36596154151397
x0: 701.0897900896728
