alphaL: 0.11254521469440207
alphaR: 1.5868323968110634
event_sum: 8.22008177547832
mean: 691.0481142113098
nL: 4.306756827623249
nR: 3.085363696958072
norm: 8.22008177547832
sigma: 39.2
sigmaL: 10.044241199861691
sigmaR: 40.182245358992446
widthL: 10.044241199861691
widthR: 40.182245358992446
x0: 691.0481142113098
