alphaL: 0.010005797202889037
alphaR: 1.5640576562170616
event_sum: 0.8162158576742513
mean: 705.5900696982034
nL: 4.846005706360658
nR: 1.6908967731927067
norm: 0.8162158576742513
sigma: 39.2
sigmaL: 5.002957777843464
sigmaR: 31.83354049342097
widthL: 5.002957777843464
widthR: 31.83354049342097
x0: 705.5900696982034
