alphaL: 0.10050965435970757
alphaR: 1.4407678591577777
event_sum: 8.316292630246608
mean: 694.811619243456
nL: 1.8314664158179985
nR: 3.6844877559558706
norm: 8.316292630246608
sigma: 39.2
sigmaL: 10.643697586255348
sigmaR: 37.230636903188255
widthL: 10.643697586255348
widthR: 37.230636903188255
x0: 694.811619243456
