alphaL: 0.17997580159159557
alphaR: 1.5866871050772808
event_sum: 2.1773493112268625
mean: 693.1462016604919
nL: 4.483701446361008
nR: 3.996337744154148
norm: 2.1773493112268625
sigma: 39.2
sigmaL: 12.201546663199604
sigmaR: 41.92363941959783
widthL: 12.201546663199604
widthR: 41.92363941959783
x0: 693.1462016604919
