alphaL: 1.3225980372445996
alphaR: 1.9649382463605558
event_sum: 7.159477871909769
mean: 2748.1969283571216
nL: 4.496025211514764
nR: 3.3640229085967657
norm: 7.159477871909769
sigma: 123.1334971125452
sigmaL: 107.61235616982512
sigmaR: 65.32951742480473
widthL: 107.61235616982512
widthR: 65.32951742480473
x0: 2748.1969283571216
