alphaL: 1.0958514291663688
alphaR: 1.8146232398553073
event_sum: 6.556312235239441
fraction: 0.9992156280153097
mean: 2744.761523101199
nL: 9.604156832670629
nR: 4.5
norm: 6.556372198278267
sigma: 122.8646275086669
sigmaL: 97.74599455923955
sigmaR: 65.97324875099494
widthL: 97.74599455923955
widthR: 65.97324875099494
x0: 2744.761523101199
