alphaL: 1.1053187039636883
alphaR: 2.1182231371957747
event_sum: 7.130666319709576
mean: 2741.2046420181273
nL: 4.657996855297126
nR: 2.8442019713400004
norm: 7.130666319709576
sigma: 123.1334971125452
sigmaL: 93.4451075751959
sigmaR: 69.20655806998916
widthL: 93.4451075751959
widthR: 69.20655806998916
x0: 2741.2046420181273
