alphaL: 1.0425591092002509
alphaR: 2.0827362506095928
event_sum: 47.53624553605983
fraction: 0.9976785510162871
mean: 2749.621002457568
nL: 10.0
nR: 1.7082546856827445
norm: 47.42664274515894
sigma: 175.9880494833964
sigmaL: 103.3924461134131
sigmaR: 64.22691208706343
widthL: 103.3924461134131
widthR: 64.22691208706343
x0: 2749.621002457568
