alphaL: 1.0692795853074712
alphaR: 1.6185316402656513
event_sum: 25.75401770906582
fraction: 0.9984706303661288
mean: 2754.3758443078705
nL: 9.992456604729075
nR: 3.0305583931667415
norm: 25.575539217880063
sigma: 175.9880494833964
sigmaL: 106.45980320642639
sigmaR: 66.87314494073534
widthL: 106.45980320642639
widthR: 66.87314494073534
x0: 2754.3758443078705
