alphaL: 1.144471462663569
alphaR: 2.1026755422653176
event_sum: 9.176726366575986
fraction: 0.999112507349329
mean: 2746.1214522580526
nL: 9.967715967346303
nR: 3.252885270711873
norm: 9.175586948749883
sigma: 122.8646275086669
sigmaL: 105.2441892790071
sigmaR: 62.25830133223262
widthL: 105.2441892790071
widthR: 62.25830133223262
x0: 2746.1214522580526
