alphaL: 1.415334420600814
alphaR: 1.5375199517153386
event_sum: 2.64772438934951
mean: 2762.0226741266874
nL: 4.4612893845687
nR: 3.051303777809286
norm: 2.64772438934951
sigma: 176.52239678230222
sigmaL: 122.71975964277252
sigmaR: 61.56579060721034
widthL: 122.71975964277252
widthR: 61.56579060721034
x0: 2762.0226741266874
