alphaL: 1.3762611619331697
alphaR: 1.9677291617723733
event_sum: 10.151069460209904
mean: 2749.829653996194
nL: 4.50014806493384
nR: 3.617633220111603
norm: 10.151069460209904
sigma: 123.1334971125452
sigmaL: 114.41268512564649
sigmaR: 60.09856645679352
widthL: 114.41268512564649
widthR: 60.09856645679352
x0: 2749.829653996194
