alphaL: 1.4759898701679521
alphaR: 1.9763340077712446
event_sum: 4.925459186035268
mean: 2758.5553087298003
nL: 4.497367853759916
nR: 1.8029509866863027
norm: 4.925459186035268
sigma: 176.52239678230222
sigmaL: 125.76194066636047
sigmaR: 59.49925352528458
widthL: 125.76194066636047
widthR: 59.49925352528458
x0: 2758.5553087298003
