alphaL: 1.250576958380531
alphaR: 2.070044768861884
event_sum: 4.915753840597321
mean: 2752.8149670535236
nL: 5.0
nR: 1.6974257048644368
norm: 4.915753840597321
sigma: 176.52239678230222
sigmaL: 113.0257119192371
sigmaR: 62.3812966700585
widthL: 113.0257119192371
widthR: 62.3812966700585
x0: 2752.8149670535236
