alphaL: 1.2756544540746373
alphaR: 1.5488751559553862
event_sum: 2.6437467115625246
mean: 2761.0797351433753
nL: 5.0
nR: 2.7966612704532996
norm: 2.6437467115625246
sigma: 176.52239678230222
sigmaL: 116.85745212161774
sigmaR: 61.05514839153917
widthL: 116.85745212161774
widthR: 61.05514839153917
x0: 2761.0797351433753
