alphaL: 1.5536668334942165
alphaR: 2.0518018402772817
event_sum: 10.112717517517984
mean: 2754.8692603338222
nL: 4.945589661964938
nR: 3.01035910406322
norm: 10.112717517517984
sigma: 123.1334971125452
sigmaL: 136.3520747896409
sigmaR: 58.47120073113278
widthL: 136.3520747896409
widthR: 58.47120073113278
x0: 2754.8692603338222
