alphaL: 0.8755015367578124
alphaR: 2.0832150355971955
event_sum: 6.5279450029441835
mean: 2742.437485355789
nL: 24.045345918247087
nR: 3.0430947978064182
norm_2016: 1.8671000440536911
norm_2017: 2.1940196860428913
norm_2018: 2.9795885431570768
norm_Run2: 6.5279450029441835
sigma: 123.85978874517177
sigmaL: 88.30744050414643
sigmaR: 68.2126896672219
widthL: 88.30744050414643
widthR: 68.2126896672219
x0: 2742.437485355789
