alphaL: 0.8401403348405014
alphaR: 2.275208473595752
event_sum: 9.136886835142453
mean: 2742.6348838748
nL: 51.797159516237755
nR: 2.474126395090695
norm_2016: 2.3482291407811084
norm_2017: 3.0785460593150225
norm_2018: 4.562853411718902
norm_Run2: 9.136886835142453
sigma: 123.85978874517177
sigmaL: 91.18363833381311
sigmaR: 64.689786943318
widthL: 91.18363833381311
widthR: 64.689786943318
x0: 2742.6348838748
