alphaL: 0.8464474346245507
alphaR: 2.272998640960307
event_sum: 9.136886835142453
mean: 2742.396251897977
nL: 54.67290600716443
nR: 2.4966618676989927
norm_2016: 2.3482291407811084
norm_2017: 3.0785460593150225
norm_2018: 4.562853411718902
norm_Run2: 9.136886835142453
sigma: 123.85978874517177
sigmaL: 91.302639349296
sigmaR: 64.89118600480155
widthL: 91.302639349296
widthR: 64.89118600480155
x0: 2742.396251897977
