alphaL: 0.7795411138086827
alphaR: 1.3684680843048094
event_sum: 5.613289607246446
mean: 2698.6412015178107
nL: 0.8908679098030962
nR: 5.2750198558616646
norm_2016: 1.4674237392332323
norm_2017: 1.6777937147386774
norm_2018: 2.530676156720352
norm_Run2: 5.675893610692261
sigma: 154.0
sigmaL: 125.39140952742912
sigmaR: 118.22941187206742
widthL: 125.39140952742912
widthR: 118.22941187206742
x0: 2698.6412015178107
