alphaL: 0.991767080155791
alphaR: 1.2899945070767922
event_sum: 3.7280940909978786
mean: 2683.205709222176
nL: 0.1060112450137825
nR: 5.052516344706996
norm_2016: 3.7280940909978786
norm_2017: 3.7280940909978786
norm_2018: 3.7280940909978786
norm_Run2: 3.7280940909978786
sigma: 275.0
sigmaL: 227.11898109682488
sigmaR: 136.80429330160837
widthL: 227.11898109682488
widthR: 136.80429330160837
x0: 2683.205709222176
