alphaL: 0.8003639253600675
alphaR: 1.76728226211103
event_sum: 25.324461061352398
mean: 2747.2235967257916
nL: 21.736807675378678
nR: 2.6921638817063163
norm_2016: 25.324461061352398
norm_2017: 25.324461061352398
norm_2018: 25.324461061352398
norm_Run2: 25.324461061352398
sigma: 180.11230386047484
sigmaL: 87.80644557973483
sigmaR: 70.3692868274511
widthL: 87.80644557973483
widthR: 70.3692868274511
x0: 2747.2235967257916
