alphaL: 0.7173870919251224
alphaR: 2.110069998061499
event_sum: 46.97718600147528
mean: 2744.8339876317723
nL: 93.0550855242027
nR: 1.7343095334793879
norm_2016: 11.569538036063562
norm_2017: 15.033528413827263
norm_2018: 21.8161918544749
norm_Run2: 48.41925830436572
sigma: 180.11230386047484
sigmaL: 83.36130598552101
sigmaR: 66.41058488396976
widthL: 83.36130598552101
widthR: 66.41058488396976
x0: 2744.8339876317723
