alphaL: 0.6945441452450141
alphaR: 2.1336556414058476
event_sum: 46.97718600147528
mean: 2744.003809115401
nL: 122.88371455477527
nR: 1.6924054281334386
norm_2016: 11.569538036063562
norm_2017: 15.033528413827263
norm_2018: 21.8161918544749
norm_Run2: 46.97718600147528
sigma: 180.11230386047484
sigmaL: 81.39567288886943
sigmaR: 67.06513821019762
widthL: 81.39567288886943
widthR: 67.06513821019762
x0: 2744.003809115401
