alphaL: 1.0948307496278014
alphaR: 1.178472498060555
event_sum: 6.217461097628892
mean: 2696.478549690144
nL: 0.29006158977410323
nR: 5.758301897709435
norm_2016: 1.2663356242442352
norm_2017: 1.991694661063179
norm_2018: 3.042649713621861
norm_Run2: 6.217461097628892
sigma: 275.0
sigmaL: 287.68276715033153
sigmaR: 128.53912863605734
widthL: 287.68276715033153
widthR: 128.53912863605734
x0: 2696.478549690144
