alphaL: 0.8983110325930291
alphaR: 1.4472374825296304
event_sum: 9.470180411881177
mean: 2702.1075067361403
nL: 1.4290179019840556
nR: 4.033046987500478
norm_2016: 2.2086681641096564
norm_2017: 2.9676604104941644
norm_2018: 4.405638379847124
norm_Run2: 9.470180411881177
sigma: 154.0
sigmaL: 151.57109098283644
sigmaR: 118.43534516966399
widthL: 151.57109098283644
widthR: 118.43534516966399
x0: 2702.1075067361403
