alphaL: 1.0139728131792736
alphaR: 1.1025773512951913
event_sum: 4.515047805579235
fraction: 0.7194989242225216
mean: 2324.316274264794
nL: 0.4207536181959043
nR: 4.438420901481491
norm: 1.8372559328016642
sigma: 235.0
sigmaL: 306.0453067281547
sigmaR: 101.3175489499879
widthL: 306.0453067281547
widthR: 101.3175489499879
x0: 2324.316274264794
