alphaL: 0.4419730776330659
alphaR: 0.9746469985851846
event_sum: 0.2771467499781654
mean: 2384.1906921702644
nL: 1.0003381278776968
nR: 2.7560150314652443
norm: 0.2771467499781654
sigma: 235.0
sigmaL: 390.6275218891296
sigmaR: 62.98660462458242
widthL: 390.6275218891296
widthR: 62.98660462458242
x0: 2384.1906921702644
