alphaL: 1.0790177649331392
alphaR: 1.2732242442685304
event_sum: 0.23013623076569292
mean: 2363.584998171286
nL: 0.1434531847812557
nR: 1.7592428857226168
norm: 0.23013623076569292
sigma: 235.0
sigmaL: 343.74045695151347
sigmaR: 77.48208158280899
widthL: 343.74045695151347
widthR: 77.48208158280899
x0: 2363.584998171286
