alphaL: 0.7580795004770182
alphaR: 0.9418005459878256
event_sum: 0.3250934624440093
mean: 2366.487469842047
nL: 0.9998706014342407
nR: 2.4141736851164564
norm: 0.3250934624440093
sigma: 235.0
sigmaL: 281.4288541634541
sigmaR: 63.326302434041814
widthL: 281.4288541634541
widthR: 63.326302434041814
x0: 2366.487469842047
