alphaL: 0.8897669636243838
alphaR: 1.3682798455446323
event_sum: 3.7669602849873485
fraction: 0.741251059234384
mean: 2305.296938362037
nL: 0.5312759191493052
nR: 4.378684486619277
norm: 2.387261752631534
sigma: 235.0
sigmaL: 192.68710153547457
sigmaR: 122.69121723081356
widthL: 192.68710153547457
widthR: 122.69121723081356
x0: 2305.296938362037
