alphaL: 1.1503100193181117
alphaR: 1.2060754237613371
event_sum: 0.2928669519895794
mean: 2344.81017345907
nL: 0.32777392732210686
nR: 2.686867614266551
norm: 0.2928669519895794
sigma: 235.0
sigmaL: 268.5507138786942
sigmaR: 87.66237844240513
widthL: 268.5507138786942
widthR: 87.66237844240513
x0: 2344.81017345907
