alphaL: 1.1850373286053473
alphaR: 1.3661664331548142
event_sum: 6.5442299274203295
mean: 1581.9242633526164
nL: 0.20011548290313033
nR: 2.00145791073
norm: 6.5442299274203295
sigma: 102
sigmaL: 161.06615305896673
sigmaR: 80.78455173672123
widthL: 161.06615305896673
widthR: 80.78455173672123
x0: 1581.9242633526164
