alphaL: 1.3366069858610614
alphaR: 1.5505036464839896
event_sum: 13.50662934495918
mean: 1567.8235838372761
nL: 0.20000000741313043
nR: 1.7544170245225532
norm: 13.50662934495918
sigma: 102.1942937206754
sigmaL: 145.31472598458552
sigmaR: 88.907252104229
widthL: 145.31472598458552
widthR: 88.907252104229
x0: 1567.8235838372761
