alphaL: 1.231456764780888
alphaR: 1.325513089032016
event_sum: 14.186295382245683
mean: 1575.5551379322062
nL: 0.20002058276965468
nR: 2.9875431813472377
norm: 14.186295382245683
sigma: 102.20570224812309
sigmaL: 161.42231076793928
sigmaR: 84.28697477786434
widthL: 161.42231076793928
widthR: 84.28697477786434
x0: 1575.5551379322062
