alphaL: 1.400608346054644
alphaR: 1.242286182075416
event_sum: 13.50662934495918
mean: 1577.7301951418535
nL: 0.20000101819084748
nR: 2.914507470823324
norm: 13.50662934495918
sigma: 102.20570224812309
sigmaL: 155.3407011511984
sigmaR: 77.80039832481624
widthL: 155.3407011511984
widthR: 77.80039832481624
x0: 1577.7301951418535
