alphaL: 1.2136708027187704
alphaR: 1.7240703313524266
event_sum: 2.1468947719673253
mean: 1555.1452526537828
nL: 0.20000082271263814
nR: 1.85546765706048
norm: 2.1468947719673253
sigma: 102.35720436254937
sigmaL: 140.31141796970834
sigmaR: 104.06062695875741
widthL: 140.31141796970834
widthR: 104.06062695875741
x0: 1555.1452526537828
