alphaL: 1.204373070343843
alphaR: 1.5885650485568286
event_sum: 14.186295382245683
mean: 1569.4410551699427
nL: 0.20000019856869247
nR: 1.814304848955663
norm: 14.186295382245683
sigma: 102
sigmaL: 154.7374514704205
sigmaR: 92.60395291879242
widthL: 154.7374514704205
widthR: 92.60395291879242
x0: 1569.4410551699427
