alphaL: 1.2159224753705922
alphaR: 1.7150468037210738
event_sum: 2.1468947719673253
mean: 1554.7567854579372
nL: 0.20000006858175404
nR: 1.9596001491049133
norm: 2.1468947719673253
sigma: 102.35720436254937
sigmaL: 140.2417771080575
sigmaR: 104.4156739843222
widthL: 140.2417771080575
widthR: 104.4156739843222
x0: 1554.7567854579372
