alphaL: 0.5249658260900589
alphaR: 1.7017051846296862
event_sum: 14.56406026196631
mean: 1548.9047207909468
nL: 2.999999703194714
nR: 2.999385838994141
norm: 14.56406026196631
sigma: 348
sigmaL: 91.4127070336661
sigmaR: 105.73039352647625
widthL: 91.4127070336661
widthR: 105.73039352647625
x0: 1548.9047207909468
