alphaL: 1.1894827530136638
alphaR: 1.693593333679757
event_sum: 2.0439912358461307
mean: 1561.944027478972
nL: 0.20000000008433605
nR: 1.8611050454950278
norm: 2.0439912358461307
sigma: 102.35720436254937
sigmaL: 130.71095108676715
sigmaR: 98.4965492444787
widthL: 130.71095108676715
widthR: 98.4965492444787
x0: 1561.944027478972
