alphaL: 1.2335830597425697
alphaR: 1.4465350287761374
event_sum: 14.186295382245683
mean: 1570.3339007464222
nL: 0.20946929630829578
nR: 2.6575584143155853
norm: 14.186295382245683
sigma: 102.1942937206754
sigmaL: 158.14594092574103
sigmaR: 91.7749145900106
widthL: 158.14594092574103
widthR: 91.7749145900106
x0: 1570.3339007464222
