alphaL: 1.1788289607274094
alphaR: 1.6159806864394626
event_sum: 10.554591454817297
mean: 1565.9422102086278
nL: 0.20057137959101604
nR: 2.9999999999052487
norm: 10.554591454817297
sigma: 102
sigmaL: 142.35147580579098
sigmaR: 97.17548912908015
widthL: 142.35147580579098
widthR: 97.17548912908015
x0: 1565.9422102086278
