alphaL: 1.3129495245941167
alphaR: 1.5541862644789042
event_sum: 23.46841626819636
mean: 1568.6011402593465
nL: 0.20000012915188942
nR: 1.8050919117086253
norm: 23.46841626819636
sigma: 102
sigmaL: 151.75267954208127
sigmaR: 91.36947118096232
widthL: 151.75267954208127
widthR: 91.36947118096232
x0: 1568.6011402593465
