alphaL: 1.1898728844464797
alphaR: 1.6929596182775417
event_sum: 2.0439912358461307
mean: 1561.820845508853
nL: 0.2000000200762572
nR: 1.7700903081805872
norm: 2.0439912358461307
sigma: 102.35720436254937
sigmaL: 131.30220550067946
sigmaR: 98.51294910828737
widthL: 131.30220550067946
widthR: 98.51294910828737
x0: 1561.820845508853
