alphaL: 1.421480992173522
alphaR: 1.662462995693474
event_sum: 33.702301409926484
mean: 1565.4528505827604
nL: 0.22807023613598845
nR: 2.999999249498036
norm: 33.702301409926484
sigma: 102
sigmaL: 155.34127479102537
sigmaR: 97.08521658903324
widthL: 155.34127479102537
widthR: 97.08521658903324
x0: 1565.4528505827604
