alphaL: 1.211834499445248
alphaR: 1.1856050967263232
event_sum: 25.688688490656205
fraction: 0.8201866451054308
mean: 1584.9847989797072
nL: 0.4000129951104033
nR: 4.413063682836045
norm: 19.737285950919613
sigma: 160.0
sigmaL: 172.95629500973828
sigmaR: 76.1481881594758
widthL: 172.95629500973828
widthR: 76.1481881594758
x0: 1584.9847989797072
