alphaL: 1.1104319016318118
alphaR: 1.349860552689683
event_sum: 1.5060840776204714
mean: 1577.9205882221097
nL: 0.20054715050786007
nR: 2.210769974917615
norm: 1.5060840776204714
sigma: 84.97279788037397
sigmaL: 153.21223880052898
sigmaR: 81.85794826893398
widthL: 153.21223880052898
widthR: 81.85794826893398
x0: 1577.9205882221097
