alphaL: 0.8039799452750448
alphaR: 1.0447304247019087
event_sum: 2.3778815197802032
mean: 1613.2579624871473
nL: 1.0000028880976686
nR: 2.8523109076415927
norm: 2.3778815197802032
sigma: 160.0
sigmaL: 179.46016538626125
sigmaR: 52.84319980494816
widthL: 179.46016538626125
widthR: 52.84319980494816
x0: 1613.2579624871473
