alphaL: 0.9409730999959366
alphaR: 1.2617390303494636
event_sum: 2.6112080741659156
mean: 1578.0489894819789
nL: 1.0005958341543595
nR: 4.264621908573856
norm: 2.6112080741659156
sigma: 160.0
sigmaL: 157.65254860548458
sigmaR: 83.02494018609535
widthL: 157.65254860548458
widthR: 83.02494018609535
x0: 1578.0489894819789
