alphaL: 0.8959218313452291
alphaR: 1.2948155503062222
event_sum: 21.343739246716723
fraction: 0.903984898742661
mean: 1567.0894639519704
nL: 1.8143067660792234
nR: 4.468073344806957
norm: 18.36387911636848
sigma: 160.0
sigmaL: 129.4855400898307
sigmaR: 87.44033581716543
widthL: 129.4855400898307
widthR: 87.44033581716543
x0: 1567.0894639519704
