alphaL: 0.9945054852260005
alphaR: 1.3481225657561922
event_sum: 2.076599294639891
mean: 1567.2857720999334
nL: 1.0000140190859041
nR: 3.798699568937905
norm: 2.076599294639891
sigma: 160.0
sigmaL: 129.35073699541218
sigmaR: 88.84742710324883
widthL: 129.35073699541218
widthR: 88.84742710324883
x0: 1567.2857720999334
