alphaL: 1.0168919436627917
alphaR: 1.3850364041787868
event_sum: 1.5443257073056884
mean: 1580.219442042901
nL: 0.20054962741984908
nR: 2.2619738665476747
norm: 1.5443257073056884
sigma: 84.97279788037397
sigmaL: 166.8235470852315
sigmaR: 81.74832408341238
widthL: 166.8235470852315
widthR: 81.74832408341238
x0: 1580.219442042901
