alphaL: 1.0013590456516428
alphaR: 1.454794346070919
event_sum: 2.076599294639891
mean: 1563.706274895072
nL: 1.0001092624834638
nR: 3.381697963600854
norm: 2.076599294639891
sigma: 160.0
sigmaL: 129.32765302051328
sigmaR: 93.45702893726408
widthL: 129.32765302051328
widthR: 93.45702893726408
x0: 1563.706274895072
