alphaL: 0.8037795963966442
alphaR: 1.0449490696843788
event_sum: 2.3778815197802032
mean: 1613.1958065337174
nL: 1.0000028429503183
nR: 2.857035268230848
norm: 2.3778815197802032
sigma: 160.0
sigmaL: 179.41133824876087
sigmaR: 52.874789079220754
widthL: 179.41133824876087
widthR: 52.874789079220754
x0: 1613.1958065337174
