alphaL: 0.9272101820995085
alphaR: 1.209660366584365
event_sum: 2.174341483398166
mean: 1574.1087405589574
nL: 1.9169442763473972
nR: 4.480901166913147
norm: 2.174341483398166
sigma: 160.0
sigmaL: 137.58250047355787
sigmaR: 81.67503537157351
widthL: 137.58250047355787
widthR: 81.67503537157351
x0: 1574.1087405589574
