alphaL: 1.1923218099116009
alphaR: 1.314856235695341
event_sum: 25.688688490656205
fraction: 0.8240473191336747
mean: 1568.1897554518164
nL: 0.3642835518397595
nR: 5.650380867692346
norm: 19.987241474096663
sigma: 160.0
sigmaL: 156.79585574552297
sigmaR: 91.71688137100811
widthL: 156.79585574552297
widthR: 91.71688137100811
x0: 1568.1897554518164
