alphaL: 1.1220224200729796
alphaR: 1.319889617195156
event_sum: 2.6112080741659156
mean: 1574.7945057994054
nL: 0.5055212479761015
nR: 4.498183795029297
norm: 2.6112080741659156
sigma: 160.0
sigmaL: 159.40305180184853
sigmaR: 87.09574125118209
widthL: 159.40305180184853
widthR: 87.09574125118209
x0: 1574.7945057994054
