alphaL: 0.8826569068870772
alphaR: 1.3366671762480222
event_sum: 21.343739246716723
fraction: 0.9083218762248456
mean: 1565.5998388581977
nL: 1.79042904870965
nR: 4.0916307122668485
norm: 18.50829123298172
sigma: 160.0
sigmaL: 127.26253341498405
sigmaR: 88.96940283412417
widthL: 127.26253341498405
widthR: 88.96940283412417
x0: 1565.5998388581977
