alphaL: 1.225027541320071
alphaR: 1.4687698567956815
event_sum: 2.147806659449998
mean: 1573.5450477135473
nL: 0.3220466520858169
nR: 2.8544099467056734
norm: 2.147806659449998
sigma: 160.0
sigmaL: 162.347878843752
sigmaR: 89.57782981081814
widthL: 162.347878843752
widthR: 89.57782981081814
x0: 1573.5450477135473
