alphaL: 0.9840308430420299
alphaR: 1.458757408745871
event_sum: 1.955279124485969
mean: 1561.620721561822
nL: 1.1466089550755623
nR: 3.3746870106418347
norm: 1.955279124485969
sigma: 160.0
sigmaL: 128.2572557680494
sigmaR: 93.31685788481032
widthL: 128.2572557680494
widthR: 93.31685788481032
x0: 1561.620721561822
