alphaL: 0.9228976358389537
alphaR: 1.2682702776217885
event_sum: 2.174341483398166
mean: 1572.7203147196312
nL: 1.82011365534062
nR: 4.390506637509738
norm: 2.174341483398166
sigma: 160.0
sigmaL: 134.78361366353622
sigmaR: 83.99760739337215
widthL: 134.78361366353622
widthR: 83.99760739337215
x0: 1572.7203147196312
