alphaL: 1.4096104229143323
alphaR: 2.3834196179424096
event_sum: 2.505265099562431
mean: 1155.7593939606488
nL: 4.734238224063098
nR: 2.266096983775004
norm: 2.505265099562431
sigma: 59.770293346491506
sigmaL: 57.561025821654226
sigmaR: 31.20900331515853
widthL: 57.561025821654226
widthR: 31.20900331515853
x0: 1155.7593939606488
