alphaL: 1.4295504071747258
alphaR: 2.199917083325537
event_sum: 161.81711287648244
mean: 1153.7115078330307
nL: 5.0
nR: 4.583630855369065
norm: 161.81711287648244
sigma: 56.561677079925886
sigmaL: 53.606372848581515
sigmaR: 35.39147317972365
widthL: 53.606372848581515
widthR: 35.39147317972365
x0: 1153.7115078330307
