alphaL: 1.3582109697998146
alphaR: 1.8320187195286142
event_sum: 3.7292845952848195
mean: 1158.318609061783
nL: 4.37079005545937
nR: 4.042371691613373
norm: 3.7292845952848195
sigma: 59.770293346491506
sigmaL: 53.78117801701428
sigmaR: 33.07541124686558
widthL: 53.78117801701428
widthR: 33.07541124686558
x0: 1158.318609061783
