alphaL: 1.6048557801447632
alphaR: 2.1729483744263574
event_sum: 162.30042463435595
mean: 1155.058512498148
nL: 4.512291028645365
nR: 4.347848224605576
norm: 162.30042463435595
sigma: 56.561677079925886
sigmaL: 56.416633259257154
sigmaR: 34.70344742954278
widthL: 56.416633259257154
widthR: 34.70344742954278
x0: 1155.058512498148
