alphaL: 1.4581504391785163
alphaR: 1.7253857679298878
event_sum: 3.7419527235026027
mean: 1159.0189402801425
nL: 4.33495428135997
nR: 4.509342864566122
norm: 3.7419527235026027
sigma: 59.770293346491506
sigmaL: 55.87415134047262
sigmaR: 32.532949162435834
widthL: 55.87415134047262
widthR: 32.532949162435834
x0: 1159.0189402801425
