alphaL: 1.4527743168605554
alphaR: 2.1534329405035284
event_sum: 151.38094947700475
fraction: 0.9995470645814849
mean: 1154.6352391925186
nL: 10.0
nR: 4.5
norm: 151.36639021255155
sigma: 56.494849929178024
sigmaL: 55.18925339422402
sigmaR: 34.94500585921869
widthL: 55.18925339422402
widthR: 34.94500585921869
x0: 1154.6352391925186
