alphaL: 1.3873888910662557
alphaR: 2.706559421905331
event_sum: 74.36568197812151
fraction: 0.9988701689171461
mean: 1152.458895423288
nL: 9.920649261329668
nR: 2.0636505213418728
norm: 74.35901369246719
sigma: 56.494849929178024
sigmaL: 57.94781530750665
sigmaR: 33.91887895179694
widthL: 57.94781530750665
widthR: 33.91887895179694
x0: 1152.458895423288
