alphaL: 1.5858525575800861
alphaR: 2.3511331981912136
event_sum: 79.8097542371429
mean: 1153.5720675144828
nL: 4.4526675089087515
nR: 4.420488369811267
norm: 79.8097542371429
sigma: 56.561677079925886
sigmaL: 60.15346110434571
sigmaR: 33.12770950517578
widthL: 60.15346110434571
widthR: 33.12770950517578
x0: 1153.5720675144828
