alphaL: 1.4368583175135177
alphaR: 2.4053238909600614
event_sum: 79.47587996740363
mean: 1152.6278116785802
nL: 5.0
nR: 4.0161097404599015
norm: 79.47587996740363
sigma: 56.561677079925886
sigmaL: 58.0019413696505
sigmaR: 33.574704593812115
widthL: 58.0019413696505
widthR: 33.574704593812115
x0: 1152.6278116785802
