alphaL: 1.2715507677639717
alphaR: 2.5669823794146844
event_sum: 24.59713787577479
fraction: 0.9979981889717968
mean: 1153.5924879355405
nL: 10.0
nR: 1.853080829213953
norm: 24.59204370701033
sigma: 59.75430287699175
sigmaL: 54.76084186737095
sigmaR: 33.2033728619565
widthL: 54.76084186737095
widthR: 33.2033728619565
x0: 1153.5924879355405
