alphaL: 1.433915160107396
alphaR: 2.6106670118479403
event_sum: 2.5141953541795843
mean: 1152.6845769454624
nL: 4.409624493731903
nR: 1.880547279697966
norm: 2.5141953541795843
sigma: 59.770293346491506
sigmaL: 54.94983214986736
sigmaR: 33.64350913859817
widthL: 54.94983214986736
widthR: 33.64350913859817
x0: 1152.6845769454624
