alphaL: 1.3008864354878518
alphaR: 1.75074888451708
event_sum: 36.60821368978715
fraction: 0.9990445423298314
mean: 1158.6988620045754
nL: 10.0
nR: 4.397905879264625
norm: 36.592926231123556
sigma: 59.75430287699175
sigmaL: 54.493786014848844
sigmaR: 32.857781557186
widthL: 54.493786014848844
widthR: 32.857781557186
x0: 1158.6988620045754
