alphaL: 1.0721571074575567
alphaR: 2.235030986197917
event_sum: 150.89954235993255
mean: 1152.142687879528
nL: 143.9275380520411
nR: 4.793209283634162
norm_2016: 41.49045496511625
norm_2017: 48.81185930552311
norm_2018: 70.20730904336357
norm_Run2: 160.50962331400294
sigma: 56.54356364781936
sigmaL: 48.87242789873717
sigmaR: 36.08765555721838
widthL: 48.87242789873717
widthR: 36.08765555721838
x0: 1152.142687879528
