alphaL: 1.0785350820519095
alphaR: 2.5058090734128178
event_sum: 73.94783588821754
mean: 1151.0157436636323
nL: 114.88034543912275
nR: 3.8298539511083725
norm_2016: 19.57670892658476
norm_2017: 24.312296147423016
norm_2018: 34.86913123342931
norm_Run2: 78.75813630743707
sigma: 56.54356364781936
sigmaL: 52.693607773381636
sigmaR: 34.30152335959035
widthL: 52.693607773381636
widthR: 34.30152335959035
x0: 1151.0157436636323
