alphaL: 0.7580691134545544
alphaR: 1.4679132378118749
event_sum: 31.144015464924276
mean: 1140.1227694277886
nL: 4.304529741503264
nR: 4.737791771698522
norm_2016: 8.387602216189189
norm_2017: 9.765586675379037
norm_2018: 13.536358816341936
norm_Run2: 31.689547707910165
sigma: 64.4
sigmaL: 62.067415084639705
sigmaR: 56.41279474448603
widthL: 62.067415084639705
widthR: 56.41279474448603
x0: 1140.1227694277886
