alphaL: 0.7724357420902445
alphaR: 1.4587420458279496
event_sum: 31.144015464924276
mean: 1140.6005734050184
nL: 4.215741553332112
nR: 4.750642024836987
norm_2016: 31.144015464924276
norm_2017: 31.144015464924276
norm_2018: 31.144015464924276
norm_Run2: 31.144015464924276
sigma: 77.15741332256366
sigmaL: 62.91152048580846
sigmaR: 56.04821483652113
widthL: 62.91152048580846
widthR: 56.04821483652113
x0: 1140.6005734050184
