alphaL: 0.8599291775884637
alphaR: 1.2762837253548915
event_sum: 28.319960577855674
mean: 1130.9347587756063
nL: 2.1719312241154123
nR: 7.6630807950805355
norm_2016: 7.665330786215159
norm_2017: 8.944538454199778
norm_2018: 12.151625680347312
norm_Run2: 28.319960577855674
sigma: 115.0
sigmaL: 94.13402693861296
sigmaR: 67.97445692951544
widthL: 94.13402693861296
widthR: 67.97445692951544
x0: 1130.9347587756063
