alphaL: 0.7507498722806695
alphaR: 1.4962894700453069
event_sum: 31.144015464924276
mean: 1139.2431786255356
nL: 4.196780023431211
nR: 4.61525573563088
norm_2016: 8.387602216189189
norm_2017: 9.765586675379037
norm_2018: 13.536358816341936
norm_Run2: 31.144015464924276
sigma: 64.4
sigmaL: 60.73326539129321
sigmaR: 57.27878285532514
widthL: 60.73326539129321
widthR: 57.27878285532514
x0: 1139.2431786255356
