alphaL: 0.920856080423399
alphaR: 1.8831283714776612
event_sum: 36.400627142503225
mean: 1154.8130128212554
nL: 74.90497953748262
nR: 4.644053184030513
norm_2016: 9.999414502309422
norm_2017: 11.295302090059765
norm_2018: 15.920704492081851
norm_Run2: 37.215421084451044
sigma: 59.75980198467559
sigmaL: 45.452718587811255
sigmaR: 35.165265634928616
widthL: 45.452718587811255
widthR: 35.165265634928616
x0: 1154.8130128212554
