alphaL: 0.8616636480575363
alphaR: 1.2734187590088655
event_sum: 28.319960577855674
mean: 1130.932172837602
nL: 2.1603305428574067
nR: 7.6809273603319035
norm_2016: 28.319960577855674
norm_2017: 28.319960577855674
norm_2018: 28.319960577855674
norm_Run2: 28.319960577855674
sigma: 122.35133577254695
sigmaL: 94.18875780074288
sigmaR: 67.91054115104404
widthL: 94.18875780074288
widthR: 67.91054115104404
x0: 1130.932172837602
