alphaL: 0.8511768561424609
alphaR: 1.2839011616646725
event_sum: 28.319960577855674
mean: 1130.615115860936
nL: 2.186236560845602
nR: 7.7557443961566515
norm_2016: 7.665330786215159
norm_2017: 8.944538454199778
norm_2018: 12.151625680347312
norm_Run2: 28.319960577855674
sigma: 115.0
sigmaL: 93.11095585370698
sigmaR: 68.33857883322256
widthL: 93.11095585370698
widthR: 68.33857883322256
x0: 1130.615115860936
