alphaL: 0.9683431315845832
alphaR: 2.537614542559311
event_sum: 24.458166204202293
mean: 1151.4484745083828
nL: 68.6598357405546
nR: 2.180786654846669
norm_2016: 6.277006175614622
norm_2017: 7.496200510007461
norm_2018: 11.225531474199897
norm_Run2: 24.458166204202293
sigma: 59.75980198467559
sigmaL: 48.186686139197356
sigmaR: 33.99543115215108
widthL: 48.186686139197356
widthR: 33.99543115215108
x0: 1151.4484745083828
