alphaL: 1.1250896782584037
alphaR: 1.4235835518342783
event_sum: 20.05641390199136
mean: 1141.8372303669594
nL: 3.342388522298595
nR: 4.338728212790117
norm_2016: 20.05641390199136
norm_2017: 20.05641390199136
norm_2018: 20.05641390199136
norm_Run2: 20.05641390199136
sigma: 77.15741332256366
sigmaL: 78.01804532001782
sigmaR: 53.04649586770004
widthL: 78.01804532001782
widthR: 53.04649586770004
x0: 1141.8372303669594
