alphaL: 0.9780695175844648
alphaR: 2.532496576178747
event_sum: 24.458166204202293
mean: 1151.4670132568458
nL: 59.16996452611434
nR: 2.229524767087964
norm_2016: 6.277006175614622
norm_2017: 7.496200510007461
norm_2018: 11.225531474199897
norm_Run2: 24.998738159821976
sigma: 59.75980198467559
sigmaL: 48.45185670754517
sigmaR: 33.931081660637304
widthL: 48.45185670754517
widthR: 33.931081660637304
x0: 1151.4670132568458
