alphaL: 0.7243531225369694
alphaR: 1.4072740833357904
event_sum: 18.10438570883863
mean: 1122.3623792050066
nL: 5.336477525801223
nR: 4.419893782626019
norm_2016: 18.10438570883863
norm_2017: 18.10438570883863
norm_2018: 18.10438570883863
norm_Run2: 18.10438570883863
sigma: 122.35133577254695
sigmaL: 75.8659462518672
sigmaR: 72.84683966163709
widthL: 75.8659462518672
widthR: 72.84683966163709
x0: 1122.3623792050066
