alphaL: 0.7177297360854632
alphaR: 1.4083702336250612
event_sum: 18.10438570883863
mean: 1122.3543512748538
nL: 5.383868142119331
nR: 4.390683147528567
norm_2016: 18.10438570883863
norm_2017: 18.10438570883863
norm_2018: 18.10438570883863
norm_Run2: 18.10438570883863
sigma: 115.0
sigmaL: 75.62932510397539
sigmaR: 72.81770114256082
widthL: 75.62932510397539
widthR: 72.81770114256082
x0: 1122.3543512748538
