alphaL: 0.7523198147943658
alphaR: 1.4011821095006252
event_sum: 18.10438570883863
mean: 1123.4614614883887
nL: 4.930802965769649
nR: 4.417617484052935
norm_2016: 4.437057084371728
norm_2017: 5.712987847107669
norm_2018: 8.266812462784845
norm_Run2: 18.10438570883863
sigma: 115.0
sigmaL: 79.49817263641967
sigmaR: 72.26310242955437
widthL: 79.49817263641967
widthR: 72.26310242955437
x0: 1123.4614614883887
