alphaL: 1.1167937030997659
alphaR: 1.4151070427448829
event_sum: 20.05641390199136
mean: 1142.033464566627
nL: 3.502254350929552
nR: 4.3701849128872245
norm_2016: 20.05641390199136
norm_2017: 20.05641390199136
norm_2018: 20.05641390199136
norm_Run2: 20.05641390199136
sigma: 64.4
sigmaL: 78.04168699134243
sigmaR: 52.84365287512182
widthL: 78.04168699134243
widthR: 52.84365287512182
x0: 1142.033464566627
