alphaL: 1.1123676259505086
alphaR: 1.1991009918505469
event_sum: 0.17098977087880485
mean: 2560.5289518656405
nL: 0.10000271255376801
nR: 4.146048552333266
norm: 0.17098977087880485
sigma: 260.0
sigmaL: 269.7438536009836
sigmaR: 111.67122847050376
widthL: 269.7438536009836
widthR: 111.67122847050376
x0: 2560.5289518656405
