alphaL: 0.652193372652902
alphaR: 0.9241034542333691
event_sum: 0.3049932099165744
mean: 2618.8976028551274
nL: 1.0000010398861217
nR: 2.2847026504424353
norm: 0.3049932099165744
sigma: 260.0
sigmaL: 346.66916451203525
sigmaR: 65.80316132996028
widthL: 346.66916451203525
widthR: 65.80316132996028
x0: 2618.8976028551274
