alphaL: 0.9151336864625254
alphaR: 1.2734936997459652
event_sum: 0.18896443682024255
mean: 2570.9714202964187
nL: 0.20006347863144475
nR: 2.8190776205901074
norm: 0.18896443682024255
sigma: 155.65907995056926
sigmaL: 263.1982222802174
sigmaR: 115.31534728126006
widthL: 263.1982222802174
widthR: 115.31534728126006
x0: 2570.9714202964187
