alphaL: 0.2241606069757709
alphaR: 1.0356539688233166
event_sum: 0.2127002136403462
mean: 2617.633414132676
nL: 1.0000002109158308
nR: 3.5393545961213557
norm: 0.2127002136403462
sigma: 260.0
sigmaL: 339.1350092423769
sigmaR: 87.19851268223107
widthL: 339.1350092423769
widthR: 87.19851268223107
x0: 2617.633414132676
