alphaL: 0.7425281306569419
alphaR: 0.942961012591643
event_sum: 0.5140063125945744
mean: 2602.126431731448
nL: 1.0000000015669752
nR: 2.141579625735484
norm: 0.5140063125945744
sigma: 260.0
sigmaL: 315.8402682321685
sigmaR: 66.45961593009005
widthL: 315.8402682321685
widthR: 66.45961593009005
x0: 2602.126431731448
