alphaL: 0.6521265233035378
alphaR: 0.923981631703073
event_sum: 0.3049932099165744
mean: 2618.47153094614
nL: 1.000001043825605
nR: 2.284635075474112
norm: 0.3049932099165744
sigma: 260.0
sigmaL: 346.67256989598695
sigmaR: 65.81428162537318
widthL: 346.67256989598695
widthR: 65.81428162537318
x0: 2618.47153094614
