alphaL: 0.8905908346739236
alphaR: 1.3432743625970784
event_sum: 5.14006306102965
fraction: 0.6838626436436881
mean: 2567.5216411204437
nL: 0.4000223887219141
nR: 2.986805557871202
norm: 1.5186288084369153
sigma: 260.0
sigmaL: 273.806275091
sigmaR: 113.71736626537108
widthL: 273.806275091
widthR: 113.71736626537108
x0: 2567.5216411204437
