alphaL: 1.0383210981683135
alphaR: 1.1110195602944115
event_sum: 4.613497533369809
fraction: 0.7152082002266292
mean: 2571.423736415658
nL: 0.40009091686566095
nR: 4.351484495558188
norm: 2.426579871447757
sigma: 260.0
sigmaL: 258.6409406998617
sigmaR: 108.44993955516034
widthL: 258.6409406998617
widthR: 108.44993955516034
x0: 2571.423736415658
