alphaL: 0.3039180211608931
alphaR: 0.9803669070902679
event_sum: 0.2127002136403462
mean: 2641.0198592030365
nL: 1.0000001980627413
nR: 2.873671253208077
norm: 0.2127002136403462
sigma: 260.0
sigmaL: 478.2805360538392
sigmaR: 73.42566110274409
widthL: 478.2805360538392
widthR: 73.42566110274409
x0: 2641.0198592030365
