alphaL: 1.0378274600579667
alphaR: 1.3020217571210222
event_sum: 0.2652415448537795
mean: 2574.5143165730306
nL: 0.2833161603245378
nR: 2.9029829736018047
norm: 0.2652415448537795
sigma: 260.0
sigmaL: 247.61096598793765
sigmaR: 109.26106390568832
widthL: 247.61096598793765
widthR: 109.26106390568832
x0: 2574.5143165730306
