alphaL: 0.8361411286767273
alphaR: 1.1190450289978735
event_sum: 0.11337866209214553
mean: 2585.564527606803
nL: 0.20003151859358828
nR: 2.305117775766364
norm: 0.11337866209214553
sigma: 155.65907995056926
sigmaL: 252.33721390386617
sigmaR: 85.70639592398639
widthL: 252.33721390386617
widthR: 85.70639592398639
x0: 2585.564527606803
