alphaL: 0.822720319946015
alphaR: 0.9723810752134092
event_sum: 0.4613497591635678
mean: 2606.7337161370347
nL: 1.0000011424317283
nR: 2.3404817658168446
norm: 0.4613497591635678
sigma: 260.0
sigmaL: 289.4841294739057
sigmaR: 72.06193310033483
widthL: 289.4841294739057
widthR: 72.06193310033483
x0: 2606.7337161370347
