alphaL: 0.6682040875618875
alphaR: 0.01
event_sum: 0.16794035456185802
mean: 3465.6725825606454
nL: 0.1
nR: 2.4424716907756663
norm: 0.16794035456185802
sigma: 335.0
sigmaL: 398.72328200308186
sigmaR: 5.0
widthL: 398.72328200308186
widthR: 5.0
x0: 3465.6725825606454
