alphaL: 0.3707825724338026
alphaR: 1.2654056880337232
event_sum: 0.3529840217617991
mean: 3379.0606414483877
nL: 0.9951659826115418
nR: 2.6326319121634407
norm: 0.3529840217617991
sigma: 335.0
sigmaL: 639.7079896093318
sigmaR: 105.83651941604917
widthL: 639.7079896093318
widthR: 105.83651941604917
x0: 3379.0606414483877
