alphaL: 0.46094163246349135
alphaR: 0.9266633460652886
event_sum: 14.342429431170082
fraction: 0.578516863502923
mean: 3365.3016074930883
nL: 0.4
nR: 3.425790376763803
norm: 1.4313470757253848
sigma: 335.0
sigmaL: 432.6632014356419
sigmaR: 93.2175241727064
widthL: 432.6632014356419
widthR: 93.2175241727064
x0: 3365.3016074930883
