alphaL: 0.9650552600140321
alphaR: 1.360981447180035
event_sum: 0.29556233134074383
mean: 3319.02424986002
nL: 0.10743592611712
nR: 1.3081020561046626
norm: 0.29556233134074383
sigma: 335.0
sigmaL: 429.03685116941494
sigmaR: 116.31935982272681
widthL: 429.03685116941494
widthR: 116.31935982272681
x0: 3319.02424986002
