alphaL: 0.7454240756240318
alphaR: 1.3472827711521154
event_sum: 9.968746938004593
fraction: 0.6463487297199404
mean: 3300.0
nL: 0.4686530471921907
nR: 4.454548412676083
norm: 2.583542765533203
sigma: 335.0
sigmaL: 341.52652433539623
sigmaR: 145.90422977422983
widthL: 341.52652433539623
widthR: 145.90422977422983
x0: 3300.0
