alphaL: 0.0972547408177773
alphaR: 1.290990688321974
event_sum: 0.22721418536973262
mean: 3368.462748317088
nL: 0.9999265935417011
nR: 3.400851942030718
norm: 0.22721418536973262
sigma: 335.0
sigmaL: 845.2865069555315
sigmaR: 102.09685158950758
widthL: 845.2865069555315
widthR: 102.09685158950758
x0: 3368.462748317088
