alphaL: 0.6812671813295668
alphaR: 2.4129651231053075
event_sum: 3.1963371715193603
mean: 3381.222702080539
nL: 4.555279070477429
nR: 2.460167403505492
norm: 3.1963371715193603
sigma: 152.0571075976744
sigmaL: 88.37761311627393
sigmaR: 80.92642082395503
widthL: 88.37761311627393
widthR: 80.92642082395503
x0: 3381.222702080539
