alphaL: 0.9546521755665038
alphaR: 1.634103543038062
event_sum: 49.186330952592776
fraction: 0.9991969518265702
mean: 3398.467140638126
nL: 9.947858277433706
nR: 3.8820312038168456
norm: 48.94245804120388
sigma: 311.6614005375099
sigmaL: 117.85939544189635
sigmaR: 73.12465211507512
widthL: 117.85939544189635
widthR: 73.12465211507512
x0: 3398.467140638126
