alphaL: 0.784924309709172
alphaR: 1.71878142381135
event_sum: 22.53641320951708
fraction: 0.9985923754708299
mean: 3391.442985033732
nL: 10.0
nR: 2.908176171832574
norm: 22.04077151383818
sigma: 311.6614005375099
sigmaL: 101.06897248973885
sigmaR: 81.80079178413345
widthL: 101.06897248973885
widthR: 81.80079178413345
x0: 3391.442985033732
