alphaL: 1.25941555137965
alphaR: 1.7564495990783686
event_sum: 5.166059302945179
mean: 3403.6408128773933
nL: 4.915133855151457
nR: 2.6620636483786355
norm: 5.166059302945179
sigma: 315.09081379489237
sigmaL: 136.20895421623786
sigmaR: 71.73482641911058
widthL: 136.20895421623786
widthR: 71.73482641911058
x0: 3403.6408128773933
