alphaL: 1.122065787389668
alphaR: 1.9521818582675887
event_sum: 2.0495709024767907
mean: 3395.3176928111407
nL: 4.631606877083272
nR: 2.6023788023200067
norm: 2.0495709024767907
sigma: 152.0571075976744
sigmaL: 120.17180696240754
sigmaR: 76.45335733452231
widthL: 120.17180696240754
widthR: 76.45335733452231
x0: 3395.3176928111407
