alphaL: 1.4164241150088603
alphaR: 2.0506941867720587
event_sum: 3.2141127541262358
mean: 3403.7782127901673
nL: 4.495603807071732
nR: 3.2438928264928357
norm: 3.2141127541262358
sigma: 152.0571075976744
sigmaL: 146.51824174213635
sigmaR: 70.87369068309
widthL: 146.51824174213635
widthR: 70.87369068309
x0: 3403.7782127901673
