alphaL: 1.345399554822218
alphaR: 1.7181392658594672
event_sum: 2.0618894250330997
mean: 3402.8032442246185
nL: 4.449593004275495
nR: 3.9153124416110456
norm: 2.0618894250330997
sigma: 152.0571075976744
sigmaL: 134.76922546973486
sigmaR: 71.73114834102692
widthL: 134.76922546973486
widthR: 71.73114834102692
x0: 3402.8032442246185
