alphaL: 1.1126373281757276
alphaR: 1.6700267409937113
event_sum: 2.330440885949586
mean: 3398.2830400024513
nL: 4.856775472677134
nR: 2.991277100804886
norm: 2.330440885949586
sigma: 315.09081379489237
sigmaL: 122.36332313307092
sigmaR: 79.5841358604345
widthL: 122.36332313307092
widthR: 79.5841358604345
x0: 3398.2830400024513
