alphaL: 1.1685393341405463
alphaR: 1.855255021212207
event_sum: 1.8579611392609046
fraction: 0.9992307631391273
mean: 3400.299356823717
nL: 9.7556294994762
nR: 2.9917876090294486
norm: 1.8560004220745974
sigma: 152.45001310478332
sigmaL: 127.69375659190769
sigmaR: 72.69705932166738
widthL: 127.69375659190769
widthR: 72.69705932166738
x0: 3400.299356823717
