alphaL: 1.4180376046578183
alphaR: 1.6618511382769676
event_sum: 5.181399201230484
mean: 3409.6521524478385
nL: 4.499732154085327
nR: 2.680067286734912
norm: 5.181399201230484
sigma: 315.09081379489237
sigmaL: 147.76720712632
sigmaR: 67.54309923119231
widthL: 147.76720712632
widthR: 67.54309923119231
x0: 3409.6521524478385
