alphaL: 1.3347721484171715
alphaR: 1.9775542368142418
event_sum: 2.9724991422844758
fraction: 0.9991178218686876
mean: 3402.891151519173
nL: 8.756971110632396
nR: 3.7178579144268347
norm: 2.9717250560407997
sigma: 152.45001310478332
sigmaL: 145.36545838658344
sigmaR: 70.30228239169405
widthL: 145.36545838658344
widthR: 70.30228239169405
x0: 3402.891151519173
