alphaL: 1.1138045347933554
alphaR: 1.6106615248955192
event_sum: 2.3433107793586183
mean: 3397.5928275050856
nL: 4.509077641987846
nR: 2.9734401403429604
norm: 2.3433107793586183
sigma: 315.09081379489237
sigmaL: 121.4892862833503
sigmaR: 79.20730274038692
widthL: 121.4892862833503
widthR: 79.20730274038692
x0: 3397.5928275050856
