alphaL: 1.0041108981633928
alphaR: 1.90470878813349
event_sum: 1.8548211365922773
mean: 3392.845262625716
nL: 12.129985169145028
nR: 3.3776043666509428
norm_2016: 0.5726819296309359
norm_2017: 0.5754869337824212
norm_2018: 0.8924001490647859
norm_Run2: 2.040569012478143
sigma: 150.61022842817508
sigmaL: 114.41251937481124
sigmaR: 77.80424640587529
widthL: 114.41251937481124
widthR: 77.80424640587529
x0: 3392.845262625716
