alphaL: 0.9033292272563956
alphaR: 2.1382784861592192
event_sum: 2.9690814633154807
mean: 3390.7522860690706
nL: 22.595427651968475
nR: 3.647650551810867
norm_2016: 2.9690814633154807
norm_2017: 2.9690814633154807
norm_2018: 2.9690814633154807
norm_Run2: 2.9690814633154807
sigma: 150.61022842817508
sigmaL: 113.7886973488361
sigmaR: 76.69895254602919
widthL: 113.7886973488361
widthR: 76.69895254602919
x0: 3390.7522860690706
