alphaL: 0.9033292272563956
alphaR: 2.1382784861592192
event_sum: 2.9690814633154807
mean: 3390.7522860690706
nL: 22.595427651968475
nR: 3.647650551810867
norm_2016: 0.7641664936678679
norm_2017: 1.0369061993062751
norm_2018: 1.3922668873542492
norm_Run2: 3.1933395803283933
sigma: 150.61022842817508
sigmaL: 113.7886973488361
sigmaR: 76.69895254602919
widthL: 113.7886973488361
widthR: 76.69895254602919
x0: 3390.7522860690706
