alphaL: 0.7290704841210124
alphaR: 1.5429823756639265
event_sum: 21.915049757650895
mean: 3396.7806540284764
nL: 22.781905280605045
nR: 3.3584912240664755
norm_2016: 5.866935829817264
norm_2017: 6.991654381074523
norm_2018: 9.643699627815943
norm_Run2: 21.915049757650895
sigma: 316.0892424627246
sigmaL: 99.95185949891936
sigmaR: 78.96682483068624
widthL: 99.95185949891936
widthR: 78.96682483068624
x0: 3396.7806540284764
