alphaL: 0.7434691783752932
alphaR: 1.4337173117912927
event_sum: 1.4051633777762609
mean: 3339.8160984730866
nL: 0.10008497462888956
nR: 4.846578640272133
norm_2016: 0.41853355282091836
norm_2017: 0.4389840184366284
norm_2018: 0.5679259155585628
norm_Run2: 1.4051633777762609
sigma: 340.0
sigmaL: 351.65691787189604
sigmaR: 154.51351096693662
widthL: 351.65691787189604
widthR: 154.51351096693662
x0: 3339.8160984730866
