alphaL: 0.7336092453533656
alphaR: 1.5562654289587852
event_sum: 21.915049757650895
mean: 3396.617819436233
nL: 21.044472488103317
nR: 3.324287574981916
norm_2016: 5.866935829817264
norm_2017: 6.991654381074523
norm_2018: 9.643699627815943
norm_Run2: 21.915049757650895
sigma: 316.0892424627246
sigmaL: 100.1292248997893
sigmaR: 79.4084460854327
widthL: 100.1292248997893
widthR: 79.4084460854327
x0: 3396.617819436233
