alphaL: 1.1173527677097672
alphaR: 1.1206502034631258
event_sum: 1.6331215764846267
mean: 3351.27709418227
nL: 0.4685204421112119
nR: 9.191698570325109
norm_2016: 0.36343229101680075
norm_2017: 0.5668207929116106
norm_2018: 0.7253779134338798
norm_Run2: 1.6331215764846267
sigma: 190.4
sigmaL: 237.40404829820457
sigmaR: 128.05293871496406
widthL: 237.40404829820457
widthR: 128.05293871496406
x0: 3351.27709418227
