alphaL: 1.0516762847459598
alphaR: 1.2080517406071634
event_sum: 1.6331215764846267
mean: 3340.7514230218953
nL: 0.5435704820778966
nR: 9.147003653335485
norm_2016: 1.6331215764846267
norm_2017: 1.6331215764846267
norm_2018: 1.6331215764846267
norm_Run2: 1.6331215764846267
sigma: 190.4
sigmaL: 225.74831477061898
sigmaR: 138.0866043268486
widthL: 225.74831477061898
widthR: 138.0866043268486
x0: 3340.7514230218953
