alphaL: 0.7155032817567747
alphaR: 1.5333094374392617
event_sum: 2.529693119512562
mean: 3309.0114332429093
nL: 0.2656097102711814
nR: 4.400230380760467
norm_2016: 0.6742185525280361
norm_2017: 0.8835658994339362
norm_2018: 0.9921887906148699
norm_Run2: 2.5499732425768413
sigma: 340.0
sigmaL: 271.6915025337134
sigmaR: 169.94174283854232
widthL: 271.6915025337134
widthR: 169.94174283854232
x0: 3309.0114332429093
