alphaL: 0.8436720653555815
alphaR: 2.2921011864197034
event_sum: 3.7825698421781353
mean: 3313.778879175029
nL: 0.8935552943746914
nR: 1.1088004595217429
norm_2016: 3.7825698421781353
norm_2017: 3.7825698421781353
norm_2018: 3.7825698421781353
norm_Run2: 3.7825698421781353
sigma: 190.4
sigmaL: 138.80912776754468
sigmaR: 158.69936779563798
widthL: 138.80912776754468
widthR: 158.69936779563798
x0: 3313.778879175029
