alphaL: 0.929616714966063
alphaR: 1.473111600613319
event_sum: 2.529693119512562
mean: 3350.1673345603363
nL: 0.14869167894307983
nR: 2.8673113133410633
norm_2016: 0.6742185525280361
norm_2017: 0.8835658994339362
norm_2018: 0.9921887906148699
norm_Run2: 2.529693119512562
sigma: 340.0
sigmaL: 414.33080455421765
sigmaR: 144.0207951778857
widthL: 414.33080455421765
widthR: 144.0207951778857
x0: 3350.1673345603363
