alphaL: 0.5949667337706254
alphaR: 2.0917783545213813
event_sum: 48.774310783768335
mean: 3388.4899259982512
nL: 122.68974366452777
nR: 1.8024591996774777
norm_2016: 11.264723186992807
norm_2017: 15.716569988576529
norm_2018: 23.11037047019655
norm_Run2: 50.09166364576589
sigma: 316.0892424627246
sigmaL: 86.27829682370484
sigmaR: 80.50748788721747
widthL: 86.27829682370484
widthR: 80.50748788721747
x0: 3388.4899259982512
