alphaL: 0.9999345249699383
alphaR: 1.7430449315554064
event_sum: 0.17796428418296273
mean: 689.2294892494801
nL: 1.0
nR: 1.603209999512059
norm: 0.17796428418296273
sigma: 70.0
sigmaL: 79.81958484146796
sigmaR: 49.167440161136795
widthL: 79.81958484146796
widthR: 49.167440161136795
x0: 689.2294892494801
