alphaL: 1.0540180877990208
alphaR: 1.1400591382841168
event_sum: 0.21427230084736948
mean: 697.7913833390511
nL: 0.20000014309173383
nR: 1.5614825813356865
norm: 0.21427230084736948
sigma: 34.51438458749532
sigmaL: 64.06881661620292
sigmaR: 37.981278155898025
widthL: 64.06881661620292
widthR: 37.981278155898025
x0: 697.7913833390511
