alphaL: 1.0
alphaR: 1.3629741660230918
event_sum: 0.17990351174739772
mean: 687.5796254085586
nL: 2.0
nR: 2.8589947805864533
norm: 0.17990351174739772
sigma: 70.0
sigmaL: 80.2407802150693
sigmaR: 47.21605254952412
widthL: 80.2407802150693
widthR: 47.21605254952412
x0: 687.5796254085586
