alphaL: 1.3780409055180638
alphaR: 1.2143036434348855
event_sum: 0.5947857351966377
mean: 695.1655499910195
nL: 0.5132701260496317
nR: 2.0693131458866842
norm: 0.5947857351966377
sigma: 34.51438458749532
sigmaL: 54.581990935424905
sigmaR: 43.945548022642484
widthL: 54.581990935424905
widthR: 43.945548022642484
x0: 695.1655499910195
