alphaL: 0.9999998465058955
alphaR: 1.2885941245487889
event_sum: 1.6255197370192036
fraction: 0.9777716821435201
mean: 698.1479908288048
nL: 2.0
nR: 3.000590900385113
norm: 1.5976500948308967
sigma: 70.0
sigmaL: 73.73717727970919
sigmaR: 40.5135545914943
widthL: 73.73717727970919
widthR: 40.5135545914943
x0: 698.1479908288048
