alphaL: 1.0003057907787143
alphaR: 1.3507250433843787
event_sum: 4.642253172351047
fraction: 0.9866499525235488
mean: 698.0482213744167
nL: 2.0
nR: 3.9441887324715967
norm: 4.5944599025533535
sigma: 70.0
sigmaL: 74.47059622604044
sigmaR: 44.66625026019484
widthL: 74.47059622604044
widthR: 44.66625026019484
x0: 698.0482213744167
