alphaL: 1.0007061836926856
alphaR: 1.2670443422837214
event_sum: 0.5098803191904153
mean: 702.2077942041454
nL: 2.0
nR: 3.2301662370704665
norm: 0.5098803191904153
sigma: 70.0
sigmaL: 68.12848914031717
sigmaR: 40.25666986384124
widthL: 68.12848914031717
widthR: 40.25666986384124
x0: 702.2077942041454
