alphaL: 0.9998690457262823
alphaR: 1.6056945420681963
event_sum: 0.5069943916751072
mean: 702.9759556889084
nL: 1.0
nR: 1.8736614931549223
norm: 0.5069943916751072
sigma: 70.0
sigmaL: 73.61689190659814
sigmaR: 41.93801676573712
widthL: 73.61689190659814
widthR: 41.93801676573712
x0: 702.9759556889084
