alphaL: 1.0
alphaR: 1.963794978943193
event_sum: 0.5083039562086924
mean: 673.1488183073672
nL: 2.0
nR: 3.863578096516178
norm: 0.5083039562086924
sigma: 70.0
sigmaL: 94.23843974900103
sigmaR: 65.12582183606597
widthL: 94.23843974900103
widthR: 65.12582183606597
x0: 673.1488183073672
