alphaL: 0.9999999967872004
alphaR: 1.1886735105417716
event_sum: 0.178702984139818
mean: 700.1697767537222
nL: 2.0
nR: 2.4854265300134
norm: 0.178702984139818
sigma: 70.0
sigmaL: 75.66734033049143
sigmaR: 36.144425214484635
widthL: 75.66734033049143
widthR: 36.144425214484635
x0: 700.1697767537222
