alphaL: 1.0
alphaR: 1.9611969759914478
event_sum: 0.5083039562086924
mean: 674.4387349076978
nL: 2.0
nR: 3.8620005703772593
norm: 0.5083039562086924
sigma: 70.0
sigmaL: 94.16809358075439
sigmaR: 64.50049464982307
widthL: 94.16809358075439
widthR: 64.50049464982307
x0: 674.4387349076978
