alphaL: 0.9999999973652088
alphaR: 1.188816603051232
event_sum: 0.178702984139818
mean: 700.1968997061946
nL: 2.0
nR: 2.4831001752721384
norm: 0.178702984139818
sigma: 70.0
sigmaL: 75.7053773731599
sigmaR: 36.12557928090114
widthL: 75.7053773731599
widthR: 36.12557928090114
x0: 700.1968997061946
