alphaL: 1.1743203625403997
alphaR: 1.135235094286113
event_sum: 10.981664531641774
mean: 2262.4720751402156
nL: 0.4038529748888353
nR: 7.92948879816139
norm_2016: 2.6051884264975795
norm_2017: 3.500569799204404
norm_2018: 5.044949513785305
norm_Run2: 10.981664531641774
sigma: 230.0
sigmaL: 250.38019576779658
sigmaR: 112.77440065460905
widthL: 250.38019576779658
widthR: 112.77440065460905
x0: 2262.4720751402156
