alphaL: 1.0551455507439818
alphaR: 1.9095852508678874
event_sum: 1.8548211365922773
mean: 3395.008169326407
nL: 11.012431078010641
nR: 3.218430925250913
norm_2016: 0.5726819296309359
norm_2017: 0.5754869337824212
norm_2018: 0.8924001490647859
norm_Run2: 1.8548211365922773
sigma: 150.61022842817508
sigmaL: 118.60861306261876
sigmaR: 75.88106063166533
widthL: 118.60861306261876
widthR: 75.88106063166533
x0: 3395.008169326407
