alphaL: 0.5759179315360926
alphaR: 2.0867235903356267
event_sum: 48.774310783768335
mean: 3388.08522598043
nL: 129.8142757266582
nR: 1.8584302192380246
norm_2016: 11.264723186992807
norm_2017: 15.716569988576529
norm_2018: 23.11037047019655
norm_Run2: 48.774310783768335
sigma: 316.0892424627246
sigmaL: 83.89409341028711
sigmaR: 80.62687881679886
widthL: 83.89409341028711
widthR: 80.62687881679886
x0: 3388.08522598043
