alphaL: 0.9733307466315866
alphaR: 2.868269929444067
event_sum: 0.9804144334225924
mean: 1412.5994767260763
nL: 2.264593712165507
nR: 2.6715283363842866
norm: 0.9804144334225924
sigma: 81.2
sigmaL: 84.0991972100982
sigmaR: 93.20665347777276
widthL: 84.0991972100982
widthR: 93.20665347777276
x0: 1412.5994767260763
