alphaL: 0.8952805108773845
alphaR: 1.2837667329424698
event_sum: 1.1344294245450177
mean: 1440.9474160634704
nL: 2.9821173859419567
nR: 3.648261485211074
norm: 1.1344294245450177
sigma: 81.2
sigmaL: 92.97126692145068
sigmaR: 57.82819202002306
widthL: 92.97126692145068
widthR: 57.82819202002306
x0: 1440.9474160634704
