alphaL: 0.9206530692738012
alphaR: 2.6619422089523006
event_sum: 1.0887619454106674
mean: 1412.844986648093
nL: 1.9482844802133543
nR: 2.709044172185866
norm: 1.0887619454106674
sigma: 81.2
sigmaL: 79.13430297147114
sigmaR: 90.12825823960145
widthL: 79.13430297147114
widthR: 90.12825823960145
x0: 1412.844986648093
