alphaL: 0.9333760551350703
alphaR: 1.3818469338926365
event_sum: 1.008980938801876
mean: 1433.7962750098102
nL: 3.907148714574795
nR: 4.017357465161097
norm: 1.008980938801876
sigma: 81.2
sigmaL: 89.9889210101935
sigmaR: 61.50658152403577
widthL: 89.9889210101935
widthR: 61.50658152403577
x0: 1433.7962750098102
