alphaL: 1.254324686624043
alphaR: 1.374146775655441
event_sum: 13.118712355047522
fraction: 0.92556542517867
mean: 1435.9356306470434
nL: 1.0151002095297548
nR: 4.083578860416421
norm: 11.729417481806122
sigma: 81.2
sigmaL: 99.1497070374845
sigmaR: 63.3152489934677
widthL: 99.1497070374845
widthR: 63.3152489934677
x0: 1435.9356306470434
