alphaL: 1.0854110541328867
alphaR: 1.4128113836666873
event_sum: 10.99393673456533
fraction: 0.9653205680162199
mean: 1436.1487259642163
nL: 2.8992327704972105
nR: 4.285521972205661
norm: 10.307592834705842
sigma: 81.2
sigmaL: 97.61578027057269
sigmaR: 63.018456987740244
widthL: 97.61578027057269
widthR: 63.018456987740244
x0: 1436.1487259642163
