alphaL: 0.7876994080447653
alphaR: 1.3380101371885864
event_sum: 10.151884778482081
fraction: 0.656467890310542
mean: 3250.0
nL: 0.47316435541508006
nR: 4.4293372134304665
norm: 2.786232983134999
sigma: 330.0
sigmaL: 338.4396538585919
sigmaR: 143.74878771975474
widthL: 338.4396538585919
widthR: 143.74878771975474
x0: 3250.0
