alphaL: 0.41079589081359486
alphaR: 1.2761755432561002
event_sum: 0.3753118023800858
mean: 3326.0459699702055
nL: 0.9947586818470806
nR: 2.5500366909538843
norm: 0.3753118023800858
sigma: 330.0
sigmaL: 606.3938379985086
sigmaR: 103.26956565300294
widthL: 606.3938379985086
widthR: 103.26956565300294
x0: 3326.0459699702055
