alphaL: 0.9991524894020754
alphaR: 1.4514274344148503
event_sum: 0.31704304527170935
mean: 3261.6106263515026
nL: 0.11141301726323419
nR: 1.370735789151233
norm: 0.31704304527170935
sigma: 330.0
sigmaL: 406.1940372091082
sigmaR: 125.16281073905189
widthL: 406.1940372091082
widthR: 125.16281073905189
x0: 3261.6106263515026
