alphaL: 0.09930938388228464
alphaR: 1.2856034072809934
event_sum: 0.24590514756459986
mean: 3317.9976340738763
nL: 0.9999206411757366
nR: 3.413240839975093
norm: 0.24590514756459986
sigma: 330.0
sigmaL: 818.3781158123767
sigmaR: 101.76869254878515
widthL: 818.3781158123767
widthR: 101.76869254878515
x0: 3317.9976340738763
