alphaL: 0.4498948429787808
alphaR: 0.9010440300838747
event_sum: 14.512333012663516
fraction: 0.5819743654454814
mean: 3309.9537686121507
nL: 0.4
nR: 3.5282609858984335
norm: 1.5682994867395952
sigma: 330.0
sigmaL: 390.84997695625395
sigmaR: 93.13130992990448
widthL: 390.84997695625395
widthR: 93.13130992990448
x0: 3309.9537686121507
