alphaL: 0.6775483283884152
alphaR: 0.01
event_sum: 0.18334627859699
mean: 3421.539266564849
nL: 0.1
nR: 2.5716473008143743
norm: 0.18334627859699
sigma: 330.0
sigmaL: 390.18731315594204
sigmaR: 5.0
widthL: 390.18731315594204
widthR: 5.0
x0: 3421.539266564849
