alphaL: 1.5066443854415712
alphaR: 1.3178777425438033
event_sum: 7.3236647480117645
fraction: 0.9937470841412693
mean: 841.5525980287495
nL: 0.4
nR: 4.5
norm: 7.280016530700027
sigma: 85.0
sigmaL: 78.58142249143553
sigmaR: 51.51159110844014
widthL: 78.58142249143553
widthR: 51.51159110844014
x0: 841.5525980287495
