alphaL: 1.340134975654186
alphaR: 1.529423789442418
event_sum: 0.7673627337941353
mean: 839.2139027379358
nL: 0.6386091818714472
nR: 3.21485382490201
norm: 0.7673627337941353
sigma: 85.0
sigmaL: 74.40796784964637
sigmaR: 56.59174457378389
widthL: 74.40796784964637
widthR: 56.59174457378389
x0: 839.2139027379358
