alphaL: 1.1933603192111017
alphaR: 1.3466292992100555
event_sum: 3.385221249580596
fraction: 0.9868278409234477
mean: 836.8919864501578
nL: 5.495792784427252
nR: 3.290825789910687
norm: 3.3553237155237037
sigma: 85.0
sigmaL: 73.97820481159007
sigmaR: 52.133166742494346
widthL: 73.97820481159007
widthR: 52.133166742494346
x0: 836.8919864501578
