alphaL: 1.6438364922042292
alphaR: 1.7512790811726922
event_sum: 0.35221813025282045
mean: 837.5852328653931
nL: 4.043032429282196
nR: 1.7920671499007628
norm: 0.35221813025282045
sigma: 85.0
sigmaL: 80.83214068957388
sigmaR: 57.06053033823212
widthL: 80.83214068957388
widthR: 57.06053033823212
x0: 837.5852328653931
