alphaL: 3.0378907848396834
alphaR: 1.4049944087869966
event_sum: 0.7659746014731317
mean: 842.4370451774276
nL: 0.3405660975106197
nR: 3.5873207206207125
norm: 0.7659746014731317
sigma: 85.0
sigmaL: 83.96422595441489
sigmaR: 52.361689245106874
widthL: 83.96422595441489
widthR: 52.361689245106874
x0: 842.4370451774276
