alphaL: 1.1037054723988289
alphaR: 1.176322771347394
event_sum: 0.35361920977758904
mean: 840.7595504163484
nL: 4.310375242207121
nR: 3.4611841862695076
norm: 0.35361920977758904
sigma: 85.0
sigmaL: 74.22964346011032
sigmaR: 45.97434992290087
widthL: 74.22964346011032
widthR: 45.97434992290087
x0: 840.7595504163484
