alphaL: 0.9801525594275589
alphaR: 1.4704358799965405
event_sum: 31.9972120664769
fraction: 0.9590654208427115
mean: 1242.9119688282487
nL: 2.272574705393385
nR: 3.925328860486928
norm: 30.1989317079538
sigma: 70.0
sigmaL: 79.19046066481937
sigmaR: 57.72576813731263
widthL: 79.19046066481937
widthR: 57.72576813731263
x0: 1242.9119688282487
