alphaL: 0.9075817511527212
alphaR: 1.3954504047134833
event_sum: 3.000338721640659
mean: 1247.1962418355745
nL: 3.172053142628332
nR: 3.660552819194159
norm: 3.000338721640659
sigma: 70.0
sigmaL: 82.0479919839144
sigmaR: 53.85548823566857
widthL: 82.0479919839144
widthR: 53.85548823566857
x0: 1247.1962418355745
