alphaL: 1.1826363067186791
alphaR: 1.4500759474695777
event_sum: 22.390187529828193
fraction: 0.9711010372761225
mean: 1240.2947759820008
nL: 2.2201497477878807
nR: 3.8879434817768495
norm: 21.561819607968197
sigma: 70.0
sigmaL: 84.98976212501188
sigmaR: 57.25626464837587
widthL: 84.98976212501188
widthR: 57.25626464837587
x0: 1240.2947759820008
