alphaL: 1.1713864629644601
alphaR: 1.6409254012220233
event_sum: 2.0971838225907984
mean: 1240.6824152975917
nL: 2.412018534190184
nR: 2.4344527903897015
norm: 2.0971838225907984
sigma: 70.0
sigmaL: 86.32978450966205
sigmaR: 58.81155674400736
widthL: 86.32978450966205
widthR: 58.81155674400736
x0: 1240.6824152975917
