alphaL: 1.058818989032843
alphaR: 1.423719538191951
event_sum: 2.158773397768961
mean: 1240.008784464744
nL: 3.8303160740585476
nR: 3.896555612958081
norm: 2.158773397768961
sigma: 70.0
sigmaL: 82.7939830275122
sigmaR: 56.68706842474939
widthL: 82.7939830275122
widthR: 56.68706842474939
x0: 1240.008784464744
