alphaL: 1.072798719248718
alphaR: 1.6834069686502109
event_sum: 2.892967767051444
mean: 1245.688155253619
nL: 2.1466524648745913
nR: 1.9460694574388893
norm: 2.892967767051444
sigma: 70.0
sigmaL: 86.20517094248207
sigmaR: 57.043688980696736
widthL: 86.20517094248207
widthR: 57.043688980696736
x0: 1245.688155253619
