alphaL: 1.1313507985210176
alphaR: 1.9714175964540248
event_sum: 4.966795914200608
fraction: 0.9990901107332322
mean: 2689.5842617182448
nL: 9.841130707823352
nR: 3.9776596629539407
norm: 4.967052411015388
sigma: 118.3094748555739
sigmaL: 101.83054111207618
sigmaR: 59.70851211428917
widthL: 101.83054111207618
widthR: 59.70851211428917
x0: 2689.5842617182448
