alphaL: 0.8037404880933358
alphaR: 1.74729703552747
event_sum: 26.076939267976282
fraction: 0.9879356165723094
mean: 2698.5490084258367
nL: 24.627454498323097
nR: 2.7804100603723283
norm: 11.300731045068794
sigma: 172.7077357104835
sigmaL: 88.0682414833538
sigmaR: 68.8260389240053
widthL: 88.0682414833538
widthR: 68.8260389240053
x0: 2698.5490084258367
