alphaL: 1.4191023807266465
alphaR: 2.0320823095427802
event_sum: 2.184741421124974
mean: 2702.0565416096115
nL: 4.502593309816366
nR: 1.646219660540114
norm: 2.184741421124974
sigma: 174.04455027698023
sigmaL: 120.8813339667031
sigmaR: 60.95328309735203
widthL: 120.8813339667031
widthR: 60.95328309735203
x0: 2702.0565416096115
