alphaL: 1.3217859405824908
alphaR: 1.706989923838896
event_sum: 1.1395619302120419
mean: 2696.537469699499
nL: 4.106207059244302
nR: 3.1618594471398103
norm: 1.1395619302120419
sigma: 174.04455027698023
sigmaL: 109.67116474144238
sigmaR: 70.53974677650433
widthL: 109.67116474144238
widthR: 70.53974677650433
x0: 2696.537469699499
