alphaL: 1.3644316968164307
alphaR: 1.8191649394739366
event_sum: 3.320162616639739
mean: 2691.323913242004
nL: 4.449961696866897
nR: 4.242532797469477
norm: 3.320162616639739
sigma: 119.00959675601379
sigmaL: 105.31752358836893
sigmaR: 65.70718926490414
widthL: 105.31752358836893
widthR: 65.70718926490414
x0: 2691.323913242004
