alphaL: 1.1559179521930574
alphaR: 1.9505499069698102
event_sum: 4.922520220018565
mean: 2689.4775273409373
nL: 4.877468943406147
nR: 4.1782546456539045
norm: 4.922520220018565
sigma: 119.00959675601379
sigmaL: 100.57914278471678
sigmaR: 60.17092669031572
widthL: 100.57914278471678
widthR: 60.17092669031572
x0: 2689.4775273409373
