alphaL: 1.2757585416931363
alphaR: 1.7365502119235963
event_sum: 1.1380281391338498
mean: 2701.50089977586
nL: 4.531718841295636
nR: 2.9369674924099645
norm: 1.1380281391338498
sigma: 174.04455027698023
sigmaL: 111.8783584496659
sigmaR: 68.26197513510111
widthL: 111.8783584496659
widthR: 68.26197513510111
x0: 2701.50089977586
