alphaL: 1.137494492924598
alphaR: 2.0759815008756646
event_sum: 3.307825637065911
mean: 2684.2330732432993
nL: 4.9103160773136265
nR: 3.1594303403837936
norm: 3.307825637065911
sigma: 119.00959675601379
sigmaL: 93.77409322512594
sigmaR: 70.36308526586424
widthL: 93.77409322512594
widthR: 70.36308526586424
x0: 2684.2330732432993
