alphaL: 1.542676830205083
alphaR: 1.9400120034315016
event_sum: 2.1886242933930036
mean: 2706.6452678457226
nL: 4.486224736515738
nR: 1.7456532460891598
norm: 2.1886242933930036
sigma: 174.04455027698023
sigmaL: 129.1625407597223
sigmaR: 58.24393961666376
widthL: 129.1625407597223
widthR: 58.24393961666376
x0: 2706.6452678457226
