alphaL: 1.1606058493173868
alphaR: 2.153516050847829
event_sum: 3.3220974634824865
fraction: 0.99929715650643
mean: 2684.9917864738263
nL: 10.0
nR: 2.9747880748377558
norm: 3.321864772458539
sigma: 118.3094748555739
sigmaL: 97.25390312430676
sigmaR: 70.0814139838551
widthL: 97.25390312430676
widthR: 70.0814139838551
x0: 2684.9917864738263
