alphaL: 1.096642033312406
alphaR: 1.6367077236747174
event_sum: 11.465614737051284
fraction: 0.998427203516506
mean: 2699.901666110906
nL: 10.0
nR: 3.230770343251598
norm: 11.393846017334225
sigma: 171.932565354091
sigmaL: 106.52590293860764
sigmaR: 67.56556366385153
widthL: 106.52590293860764
widthR: 67.56556366385153
x0: 2699.901666110906
