alphaL: 1.363631148994279
alphaR: 1.8972910119740587
event_sum: 4.9441739726071265
mean: 2693.857883790575
nL: 4.491548302180202
nR: 4.298792900719078
norm: 4.9441739726071265
sigma: 119.00959675601379
sigmaL: 110.90426442843246
sigmaR: 58.23808254044298
widthL: 110.90426442843246
widthR: 58.23808254044298
x0: 2693.857883790575
