alphaL: 1.1741514140432723
alphaR: 1.9804277372126926
event_sum: 21.935563251991137
fraction: 0.9976327699623184
mean: 2700.1937740186977
nL: 9.999212607596595
nR: 1.8441606910765167
norm: 21.886724671424005
sigma: 171.932565354091
sigmaL: 112.95146637162878
sigmaR: 61.18863503336247
widthL: 112.95146637162878
widthR: 61.18863503336247
x0: 2700.1937740186977
