alphaL: 0.7179103009874418
alphaR: 1.8255608247205304
event_sum: 23.783276355999988
mean: 2989.9353620785355
nL: 15.751318940725115
nR: 2.50545779043637
norm_2016: 6.583973187662195
norm_2017: 7.435289606102742
norm_2018: 10.403772168792784
norm_Run2: 23.783276355999988
sigma: 217.13514461043164
sigmaL: 84.17600150813412
sigmaR: 78.7143566287042
widthL: 84.17600150813412
widthR: 78.7143566287042
x0: 2989.9353620785355
