alphaL: 1.233269292981766
alphaR: 1.1881164500355375
event_sum: 3.604899289435707
mean: 2950.041268220977
nL: 0.39774306598065995
nR: 6.118833222062594
norm_2016: 0.8687540795654058
norm_2017: 1.1257210514741018
norm_2018: 1.6536347137298435
norm_Run2: 3.604899289435707
sigma: 168.0
sigmaL: 188.77264192800754
sigmaR: 117.44852802042347
widthL: 188.77264192800754
widthR: 117.44852802042347
x0: 2950.041268220977
