alphaL: 0.8318770763467257
alphaR: 0.9231137585157931
event_sum: 2.5913613925222307
mean: 2950.0538226602894
nL: 0.10001369249121393
nR: 8.285186047011152
norm_2016: 0.6662058848887682
norm_2017: 0.795033291215077
norm_2018: 1.1550513829570264
norm_Run2: 2.5913613925222307
sigma: 300.0
sigmaL: 197.8987118998106
sigmaR: 116.66646228828955
widthL: 197.8987118998106
widthR: 116.66646228828955
x0: 2950.0538226602894
