alphaL: 0.6281631490638948
alphaR: 1.0530994147270025
event_sum: 0.28346706612890527
mean: 2955.605832719373
nL: 1.0000582317778224
nR: 2.312912814823606
norm: 0.28346706612890527
sigma: 295.0
sigmaL: 404.50538352376526
sigmaR: 80.58553801505697
widthL: 404.50538352376526
widthR: 80.58553801505697
x0: 2955.605832719373
