alphaL: 1.0195354919165358
alphaR: 0.7201831216126099
event_sum: 5.556244245631793
fraction: 0.684225948353274
mean: 2935.1546343806617
nL: 0.4026967779221395
nR: 4.22225186589127
norm: 2.1993739322459778
sigma: 295.0
sigmaL: 351.86693417475806
sigmaR: 68.0250264798961
widthL: 351.86693417475806
widthR: 68.0250264798961
x0: 2935.1546343806617
