alphaL: 0.11516155420891594
alphaR: 0.9649030727988197
event_sum: 0.1823683691975623
mean: 2987.1287687539084
nL: 1.0000627224587693
nR: 3.194163523306188
norm: 0.1823683691975623
sigma: 295.0
sigmaL: 782.9179802925532
sigmaR: 92.79603999847282
widthL: 782.9179802925532
widthR: 92.79603999847282
x0: 2987.1287687539084
