alphaL: 1.1376314040668347
alphaR: 1.5072609770340564
event_sum: 0.2427738750062402
mean: 2887.6133310269015
nL: 0.13772292179195014
nR: 2.718846796187011
norm: 0.2427738750062402
sigma: 295.0
sigmaL: 314.90914526174225
sigmaR: 141.57108593570297
widthL: 314.90914526174225
widthR: 141.57108593570297
x0: 2887.6133310269015
