alphaL: 0.4454613694786329
alphaR: 0.6721444447876309
event_sum: 6.70206869245734
fraction: 0.6071574032647175
mean: 2925.601148212665
nL: 0.4129805950665683
nR: 4.439388761491047
norm: 1.2023420541634713
sigma: 295.0
sigmaL: 175.0170870476801
sigmaR: 70.40675336441936
widthL: 175.0170870476801
widthR: 70.40675336441936
x0: 2925.601148212665
