alphaL: 0.7016307243143419
alphaR: 1.185955522332604
event_sum: 0.1391868356591583
mean: 2913.9358031903585
nL: 0.10214890812884227
nR: 2.4474176896608073
norm: 0.1391868356591583
sigma: 295.0
sigmaL: 171.99036213498118
sigmaR: 112.47906304484164
widthL: 171.99036213498118
widthR: 112.47906304484164
x0: 2913.9358031903585
