alphaL: 0.9644356169422582
alphaR: 1.3596775872097238
event_sum: 0.489550191525553
mean: 2237.0688166611426
nL: 1.0228871035963256
nR: 2.9223725770108495
norm: 0.489550191525553
sigma: 126.0
sigmaL: 131.94853266246486
sigmaR: 77.4643467934375
widthL: 131.94853266246486
widthR: 77.4643467934375
x0: 2237.0688166611426
