alphaL: 0.9473416563802849
alphaR: 1.7444733122260472
event_sum: 8.976936292794555
fraction: 0.8399151691325135
mean: 2200.773701650974
nL: 0.8583532485734291
nR: 3.745672478539047
norm: 5.100829210373071
sigma: 126.0
sigmaL: 107.98487378935033
sigmaR: 112.58443633200925
widthL: 107.98487378935033
widthR: 112.58443633200925
x0: 2200.773701650974
