alphaL: 0.7374201992040715
alphaR: 2.1609074582911267
event_sum: 42.874182241073854
fraction: 0.9881219560378609
mean: 2246.573909158523
nL: 70.36642699810747
nR: 1.6123005366112872
norm: 20.01419805297609
sigma: 127.2043729694451
sigmaL: 70.75421199848351
sigmaR: 56.50806604409706
widthL: 70.75421199848351
widthR: 56.50806604409706
x0: 2246.573909158523
