alphaL: 1.0267068070314098
alphaR: 1.5514349949557402
event_sum: 0.46005326726007484
mean: 2229.078565958934
nL: 0.6435774526149204
nR: 2.2918427514519757
norm: 0.46005326726007484
sigma: 126.0
sigmaL: 142.16261782462513
sigmaR: 92.16500140104311
widthL: 142.16261782462513
widthR: 92.16500140104311
x0: 2229.078565958934
