alphaL: 0.8749806827032477
alphaR: 2.0332178169297466
event_sum: 0.7043584184895922
mean: 2202.4833797431293
nL: 2.3598747423642417
nR: 1.7505390972574912
norm: 0.7043584184895922
sigma: 126.0
sigmaL: 136.47102679171687
sigmaR: 115.99234748700303
widthL: 136.47102679171687
widthR: 115.99234748700303
x0: 2202.4833797431293
