alphaL: 1.2408315434095574
alphaR: 1.1823840558218892
event_sum: 9.791422878454718
fraction: 0.8877476822290239
mean: 2234.3373916334053
nL: 1.125748028257338
nR: 4.379544099614138
norm: 7.617974369255646
sigma: 126.0
sigmaL: 169.74262181927998
sigmaR: 82.10515782823254
widthL: 169.74262181927998
widthR: 82.10515782823254
x0: 2234.3373916334053
