alphaL: 1.103772781524347
alphaR: 1.8181004448799958
event_sum: 0.7356374057688309
mean: 2197.1777903024013
nL: 0.8233933841495354
nR: 4.005485656747502
norm: 0.7356374057688309
sigma: 126.0
sigmaL: 133.9986422760797
sigmaR: 123.55839752886048
widthL: 133.9986422760797
widthR: 123.55839752886048
x0: 2197.1777903024013
