alphaL: 0.9818923262278274
alphaR: 1.5301662420510842
event_sum: 8.615257567625251
fraction: 0.910508572919384
mean: 1638.1368976884119
nL: 1.2740998761306892
nR: 3.737889878395963
norm: 7.184741110332406
sigma: 92.4
sigmaL: 97.16275026029358
sigmaR: 78.21950195467372
widthL: 97.16275026029358
widthR: 78.21950195467372
x0: 1638.1368976884119
