alphaL: 0.9794590497752048
alphaR: 1.6063463206777067
event_sum: 0.6617820740286606
mean: 1646.5330107938878
nL: 1.8260647895814208
nR: 2.0953593738764833
norm: 0.6617820740286606
sigma: 92.4
sigmaL: 108.83141463931706
sigmaR: 72.15904581931512
widthL: 108.83141463931706
widthR: 72.15904581931512
x0: 1646.5330107938878
