alphaL: 1.059805686187271
alphaR: 1.4707227047007154
event_sum: 0.6939038977730374
mean: 1646.7819932606483
nL: 1.4974492902626522
nR: 3.4561730178027172
norm: 0.6939038977730374
sigma: 92.4
sigmaL: 111.0062923119489
sigmaR: 72.44258928080164
widthL: 111.0062923119489
widthR: 72.44258928080164
x0: 1646.7819932606483
