alphaL: 1.0919576350697464
alphaR: 1.6700701153531228
event_sum: 0.6802383576087764
mean: 1643.8446155139218
nL: 2.087404578626936
nR: 2.1234195585366304
norm: 0.6802383576087764
sigma: 92.4
sigmaL: 113.13102708529567
sigmaR: 73.23444217320534
widthL: 113.13102708529567
widthR: 73.23444217320534
x0: 1643.8446155139218
