alphaL: 1.1442163899261661
alphaR: 1.4779249066609417
event_sum: 7.943719452606091
fraction: 0.9424737288967334
mean: 1644.8810586910683
nL: 1.8389639637252744
nR: 3.275817206664917
norm: 7.216220963531581
sigma: 92.4
sigmaL: 113.85959633349091
sigmaR: 70.45953060081276
widthL: 113.85959633349091
widthR: 70.45953060081276
x0: 1644.8810586910683
