alphaL: 1.2177875536000782
alphaR: 1.3994515301179913
event_sum: 0.70295471827285
mean: 1651.4331414623675
nL: 2.25234220330534
nR: 3.173428504828629
norm: 0.70295471827285
sigma: 92.4
sigmaL: 122.51060149383265
sigmaR: 64.96009794263323
widthL: 122.51060149383265
widthR: 64.96009794263323
x0: 1651.4331414623675
