alphaL: 1.012505556656704
alphaR: 0.3813166032029647
event_sum: 4.79760637508467
fraction: 0.6687793883230989
mean: 3136.910639745088
nL: 0.4
nR: 4.5
norm: 1.4529187313597216
sigma: 315.0
sigmaL: 386.2312843883156
sigmaR: 36.84566498349651
widthL: 386.2312843883156
widthR: 36.84566498349651
x0: 3136.910639745088
