alphaL: 0.08935453698455888
alphaR: 1.0430777515650043
event_sum: 0.13034504054867388
mean: 3182.9161003597183
nL: 0.9998537563220632
nR: 3.1175348815756037
norm: 0.13034504054867388
sigma: 315.0
sigmaL: 937.7651300798004
sigmaR: 99.0912192408383
widthL: 937.7651300798004
widthR: 99.0912192408383
x0: 3182.9161003597183
