alphaL: 0.4
alphaR: 0.8467815824045674
event_sum: 6.615256739101385
fraction: 0.5669491108964896
mean: 3152.2136466082466
nL: 0.4
nR: 4.367360376281981
norm: 0.8411681202210701
sigma: 315.0
sigmaL: 280.8044772884568
sigmaR: 75.03111505714998
widthL: 280.8044772884568
widthR: 75.03111505714998
x0: 3152.2136466082466
