alphaL: 0.5314427584405103
alphaR: 0.9743598636360361
event_sum: 0.2009975536580542
mean: 3120.359326742469
nL: 0.9998826076717671
nR: 2.733255208134579
norm: 0.2009975536580542
sigma: 315.0
sigmaL: 451.8411059167598
sigmaR: 91.39972574001092
widthL: 451.8411059167598
widthR: 91.39972574001092
x0: 3120.359326742469
