alphaL: 0.5139329564811063
alphaR: 0.9067108216687787
event_sum: 0.09936795667001641
mean: 3129.5623359356305
nL: 0.1
nR: 2.6707866665134445
norm: 0.09936795667001641
sigma: 315.0
sigmaL: 120.50426309318178
sigmaR: 90.10485481824671
widthL: 120.50426309318178
widthR: 90.10485481824671
x0: 3129.5623359356305
