alphaL: 1.0189165388969879
alphaR: 1.9160613100506514
event_sum: 0.16894838924345557
mean: 3018.4639224019033
nL: 0.14359777757922929
nR: 1.8899421620651382
norm: 0.16894838924345557
sigma: 315.0
sigmaL: 254.8575438943652
sigmaR: 181.7063229767986
widthL: 254.8575438943652
widthR: 181.7063229767986
x0: 3018.4639224019033
