alphaL: 1.555956490897654
alphaR: 1.499697621497607
event_sum: 11.299396239637273
mean: 800.2184250263772
nL: 2.6166222868244837
nR: 2.5116732745903745
norm: 11.299396239637273
sigma: 60
sigmaL: 63.277342055275156
sigmaR: 38.047756343398866
widthL: 63.277342055275156
widthR: 38.047756343398866
x0: 800.2184250263772
