alphaL: 1.0443260640208267
alphaR: 0.9211366331027638
event_sum: 4.2602227641392485
fraction: 0.6818300435266915
mean: 2724.200855941508
nL: 0.4
nR: 4.270831069781544
norm: 1.9774313737111413
sigma: 275.0
sigmaL: 274.7796846210056
sigmaR: 94.3495903775025
widthL: 274.7796846210056
widthR: 94.3495903775025
x0: 2724.200855941508
