alphaL: 0.592583682012352
alphaR: 0.8641057990885187
event_sum: 0.2540715126301787
mean: 2765.6401686625427
nL: 1.0002643543571623
nR: 2.249286258535982
norm: 0.2540715126301787
sigma: 275.0
sigmaL: 381.73395407933316
sigmaR: 63.172721035685896
widthL: 381.73395407933316
widthR: 63.172721035685896
x0: 2765.6401686625427
