alphaL: 0.854846520365765
alphaR: 1.2226331188082034
event_sum: 4.887215934103249
fraction: 0.6698324911879242
mean: 2728.6703906419975
nL: 0.4021762146992238
nR: 3.068538019061285
norm: 1.163079209498136
sigma: 275.0
sigmaL: 290.2938469108923
sigmaR: 102.49631895057185
widthL: 290.2938469108923
widthR: 102.49631895057185
x0: 2728.6703906419975
