alphaL: 1.078455640452775
alphaR: 1.2204998166705938
event_sum: 0.13280114450216482
mean: 2701.8342147909434
nL: 0.1
nR: 4.421275438281643
norm: 0.13280114450216482
sigma: 275.0
sigmaL: 262.90554385019567
sigmaR: 120.03866722564675
widthL: 262.90554385019567
widthR: 120.03866722564675
x0: 2701.8342147909434
