alphaL: 0.17772440947330653
alphaR: 0.8809827586718005
event_sum: 0.16937055002620624
mean: 2796.655982689665
nL: 1.0016340764863225
nR: 3.205203795211012
norm: 0.16937055002620624
sigma: 275.0
sigmaL: 519.3897974212509
sigmaR: 70.47266005342189
widthL: 519.3897974212509
widthR: 70.47266005342189
x0: 2796.655982689665
