alphaL: 0.9448612331113825
alphaR: 0.7007305085167872
event_sum: 0.21705089274425984
mean: 2753.9236309311186
nL: 0.3486670883948273
nR: 3.095487204824254
norm: 0.21705089274425984
sigma: 275.0
sigmaL: 268.3335723325237
sigmaR: 70.00968416043004
widthL: 268.3335723325237
widthR: 70.00968416043004
x0: 2753.9236309311186
