alphaL: 1.1346070382687197
alphaR: 1.612602065755361
event_sum: 0.6666499798363873
mean: 1342.5982842904075
nL: 2.2280025336849034
nR: 2.2154270849199813
norm: 0.6666499798363873
sigma: 75.60000000000001
sigmaL: 94.16020835358586
sigmaR: 60.51442536891275
widthL: 94.16020835358586
widthR: 60.51442536891275
x0: 1342.5982842904075
