alphaL: 1.0075863084659817
alphaR: 1.538159977542745
event_sum: 9.660293898478301
fraction: 0.945549144832796
mean: 1345.0081402170747
nL: 1.5423708394883688
nR: 3.651790277503647
norm: 8.906275165478851
sigma: 75.60000000000001
sigmaL: 85.6498623325755
sigmaR: 64.23137857749734
widthL: 85.6498623325755
widthR: 64.23137857749734
x0: 1345.0081402170747
