alphaL: 0.9760519237015318
alphaR: 1.6954013155896401
event_sum: 0.8313630261396621
mean: 1347.4341615891822
nL: 1.9276575911576987
nR: 1.974274546500036
norm: 0.8313630261396621
sigma: 75.60000000000001
sigmaL: 89.12402053923954
sigmaR: 63.34906470640709
widthL: 89.12402053923954
widthR: 63.34906470640709
x0: 1347.4341615891822
