alphaL: 1.0365786263137573
alphaR: 1.3043089203651947
event_sum: 0.68786667166043
mean: 1346.374545639803
nL: 3.1604222958772117
nR: 3.739036575937293
norm: 0.68786667166043
sigma: 75.60000000000001
sigmaL: 89.3202579155236
sigmaR: 56.02523371488021
widthL: 89.3202579155236
widthR: 56.02523371488021
x0: 1346.374545639803
