alphaL: 1.224772577889001
alphaR: 1.4127472975649957
event_sum: 7.3670049058895
fraction: 0.9626411105314777
mean: 1343.6038475327196
nL: 2.0528146943984686
nR: 3.6372768157517243
norm: 7.024400093176486
sigma: 75.60000000000001
sigmaL: 96.16054894154622
sigmaR: 59.10637050688869
widthL: 96.16054894154622
widthR: 59.10637050688869
x0: 1343.6038475327196
