alphaL: 0.5850683904838498
alphaR: 1.6224317820177452
event_sum: 0.8648891911465907
mean: 1333.9450953222474
nL: 3.0808543292548025
nR: 3.15531033632481
norm: 0.8648891911465907
sigma: 75.60000000000001
sigmaL: 52.81522766258597
sigmaR: 69.90580305589624
widthL: 52.81522766258597
widthR: 69.90580305589624
x0: 1333.9450953222474
