alphaL: 0.9993094311141716
alphaR: 1.152287260997484
event_sum: 0.10266501708804619
mean: 3028.541253820265
nL: 0.9946678281548901
nR: 2.341580712612385
norm: 0.10266501708804619
sigma: 170.8
sigmaL: 175.8706858326436
sigmaR: 85.30642318093193
widthL: 175.8706858326436
widthR: 85.30642318093193
x0: 3028.541253820265
