alphaL: 0.4485615098732444
alphaR: 1.5909431439544002
event_sum: 0.18886392739699162
mean: 2971.786286770853
nL: 2.768727834289319
nR: 3.1304472836968764
norm: 0.18886392739699162
sigma: 170.8
sigmaL: 95.07753711108255
sigmaR: 148.86014409295692
widthL: 95.07753711108255
widthR: 148.86014409295692
x0: 2971.786286770853
