alphaL: 0.9224442088238958
alphaR: 0.9851112097067561
event_sum: 0.0933563312565722
mean: 3047.834736116978
nL: 0.7741430683723618
nR: 1.903760574111665
norm: 0.0933563312565722
sigma: 170.8
sigmaL: 178.58850061190628
sigmaR: 84.29607030613701
widthL: 178.58850061190628
widthR: 84.29607030613701
x0: 3047.834736116978
