alphaL: 1.1485440338010071
alphaR: 1.0582815307990219
event_sum: 4.815652269443997
fraction: 0.7224727344941203
mean: 3015.199262635303
nL: 0.40038494276585174
nR: 4.5
norm: 1.1153510845054102
sigma: 170.8
sigmaL: 182.16082094497986
sigmaR: 103.00075084201156
widthL: 182.16082094497986
widthR: 103.00075084201156
x0: 3015.199262635303
