alphaL: 0.9525398903118522
alphaR: 1.1200357926416011
event_sum: 0.19841982956922194
mean: 3038.3141762739783
nL: 1.0045015960000903
nR: 2.6771595608078598
norm: 0.19841982956922194
sigma: 170.8
sigmaL: 181.01102813738007
sigmaR: 91.5197853952266
widthL: 181.01102813738007
widthR: 91.5197853952266
x0: 3038.3141762739783
