alphaL: 0.6665280303811864
alphaR: 1.4650325758237068
event_sum: 4.248292313932914
fraction: 0.8636342345998294
mean: 3000.0
nL: 1.402636872999659
nR: 4.472241310001691
norm: 2.083226081598968
sigma: 170.8
sigmaL: 122.80754057955757
sigmaR: 134.7293121674518
widthL: 122.80754057955757
widthR: 134.7293121674518
x0: 3000.0
