alphaL: 0.5933192112076697
alphaR: 1.9863482265635852
event_sum: 0.11301775878638669
mean: 3306.484807386888
nL: 3.9016953039261404
nR: 2.9406799187347366
norm: 0.11301775878638669
sigma: 190.40000000000003
sigmaL: 169.48841764956367
sigmaR: 179.7693576053676
widthL: 169.48841764956367
widthR: 179.7693576053676
x0: 3306.484807386888
