alphaL: 0.8084370534244518
alphaR: 2.0894437223873465
event_sum: 3.597956409997063
fraction: 0.783814880445508
mean: 3350.0
nL: 0.9625312460254132
nR: 2.42866574571584
norm: 1.2733430358060953
sigma: 190.40000000000003
sigmaL: 171.25784251044647
sigmaR: 153.75303334407408
widthL: 171.25784251044647
widthR: 153.75303334407408
x0: 3350.0
