alphaL: 1.1075829398185302
alphaR: 1.2622990934223413
event_sum: 4.544071354043123
fraction: 0.7072875605993262
mean: 3350.638874772748
nL: 0.40404144022327654
nR: 4.5
norm: 0.6223167144094699
sigma: 190.40000000000003
sigmaL: 238.8589397834871
sigmaR: 138.41547962917937
widthL: 238.8589397834871
widthR: 138.41547962917937
x0: 3350.638874772748
