alphaL: 0.8761301061907842
alphaR: 1.3771082370165244
event_sum: 0.1199266017080955
mean: 3379.3646428188044
nL: 1.0143742508610412
nR: 3.347295328951206
norm: 0.1199266017080955
sigma: 190.40000000000003
sigmaL: 204.69986118331408
sigmaR: 110.0411446707946
widthL: 204.69986118331408
widthR: 110.0411446707946
x0: 3379.3646428188044
