alphaL: 0.990385971834133
alphaR: 1.7267552015714975
event_sum: 0.058788780501301416
mean: 3333.2959924356023
nL: 0.9829605675266179
nR: 2.950781073883019
norm: 0.058788780501301416
sigma: 190.40000000000003
sigmaL: 216.93978925461818
sigmaR: 148.69153927436176
widthL: 216.93978925461818
widthR: 148.69153927436176
x0: 3333.2959924356023
