alphaL: 0.7946214447321305
alphaR: 0.51198662152014
event_sum: 0.052474062757382395
mean: 3408.7601397909625
nL: 0.36248199861140207
nR: 2.031152742279799
norm: 0.052474062757382395
sigma: 190.40000000000003
sigmaL: 276.5007279976217
sigmaR: 92.94652585550999
widthL: 276.5007279976217
widthR: 92.94652585550999
x0: 3408.7601397909625
