alphaL: 1.0205567367224615
alphaR: 2.3762316676188506
event_sum: 1.1963822691774872
mean: 1282.7794922231828
nL: 2.281612084327225
nR: 2.3920472445551155
norm: 1.1963822691774872
sigma: 72.8
sigmaL: 88.02521618567982
sigmaR: 72.25100881325713
widthL: 88.02521618567982
widthR: 72.25100881325713
x0: 1282.7794922231828
