alphaL: 1.2567461486034959
alphaR: 1.4405191928319905
event_sum: 13.71075836626813
fraction: 0.9464401881723455
mean: 1292.1548750323932
nL: 1.3747290509372543
nR: 3.9198602205812905
norm: 12.756547050578163
sigma: 72.8
sigmaL: 94.45402467541176
sigmaR: 57.62772772968405
widthL: 94.45402467541176
widthR: 57.62772772968405
x0: 1292.1548750323932
