alphaL: 0.964619558866076
alphaR: 1.551018645044163
event_sum: 10.375049790070475
fraction: 0.9729782824310114
mean: 1281.49063717531
nL: 3.1787356212625952
nR: 4.002236062306407
norm: 9.925659669505869
sigma: 72.8
sigmaL: 77.00080167215604
sigmaR: 63.604889166686505
widthL: 77.00080167215604
widthR: 63.604889166686505
x0: 1281.49063717531
