alphaL: 0.9037657806245379
alphaR: 1.3458372171003663
event_sum: 1.242076672939471
mean: 1295.4900602485538
nL: 3.195696150235485
nR: 3.6242848684667375
norm: 1.242076672939471
sigma: 72.8
sigmaL: 84.85092585008924
sigmaR: 53.43461835437463
widthL: 84.85092585008924
widthR: 53.43461835437463
x0: 1295.4900602485538
