alphaL: 1.0483136334379803
alphaR: 1.3589607443556775
event_sum: 0.9744346259131367
mean: 1291.7871798286128
nL: 3.811456954222003
nR: 4.123887570564458
norm: 0.9744346259131367
sigma: 72.8
sigmaL: 87.80849733131154
sigmaR: 55.24580858845738
widthL: 87.80849733131154
widthR: 55.24580858845738
x0: 1291.7871798286128
