alphaL: 1.1166238173875338
alphaR: 2.09139246893156
event_sum: 0.9465551785514358
mean: 1280.4871822160828
nL: 2.441232960808075
nR: 2.3880046180948784
norm: 0.9465551785514358
sigma: 72.8
sigmaL: 85.25069686514213
sigmaR: 70.13849469236874
widthL: 85.25069686514213
widthR: 70.13849469236874
x0: 1280.4871822160828
