alphaL: 0.8959774776412648
alphaR: 1.4174242904154506
event_sum: 3.147920952075107
mean: 1147.3488397280098
nL: 3.4877530829911016
nR: 3.7467414093201303
norm: 3.147920952075107
sigma: 64.4
sigmaL: 73.54859660980436
sigmaR: 51.32967328214611
widthL: 73.54859660980436
widthR: 51.32967328214611
x0: 1147.3488397280098
