alphaL: 0.8667022345119374
alphaR: 1.511445062100412
event_sum: 32.785507474173485
fraction: 0.9760284971735059
mean: 1141.5832490276146
nL: 2.799390678038844
nR: 4.154756552551004
norm: 31.709747534583524
sigma: 64.4
sigmaL: 66.65829991110792
sigmaR: 56.386219669890856
widthL: 66.65829991110792
widthR: 56.386219669890856
x0: 1141.5832490276146
