alphaL: 0.9860730794724737
alphaR: 1.6435632649835012
event_sum: 3.0429328178296973
mean: 1144.2077325133737
nL: 2.793807099278678
nR: 2.457313265208972
norm: 3.0429328178296973
sigma: 64.4
sigmaL: 74.54698464634352
sigmaR: 55.44200271662574
widthL: 74.54698464634352
widthR: 55.44200271662574
x0: 1144.2077325133737
