alphaL: 1.1643286296411797
alphaR: 1.676646877001693
event_sum: 1.9813165569614901
mean: 1142.8921557063559
nL: 2.2225209432638504
nR: 2.1787788917565525
norm: 1.9813165569614901
sigma: 64.4
sigmaL: 80.7668925271954
sigmaR: 54.43387812097404
widthL: 80.7668925271954
widthR: 54.43387812097404
x0: 1142.8921557063559
