alphaL: 1.0577081720066175
alphaR: 1.4135214353310988
event_sum: 2.0369018880113368
mean: 1141.948160460182
nL: 3.9087684676299426
nR: 3.9305686255933536
norm: 2.0369018880113368
sigma: 64.4
sigmaL: 77.01284898887272
sigmaR: 52.35122550186258
widthL: 77.01284898887272
widthR: 52.35122550186258
x0: 1141.948160460182
