alphaL: 1.1124240578911975
alphaR: 1.516613487523581
event_sum: 20.8364478604383
fraction: 0.9796465497852576
mean: 1140.940242033814
nL: 3.102896631444837
nR: 3.632915804810761
norm: 20.32035122746207
sigma: 64.4
sigmaL: 76.60311185860643
sigmaR: 54.57399481091646
widthL: 76.60311185860643
widthR: 54.57399481091646
x0: 1140.940242033814
