alphaL: 0.6594227453543325
alphaR: 1.609507379848922
event_sum: 9.986135237215015
fraction: 0.9984954065795
mean: 3333.464638729145
nL: 9.979232530325739
nR: 3.1312728856311614
norm: 9.7732750337033
sigma: 284.85461354020913
sigmaL: 86.5704967220303
sigmaR: 81.3956066342052
widthL: 86.5704967220303
widthR: 81.3956066342052
x0: 3333.464638729145
