alphaL: 1.3556303549335775
alphaR: 2.2072048598998064
event_sum: 1.5213683052015705
fraction: 0.9991286351010139
mean: 3348.538567200588
nL: 8.784484992924828
nR: 2.927918215311486
norm: 1.5202303406941937
sigma: 149.84941549692488
sigmaL: 143.437392331438
sigmaR: 72.92483738235961
widthL: 143.437392331438
widthR: 72.92483738235961
x0: 3348.538567200588
