alphaL: 1.337221407424965
alphaR: 2.376923772673906
event_sum: 1.519716928904212
mean: 3350.054025527286
nL: 4.282484774975498
nR: 2.2323046755315565
norm: 1.519716928904212
sigma: 148.61255429603196
sigmaL: 141.54456632507356
sigmaR: 71.91300758778145
widthL: 141.54456632507356
widthR: 71.91300758778145
x0: 3350.054025527286
