alphaL: 1.3470224800017898
alphaR: 1.524824244000083
event_sum: 2.3181520804494498
mean: 3358.562181348889
nL: 4.429770471531814
nR: 3.114352302137992
norm: 2.3181520804494498
sigma: 285.8626381102975
sigmaL: 142.03124176886794
sigmaR: 62.423006639096734
widthL: 142.03124176886794
widthR: 62.423006639096734
x0: 3358.562181348889
