alphaL: 0.9971102170168686
alphaR: 1.578804292825017
event_sum: 0.9749057636488927
mean: 3338.771170596559
nL: 4.339143661457902
nR: 2.9420505325719275
norm: 0.9749057636488927
sigma: 285.8626381102975
sigmaL: 107.13758979943776
sigmaR: 79.159221368781
widthL: 107.13758979943776
widthR: 79.159221368781
x0: 3338.771170596559
