alphaL: 1.3988532715975122
alphaR: 2.1284781196632068
event_sum: 0.9905764868988169
mean: 3342.692273462249
nL: 2.185457931170923
nR: 1.773056505661472
norm: 0.9905764868988169
sigma: 148.61255429603196
sigmaL: 122.63487530214347
sigmaR: 76.35018073198545
widthL: 122.63487530214347
widthR: 76.35018073198545
x0: 3342.692273462249
