alphaL: 1.2620049059603868
alphaR: 1.9945318746417628
event_sum: 0.998263027848823
mean: 3344.8638570191806
nL: 4.118109579594359
nR: 2.5547807875029207
norm: 0.998263027848823
sigma: 148.61255429603196
sigmaL: 124.34274612508278
sigmaR: 74.83685909940084
widthL: 124.34274612508278
widthR: 74.83685909940084
x0: 3344.8638570191806
