alphaL: 1.1223553460896234
alphaR: 1.4891137058356385
event_sum: 2.312414459223604
mean: 3351.858919397729
nL: 5.0
nR: 3.4549636332328335
norm: 2.312414459223604
sigma: 285.8626381102975
sigmaL: 126.55184621343761
sigmaR: 65.4880472725624
widthL: 126.55184621343761
widthR: 65.4880472725624
x0: 3351.858919397729
