alphaL: 1.529884969652296
alphaR: 2.222639774556252
event_sum: 1.528700599050859
mean: 3355.8259812190972
nL: 4.424920374475368
nR: 2.326043701152856
norm: 1.528700599050859
sigma: 148.61255429603196
sigmaL: 153.29342013556425
sigmaR: 68.55288435675544
widthL: 153.29342013556425
widthR: 68.55288435675544
x0: 3355.8259812190972
