alphaL: 1.1083313967154433
alphaR: 1.415696911107173
event_sum: 0.9808289498410082
mean: 3352.117501965323
nL: 4.61914637728466
nR: 2.9395067697576356
norm: 0.9808289498410082
sigma: 285.8626381102975
sigmaL: 122.92386549472172
sigmaR: 69.30284817849146
widthL: 122.92386549472172
widthR: 69.30284817849146
x0: 3352.117501965323
