alphaL: 0.8037928985056875
alphaR: 1.9532643641778968
event_sum: 23.211777676648705
fraction: 0.99916349730639
mean: 3339.3837515593195
nL: 9.998196600100705
nR: 2.0902060127847273
norm: 23.12547531836442
sigma: 284.85461354020913
sigmaL: 101.46588068875276
sigmaR: 74.66775666561601
widthL: 101.46588068875276
widthR: 74.66775666561601
x0: 3339.3837515593195
