alphaL: 1.2508489065589972
alphaR: 1.8365470637719707
event_sum: 1.0029946203807991
fraction: 0.9987419194400693
mean: 3348.4370020889596
nL: 7.143890427482683
nR: 3.2028160906582817
norm: 1.00229544810029
sigma: 149.84941549692488
sigmaL: 131.99067822284607
sigmaR: 72.58593729240556
widthL: 131.99067822284607
widthR: 72.58593729240556
x0: 3348.4370020889596
