alphaL: 0.6861287642571842
alphaR: 1.1891398744540491
event_sum: 3.8728022757083584
fraction: 0.6353023285981104
mean: 3073.2257801455307
nL: 0.4
nR: 4.5
norm: 0.596522452228335
sigma: 310.0
sigmaL: 364.9607978949369
sigmaR: 142.75633907086922
widthL: 364.9607978949369
widthR: 142.75633907086922
x0: 3073.2257801455307
