alphaL: 0.8571736930545993
alphaR: 0.7276202436925412
event_sum: 2.741610365654227
fraction: 0.6969095533815444
mean: 3097.966031841918
nL: 0.6094098015572844
nR: 3.89305074126352
norm: 0.9351386575480776
sigma: 310.0
sigmaL: 395.1200379457081
sigmaR: 70.80200488351615
widthL: 395.1200379457081
widthR: 70.80200488351615
x0: 3097.966031841918
