alphaL: 0.5892085317613451
alphaR: 0.846200923575941
event_sum: 0.12138042095835583
mean: 3114.771629881395
nL: 1.0000425927043646
nR: 2.0986123488607316
norm: 0.12138042095835583
sigma: 310.0
sigmaL: 476.9057076779106
sigmaR: 64.54318695546152
widthL: 476.9057076779106
widthR: 64.54318695546152
x0: 3114.771629881395
