alphaL: 0.8204129732588114
alphaR: 0.8672017919902252
event_sum: 0.06820604467793619
mean: 3157.506292176527
nL: 0.13556429895016997
nR: 1.4650007674136063
norm: 0.06820604467793619
sigma: 310.0
sigmaL: 374.93974691735144
sigmaR: 52.29205126030755
widthL: 374.93974691735144
widthR: 52.29205126030755
x0: 3157.506292176527
