alphaL: 0.884208932148896
alphaR: 1.2077831387824451
event_sum: 0.10467622215427519
mean: 3118.2762793579773
nL: 0.44249569981690284
nR: 1.1743368176248599
norm: 0.10467622215427519
sigma: 310.0
sigmaL: 353.01352894212516
sigmaR: 63.03649528171889
widthL: 353.01352894212516
widthR: 63.03649528171889
x0: 3118.2762793579773
