alphaL: 0.0725434805365974
alphaR: 0.7985597305920146
event_sum: 0.09323173938446573
mean: 3203.830759648787
nL: 1.0006207823871236
nR: 4.116772047954392
norm: 0.09323173938446573
sigma: 310.0
sigmaL: 913.6731357428954
sigmaR: 77.92834030325207
widthL: 913.6731357428954
widthR: 77.92834030325207
x0: 3203.830759648787
