alphaL: 1.8230702931600213
alphaR: 2.164671390125818
event_sum: 22.698773018551556
mean: 2406.254923327918
nL: 2.9999596855643453
nR: 2.286295924803697
norm: 22.698773018551556
sigma: 149.40992317254705
sigmaL: 118.07443253197347
sigmaR: 51.333985891296344
widthL: 118.07443253197347
widthR: 51.333985891296344
x0: 2406.254923327918
