alphaL: 1.8399332333677607
alphaR: 2.0591324541325156
event_sum: 22.698773018551556
mean: 2406.995036810099
nL: 2.999998779917536
nR: 2.62328445974177
norm: 22.698773018551556
sigma: 149.6137759420451
sigmaL: 118.8980545721522
sigmaR: 50.67933358462654
widthL: 118.8980545721522
widthR: 50.67933358462654
x0: 2406.995036810099
