alphaL: 1.6346835139017823
alphaR: 1.6077631882214343
event_sum: 30.625792295334218
mean: 2413.6221233416436
nL: 3.9984351118924564
nR: 2.8632084920695866
norm: 30.625792295334218
sigmaL: 115.85150569691079
sigmaR: 47.237558303635616
widthL: 115.85150569691079
widthR: 47.237558303635616
x0: 2413.6221233416436
