alphaL: 1.7362194951737064
alphaR: 1.8244885386615908
event_sum: 14.475744058380904
mean: 2407.9301020305875
nL: 3.999905589143863
nR: 3.5709970477550046
norm: 14.475744058380904
sigmaL: 110.61272639450061
sigmaR: 53.74129150883325
widthL: 110.61272639450061
widthR: 53.74129150883325
x0: 2407.9301020305875
