alphaL: 1.6899029495782931
alphaR: 1.852162953105193
event_sum: 39.16365753276508
mean: 2410.577128506513
nL: 2.999970113474356
nR: 2.101079634410345
norm: 39.16365753276508
sigma: 167
sigmaL: 115.52803423629527
sigmaR: 50.39582095062374
widthL: 115.52803423629527
widthR: 50.39582095062374
x0: 2410.577128506513
