alphaL: 2.0528535538835277
alphaR: 1.9366122744430305
event_sum: 25.32761834666657
mean: 2357.14022228193
nL: 2.141824027302287
nR: 3.535008161075904
norm: 25.32761834666657
sigmaL: 157.73375422304645
sigmaR: 118.1099930814421
widthL: 157.73375422304645
widthR: 118.1099930814421
x0: 2357.14022228193
