alphaL: 1.5709938631368578
alphaR: 1.9022601498473488
event_sum: 19.11672603976695
mean: 2403.729226165069
nL: 3.9978534160034607
nR: 3.298957282255285
norm: 19.11672603976695
sigma: 149.32422486595067
sigmaL: 104.70639891530152
sigmaR: 55.68316528207887
widthL: 104.70639891530152
widthR: 55.68316528207887
x0: 2403.729226165069
