alphaL: 1.6960754904441724
alphaR: 1.8590217693520557
event_sum: 39.16365753276508
mean: 2410.865697501816
nL: 2.9999890331824552
nR: 2.0700971527906877
norm: 39.16365753276508
sigma: 167.055773206547
sigmaL: 115.3715629546343
sigmaR: 50.14749476382585
widthL: 115.3715629546343
widthR: 50.14749476382585
x0: 2410.865697501816
