alphaL: 1.808542584156216
alphaR: 1.7994823916050056
event_sum: 8.536888249539254
mean: 2414.8389013473684
nL: 2.9992214732202753
nR: 2.8859087492812407
norm: 8.536888249539254
sigma: 149
sigmaL: 112.91071610094555
sigmaR: 49.657158728777226
widthL: 112.91071610094555
widthR: 49.657158728777226
x0: 2414.8389013473684
