alphaL: 1.551258717347891
alphaR: 2.0949205113704616
event_sum: 17.54659093835376
mean: 2404.896270253862
nL: 5.999885758767643
nR: 2.6726789383543865
norm: 17.54659093835376
sigmaL: 112.08505496572555
sigmaR: 52.101613091083095
widthL: 112.08505496572555
widthR: 52.101613091083095
x0: 2404.896270253862
