alphaL: 1.7553284067643011
alphaR: 1.9792210491289002
event_sum: 19.11672603976695
mean: 2405.4462733238042
nL: 2.999247982919272
nR: 2.798268099231484
norm: 19.11672603976695
sigma: 149.32422486595067
sigmaL: 109.28173061700512
sigmaR: 55.282069300760384
widthL: 109.28173061700512
widthR: 55.282069300760384
x0: 2405.4462733238042
