alphaL: 1.90131733253752
alphaR: 2.074877308969628
event_sum: 22.835388853608546
mean: 2344.4484879048205
nL: 2.880581169669122
nR: 3.239720478055044
norm: 22.835388853608546
sigmaL: 150.43573354898686
sigmaR: 115.93293266835401
widthL: 150.43573354898686
widthR: 115.93293266835401
x0: 2344.4484879048205
