alphaL: 1.7004023805113397
alphaR: 1.777527899352464
event_sum: 39.16365753276508
mean: 2411.691486295159
nL: 2.999978266629223
nR: 2.27878316377822
norm: 39.16365753276508
sigma: 166.7599009421791
sigmaL: 116.32913204232182
sigmaR: 49.321232520553764
widthL: 116.32913204232182
widthR: 49.321232520553764
x0: 2411.691486295159
