alphaL: 1.210555795195433
alphaR: 1.819246256656073
event_sum: 10.932848716167236
mean: 2397.1030448060587
nL: 2.8754661692841874
nR: 2.001884264115505
norm: 10.932848716167236
sigmaL: 79.76130599011697
sigmaR: 66.89092641838569
widthL: 79.76130599011697
widthR: 66.89092641838569
x0: 2397.1030448060587
