alphaL: 1.8225070942473314
alphaR: 2.165679656335055
event_sum: 22.693964603229634
mean: 2406.2863710345027
nL: 2.9998429514444265
nR: 2.2827980603278633
norm: 22.693964603229634
sigma: 149.32422486595067
sigmaL: 118.08583203726133
sigmaR: 51.28808581525865
widthL: 118.08583203726133
widthR: 51.28808581525865
x0: 2406.2863710345027
