alphaL: 1.699517668213698
alphaR: 1.8089249975868567
event_sum: 30.588072236051293
mean: 2412.0713595536695
nL: 2.999868645486036
nR: 2.2328332364420547
norm: 30.588072236051293
sigma: 166
sigmaL: 115.63253826028324
sigmaR: 49.767992866783274
widthL: 115.63253826028324
widthR: 49.767992866783274
x0: 2412.0713595536695
