alphaL: 1.836350368449402
alphaR: 1.89470241891319
event_sum: 22.04850898557474
mean: 2410.8665819800085
nL: 3.9980514256057162
nR: 3.2671818863468447
norm: 22.04850898557474
sigmaL: 119.78827221152065
sigmaR: 48.95932194316786
widthL: 119.78827221152065
widthR: 48.95932194316786
x0: 2410.8665819800085
