alphaL: 1.5516295428420903
alphaR: 1.7538817084595886
event_sum: 36.779459054275854
mean: 2409.4977449885782
nL: 3.9994095799115446
nR: 2.557615318257813
norm: 36.779459054275854
sigmaL: 110.13231312182933
sigmaR: 51.23424802583746
widthL: 110.13231312182933
widthR: 51.23424802583746
x0: 2409.4977449885782
