alphaL: 1.8295232316430128
alphaR: 1.5321516989150448
event_sum: 57.193992430049654
mean: 2416.5144827012523
nL: 2.999570167613795
nR: 2.9177679712606484
norm: 57.193992430049654
sigma: 167
sigmaL: 121.43080002374816
sigmaR: 46.16019172424557
widthL: 121.43080002374816
widthR: 46.16019172424557
x0: 2416.5144827012523
