alphaL: 1.2827277391368155
alphaR: 1.877791514995682
event_sum: 3.7712920674014607
mean: 2400.9550699036013
nL: 3.984979780736611
nR: 2.4320923048301726
norm: 3.7712920674014607
sigma: 167.12559615239255
sigmaL: 92.95522379245992
sigmaR: 61.624845452923
widthL: 92.95522379245992
widthR: 61.624845452923
x0: 2400.9550699036013
