alphaL: 1.094338754504914
alphaR: 1.980884858674258
event_sum: 18.977275317815476
mean: 2397.0410946067586
nL: 5.994899095712625
nR: 2.064235112255291
norm: 18.977275317815476
sigmaL: 86.19279783772222
sigmaR: 63.99453494089501
widthL: 86.19279783772222
widthR: 63.99453494089501
x0: 2397.0410946067586
