alphaL: 1.625205423397402
alphaR: 2.113569135290573
event_sum: 22.693964603229634
mean: 2403.9688585978092
nL: 3.998791623585489
nR: 2.552243054870558
norm: 22.693964603229634
sigma: 149.32422486595067
sigmaL: 112.90866249266547
sigmaR: 52.21808138334735
widthL: 112.90866249266547
widthR: 52.21808138334735
x0: 2403.9688585978092
