alphaL: 1.9827845111503337
alphaR: 2.020567978993732
event_sum: 19.441835597090034
mean: 2347.75937625244
nL: 2.4415942126979044
nR: 3.517669290100838
norm: 19.441835597090034
sigmaL: 149.1241150560516
sigmaR: 115.34720144767765
widthL: 149.1241150560516
widthR: 115.34720144767765
x0: 2347.75937625244
