alphaL: 1.3370688129769257
alphaR: 1.9140651243789257
event_sum: 10.822327810978315
mean: 2398.523003192822
nL: 2.9997267548520536
nR: 2.357765465602355
norm: 10.822327810978315
sigma: 167
sigmaL: 91.14838122243097
sigmaR: 67.44556084122966
widthL: 91.14838122243097
widthR: 67.44556084122966
x0: 2398.523003192822
