alphaL: 1.812161782831544
alphaR: 2.0358018114007836
event_sum: 36.24225559692126
mean: 2405.5534439743233
nL: 2.999620131286839
nR: 2.6781876986659263
norm: 36.24225559692126
sigma: 149
sigmaL: 115.4071163266124
sigmaR: 52.91079601014858
widthL: 115.4071163266124
widthR: 52.91079601014858
x0: 2405.5534439743233
