alphaL: 1.6836207774199423
alphaR: 1.8733518731816847
event_sum: 5.920260477546792
mean: 2410.574492377816
nL: 2.999618883422237
nR: 2.048720760369025
norm: 5.920260477546792
sigma: 167.12559615239255
sigmaL: 115.4379782738463
sigmaR: 50.64133188973572
widthL: 115.4379782738463
widthR: 50.64133188973572
x0: 2410.574492377816
