alphaL: 1.3641038046579754
alphaR: 1.8846299734985092
event_sum: 18.93581145023349
mean: 2402.631839229062
nL: 3.9993721129795525
nR: 2.2382904070000906
norm: 18.93581145023349
sigmaL: 98.01033968726651
sigmaR: 60.85237235094686
widthL: 98.01033968726651
widthR: 60.85237235094686
x0: 2402.631839229062
