alphaL: 1.8785748061674152
alphaR: 2.060369245532117
event_sum: 17.543955048512004
mean: 2409.001143326819
nL: 2.9999555266095794
nR: 2.5658609335046894
norm: 17.543955048512004
sigmaL: 120.20236824828076
sigmaR: 50.17685653159821
widthL: 120.20236824828076
widthR: 50.17685653159821
x0: 2409.001143326819
