alphaL: 1.6686222755716498
alphaR: 1.8555787649943585
event_sum: 57.09719953230457
mean: 2410.3874402801675
nL: 2.99999026150749
nR: 2.0841783356720374
norm: 57.09719953230457
sigma: 167
sigmaL: 113.4596286293576
sigmaR: 51.80009230024676
widthL: 113.4596286293576
widthR: 51.80009230024676
x0: 2410.3874402801675
