alphaL: 1.6948643576740852
alphaR: 2.0478700861672494
event_sum: 17.543955048512004
mean: 2406.826721169321
nL: 3.9999999953603553
nR: 2.7409705329137295
norm: 17.543955048512004
sigmaL: 115.61142658260545
sigmaR: 51.086106864139985
widthL: 115.61142658260545
widthR: 51.086106864139985
x0: 2406.826721169321
