alphaL: 1.5774246409862158
alphaR: 1.929174035312027
event_sum: 14.470551144400503
mean: 2404.8714547354857
nL: 3.9941067402182306
nR: 3.2816360935793205
norm: 14.470551144400503
sigmaL: 105.23205037950419
sigmaR: 55.88731974051722
widthL: 105.23205037950419
widthR: 55.88731974051722
x0: 2404.8714547354857
