alphaL: 1.7909858796680842
alphaR: 1.927110760864062
event_sum: 19.12670442849594
mean: 2407.3447083758947
nL: 2.999947970871136
nR: 2.9245393763798058
norm: 19.12670442849594
sigma: 149
sigmaL: 111.0736416062459
sigmaR: 53.809089079049116
widthL: 111.0736416062459
widthR: 53.809089079049116
x0: 2407.3447083758947
