alphaL: 1.543962780604164
alphaR: 1.8152390229169926
event_sum: 8.200610726344118
mean: 2402.316882101917
nL: 3.9992030704057897
nR: 3.193578595458562
norm: 8.200610726344118
sigmaL: 92.40345124911673
sigmaR: 56.62229431256492
widthL: 92.40345124911673
widthR: 56.62229431256492
x0: 2402.316882101917
