alphaL: 1.766008609355131
alphaR: 1.9769635813889233
event_sum: 19.12670442849594
mean: 2405.7987735627275
nL: 2.9991983521871273
nR: 2.807057474392805
norm: 19.12670442849594
sigma: 149.40992317254705
sigmaL: 109.87131520496773
sigmaR: 55.1552759729395
widthL: 109.87131520496773
widthR: 55.1552759729395
x0: 2405.7987735627275
