alphaL: 1.3711802763374483
alphaR: 1.8113442375705553
event_sum: 18.996637969784263
mean: 2403.007957600813
nL: 3.99824639253115
nR: 2.5605274397337268
norm: 18.996637969784263
sigmaL: 98.27146733390181
sigmaR: 60.34435639535837
widthL: 98.27146733390181
widthR: 60.34435639535837
x0: 2403.007957600813
