alphaL: 1.4463047009777494
alphaR: 1.8881919991334577
event_sum: 30.588072236051293
mean: 2407.047530051439
nL: 3.9999284205901535
nR: 2.1839286951334427
norm: 30.588072236051293
sigmaL: 105.73157617868961
sigmaR: 52.717646371290556
widthL: 105.73157617868961
widthR: 52.717646371290556
x0: 2407.047530051439
