alphaL: 1.8579674411694982
alphaR: 1.9340147505281404
event_sum: 17.549467663685583
mean: 2409.2892970899197
nL: 3.997788452348654
nR: 3.176608645518647
norm: 17.549467663685583
sigmaL: 120.77333647194259
sigmaR: 49.49116649862959
widthL: 120.77333647194259
widthR: 49.49116649862959
x0: 2409.2892970899197
