alphaL: 1.451669242456703
alphaR: 1.8564010463361034
event_sum: 14.472609807302009
mean: 2403.873813376743
nL: 5.9999304519016725
nR: 3.6059321342724346
norm: 14.472609807302009
sigmaL: 102.45448095331997
sigmaR: 55.97050563669475
widthL: 102.45448095331997
widthR: 55.97050563669475
x0: 2403.873813376743
