alphaL: 1.8799855866814923
alphaR: 2.010756369343968
event_sum: 39.527510550440354
mean: 2354.7430111784033
nL: 3.2912776950695437
nR: 3.0755683332371686
norm: 39.527510550440354
sigmaL: 155.20134829456572
sigmaR: 113.31270484485918
widthL: 155.20134829456572
widthR: 113.31270484485918
x0: 2354.7430111784033
