alphaL: 2.075775267404941
alphaR: 1.928516630239269
event_sum: 36.25599191745634
mean: 2410.5486280535506
nL: 2.9999941595571347
nR: 2.9532111716667813
norm: 36.25599191745634
sigma: 149
sigmaL: 123.96978395750774
sigmaR: 49.968940839126844
widthL: 123.96978395750774
widthR: 49.968940839126844
x0: 2410.5486280535506
