alphaL: 1.5696526029179008
alphaR: 1.7612054431372952
event_sum: 24.92132620731093
mean: 2407.792881634262
nL: 2.9999987744043914
nR: 2.5084878827169588
norm: 24.92132620731093
sigma: 166.7599009421791
sigmaL: 106.02851337692232
sigmaR: 57.54891628882106
widthL: 106.02851337692232
widthR: 57.54891628882106
x0: 2407.792881634262
