alphaL: 1.9886978334524485
alphaR: 1.8411232400318622
event_sum: 8.53818973974461
mean: 2415.574948211504
nL: 2.9978229355016794
nR: 2.862316830068662
norm: 8.53818973974461
sigma: 149
sigmaL: 117.73180576982764
sigmaR: 50.07682794177873
widthL: 117.73180576982764
widthR: 50.07682794177873
x0: 2415.574948211504
