alphaL: 1.5834092743062553
alphaR: 1.8521830330834803
event_sum: 18.93581145023349
mean: 2407.3501965714017
nL: 2.999718703404512
nR: 2.1925244265613166
norm: 18.93581145023349
sigmaL: 106.66232790157844
sigmaR: 58.235730300553186
widthL: 106.66232790157844
widthR: 58.235730300553186
x0: 2407.3501965714017
