alphaL: 1.552394827739143
alphaR: 1.8435432195814985
event_sum: 24.92132620731093
mean: 2406.729067051567
nL: 2.9996218163764525
nR: 2.2698209755204903
norm: 24.92132620731093
sigma: 167.055773206547
sigmaL: 104.66564477707007
sigmaR: 58.65066974676999
widthL: 104.66564477707007
widthR: 58.65066974676999
x0: 2406.729067051567
