alphaL: 1.7920354836120762
alphaR: 1.9263734332580933
event_sum: 19.12670442849594
mean: 2407.5005307017577
nL: 2.999999217152942
nR: 2.982948311110274
norm: 19.12670442849594
sigma: 149.6137759420451
sigmaL: 111.3748741728864
sigmaR: 53.68627299679601
widthL: 111.3748741728864
widthR: 53.68627299679601
x0: 2407.5005307017577
