alphaL: 1.4997889510746476
alphaR: 1.8024897137822173
event_sum: 10.868686598686157
mean: 2404.002554308404
nL: 2.9986254364211264
nR: 2.5644523677636086
norm: 10.868686598686157
sigma: 167
sigmaL: 100.63586412043446
sigmaR: 64.19286573032166
widthL: 100.63586412043446
widthR: 64.19286573032166
x0: 2404.002554308404
