alphaL: 1.2576092960041367
alphaR: 1.9261518732864145
event_sum: 30.612164664359756
mean: 2403.769146009688
nL: 5.9971199066713945
nR: 2.1353308401638635
norm: 30.612164664359756
sigmaL: 98.81640077366141
sigmaR: 54.44989630200506
widthL: 98.81640077366141
widthR: 54.44989630200506
x0: 2403.769146009688
