alphaL: 1.5344202135496934
alphaR: 1.802622293935386
event_sum: 3.7712920674014607
mean: 2407.052882453434
nL: 2.995109737086456
nR: 2.3513968924539173
norm: 3.7712920674014607
sigma: 167.12559615239255
sigmaL: 104.55925921298329
sigmaR: 58.07712093195286
widthL: 104.55925921298329
widthR: 58.07712093195286
x0: 2407.052882453434
