alphaL: 1.7666391761651075
alphaR: 1.9632420285283863
event_sum: 14.470551144400503
mean: 2406.746563773048
nL: 2.9998238055964275
nR: 2.8129525763468184
norm: 14.470551144400503
sigma: 149
sigmaL: 109.87206369120808
sigmaR: 55.319424394323995
widthL: 109.87206369120808
widthR: 55.319424394323995
x0: 2406.746563773048
