alphaL: 1.4951148990436471
alphaR: 1.823955170277388
event_sum: 5.920260477546792
mean: 2408.7060699602544
nL: 3.9979355161138654
nR: 2.2394319762261774
norm: 5.920260477546792
sigma: 167.12559615239255
sigmaL: 109.83802772906402
sigmaR: 50.96036400829089
widthL: 109.83802772906402
widthR: 50.96036400829089
x0: 2408.7060699602544
