alphaL: 4.998095316687043
alphaR: 0.3760010954545792
event_sum: 14.513771484576864
mean: 2446.895706487228
nL: 1.453973388545222
nR: 4.408604710739814
norm: 14.513771484576864
sigma: 110.64262875145592
sigmaL: 149.18944847455893
sigmaR: 10.229871466861212
widthL: 149.18944847455893
widthR: 10.229871466861212
x0: 2446.895706487228
