alphaL: 1.5680942417038897
alphaR: 1.8935395536588366
event_sum: 14.535109336051391
mean: 2404.417990616945
nL: 4.495717133736874
nR: 3.5319778611721513
norm: 14.535109336051391
sigma: 110.48829301694879
sigmaL: 104.95336371067356
sigmaR: 56.1362781044193
widthL: 104.95336371067356
widthR: 56.1362781044193
x0: 2404.417990616945
