alphaL: 1.3005958416432517
alphaR: 1.9331532327701453
event_sum: 4.648676991841057
mean: 2404.227276897254
nL: 4.496563390387577
nR: 2.0545818434785788
norm: 4.648676991841057
sigma: 139.73269468856617
sigmaL: 100.10645306843347
sigmaR: 54.60215320326721
widthL: 100.10645306843347
widthR: 54.60215320326721
x0: 2404.227276897254
