alphaL: 1.0775560176480137
alphaR: 1.3850613376469085
event_sum: 16.465521961566992
mean: 2350.1278436523107
nL: 0.5195658062124058
nR: 4.464665634538486
norm: 16.465521961566992
sigma: 682.5228185743701
sigmaL: 249.24482125160208
sigmaR: 129.70489933537266
widthL: 249.24482125160208
widthR: 129.70489933537266
x0: 2350.1278436523107
