alphaL: 0.812703479358104
alphaR: 1.2180142058548638
event_sum: 18.32160446990747
mean: 2355.69451929416
nL: 0.5000039658288862
nR: 4.499464991022336
norm: 18.32160446990747
sigma: 682.5228185743701
sigmaL: 244.85548664076725
sigmaR: 116.84240255968054
widthL: 244.85548664076725
widthR: 116.84240255968054
x0: 2355.69451929416
