alphaL: 1.3307244960282165
alphaR: 1.8273003664486538
event_sum: 2.9045161349786213
mean: 2404.143365771583
nL: 3.99994017804839
nR: 2.3348294928269113
norm: 2.9045161349786213
sigma: 140.06715809526636
sigmaL: 96.67341958703632
sigmaR: 59.31485965343122
widthL: 96.67341958703632
widthR: 59.31485965343122
x0: 2404.143365771583
