alphaL: 0.15090590858345151
alphaR: 0.8944992807010594
event_sum: 16.465521961566992
mean: 2418.759970020593
nL: 1.0001508569425865
nR: 4.388037995542598
norm: 16.465521961566992
sigma: 682.5115805760103
sigmaL: 131.50970030494423
sigmaR: 78.82077010038996
widthL: 131.50970030494423
widthR: 78.82077010038996
x0: 2418.759970020593
