alphaL: 0.16400379837051426
alphaR: 2.5060180661868166
event_sum: 17.52063887316035
mean: 2370.261649665605
nL: 4.999999940312435
nR: 2.287344480906902
norm: 17.52063887316035
sigma: 110.64262875145592
sigmaL: 12.81003016755549
sigmaR: 68.72683253203728
widthL: 12.81003016755549
widthR: 68.72683253203728
x0: 2370.261649665605
