alphaL: 0.8868890423448569
alphaR: 2.0155218544916917
event_sum: 44.65879727259744
fraction: 0.9978110387877956
mean: 2398.687262690099
nL: 19.999547055137416
nR: 1.9672766979029128
norm: 44.60035359079484
sigma: 139.82044371214872
sigmaL: 83.52707796446201
sigmaR: 57.600966942069384
widthL: 83.52707796446201
widthR: 57.600966942069384
x0: 2398.687262690099
