alphaL: 1.2183972361475854
alphaR: 1.8597348259111082
event_sum: 2.901330829030485
mean: 2401.2400896038876
nL: 4.497154146648258
nR: 2.2348741670165584
norm: 2.901330829030485
sigma: 139.73269468856617
sigmaL: 91.85238094712945
sigmaR: 61.43389294673256
widthL: 91.85238094712945
widthR: 61.43389294673256
x0: 2401.2400896038876
