alphaL: 1.3669205766678738
alphaR: 1.7759159477449884
event_sum: 14.513771484576864
mean: 2402.2911293846605
nL: 4.499999636900044
nR: 4.49464938086987
norm: 14.513771484576864
sigma: 110.64262875145592
sigmaL: 97.81120270057933
sigmaR: 56.10842454939218
widthL: 97.81120270057933
widthR: 56.10842454939218
x0: 2402.2911293846605
