alphaL: 1.2417356740729362
alphaR: 2.1049170880023813
event_sum: 16.02067137195263
fraction: 0.9989033302732008
mean: 2400.8419219678
nL: 9.999203023546341
nR: 2.752869993083958
norm: 16.017322493891697
sigma: 110.69624305029808
sigmaL: 101.25599468644425
sigmaR: 54.34423355185736
widthL: 101.25599468644425
widthR: 54.34423355185736
x0: 2400.8419219678
