alphaL: 1.3765292961895716
alphaR: 1.8640755640412547
event_sum: 4.649112230938044
mean: 2404.7227659369028
nL: 3.914150825028838
nR: 2.2151204213767435
norm: 4.649112230938044
sigma: 140.06715809526636
sigmaL: 101.86247874095672
sigmaR: 54.15561193631491
widthL: 101.86247874095672
widthR: 54.15561193631491
x0: 2404.7227659369028
