alphaL: 0.9293689689759194
alphaR: 1.9287918240498094
event_sum: 27.956141527043656
fraction: 0.9974553537580897
mean: 2396.2664387794807
nL: 9.999953179339048
nR: 2.2812795034661613
norm: 27.858435275848024
sigma: 139.82044371214872
sigmaL: 79.59838971709519
sigmaR: 63.85416061024927
widthL: 79.59838971709519
widthR: 63.85416061024927
x0: 2396.2664387794807
