alphaL: 1.5580657425619477
alphaR: 1.858735751466099
event_sum: 14.535109336051391
mean: 2405.581440298188
nL: 4.496664664717203
nR: 3.534003345462016
norm: 14.535109336051391
sigma: 110.90597141174825
sigmaL: 105.51947962494883
sigmaR: 55.00554366146821
widthL: 105.51947962494883
widthR: 55.00554366146821
x0: 2405.581440298188
