alphaL: 1.0538486554704487
alphaR: 1.984242729762921
event_sum: 44.65879727259744
fraction: 0.997189470507514
mean: 2401.555810051911
nL: 9.999431841583906
nR: 1.974100277891547
norm: 44.60035359079484
sigma: 139.82044371214872
sigmaL: 92.16884975237332
sigmaR: 56.02843314426058
widthL: 92.16884975237332
widthR: 56.02843314426058
x0: 2401.555810051911
