alphaL: 1.1152842044278377
alphaR: 2.0182880831332075
event_sum: 13.208114153618226
fraction: 0.9990597599674665
mean: 2396.2750829309025
nL: 9.989742111586061
nR: 3.3326628474353432
norm: 13.202620974887395
sigma: 110.69624305029808
sigmaL: 88.1468487518247
sigmaR: 60.675267077206904
widthL: 88.1468487518247
widthR: 60.675267077206904
x0: 2396.2750829309025
