alphaL: 0.9353381002597317
alphaR: 2.080645686202214
event_sum: 13.208114153618226
fraction: 0.9994272779744284
mean: 2393.2336244929124
nL: 19.784052034292127
nR: 3.1575126025826337
norm: 13.202620974887395
sigma: 110.69624305029808
sigmaL: 79.71587880699717
sigmaR: 62.51022715247369
widthL: 79.71587880699717
widthR: 62.51022715247369
x0: 2393.2336244929124
