alphaL: 1.162277707677183
alphaR: 2.0417705230065786
event_sum: 14.4552333492029
mean: 2397.4761124584115
nL: 4.9253774794770075
nR: 3.1246487963906353
norm: 14.4552333492029
sigma: 110.64262875145592
sigmaL: 89.03528428897698
sigmaR: 59.95085885124811
widthL: 89.03528428897698
widthR: 59.95085885124811
x0: 2397.4761124584115
