alphaL: 0.8849156074960356
alphaR: 1.3167100945260122
event_sum: 16.465521961566992
mean: 2356.8098294419383
nL: 1.0087509642377224
nR: 4.499987622267905
norm: 16.465521961566992
sigma: 682.5115805760103
sigmaL: 237.41609404881035
sigmaR: 123.2269930728573
widthL: 237.41609404881035
widthR: 123.2269930728573
x0: 2356.8098294419383
