alphaL: 1.6332156809231382
alphaR: 2.0499986340792815
event_sum: 17.635767618077807
mean: 2405.703541205961
nL: 4.499976865705526
nR: 2.854513967732764
norm: 17.635767618077807
sigma: 110.90597141174825
sigmaL: 113.76249097948751
sigmaR: 51.70176561099151
widthL: 113.76249097948751
widthR: 51.70176561099151
x0: 2405.703541205961
