alphaL: 1.6442182766651483
alphaR: 2.004890898302939
event_sum: 17.635767618077807
mean: 2406.2751724566424
nL: 4.499992272428359
nR: 2.9095810584912334
norm: 17.635767618077807
sigma: 110.48829301694879
sigmaL: 114.40513360897125
sigmaR: 51.24004361771696
widthL: 114.40513360897125
widthR: 51.24004361771696
x0: 2406.2751724566424
