alphaL: 1.4592187780419603
alphaR: 2.2162846496881436
event_sum: 17.605259842297528
mean: 2402.1858601282356
nL: 3.990435469827092
nR: 2.3501445912115653
norm: 17.605259842297528
sigma: 110.64262875145592
sigmaL: 106.27334690239422
sigmaR: 53.747391412275945
widthL: 106.27334690239422
widthR: 53.747391412275945
x0: 2402.1858601282356
