alphaL: 1.4160132057025858
alphaR: 2.169847951328498
event_sum: 17.605259842297528
mean: 2401.630729462125
nL: 4.499996051060348
nR: 2.5215790838242036
norm: 17.605259842297528
sigma: 110.64262875145592
sigmaL: 104.94836901567548
sigmaR: 53.932377479239356
widthL: 104.94836901567548
widthR: 53.932377479239356
x0: 2401.630729462125
