alphaL: 1.2997992302165902
alphaR: 1.9305301911500758
event_sum: 4.648676991841057
mean: 2404.1454631863453
nL: 4.49692545858427
nR: 2.0747879638332587
norm: 4.648676991841057
sigma: 139.73269468856617
sigmaL: 100.07048055329336
sigmaR: 54.64165138784087
widthL: 100.07048055329336
widthR: 54.64165138784087
x0: 2404.1454631863453
