alphaL: 1.0646095483271092
alphaR: 1.9479276249443331
event_sum: 2.8920736894142465
mean: 2396.967735866593
nL: 4.913309377209409
nR: 2.2181063612719183
norm: 2.8920736894142465
sigma: 139.73269468856617
sigmaL: 84.39214873037221
sigmaR: 64.15524696106954
widthL: 84.39214873037221
widthR: 64.15524696106954
x0: 2396.967735866593
