alphaL: 1.3864923041008514
alphaR: 1.9613204641396085
event_sum: 14.513771484576864
mean: 2400.709147953015
nL: 3.9923981151293857
nR: 3.2468030803665853
norm: 14.513771484576864
sigma: 110.64262875145592
sigmaL: 97.36180451178558
sigmaR: 58.230737720910874
widthL: 97.36180451178558
widthR: 58.230737720910874
x0: 2400.709147953015
