alphaL: 1.3837682784084913
alphaR: 2.219571507487397
event_sum: 17.604732789302943
mean: 2399.9392134899826
nL: 4.469385398113341
nR: 2.354673252525043
norm: 17.604732789302943
sigma: 110.48829301694879
sigmaL: 102.47719423460224
sigmaR: 54.799214797083664
widthL: 102.47719423460224
widthR: 54.799214797083664
x0: 2399.9392134899826
