alphaL: 1.1366121356433305
alphaR: 2.002873826446986
event_sum: 4.637786658888217
mean: 2400.09727268873
nL: 4.662703601370505
nR: 1.9540476767779087
norm: 4.637786658888217
sigma: 139.73269468856617
sigmaL: 91.81381353880693
sigmaR: 56.80925216655431
widthL: 91.81381353880693
widthR: 56.80925216655431
x0: 2400.09727268873
