alphaL: 1.035551207781872
alphaR: 2.220144021932702
event_sum: 16.02067137195263
fraction: 0.9992730690399219
mean: 2396.888572853083
nL: 19.96789957819732
nR: 2.5386630262288032
norm: 16.017322493891697
sigma: 110.69624305029808
sigmaL: 91.50474873024042
sigmaR: 56.36256199707881
widthL: 91.50474873024042
widthR: 56.36256199707881
x0: 2396.888572853083
