alphaL: 0.7666196501544374
alphaR: 1.9755583255209972
event_sum: 27.956141527043656
fraction: 0.9979553908352945
mean: 2393.866378009407
nL: 19.937830300379368
nR: 2.2028883215170807
norm: 27.858435275848024
sigma: 139.82044371214872
sigmaL: 71.03803240085135
sigmaR: 65.28477540782968
widthL: 71.03803240085135
widthR: 65.28477540782968
x0: 2393.866378009407
