alphaL: 1.7361490002325923
alphaR: 0.36617134416156866
event_sum: 14.50778437583358
mean: 2439.6088655081953
nL: 4.487829688426761
nR: 4.483534181813918
norm: 14.50778437583358
sigma: 110.48829301694879
sigmaL: 127.32319148698397
sigmaR: 10.41731924901182
widthL: 127.32319148698397
widthR: 10.41731924901182
x0: 2439.6088655081953
