alphaL: 1.2350887776863175
alphaR: 1.7953735130662503
event_sum: 2.901330829030485
mean: 2401.87457622421
nL: 4.458855188429522
nR: 2.564164805488682
norm: 2.901330829030485
sigma: 139.73269468856617
sigmaL: 93.82126546232577
sigmaR: 61.28695010808225
widthL: 93.82126546232577
widthR: 61.28695010808225
x0: 2401.87457622421
