alphaL: 0.10001930265135724
alphaR: 0.42331628848020153
event_sum: 18.32160446990747
mean: 2435.0058900800386
nL: 1.3426687192085511
nR: 4.269170648637097
norm: 18.32160446990747
sigma: 682.5115805760103
sigmaL: 3262.7103967964513
sigmaR: 35.24847443153372
widthL: 3262.7103967964513
widthR: 35.24847443153372
x0: 2435.0058900800386
