alphaL: 3.051685023008889
alphaR: 1.2183620918646714
event_sum: 18.32160446990747
mean: 2401.2076194430388
nL: 1.0002792764121815
nR: 2.9869832690828324
norm: 18.32160446990747
sigma: 682.5115805760103
sigmaL: 513.8880741253448
sigmaR: 98.92253120860295
widthL: 513.8880741253448
widthR: 98.92253120860295
x0: 2401.2076194430388
