alphaL: 1.4095246399171146
alphaR: 2.156936270981777
event_sum: 17.605259842297528
mean: 2401.855125444074
nL: 4.499998541385878
nR: 2.534053796566342
norm: 17.605259842297528
sigma: 110.64262875145592
sigmaL: 104.76668070006444
sigmaR: 53.69188587308827
widthL: 104.76668070006444
widthR: 53.69188587308827
x0: 2401.855125444074
