alphaL: 0.8735477644202572
alphaR: 2.080035073327274
event_sum: 13.16448008621228
mean: 2393.6327109181034
nL: 49.67079778831915
nR: 3.3724703361830337
norm_2016: 3.7273775571375154
norm_2017: 4.404061384993838
norm_2018: 6.147560715151485
norm_Run2: 13.16448008621228
sigma: 110.69624305029808
sigmaL: 79.42973678914183
sigmaR: 62.70327620422703
widthL: 79.42973678914183
widthR: 62.70327620422703
x0: 2393.6327109181034
