alphaL: 0.8079624413624465
alphaR: 2.08047322255312
event_sum: 13.16448008621228
mean: 2392.6633426771355
nL: 69.49198699111912
nR: 3.315060898651789
norm_2016: 3.7273775571375154
norm_2017: 4.404061384993838
norm_2018: 6.147560715151485
norm_Run2: 13.16448008621228
sigma: 110.69624305029808
sigmaL: 75.019817349724
sigmaR: 62.623334567321706
widthL: 75.019817349724
widthR: 62.623334567321706
x0: 2392.6633426771355
