alphaL: 0.8656045763459496
alphaR: 2.26063421348582
event_sum: 15.9678342572588
mean: 2395.4989254070524
nL: 126.26353356818417
nR: 2.421649390315585
norm_2016: 15.9678342572588
norm_2017: 15.9678342572588
norm_2018: 15.9678342572588
norm_Run2: 15.9678342572588
sigma: 110.69624305029808
sigmaL: 84.02365745716484
sigmaR: 56.83750747509821
widthL: 84.02365745716484
widthR: 56.83750747509821
x0: 2395.4989254070524
