alphaL: 1.0784358352169485
alphaR: 1.141848196984057
event_sum: 6.836550810257904
mean: 2352.1594798511164
nL: 0.16516453009679188
nR: 6.452337818189381
norm_2016: 1.7342956643551588
norm_2017: 2.2088098829844967
norm_2018: 2.97155665140599
norm_Run2: 6.914662198745646
sigma: 240.0
sigmaL: 259.37927553033967
sigmaR: 118.98161145844983
widthL: 259.37927553033967
widthR: 118.98161145844983
x0: 2352.1594798511164
