alphaL: 0.7054403369979187
alphaR: 1.6562650427313286
event_sum: 9.181814132025465
mean: 2341.4981639775306
nL: 1.059972107107379
nR: 4.000055770133335
norm_2016: 2.438480139011517
norm_2017: 2.911665401305072
norm_2018: 3.9637374796438962
norm_norm_Run2: 9.313883019960485
sigma: 134.4
sigmaL: 90.63438731684593
sigmaR: 120.24966021545103
widthL: 90.63438731684593
widthR: 120.24966021545103
x0: 2341.4981639775306
