alphaL: 1.0866063464810163
alphaR: 1.130080050556524
event_sum: 6.836550810257904
mean: 2350.015328736225
nL: 0.15822122533382516
nR: 7.42273503495719
norm_2016: 1.7342956643551588
norm_2017: 2.2088098829844967
norm_2018: 2.97155665140599
norm_Run2: 6.836550810257904
sigma: 240.0
sigmaL: 254.06258997735955
sigmaR: 119.15117595515017
widthL: 254.06258997735955
widthR: 119.15117595515017
x0: 2350.015328736225
