alphaL: 0.674013696027699
alphaR: 2.0269055841168706
event_sum: 27.684436778188683
mean: 2393.2103701608803
nL: 34.53645375144481
nR: 1.9833301399877776
norm_2016: 27.684436778188683
norm_2017: 27.684436778188683
norm_2018: 27.684436778188683
norm_Run2: 27.684436778188683
sigma: 139.82044371214872
sigmaL: 65.51042557792145
sigmaR: 65.57481686271676
widthL: 65.51042557792145
widthR: 65.57481686271676
x0: 2393.2103701608803
