alphaL: 0.5940978941661361
alphaR: 1.5467154702157295
event_sum: 14.053380008321255
mean: 2341.1932597228315
nL: 2.2281000286047847
nR: 5.012012784463232
norm_2016: 14.053380008321255
norm_2017: 14.053380008321255
norm_2018: 14.053380008321255
norm_Run2: 14.053380008321255
sigma: 134.4
sigmaL: 90.73783021185457
sigmaR: 116.35633616061688
widthL: 90.73783021185457
widthR: 116.35633616061688
x0: 2341.1932597228315
