alphaL: 0.731171556111072
alphaR: 2.041785135826067
event_sum: 44.34682411584072
mean: 2397.1177207507944
nL: 63.09651451071672
nR: 1.9310309549081464
norm_2016: 10.778400519164279
norm_2017: 14.143527028500102
norm_2018: 20.679574616020545
norm_Run2: 44.34682411584072
sigma: 139.82044371214872
sigmaL: 74.66939009301045
sigmaR: 58.3469142257882
widthL: 74.66939009301045
widthR: 58.3469142257882
x0: 2397.1177207507944
