alphaL: 1.1836130010709376
alphaR: 1.1529242850147454
event_sum: 9.786635652650148
mean: 2353.9450997661206
nL: 0.3390579033232014
nR: 9.273584731769798
norm_2016: 2.2521652893628925
norm_2017: 3.2146998296957463
norm_2018: 4.463982754852623
norm_Run2: 9.786635652650148
sigma: 240.0
sigmaL: 258.3584659701635
sigmaR: 122.82418851343766
widthL: 258.3584659701635
widthR: 122.82418851343766
x0: 2353.9450997661206
