alphaL: 0.7338060017338275
alphaR: 2.0460513224865498
event_sum: 44.34682411584072
mean: 2396.5148430362624
nL: 70.38461514426365
nR: 1.9189777581771776
norm_2016: 10.778400519164279
norm_2017: 14.143527028500102
norm_2018: 20.679574616020545
norm_Run2: 44.34682411584072
sigma: 139.82044371214872
sigmaL: 75.0745913668345
sigmaR: 58.80820064411933
widthL: 75.0745913668345
widthR: 58.80820064411933
x0: 2396.5148430362624
