alphaL: 0.7897038415356851
alphaR: 1.3013427103604227
event_sum: 8.140927580321438
fraction: 0.9518325630256116
mean: 1134.1449620244725
nL: 2.7922141257175834
nR: 4.443856132372374
norm: 7.655981029119001
sigma: 115.0
sigmaL: 101.19412042815657
sigmaR: 62.74106601481657
widthL: 101.19412042815657
widthR: 62.74106601481657
x0: 1134.1449620244725
