alphaL: 0.8757031619599218
alphaR: 1.4643447435576127
event_sum: 4.636204993024001
fraction: 0.9607066914794778
mean: 1124.6125669839446
nL: 3.3621537136439477
nR: 4.251089275501432
norm: 4.431884302055764
sigma: 115.0
sigmaL: 84.62097648604981
sigmaR: 72.9247141022619
widthL: 84.62097648604981
widthR: 72.9247141022619
x0: 1124.6125669839446
