alphaL: 0.9607596162678316
alphaR: 1.4576446926721291
event_sum: 0.8222784658891794
mean: 1133.8948655371537
nL: 1.9274431968261214
nR: 3.5541510656381687
norm: 0.8222784658891794
sigma: 115.0
sigmaL: 109.03470300251517
sigmaR: 64.08532773302775
widthL: 109.03470300251517
widthR: 64.08532773302775
x0: 1133.8948655371537
