alphaL: 1.143645117019092
alphaR: 1.5436181940283435
event_sum: 0.8044979352060426
mean: 1130.3614776126099
nL: 1.4753741275167211
nR: 2.5157158786995764
norm: 0.8044979352060426
sigma: 115.0
sigmaL: 104.4652688788903
sigmaR: 67.63946951278929
widthL: 104.4652688788903
widthR: 67.63946951278929
x0: 1130.3614776126099
