alphaL: 0.9201158536423466
alphaR: 2.014764885310624
event_sum: 0.45986901070716296
mean: 1113.3581194524686
nL: 1.5456045208189257
nR: 2.5452236826051657
norm: 0.45986901070716296
sigma: 115.0
sigmaL: 75.59702589862889
sigmaR: 85.17604634659685
widthL: 75.59702589862889
widthR: 85.17604634659685
x0: 1113.3581194524686
