alphaL: 1.1086390564307584
alphaR: 1.588511827076406
event_sum: 0.4676509421099213
mean: 1133.014473508506
nL: 2.7521777900799584
nR: 3.0957241892477043
norm: 0.4676509421099213
sigma: 115.0
sigmaL: 112.83089220122642
sigmaR: 69.91762131769207
widthL: 112.83089220122642
widthR: 69.91762131769207
x0: 1133.014473508506
