alphaL: 0.9595658311094595
alphaR: 1.5980697573943474
event_sum: 0.31377617763064336
mean: 794.6554011251542
nL: 1.9159013548587003
nR: 2.136330119328484
norm: 0.31377617763064336
sigma: 40.02442708188001
sigmaL: 52.44711060193783
sigmaR: 41.76036655642193
widthL: 52.44711060193783
widthR: 41.76036655642193
x0: 794.6554011251542
