alphaL: 1.4002311978771074
alphaR: 1.403377319818155
event_sum: 7.930015616642777
mean: 801.9724022238024
nL: 4.499963774601833
nR: 3.8526967838367665
norm: 7.930015616642777
sigma: 44.800000000000004
sigmaL: 60.3877956674563
sigmaR: 37.494128893636095
widthL: 60.3877956674563
widthR: 37.494128893636095
x0: 801.9724022238024
