alphaL: 1.2692889022934546
alphaR: 1.643920683146554
event_sum: 0.3322022752618068
mean: 794.8026632563742
nL: 2.0988434692436453
nR: 2.344625387381577
norm: 0.3322022752618068
sigma: 44.800000000000004
sigmaL: 56.79896076034292
sigmaR: 41.52491063757139
widthL: 56.79896076034292
widthR: 41.52491063757139
x0: 794.8026632563742
