alphaL: 1.4145500943649134
alphaR: 1.3582143099204609
event_sum: 0.7882190422533313
mean: 804.2451054959636
nL: 3.666721437033442
nR: 3.4405445536271277
norm: 0.7882190422533313
sigma: 44.800000000000004
sigmaL: 63.01565804246675
sigmaR: 35.38975165825836
widthL: 63.01565804246675
widthR: 35.38975165825836
x0: 804.2451054959636
