alphaL: 1.2476587493905607
alphaR: 1.5074605349045094
event_sum: 3.352244832320139
fraction: 0.9940753853242592
mean: 795.2348495608173
nL: 3.019179798367606
nR: 3.2751722544230457
norm: 3.3334628679440357
sigma: 44.800000000000004
sigmaL: 58.13630851598735
sigmaR: 40.78474424903203
widthL: 58.13630851598735
widthR: 40.78474424903203
x0: 795.2348495608173
