alphaL: 1.106192815411178
alphaR: 1.5422425400025492
event_sum: 0.7513844311033608
mean: 800.3260241065454
nL: 2.2979628354299595
nR: 2.016797895950211
norm: 0.7513844311033608
sigma: 40.02442708188001
sigmaL: 56.42837091751052
sigmaR: 38.64134843853062
widthL: 56.42837091751052
widthR: 38.64134843853062
x0: 800.3260241065454
