alphaL: 1.2914091868990352
alphaR: 1.393931531527762
event_sum: 0.7882190422533313
mean: 802.2529067678116
nL: 3.8937070725236573
nR: 3.39565142150911
norm: 0.7882190422533313
sigma: 44.800000000000004
sigmaL: 58.96463340161643
sigmaR: 36.769847910436305
widthL: 58.96463340161643
widthR: 36.769847910436305
x0: 802.2529067678116
