alphaL: 1.3200477330926785
alphaR: 1.4096500852030012
event_sum: 7.9056532984250225
fraction: 0.9955506270753829
mean: 801.7831645563601
nL: 7.817486980387861
nR: 3.7760660337728864
norm: 7.8753914763219655
sigma: 44.800000000000004
sigmaL: 59.7667562253243
sigmaR: 37.57157610849205
widthL: 59.7667562253243
widthR: 37.57157610849205
x0: 801.7831645563601
