alphaL: 1.0913992353631021
alphaR: 1.2387219835931682
event_sum: 0.3334144612927048
mean: 797.2682508848435
nL: 1.0000000294412954
nR: 2.7445714911051935
norm: 0.3334144612927048
sigma: 44.800000000000004
sigmaL: 45.87068426897495
sigmaR: 32.3905823905786
widthL: 45.87068426897495
widthR: 32.3905823905786
x0: 797.2682508848435
