alphaL: 1.348146882929165
alphaR: 1.4462257173080855
event_sum: 3.3656441073399037
mean: 796.6638159564762
nL: 1.0000123226863344
nR: 3.634334641500733
norm: 3.3656441073399037
sigma: 44.800000000000004
sigmaL: 59.455841340506154
sigmaR: 39.66147228309641
widthL: 59.455841340506154
widthR: 39.66147228309641
x0: 796.6638159564762
