alphaL: 1.0916271892251088
alphaR: 1.238105605843448
event_sum: 0.3334144612927048
mean: 797.2669923462444
nL: 1.0000000295317495
nR: 2.74304711406946
norm: 0.3334144612927048
sigma: 44.800000000000004
sigmaL: 45.85058204724383
sigmaR: 32.390583284689036
widthL: 45.85058204724383
widthR: 32.390583284689036
x0: 797.2669923462444
