alphaL: 1.196254208264179
alphaR: 1.6794037413667866
event_sum: 0.7845268493329058
mean: 799.4033669697802
nL: 2.244033546393061
nR: 1.8922249989330113
norm: 0.7845268493329058
sigma: 44.800000000000004
sigmaL: 55.12989975845003
sigmaR: 39.19070497028585
widthL: 55.12989975845003
widthR: 39.19070497028585
x0: 799.4033669697802
