alphaL: 0.9828336243663469
alphaR: 1.46897814899586
event_sum: 21.857637905086815
mean: 1680.720980185848
nL: 1.426277371324438
nR: 4.223445439411278
norm_2016: 5.979001008938149
norm_2017: 6.765565296822966
norm_2018: 9.520822946864175
norm_Run2: 21.857637905086815
sigma: 95.2
sigmaL: 103.64590632970133
sigmaR: 79.10165657554212
widthL: 103.64590632970133
widthR: 79.10165657554212
x0: 1680.720980185848
