alphaL: 1.004556302702165
alphaR: 1.3509067502916423
event_sum: 17.915417232635992
mean: 1661.4564986166683
nL: 1.2097785723892878
nR: 4.434881254190331
norm_2016: 4.524196906621404
norm_2017: 5.564812762949825
norm_2018: 8.119494156093873
norm_Run2: 17.915417232635992
sigma: 170.0
sigmaL: 140.8287377084337
sigmaR: 96.11861291652383
widthL: 140.8287377084337
widthR: 96.11861291652383
x0: 1661.4564986166683
