alphaL: 0.8080895617699372
alphaR: 2.346906036256617
event_sum: 35.40770878050636
mean: 1697.4685163635827
nL: 58.9227341977404
nR: 1.5155162284853243
norm_2016: 9.061057771855412
norm_2017: 11.18597107104153
norm_2018: 16.083175502520348
norm_Run2: 35.40770878050636
sigma: 90.00591856397037
sigmaL: 58.6543667383153
sigmaR: 46.05357362592711
widthL: 58.6543667383153
widthR: 46.05357362592711
x0: 1697.4685163635827
