alphaL: 1.2875633357605953
alphaR: 1.2268001593563456
event_sum: 8.537230220961456
fraction: 0.79996855170394
mean: 2020.7945726908602
nL: 0.42564400277841175
nR: 3.7300311696819493
norm: 6.259100947894475
sigma: 205.0
sigmaL: 206.47441293601344
sigmaR: 97.39004809721165
widthL: 206.47441293601344
widthR: 97.39004809721165
x0: 2020.7945726908602
