alphaL: 0.4559895322011718
alphaR: 1.3786079290829851
event_sum: 0.6181152037275902
mean: 2030.3778625483953
nL: 0.9976988226450703
nR: 3.482341608081402
norm: 0.6181152037275902
sigma: 205.0
sigmaL: 203.96137572092235
sigmaR: 99.84848700677425
widthL: 203.96137572092235
widthR: 99.84848700677425
x0: 2030.3778625483953
