alphaL: 0.9501524035650755
alphaR: 1.3651467244929725
event_sum: 8.92844025362471
fraction: 0.7430302822285435
mean: 2008.6934867585933
nL: 0.46132796141850974
nR: 4.380934829116178
norm: 4.8696884649357175
sigma: 205.0
sigmaL: 200.1159076587896
sigmaR: 108.04341797804936
widthL: 200.1159076587896
widthR: 108.04341797804936
x0: 2008.6934867585933
