alphaL: 1.3947760745733013
alphaR: 1.4474271959835783
event_sum: 0.6683357667701006
mean: 2011.9427572002467
nL: 0.21685873475159823
nR: 2.869720063611748
norm: 0.6683357667701006
sigma: 205.0
sigmaL: 205.10211388272813
sigmaR: 106.722297537592
widthL: 205.10211388272813
widthR: 106.722297537592
x0: 2011.9427572002467
