alphaL: 1.1554400801522617
alphaR: 1.8116820041025923
event_sum: 0.5349485321157306
mean: 1982.821932422471
nL: 0.12724956806553203
nR: 2.569569817814239
norm: 0.5349485321157306
sigma: 205.0
sigmaL: 198.28214336374705
sigmaR: 135.97611271506793
widthL: 198.28214336374705
widthR: 135.97611271506793
x0: 1982.821932422471
