alphaL: 0.7887311107040039
alphaR: 1.1980851854982415
event_sum: 0.7234512345700709
mean: 2016.73601934413
nL: 0.9993994060495411
nR: 3.813228668647042
norm: 0.7234512345700709
sigma: 205.0
sigmaL: 169.07761901966063
sigmaR: 96.89637257598974
widthL: 169.07761901966063
widthR: 96.89637257598974
x0: 2016.73601934413
