alphaL: 1.3561549369997543
alphaR: 1.9209750668965277
event_sum: 6.451215277460002
fraction: 0.9989767674249408
mean: 2101.7727340628935
nL: 9.635215533282475
nR: 3.8336560764510486
norm: 6.449834299434784
sigma: 97.91803910030059
sigmaL: 96.96206484547223
sigmaR: 47.377692744408364
widthL: 96.96206484547223
widthR: 47.377692744408364
x0: 2101.7727340628935
