alphaL: 1.2417799893206838
alphaR: 1.6856234284448839
event_sum: 0.849980589058263
mean: 2103.201105004389
nL: 4.419240388833391
nR: 3.038016311629181
norm: 0.849980589058263
sigma: 115.388481948512
sigmaL: 85.87971209261194
sigmaR: 50.130791001666616
widthL: 85.87971209261194
widthR: 50.130791001666616
x0: 2103.201105004389
