alphaL: 1.1027027735033281
alphaR: 1.6383447283879549
event_sum: 0.8472595485654659
mean: 2100.4372617923887
nL: 4.476609714073802
nR: 3.407083743545945
norm: 0.8472595485654659
sigma: 115.388481948512
sigmaL: 78.67918540235543
sigmaR: 51.723755252114465
widthL: 78.67918540235543
widthR: 51.723755252114465
x0: 2100.4372617923887
