alphaL: 1.3355032571751317
alphaR: 2.137544421464447
event_sum: 1.0710486738855651
mean: 2106.3911517228407
nL: 3.4435924865867302
nR: 1.6539785758955523
norm: 1.0710486738855651
sigma: 115.388481948512
sigmaL: 95.50249380191799
sigmaR: 45.762273256410424
widthL: 95.50249380191799
widthR: 45.762273256410424
x0: 2106.3911517228407
