alphaL: 1.1549455698429623
alphaR: 2.2441951843875874
event_sum: 10.066355831407545
fraction: 0.9960261624568727
mean: 2101.69769074458
nL: 9.947653309912008
nR: 1.5243703556655173
norm: 10.056406284791272
sigma: 115.05742012004475
sigmaL: 86.75922650465886
sigmaR: 48.42934845563649
widthL: 86.75922650465886
widthR: 48.42934845563649
x0: 2101.69769074458
