alphaL: 1.2995239111129895
alphaR: 2.166411004618484
event_sum: 1.075380639543431
mean: 2103.8761685852987
nL: 4.570789730587966
nR: 1.5757052970592222
norm: 1.075380639543431
sigma: 115.388481948512
sigmaL: 91.84322479862638
sigmaR: 47.194774338388044
widthL: 91.84322479862638
widthR: 47.194774338388044
x0: 2103.8761685852987
