alphaL: 1.288906200837031
alphaR: 2.30725979843248
event_sum: 6.7613819498873955
mean: 2097.5231349219284
nL: 4.92101017960681
nR: 2.4282899034743815
norm: 6.7613819498873955
sigma: 98.19216984919655
sigmaL: 90.13624297134365
sigmaR: 50.38710850688088
widthL: 90.13624297134365
widthR: 50.38710850688088
x0: 2097.5231349219284
