alphaL: 1.332878340792549
alphaR: 2.0357829735712523
event_sum: 7.206854917439406
mean: 2101.528628029372
nL: 4.475474464195393
nR: 3.1947713968004714
norm: 7.206854917439406
sigma: 98.19216984919655
sigmaL: 85.79494224376506
sigmaR: 50.498838921614116
widthL: 85.79494224376506
widthR: 50.498838921614116
x0: 2101.528628029372
