alphaL: 1.1335913858507438
alphaR: 2.1761949933970626
event_sum: 7.177287279120849
mean: 2098.2842569934915
nL: 4.949636461744663
nR: 2.6827085155398733
norm: 7.177287279120849
sigma: 98.19216984919655
sigmaL: 78.64201013622117
sigmaR: 52.480395494841126
widthL: 78.64201013622117
widthR: 52.480395494841126
x0: 2098.2842569934915
