alphaL: 1.546487667461136
alphaR: 2.3238461385657083
event_sum: 6.793445525455906
mean: 2101.1807986197914
nL: 4.499144177861383
nR: 1.9366121356091457
norm: 6.793445525455906
sigma: 98.19216984919655
sigmaL: 99.53017842423887
sigmaR: 49.01852347121866
widthL: 99.53017842423887
widthR: 49.01852347121866
x0: 2101.1807986197914
