alphaL: 1.0806440413831833
alphaR: 2.2083047897791914
event_sum: 6.842381786286662
fraction: 0.9987727971777604
mean: 2097.7071574576053
nL: 9.938979718310724
nR: 2.5822582739041238
norm: 6.84163985244434
sigma: 97.91803910030059
sigmaL: 77.16583807743086
sigmaR: 52.9814352998863
widthL: 77.16583807743086
widthR: 52.9814352998863
x0: 2097.7071574576053
