alphaL: 1.0206701084348346
alphaR: 1.7032507295819717
event_sum: 7.961581522354063
fraction: 0.9976749003612063
mean: 2100.6371808446015
nL: 9.953622509536311
nR: 2.999138824942969
norm: 7.946725926411113
sigma: 115.05742012004475
sigmaL: 79.24380236701157
sigmaR: 51.65416559920445
widthL: 79.24380236701157
widthR: 51.65416559920445
x0: 2100.6371808446015
