alphaL: 1.1264822151549296
alphaR: 2.2495616433844092
event_sum: 4.015316969200522
mean: 1898.4882451145722
nL: 4.895431688131609
nR: 1.7119091343330743
norm: 4.015316969200522
sigma: 101.32663632732478
sigmaL: 74.73894133764173
sigmaR: 51.33482306458353
widthL: 74.73894133764173
widthR: 51.33482306458353
x0: 1898.4882451145722
