alphaL: 1.2433734165629793
alphaR: 1.8591574271466496
event_sum: 3.248435495490899
mean: 1904.9124920786162
nL: 4.466705640909986
nR: 2.616357713926797
norm: 3.248435495490899
sigma: 101.32663632732478
sigmaL: 76.68333397752822
sigmaR: 49.93225078804436
widthL: 76.68333397752822
widthR: 49.93225078804436
x0: 1904.9124920786162
