alphaL: 1.060665744192872
alphaR: 2.1712629904126652
event_sum: 3.2370606680827736
mean: 1898.4828179362034
nL: 4.737138908406688
nR: 2.111194745302279
norm: 3.2370606680827736
sigma: 101.32663632732478
sigmaL: 68.25957065008116
sigmaR: 57.917622203179825
widthL: 68.25957065008116
widthR: 57.917622203179825
x0: 1898.4828179362034
