alphaL: 1.369233275485272
alphaR: 2.2264351788462964
event_sum: 32.417793529603856
fraction: 0.9987594695985852
mean: 1904.2845580821624
nL: 9.961304919500499
nR: 2.419006126590543
norm: 32.405842386789956
sigma: 89.0652495110513
sigmaL: 88.07910487016201
sigmaR: 45.11014438006807
widthL: 88.07910487016201
widthR: 45.11014438006807
x0: 1904.2845580821624
