alphaL: 1.2279222231458646
alphaR: 2.1581301157188397
event_sum: 35.29889493022626
fraction: 0.99902223691663
mean: 1900.8535933869048
nL: 10.0
nR: 2.9812369215722665
norm: 35.29448391407723
sigma: 89.0652495110513
sigmaL: 76.93545421759846
sigmaR: 50.06951609218614
widthL: 76.93545421759846
widthR: 50.06951609218614
x0: 1900.8535933869048
