alphaL: 1.0170215184206142
alphaR: 1.8808164834989904
event_sum: 31.551923760342987
fraction: 0.9977513013975069
mean: 1902.347873055972
nL: 9.991954859251587
nR: 2.661665987242941
norm: 31.50882264822531
sigma: 101.4130516033419
sigmaL: 70.01614440856312
sigmaR: 51.125276801679355
widthL: 70.01614440856312
widthR: 51.125276801679355
x0: 1902.347873055972
