alphaL: 0.8954104722082308
alphaR: 2.1800934982580715
event_sum: 35.29889493022626
fraction: 0.9939461841525159
mean: 1897.707636721542
nL: 85.51242617764619
nR: 3.452613093651315
norm: 35.155536041387435
sigma: 88.93793231832454
sigmaL: 66.16783877695043
sigmaR: 51.25419461124565
widthL: 66.16783877695043
widthR: 51.25419461124565
x0: 1897.707636721542
