alphaL: 1.3514867453168584
alphaR: 2.183125275168592
event_sum: 35.34734666552568
mean: 1902.4223892173386
nL: 4.979055606747611
nR: 2.76027596905958
norm: 35.34734666552568
sigma: 89.120426054424
sigmaL: 83.81207489713746
sigmaR: 45.63134975526733
widthL: 83.81207489713746
widthR: 45.63134975526733
x0: 1902.4223892173386
