alphaL: 1.33120483743373
alphaR: 1.9943045442476803
event_sum: 4.030522367367697
mean: 1903.7438628137115
nL: 4.499899632179815
nR: 2.079462853869977
norm: 4.030522367367697
sigma: 101.32663632732478
sigmaL: 82.19132197228203
sigmaR: 46.03315100222322
widthL: 82.19132197228203
widthR: 46.03315100222322
x0: 1903.7438628137115
