alphaL: 1.5846893372213313
alphaR: 2.1546029597458722
event_sum: 35.508788332276346
mean: 1905.9602829472387
nL: 4.499450551469094
nR: 2.557474267933899
norm: 35.508788332276346
sigma: 89.120426054424
sigmaL: 91.94152894997391
sigmaR: 43.83982902205242
widthL: 91.94152894997391
widthR: 43.83982902205242
x0: 1905.9602829472387
