alphaL: 1.4262796260275221
alphaR: 2.0075713501547288
event_sum: 38.52695841400622
mean: 1903.52387241752
nL: 4.499949744497273
nR: 3.617397967056581
norm: 38.52695841400622
sigma: 89.120426054424
sigmaL: 81.44652847309555
sigmaR: 47.88031119928158
widthL: 81.44652847309555
widthR: 47.88031119928158
x0: 1903.52387241752
