alphaL: 1.2744087082087387
alphaR: 2.09213993501128
event_sum: 38.36690857190039
mean: 1901.438900288496
nL: 4.999567510899234
nR: 3.393113525475615
norm: 38.36690857190039
sigma: 89.120426054424
sigmaL: 77.04556239791007
sigmaR: 49.09083057505547
widthL: 77.04556239791007
widthR: 49.09083057505547
x0: 1901.438900288496
