alphaL: 1.1009022286964325
alphaR: 2.0521045389869754
event_sum: 39.06476122843882
fraction: 0.9970806589870523
mean: 1901.1699132738822
nL: 10.0
nR: 2.0435990416126373
norm: 39.03463951194131
sigma: 101.4130516033419
sigmaL: 76.4201800145271
sigmaR: 47.42775586079377
widthL: 76.4201800145271
widthR: 47.42775586079377
x0: 1901.1699132738822
