alphaL: 0.8951125685072538
alphaR: 2.179645408332247
event_sum: 35.155536041387435
mean: 1897.711342802078
nL: 85.44109446850061
nR: 3.454147079614282
norm_2016: 9.76113791604872
norm_2017: 11.522211164439627
norm_2018: 16.598632112065687
norm_Run2: 35.155536041387435
sigma: 88.93793231832454
sigmaL: 66.17259489922988
sigmaR: 51.253326052086905
widthL: 66.17259489922988
widthR: 51.253326052086905
x0: 1897.711342802078
