alphaL: 1.0009715165059938
alphaR: 2.2807452065687954
event_sum: 32.24737221268955
mean: 1899.9260255013346
nL: 132.66112873293278
nR: 2.4924246894975344
norm_2016: 8.399033002610835
norm_2017: 10.801915605141593
norm_2018: 15.6581995029112
norm_Run2: 32.24737221268955
sigma: 88.93793231832454
sigmaL: 76.52108175681451
sigmaR: 47.12702584247722
widthL: 76.52108175681451
widthR: 47.12702584247722
x0: 1899.9260255013346
