alphaL: 0.859107252009812
alphaR: 1.4494892443646181
event_sum: 17.540175672841105
mean: 1874.983707719392
nL: 1.6088371091194338
nR: 4.38615632516027
norm_2016: 4.669243860406348
norm_2017: 5.550729698887282
norm_2018: 7.635623308232584
norm_Run2: 17.540175672841105
sigma: 106.4
sigmaL: 106.94105124800737
sigmaR: 87.56871569149442
widthL: 106.94105124800737
widthR: 87.56871569149442
x0: 1874.983707719392
