alphaL: 0.9824378458440528
alphaR: 1.3797171387293936
event_sum: 17.540175672841105
mean: 1880.8202530974047
nL: 1.383609819537066
nR: 4.6408784376251795
norm_2016: 17.540175672841105
norm_2017: 17.540175672841105
norm_2018: 17.540175672841105
norm_Run2: 17.540175672841105
sigma: 106.4
sigmaL: 121.42894650686901
sigmaR: 83.08384243587018
widthL: 121.42894650686901
widthR: 83.08384243587018
x0: 1880.8202530974047
