alphaL: 0.964225186508423
alphaR: 1.3696771760107707
event_sum: 14.293279003726346
mean: 1847.0642064174701
nL: 0.4436761103881833
nR: 8.015711063500474
norm_2016: 3.753000798876865
norm_2017: 4.498384039862643
norm_2018: 6.2789093086508885
norm_Run2: 14.293279003726346
sigma: 190.0
sigmaL: 157.87390437754118
sigmaR: 114.49458524022975
widthL: 157.87390437754118
widthR: 114.49458524022975
x0: 1847.0642064174701
