alphaL: 0.831966061301604
alphaR: 1.9246046521692362
event_sum: 31.288237015374733
mean: 1900.2352577373326
nL: 17.398219463130143
nR: 2.6697080528043458
norm_2016: 8.599976665090868
norm_2017: 9.618579707620773
norm_2018: 13.823551480399535
norm_Run2: 31.288237015374733
sigma: 101.74541645350581
sigmaL: 62.96660977904395
sigmaR: 52.470967984353095
widthL: 62.96660977904395
widthR: 52.470967984353095
x0: 1900.2352577373326
