alphaL: 0.980495614186449
alphaR: 1.3989102960702142
event_sum: 20.56824090044565
mean: 1877.5737003893253
nL: 2.106167647244293
nR: 4.072508617821282
norm_2016: 5.026445461963425
norm_2017: 6.4720619178503975
norm_2018: 9.463116215919316
norm_Run2: 20.961623595733137
sigma: 106.4
sigmaL: 115.60109303196647
sigmaR: 80.7993764042532
widthL: 115.60109303196647
widthR: 80.7993764042532
x0: 1877.5737003893253
