alphaL: 1.0879250313534157
alphaR: 1.410762322385651
event_sum: 15.693367518027918
mean: 1854.4396691172478
nL: 0.6461738629455178
nR: 4.186320928855057
norm_2016: 3.8030197992057326
norm_2017: 4.983442438087529
norm_2018: 7.151683727525466
norm_Run2: 15.938145964818727
sigma: 190.0
sigmaL: 158.28768460250575
sigmaR: 107.77809729077816
widthL: 158.28768460250575
widthR: 107.77809729077816
x0: 1854.4396691172478
