alphaL: 0.7703269799308777
alphaR: 2.1558780143593594
event_sum: 38.74300131807503
mean: 1897.457525291606
nL: 85.82447360204874
nR: 1.8788617624463935
norm_2016: 9.755951018492686
norm_2017: 12.149359134216738
norm_2018: 17.867973358530847
norm_Run2: 39.77328351124027
sigma: 101.74541645350581
sigmaL: 62.82938356011192
sigmaR: 49.4383763948943
widthL: 62.82938356011192
widthR: 49.4383763948943
x0: 1897.457525291606
