alphaL: 0.6616700904549776
alphaR: 1.7982964443949452
event_sum: 7.5043885903343
mean: 2342.278048836749
nL: 1.4138110299073428
nR: 2.640324418308894
norm: 7.5043885903343
sigma: 167
sigmaL: 92.05952582484038
sigmaR: 121.24559982783433
widthL: 92.05952582484038
widthR: 121.24559982783433
x0: 2342.278048836749
