alphaL: 1.4702880195553552
alphaR: 1.170144877800168
event_sum: 9.646106323905826
fraction: 0.9794458745984118
mean: 751.6381410333712
nL: 4.570608426444082
nR: 3.0616912817779887
norm: 9.511967542527584
sigma: 75.0
sigmaL: 82.6345278715194
sigmaR: 39.426896219930214
widthL: 82.6345278715194
widthR: 39.426896219930214
x0: 751.6381410333712
