alphaL: 1.0243814402529516
alphaR: 1.8133058540280032
event_sum: 2.3843424896217593
mean: 706.4296948858777
nL: 2.2786610585385874
nR: 3.663745444472919
norm: 2.3843424896217593
sigma: 75.0
sigmaL: 110.54814006039096
sigmaR: 68.80204808658169
widthL: 110.54814006039096
widthR: 68.80204808658169
x0: 706.4296948858777
