alphaL: 1.1382712527390322
alphaR: 1.4313702495415486
event_sum: 22.77886264285233
fraction: 0.9886290839909043
mean: 740.3127563497644
nL: 0.4
nR: 4.21078276813795
norm: 22.572978055334897
sigma: 75.0
sigmaL: 58.680815634336454
sigmaR: 51.17157050841392
widthL: 58.680815634336454
widthR: 51.17157050841392
x0: 740.3127563497644
