alphaL: 1.1630827506952615
alphaR: 1.2592051400950197
event_sum: 1.005556576522012
mean: 748.6646722658481
nL: 2.8680964691531043
nR: 2.818631489097311
norm: 1.005556576522012
sigma: 75.0
sigmaL: 72.67995470606458
sigmaR: 41.295979986781575
widthL: 72.67995470606458
widthR: 41.295979986781575
x0: 748.6646722658481
