alphaL: 4.056766738966096
alphaR: 1.5985383681093595
event_sum: 2.3896339406516587
mean: 738.8209972540767
nL: 0.46296845928544994
nR: 3.211089344890942
norm: 2.3896339406516587
sigma: 75.0
sigmaL: 70.54490704475151
sigmaR: 55.194038336038936
widthL: 70.54490704475151
widthR: 55.194038336038936
x0: 738.8209972540767
