alphaL: 1.0011630466009793
alphaR: 2.296810147094881
event_sum: 1.0091751355322531
mean: 698.9121338091629
nL: 3.389222144718005
nR: 3.1000549880709922
norm: 1.0091751355322531
sigma: 75.0
sigmaL: 118.36256609483274
sigmaR: 66.4948135663758
widthL: 118.36256609483274
widthR: 66.4948135663758
x0: 698.9121338091629
