alphaL: 0.7700306931154711
alphaR: 1.5568592439082851
event_sum: 0.8211791187422932
mean: 1188.989832587114
nL: 3.1230888508123056
nR: 3.4836036402161583
norm: 0.8211791187422932
sigma: 67.2
sigmaL: 63.37681574041696
sigmaR: 57.33742228551326
widthL: 63.37681574041696
widthR: 57.33742228551326
x0: 1188.989832587114
