alphaL: 0.9739948188917155
alphaR: 1.6005849405271493
event_sum: 0.7923937068044324
mean: 1195.582468250025
nL: 2.0761788108323285
nR: 2.0596456698709003
norm: 0.7923937068044324
sigma: 67.2
sigmaL: 79.21331200195615
sigmaR: 52.66738372273479
widthL: 79.21331200195615
widthR: 52.66738372273479
x0: 1195.582468250025
