alphaL: 1.3120463237356157
alphaR: 1.1695077411358423
event_sum: 0.5418148738172022
mean: 1202.2880362832082
nL: 2.7357592813593414
nR: 3.1992997026669996
norm: 0.5418148738172022
sigma: 67.2
sigmaL: 91.30518386873379
sigmaR: 40.30281264391743
widthL: 91.30518386873379
widthR: 40.30281264391743
x0: 1202.2880362832082
