alphaL: 1.1716345238834296
alphaR: 1.572140481240294
event_sum: 0.5281249270192347
mean: 1193.886186333813
nL: 2.2009304120518696
nR: 2.155852930202063
norm: 0.5281249270192347
sigma: 67.2
sigmaL: 83.0669283926864
sigmaR: 51.06000707716369
widthL: 83.0669283926864
widthR: 51.06000707716369
x0: 1193.886186333813
