alphaL: 0.7531245568196536
alphaR: 1.57953294049508
event_sum: 8.74153419531649
fraction: 0.9708739437532689
mean: 1187.5810780116585
nL: 3.532772282131888
nR: 3.6330949505886774
norm: 8.36715630668914
sigma: 67.2
sigmaL: 63.65240811073071
sigmaR: 58.59357610577205
widthL: 63.65240811073071
widthR: 58.59357610577205
x0: 1187.5810780116585
