alphaL: 1.2181392654569487
alphaR: 1.41415878456138
event_sum: 0.5418148738172022
mean: 1195.5776095231975
nL: 3.4525247555092133
nR: 3.2523798048207526
norm: 0.5418148738172022
sigma: 67.2
sigmaL: 84.87463368232557
sigmaR: 48.40173342357333
widthL: 84.87463368232557
widthR: 48.40173342357333
x0: 1195.5776095231975
