alphaL: 1.2216139360716674
alphaR: 1.3355028977214503
event_sum: 5.645289053441957
fraction: 0.9801852266120595
mean: 1195.5314448969066
nL: 3.333485807234869
nR: 3.782985445465432
norm: 5.474758527765516
sigma: 67.2
sigmaL: 86.90437538865721
sigmaR: 47.86960701319422
widthL: 86.90437538865721
widthR: 47.86960701319422
x0: 1195.5314448969066
