alphaL: 0.7054345084530285
alphaR: 1.577835418325855
event_sum: 8.790258829656523
mean: 1185.9827218170103
nL: 3.4996344820239313
nR: 3.8132244480579103
norm: 8.790258829656523
sigma: 67.2
sigmaL: 59.58425559725005
sigmaR: 59.389726746798814
widthL: 59.58425559725005
widthR: 59.389726746798814
x0: 1185.9827218170103
