alphaL: 1.5603061188691367
alphaR: 1.436225394286109
event_sum: 0.49658681395521853
mean: 1195.190766230679
nL: 0.2139848111827857
nR: 2.3508922401348595
norm: 0.49658681395521853
sigma: 62.76005144855769
sigmaL: 86.8020340870026
sigmaR: 47.91490880574587
widthL: 86.8020340870026
widthR: 47.91490880574587
x0: 1195.190766230679
