alphaL: 1.1129530809595918
alphaR: 1.4184134209094241
event_sum: 5.682769541395828
mean: 1192.5898245107417
nL: 3.622740930224563
nR: 3.520616125054293
norm: 5.682769541395828
sigma: 67.2
sigmaL: 80.29495635679723
sigmaR: 49.93259570857698
widthL: 80.29495635679723
widthR: 49.93259570857698
x0: 1192.5898245107417
