alphaL: 0.7599168584338479
alphaR: 1.542094442671605
event_sum: 0.8211791187422932
mean: 1190.3210727902538
nL: 3.1476658668385813
nR: 3.489173099925711
norm: 0.8211791187422932
sigma: 67.2
sigmaL: 63.9757033969005
sigmaR: 55.49966669225889
widthL: 63.9757033969005
widthR: 55.49966669225889
x0: 1190.3210727902538
