alphaL: 0.7851689686910451
alphaR: 1.6219995412907917
event_sum: 0.7341614284378011
mean: 1189.7585245191253
nL: 1.735191490888586
nR: 1.9931577820304565
norm: 0.7341614284378011
sigma: 62.76005144855769
sigmaL: 63.1708909444462
sigmaR: 56.23615460021518
widthL: 63.1708909444462
widthR: 56.23615460021518
x0: 1189.7585245191253
