alphaL: 0.9990893262250752
alphaR: 1.3483801952372838
event_sum: 0.999161064857617
mean: 1389.2961276928515
nL: 3.929439195447891
nR: 4.078356766619835
norm: 0.999161064857617
sigma: 78.4
sigmaL: 92.50518750048641
sigmaR: 59.76328733740708
widthL: 92.50518750048641
widthR: 59.76328733740708
x0: 1389.2961276928515
