alphaL: 1.0089640053617357
alphaR: 2.6490469961982375
event_sum: 0.9715727852890268
mean: 1368.412197837954
nL: 2.4269643083028622
nR: 2.5765579622174783
norm: 0.9715727852890268
sigma: 78.4
sigmaL: 85.4543236419965
sigmaR: 86.61800585525373
widthL: 85.4543236419965
widthR: 86.61800585525373
x0: 1368.412197837954
