alphaL: 0.9880346778120269
alphaR: 1.3311109175949818
event_sum: 0.999161064857617
mean: 1389.0497267582114
nL: 3.9605775990270233
nR: 3.977575686889077
norm: 0.999161064857617
sigma: 78.4
sigmaL: 92.57481566668642
sigmaR: 56.89153173173409
widthL: 92.57481566668642
widthR: 56.89153173173409
x0: 1389.0497267582114
