alphaL: 1.5063619267764226
alphaR: 1.468474489306169
event_sum: 1.0285774834337644
mean: 1389.3361589297992
nL: 0.2326071282040002
nR: 2.370679987350744
norm: 1.0285774834337644
sigma: 71.8173303506837
sigmaL: 100.10874824441116
sigmaR: 59.59179254323413
widthL: 100.10874824441116
widthR: 59.59179254323413
x0: 1389.3361589297992
