alphaL: 0.8926192601026482
alphaR: 1.2955906144047775
event_sum: 1.1680146313738078
mean: 1393.280167885603
nL: 3.191770101749239
nR: 3.6125957450422725
norm: 1.1680146313738078
sigma: 78.4
sigmaL: 90.73430447197512
sigmaR: 55.108439661095964
widthL: 90.73430447197512
widthR: 55.108439661095964
x0: 1393.280167885603
