alphaL: 1.3249546391940303
alphaR: 1.411738698453862
event_sum: 13.300541320582852
fraction: 0.9300234037728381
mean: 1387.9395368904334
nL: 0.9678605995041504
nR: 4.017852802538758
norm: 12.0524210492149
sigma: 78.4
sigmaL: 100.09610115690444
sigmaR: 61.627934350504255
widthL: 100.09610115690444
widthR: 61.627934350504255
x0: 1387.9395368904334
