alphaL: 1.3159552984363365
alphaR: 1.3829744613799653
event_sum: 0.901106336270459
mean: 1392.8272858823452
nL: 0.6924396689567209
nR: 1.8190587183924505
norm: 0.901106336270459
sigma: 71.8173303506837
sigmaL: 102.37136918822833
sigmaR: 54.2389886131922
widthL: 102.37136918822833
widthR: 54.2389886131922
x0: 1392.8272858823452
