alphaL: 1.2953267396584898
alphaR: 1.4318804472837043
event_sum: 13.300541320582852
mean: 1387.562994235736
nL: 1.0192434607130727
nR: 3.9190298847946154
norm: 13.300541320582852
sigma: 78.4
sigmaL: 98.39200385537194
sigmaR: 61.7337818580193
widthL: 98.39200385537194
widthR: 61.7337818580193
x0: 1387.562994235736
