alphaL: 1.0595703279111492
alphaR: 1.4374960343536793
event_sum: 1.1680146313738078
mean: 1386.6969479707245
nL: 2.0225354271272358
nR: 3.917276575119875
norm: 1.1680146313738078
sigma: 78.4
sigmaL: 93.59068677233135
sigmaR: 62.368932112724366
widthL: 93.59068677233135
widthR: 62.368932112724366
x0: 1386.6969479707245
