alphaL: 0.9780831972319227
alphaR: 2.8466938631829284
event_sum: 1.1219787672744133
mean: 1368.1934258913939
nL: 2.166418284945823
nR: 2.6814162964749375
norm: 1.1219787672744133
sigma: 78.4
sigmaL: 85.48317026144066
sigmaR: 87.88420391554624
widthL: 85.48317026144066
widthR: 87.88420391554624
x0: 1368.1934258913939
