alphaL: 1.0790609457408578
alphaR: 1.3941590093833465
event_sum: 10.79765300010331
fraction: 0.9687437428387693
mean: 1386.7659003803624
nL: 3.058690168241358
nR: 4.49248841821434
norm: 10.194367169868201
sigma: 78.4
sigmaL: 94.35023290635652
sigmaR: 61.25468611012871
widthL: 94.35023290635652
widthR: 61.25468611012871
x0: 1386.7659003803624
