alphaL: 1.0735287371377997
alphaR: 1.4019791198044929
event_sum: 10.79765300010331
mean: 1386.3201427655183
nL: 2.9906278589959
nR: 4.4860939170899625
norm: 10.79765300010331
sigma: 78.4
sigmaL: 93.42244423133938
sigmaR: 61.57672384768346
widthL: 93.42244423133938
widthR: 61.57672384768346
x0: 1386.3201427655183
