alphaL: 0.9910270779784683
alphaR: 1.3939176837951264
event_sum: 0.12093418149062601
mean: 3149.521684064983
nL: 0.8758135914981787
nR: 2.886395030818368
norm: 0.12093418149062601
sigma: 179.20000000000002
sigmaL: 203.80695034709376
sigmaR: 116.854219078864
widthL: 203.80695034709376
widthR: 116.854219078864
x0: 3149.521684064983
