alphaL: 1.8033672844375652
alphaR: 0.821559088508679
event_sum: 0.11405274394463365
mean: 3193.388792000939
nL: 0.7494514614275294
nR: 1.813623392632015
norm: 0.11405274394463365
sigma: 179.20000000000002
sigmaL: 306.3628967784484
sigmaR: 76.81563909423107
widthL: 306.3628967784484
widthR: 76.81563909423107
x0: 3193.388792000939
