alphaL: 0.9695254400422185
alphaR: 1.6104197322002531
event_sum: 2.7990645748242273
fraction: 0.7810270459712582
mean: 3150.0
nL: 1.0356407089699677
nR: 1.2828073855112856
norm: 1.0841005235615286
sigma: 179.20000000000002
sigmaL: 235.47925258984796
sigmaR: 126.67345300935176
widthL: 235.47925258984796
widthR: 126.67345300935176
x0: 3150.0
