alphaL: 1.452875443338572
alphaR: 1.3852448302843798
event_sum: 0.054834777711021326
mean: 3209.1071825870063
nL: 0.1
nR: 1.9769704423307162
norm: 0.054834777711021326
sigma: 179.20000000000002
sigmaL: 278.710669227499
sigmaR: 79.80584494260748
widthL: 278.710669227499
widthR: 79.80584494260748
x0: 3209.1071825870063
