alphaL: 0.7100911276856965
alphaR: 1.3300980904803437
event_sum: 0.060542223266242465
mean: 3161.8267164653216
nL: 1.006795532558614
nR: 4.033727165060229
norm: 0.060542223266242465
sigma: 179.20000000000002
sigmaL: 168.2577792616465
sigmaR: 106.22202395388223
widthL: 168.2577792616465
widthR: 106.22202395388223
x0: 3161.8267164653216
