alphaL: 1.0072509744835279
alphaR: 1.3104075119413512
event_sum: 3.5157390350718294
fraction: 0.7033339529572086
mean: 3169.4755930440733
nL: 0.4574330902394583
nR: 2.844817758603495
norm: 0.5609345926740272
sigma: 179.20000000000002
sigmaL: 180.66342957279934
sigmaR: 104.1135720032363
widthL: 180.66342957279934
widthR: 104.1135720032363
x0: 3169.4755930440733
