alphaL: 1.187176107043485
alphaR: 2.1124399300845362
event_sum: 1.694684860005509
mean: 1797.6731755559965
nL: 4.284629526838947
nR: 2.0135937711651697
norm: 1.694684860005509
sigma: 95.27641933930106
sigmaL: 73.46069982423631
sigmaR: 45.351466170175804
widthL: 73.46069982423631
widthR: 45.351466170175804
x0: 1797.6731755559965
