alphaL: 1.4550493615674294
alphaR: 2.2676641595031697
event_sum: 19.950210605398752
mean: 1797.880165311059
nL: 3.9812726084170342
nR: 2.3448885900709997
norm: 19.950210605398752
sigma: 83.9925324217493
sigmaL: 76.40012077492175
sigmaR: 48.88861009888796
widthL: 76.40012077492175
widthR: 48.88861009888796
x0: 1797.880165311059
