alphaL: 1.200129657068065
alphaR: 1.9460813189716057
event_sum: 1.417804897588212
mean: 1799.3129121350958
nL: 4.487891471173349
nR: 2.6393331292222753
norm: 1.417804897588212
sigma: 95.27641933930106
sigmaL: 69.78512936533443
sigmaR: 48.692187387081766
widthL: 69.78512936533443
widthR: 48.692187387081766
x0: 1799.3129121350958
