alphaL: 1.0221699302278808
alphaR: 2.0337017172999134
event_sum: 1.4131514528417028
mean: 1794.844864229345
nL: 4.548423011777794
nR: 2.492310574471637
norm: 1.4131514528417028
sigma: 95.27641933930106
sigmaL: 61.06857705513132
sigmaR: 50.26591404277081
widthL: 61.06857705513132
widthR: 50.26591404277081
x0: 1794.844864229345
