alphaL: 1.2745081737200787
alphaR: 1.9360388370264345
event_sum: 1.7021636104909703
mean: 1799.688458974522
nL: 4.3227718982027765
nR: 2.4979508364248955
norm: 1.7021636104909703
sigma: 95.27641933930106
sigmaL: 76.23098340622408
sigmaR: 43.7185964781963
widthL: 76.23098340622408
widthR: 43.7185964781963
x0: 1799.688458974522
