alphaL: 1.3459932449765069
alphaR: 2.3654451915095716
event_sum: 17.898224988370202
fraction: 0.9986071852334913
mean: 1797.8489297156905
nL: 9.99930078919407
nR: 2.0394056098604865
norm: 17.889164431020617
sigma: 84.30751631781669
sigmaL: 80.59329917453255
sigmaR: 44.57966484810934
widthL: 80.59329917453255
widthR: 44.57966484810934
x0: 1797.8489297156905
