alphaL: 1.3425422283868755
alphaR: 2.04875683278823
event_sum: 1.6996706936624832
mean: 1799.9561702870812
nL: 3.9757496906258396
nR: 2.096820572572669
norm: 1.6996706936624832
sigma: 95.20077060807479
sigmaL: 77.1069908670031
sigmaR: 43.91351436611728
widthL: 77.1069908670031
widthR: 43.91351436611728
x0: 1799.9561702870812
