alphaL: 1.6613199244472807
alphaR: 2.4004360429136007
event_sum: 17.91127121367026
mean: 1801.0264868495856
nL: 3.977671217461224
nR: 1.7694663316277581
norm: 17.91127121367026
sigma: 83.9925324217493
sigmaL: 87.01265251783882
sigmaR: 42.78383771517247
widthL: 87.01265251783882
widthR: 42.78383771517247
x0: 1801.0264868495856
