alphaL: 1.6073870670925738
alphaR: 2.3653148008552627
event_sum: 17.91127121367026
mean: 1800.5056992884136
nL: 4.497688953051254
nR: 1.8614595821783222
norm: 17.91127121367026
sigma: 83.9925324217493
sigmaL: 85.85114071442496
sigmaR: 42.96536439054196
widthL: 85.85114071442496
widthR: 42.96536439054196
x0: 1800.5056992884136
