alphaL: 1.1008520189196407
alphaR: 2.022501101254318
event_sum: 17.053211856866255
fraction: 0.9975019000373497
mean: 1797.9538618105523
nL: 9.951187677750188
nR: 2.2483904935776016
norm: 17.03659241250716
sigma: 95.27641933930106
sigmaL: 72.33273222941128
sigmaR: 44.77373297216712
widthL: 72.33273222941128
widthR: 44.77373297216712
x0: 1797.9538618105523
