alphaL: 1.185132301957642
alphaR: 2.0861670386746507
event_sum: 1.417472508677747
mean: 1797.542089588881
nL: 3.9422319947815385
nR: 2.0694596433485155
norm: 1.417472508677747
sigma: 95.20077060807479
sigmaL: 67.15123247964551
sigmaR: 49.33863126279921
widthL: 67.15123247964551
widthR: 49.33863126279921
x0: 1797.542089588881
