alphaL: 1.2331295527690291
alphaR: 2.2156817240598534
event_sum: 19.99483795906417
fraction: 0.9990140193719796
mean: 1796.207682940271
nL: 9.92372887443312
nR: 2.8715735797518835
norm: 19.993025847594254
sigma: 84.30751631781669
sigmaL: 72.78789814486872
sigmaR: 49.97801992016117
widthL: 72.78789814486872
widthR: 49.97801992016117
x0: 1796.207682940271
