alphaL: 1.4426405232986144
alphaR: 1.9755805184394122
event_sum: 19.950210605398752
mean: 1798.6051612046522
nL: 4.458652827913164
nR: 4.364261047074158
norm: 19.950210605398752
sigma: 83.9925324217493
sigmaL: 77.25096188193861
sigmaR: 48.27518506426961
widthL: 77.25096188193861
widthR: 48.27518506426961
x0: 1798.6051612046522
