alphaL: 0.9552044273391093
alphaR: 2.0476575722424717
event_sum: 14.219596593640745
fraction: 0.9975946339455471
mean: 1795.6754605155397
nL: 9.997924103535627
nR: 2.3569447900085625
norm: 14.197991315973923
sigma: 95.27641933930106
sigmaL: 61.56316955601339
sigmaR: 50.10061693339036
widthL: 61.56316955601339
widthR: 50.10061693339036
x0: 1795.6754605155397
