alphaL: 0.7642964741478717
alphaR: 1.4243252570196547
event_sum: 10.219296336406842
mean: 1751.1150647331424
nL: 1.0206249249843689
nR: 4.495619930708161
norm: 10.219296336406842
sigma: 417.8523961272323
sigmaL: 140.95528818317365
sigmaR: 105.67293766338396
widthL: 140.95528818317365
widthR: 105.67293766338396
x0: 1751.1150647331424
