alphaL: 1.4293939992883666
alphaR: 1.9676499883292258
event_sum: 19.950210605398752
mean: 1798.6818072686854
nL: 4.45841032479174
nR: 4.35525596150094
norm: 19.950210605398752
sigma: 83.9925324217493
sigmaL: 76.74432069512706
sigmaR: 47.86816017879654
widthL: 76.74432069512706
widthR: 47.86816017879654
x0: 1798.6818072686854
