alphaL: 1.4324161908678734
alphaR: 2.354453259751871
event_sum: 17.817790428409353
mean: 1798.9055882781565
nL: 4.949414170450723
nR: 1.9940584926499083
norm: 17.817790428409353
sigma: 83.9925324217493
sigmaL: 81.65957449158019
sigmaR: 43.46054748207371
widthL: 81.65957449158019
widthR: 43.46054748207371
x0: 1798.9055882781565
