alphaL: 1.0626115761899642
alphaR: 1.3422083941153342
event_sum: 9.306888841092587
mean: 1764.3133058698227
nL: 1.0985529467298139
nR: 4.491338497286863
norm: 9.306888841092587
sigma: 417.8523961272323
sigmaL: 165.89347978813166
sigmaR: 97.7289688586968
widthL: 165.89347978813166
widthR: 97.7289688586968
x0: 1764.3133058698227
