alphaL: 1.2649573015690958
alphaR: 1.937309127327577
event_sum: 1.417804897588212
mean: 1801.4200609682714
nL: 4.332322286017391
nR: 2.410540658974722
norm: 1.417804897588212
sigma: 95.27641933930106
sigmaL: 73.0632158051725
sigmaR: 47.56792065201271
widthL: 73.0632158051725
widthR: 47.56792065201271
x0: 1801.4200609682714
