alphaL: 1.26326842399208
alphaR: 2.290065961731618
event_sum: 19.869076338945888
mean: 1796.561264936507
nL: 4.955014417572833
nR: 2.088350142311058
norm: 19.869076338945888
sigma: 83.9925324217493
sigmaL: 72.18325907308572
sigmaR: 49.33577885819201
widthL: 72.18325907308572
widthR: 49.33577885819201
x0: 1796.561264936507
