alphaL: 0.8322499954780959
alphaR: 2.3815412284917103
event_sum: 42.81608404533472
fraction: 0.9932913760854857
mean: 1795.990858759604
nL: 130.14267067381488
nR: 2.327801241711329
norm: 19.91148083144799
sigma: 84.97956489524194
sigmaL: 59.26154094073081
sigmaR: 51.2746204392257
widthL: 59.26154094073081
widthR: 51.2746204392257
x0: 1795.990858759604
