alphaL: 1.5884962074824753
alphaR: 2.1473378790583055
event_sum: 19.99483795906417
mean: 1799.8376017784117
nL: 4.499996437379734
nR: 3.0046941983864666
norm: 19.99483795906417
sigma: 84.30751631781669
sigmaL: 80.59471291418353
sigmaR: 48.22623446443334
widthL: 80.59471291418353
widthR: 48.22623446443334
x0: 1799.8376017784117
