alphaL: 1.6004654918828451
alphaR: 2.302624203608593
event_sum: 17.91127121367026
mean: 1800.702639106988
nL: 4.499192676769771
nR: 2.015251648234943
norm: 17.91127121367026
sigma: 83.9925324217493
sigmaL: 85.93313160715512
sigmaR: 42.74718873189698
widthL: 85.93313160715512
widthR: 42.74718873189698
x0: 1800.702639106988
