alphaL: 1.2758577327601845
alphaR: 1.9251717946483904
event_sum: 1.7021636104909703
mean: 1799.6330872385236
nL: 4.297995987777706
nR: 2.5248177761871133
norm: 1.7021636104909703
sigma: 95.27641933930106
sigmaL: 76.01407192869361
sigmaR: 43.680545545045476
widthL: 76.01407192869361
widthR: 43.680545545045476
x0: 1799.6330872385236
