alphaL: 1.7402679650755906
alphaR: 2.2797147537303637
event_sum: 17.898224988370202
mean: 1801.7377612444172
nL: 4.493401251370801
nR: 2.124968739729395
norm: 17.898224988370202
sigma: 84.30751631781669
sigmaL: 88.93511304387303
sigmaR: 42.61484162760618
widthL: 88.93511304387303
widthR: 42.61484162760618
x0: 1801.7377612444172
