alphaL: 0.7199554602697954
alphaR: 0.29895226058631663
event_sum: 0.06934603861908045
mean: 3261.3235607246247
nL: 0.1
nR: 2.3058614788876466
norm: 0.06934603861908045
sigma: 182.0
sigmaL: 187.64208213949433
sigmaR: 68.91261847671299
widthL: 187.64208213949433
widthR: 68.91261847671299
x0: 3261.3235607246247
