alphaL: 0.5575768850377311
alphaR: 1.880325652523348
event_sum: 3.845514849852006
fraction: 0.8395789404264206
mean: 3200.0
nL: 1.385828385163293
nR: 3.784344129185768
norm: 1.5996915256613413
sigma: 182.0
sigmaL: 117.50232541944835
sigmaR: 159.0796137854173
widthL: 117.50232541944835
widthR: 159.0796137854173
x0: 3200.0
