alphaL: 1.128357911119258
alphaR: 1.0049575812073965
event_sum: 4.692022963835676
fraction: 0.711986334708016
mean: 3200.0031467089434
nL: 0.4023652537229621
nR: 4.5
norm: 0.8320361116274622
sigma: 182.0
sigmaL: 199.60900435477504
sigmaR: 113.3232021029884
widthL: 199.60900435477504
widthR: 113.3232021029884
x0: 3200.0031467089434
