alphaL: 1.0669062040737591
alphaR: 1.5032380749189178
event_sum: 0.07791397641554584
mean: 3189.4250086966317
nL: 0.978360561161122
nR: 2.378425770411721
norm: 0.07791397641554584
sigma: 182.0
sigmaL: 192.58000210622112
sigmaR: 118.4119844087098
widthL: 192.58000210622112
widthR: 118.4119844087098
x0: 3189.4250086966317
