alphaL: 0.38963809636321844
alphaR: 1.8263740645688682
event_sum: 0.1442141182213099
mean: 3147.2043327142087
nL: 3.5639805958966617
nR: 3.4418633104502154
norm: 0.1442141182213099
sigma: 182.0
sigmaL: 111.51555906128662
sigmaR: 177.0407395334446
widthL: 111.51555906128662
widthR: 177.0407395334446
x0: 3147.2043327142087
