alphaL: 0.8635091303370995
alphaR: 1.1356887973445127
event_sum: 0.15140800610872573
mean: 3237.2164502975015
nL: 1.0181724149121694
nR: 3.046563123230567
norm: 0.15140800610872573
sigma: 182.0
sigmaL: 192.01228637193356
sigmaR: 93.60383633444403
widthL: 192.01228637193356
widthR: 93.60383633444403
x0: 3237.2164502975015
