alphaL: 0.9699050376792906
alphaR: 2.3551332945478123
event_sum: 34.38638244799708
mean: 1849.4755423724025
nL: 132.91074605450214
nR: 2.3376788682934726
norm_2016: 8.921753358809218
norm_2017: 11.520465419927076
norm_2018: 16.699133296257486
norm_Run2: 34.38638244799708
sigma: 86.95874860678325
sigmaL: 73.04405384551625
sigmaR: 46.60907078072168
widthL: 73.04405384551625
widthR: 46.60907078072168
x0: 1849.4755423724025
