alphaL: 1.5601101618184459
alphaR: 0.45706821997079483
event_sum: 2.218490542188727
mean: 2998.398758439991
nL: 4.792852114820803
nR: 4.258559565422545
norm: 2.218490542188727
sigma: 129.75142670680998
sigmaL: 150.25676893921369
sigmaR: 13.472326667182184
widthL: 150.25676893921369
widthR: 13.472326667182184
x0: 2998.398758439991
