alphaL: 1.1989176374271984
alphaR: 1.8703667029008069
event_sum: 1.4560384590070434
mean: 2955.001494115238
nL: 4.4223311752532215
nR: 4.070769223000227
norm: 1.4560384590070434
sigma: 129.75142670680998
sigmaL: 108.06285940971937
sigmaR: 68.25894905356382
widthL: 108.06285940971937
widthR: 68.25894905356382
x0: 2955.001494115238
