alphaL: 1.1641696257276266
alphaR: 1.887620089732361
event_sum: 0.7551456669376105
mean: 2948.650114500931
nL: 4.61613388107862
nR: 2.1370827073970307
norm: 0.7551456669376105
sigma: 208.92081751783
sigmaL: 103.72455443747165
sigmaR: 79.8059832562645
widthL: 103.72455443747165
widthR: 79.8059832562645
x0: 2948.650114500931
