alphaL: 1.0296934483737537
alphaR: 2.337578339016882
event_sum: 1.5504560513599785
mean: 2950.772003411118
nL: 4.831444964976509
nR: 1.2743101609035117
norm: 1.5504560513599785
sigma: 208.92081751783
sigmaL: 97.47892486039069
sigmaR: 73.23381220514813
widthL: 97.47892486039069
widthR: 73.23381220514813
x0: 2950.772003411118
