alphaL: 2.678382465306343
alphaR: 2.219407463271414
event_sum: 1.4661943116752794
fraction: 0.9998959715784453
mean: 2986.7448715485593
nL: 9.139193338338341
nR: 1.1354868973704628
norm: 1.4658007310161223
sigma: 129.66832544571648
sigmaL: 164.72212638525633
sigmaR: 53.89720252858716
widthL: 164.72212638525633
widthR: 53.89720252858716
x0: 2986.7448715485593
