alphaL: 1.358889135261495
alphaR: 2.2406130113798333
event_sum: 2.226826386382842
mean: 2956.975667058354
nL: 4.483423283107493
nR: 2.4989245099022916
norm: 2.226826386382842
sigma: 129.75142670680998
sigmaL: 119.86524696711382
sigmaR: 65.33188216185367
widthL: 119.86524696711382
widthR: 65.33188216185367
x0: 2956.975667058354
