alphaL: 0.9569920848421588
alphaR: 2.224315124134474
event_sum: 15.553682674930569
fraction: 0.9988083426069215
mean: 2949.558265795499
nL: 9.985907417707244
nR: 1.5665807309207145
norm: 15.517694311725254
sigma: 207.37148648968966
sigmaL: 99.2543277392573
sigmaR: 72.98486898886088
widthL: 99.2543277392573
widthR: 72.98486898886088
x0: 2949.558265795499
