alphaL: 1.1935760397168802
alphaR: 2.164258138180005
event_sum: 2.2304050944698166
fraction: 0.9993136604583551
mean: 2955.3768314043114
nL: 10.0
nR: 3.164655588095217
norm: 2.2298857531469114
sigma: 129.66832544571648
sigmaL: 114.9235080457826
sigmaR: 65.9500939089872
widthL: 114.9235080457826
widthR: 65.9500939089872
x0: 2955.3768314043114
