alphaL: 1.4494226034600988
alphaR: 1.695104809275931
event_sum: 1.4629733458190983
mean: 2962.2455841389274
nL: 3.8591668638387397
nR: 3.9872013033872733
norm: 1.4629733458190983
sigma: 129.75142670680998
sigmaL: 122.06550590442217
sigmaR: 61.251798194972054
widthL: 122.06550590442217
widthR: 61.251798194972054
x0: 2962.2455841389274
