alphaL: 1.3193800178086432
alphaR: 1.7000106561658308
event_sum: 0.7560035507393554
mean: 2956.1852925380913
nL: 4.292978200162423
nR: 2.6926078608768833
norm: 0.7560035507393554
sigma: 208.92081751783
sigmaL: 115.19606576582783
sigmaR: 73.87887481537209
widthL: 115.19606576582783
widthR: 73.87887481537209
x0: 2956.1852925380913
