alphaL: 1.2016127260578664
alphaR: 1.2494962883675973
event_sum: 7.6396205851772025
fraction: 0.9988592944001873
mean: 2966.9921291044334
nL: 8.896165487343435
nR: 4.26067208199384
norm: 7.56095847232232
sigma: 207.37148648968966
sigmaL: 122.1537923536521
sigmaR: 61.38668592853385
widthL: 122.1537923536521
widthR: 61.38668592853385
x0: 2966.9921291044334
