alphaL: 1.457370474975363
alphaR: 1.8948616615811786
event_sum: 1.5517949066578223
mean: 2963.6723388112578
nL: 4.447249052075722
nR: 2.1666864412190496
norm: 1.5517949066578223
sigma: 208.92081751783
sigmaL: 129.47664055506976
sigmaR: 64.32811213654297
widthL: 129.47664055506976
widthR: 64.32811213654297
x0: 2963.6723388112578
