alphaL: 1.318124337044571
alphaR: 1.2743088889289202
event_sum: 0.6709389729294344
mean: 1799.700706238672
nL: 1.3440781522373155
nR: 3.140767063833872
norm: 0.6709389729294344
sigma: 100.8
sigmaL: 128.79837580213436
sigmaR: 64.15659508481583
widthL: 128.79837580213436
widthR: 64.15659508481583
x0: 1799.700706238672
