alphaL: 0.8042038903976698
alphaR: 1.3138340782028086
event_sum: 0.6013447535151499
mean: 1802.090851650903
nL: 2.702662547130009
nR: 3.1233242875137646
norm: 0.6013447535151499
sigma: 100.8
sigmaL: 111.28349137727952
sigmaR: 65.86255997497673
widthL: 111.28349137727952
widthR: 65.86255997497673
x0: 1802.090851650903
