alphaL: 1.0864067989714679
alphaR: 1.4677093980759661
event_sum: 7.78671736526303
mean: 1787.6474426381
nL: 1.856609605051205
nR: 3.310460191814621
norm: 7.78671736526303
sigma: 100.8
sigmaL: 115.72965485180436
sigmaR: 76.20405899688605
widthL: 115.72965485180436
widthR: 76.20405899688605
x0: 1787.6474426381
