alphaL: 1.114922781113948
alphaR: 1.5553027444745646
event_sum: 0.6488163071553572
mean: 1791.6935242162726
nL: 2.034551535260758
nR: 2.20355691294534
norm: 0.6488163071553572
sigma: 100.8
sigmaL: 123.53551350873767
sigmaR: 75.17467781863913
widthL: 123.53551350873767
widthR: 75.17467781863913
x0: 1791.6935242162726
