alphaL: 1.1932006624282505
alphaR: 1.490033650824955
event_sum: 7.78671736526303
fraction: 0.9332457181347862
mean: 1786.4937606806789
nL: 1.5223634370795545
nR: 3.3528650115995147
norm: 6.883375190896913
sigma: 100.8
sigmaL: 118.58028643978695
sigmaR: 77.69200214560081
widthL: 118.58028643978695
widthR: 77.69200214560081
x0: 1786.4937606806789
