alphaL: 1.0360599184106334
alphaR: 1.4799477510261763
event_sum: 0.5278329787033726
mean: 1800.3903546266833
nL: 0.8392559554823242
nR: 1.796981462288463
norm: 0.5278329787033726
sigma: 96.15619542560758
sigmaL: 115.72780867587504
sigmaR: 70.8950952465444
widthL: 115.72780867587504
widthR: 70.8950952465444
x0: 1800.3903546266833
