alphaL: 0.958887639266439
alphaR: 1.5570068045841663
event_sum: 0.5735761990799801
mean: 1799.8487849855703
nL: 1.3238928784321289
nR: 1.8511424867008706
norm: 0.5735761990799801
sigma: 100.8
sigmaL: 110.73579673664734
sigmaR: 69.10648365817424
widthL: 110.73579673664734
widthR: 69.10648365817424
x0: 1799.8487849855703
