alphaL: 0.8625244113180197
alphaR: 1.3000170278475103
event_sum: 0.6013447535151499
mean: 1800.6171427740258
nL: 1.8002394310386953
nR: 3.0398202074392935
norm: 0.6013447535151499
sigma: 100.8
sigmaL: 109.04497771863522
sigmaR: 68.16443561053592
widthL: 109.04497771863522
widthR: 68.16443561053592
x0: 1800.6171427740258
