alphaL: 1.2122082146771307
alphaR: 1.432166178385063
event_sum: 0.6709389729294344
mean: 1793.9267845881802
nL: 1.806481532002015
nR: 2.9130984538281317
norm: 0.6709389729294344
sigma: 100.8
sigmaL: 123.53856127760808
sigmaR: 71.60145113725083
widthL: 123.53856127760808
widthR: 71.60145113725083
x0: 1793.9267845881802
