alphaL: 1.1246620284419204
alphaR: 1.6641642412814288
event_sum: 0.6024969756908831
mean: 1790.2906773509217
nL: 1.6887920164380805
nR: 2.0695188344092093
norm: 0.6024969756908831
sigma: 96.15619542560758
sigmaL: 120.57371132440161
sigmaR: 77.41318054565672
widthL: 120.57371132440161
widthR: 77.41318054565672
x0: 1790.2906773509217
