alphaL: 0.9678994843599523
alphaR: 1.4356113320971893
event_sum: 8.003335131565109
fraction: 0.902477974837203
mean: 1792.060618449405
nL: 1.3724142135335942
nR: 3.216702660749199
norm: 6.23697855847422
sigma: 100.8
sigmaL: 110.07090077234122
sigmaR: 76.38506406404015
widthL: 110.07090077234122
widthR: 76.38506406404015
x0: 1792.060618449405
