alphaL: 0.8049701717625332
alphaR: 1.5218446841616795
event_sum: 8.003335131565109
mean: 1785.904726953821
nL: 1.5487986157585827
nR: 3.1071260046788995
norm: 8.003335131565109
sigma: 100.8
sigmaL: 92.13857203861845
sigmaR: 81.28835214705643
widthL: 92.13857203861845
widthR: 81.28835214705643
x0: 1785.904726953821
