alphaL: 1.7239964490225854
alphaR: 1.9915739068895886
event_sum: 31.30098840361461
mean: 1416.5690747192305
nL: 4.482183633942846
nR: 4.0627828419883665
norm: 31.30098840361461
sigma: 66.781670757903
sigmaL: 70.9704276166161
sigmaR: 35.79609971189328
widthL: 70.9704276166161
widthR: 35.79609971189328
x0: 1416.5690747192305
