alphaL: 0.5054076471831456
alphaR: 1.371997865337855
event_sum: 8.588663989445195
mean: 1381.8223394152544
nL: 1.982089650360392
nR: 4.351822548435257
norm: 8.588663989445195
sigma: 254.91162302737285
sigmaL: 80.03010494366521
sigmaR: 81.01773015331605
widthL: 80.03010494366521
widthR: 81.01773015331605
x0: 1381.8223394152544
