alphaL: 1.3247804621580368
alphaR: 2.262794262056071
event_sum: 0.935143517825054
mean: 1405.270732979155
nL: 3.8635712074513746
nR: 4.152533954488166
norm: 0.935143517825054
sigma: 73.11364077905974
sigmaL: 59.149531516965084
sigmaR: 39.38071565511734
widthL: 59.149531516965084
widthR: 39.38071565511734
x0: 1405.270732979155
