alphaL: 1.7466783041009073
alphaR: 2.437787741534464
event_sum: 19.38129846123047
mean: 1415.2019204891044
nL: 3.977581027555857
nR: 2.257780504151668
norm: 19.38129846123047
sigma: 66.81240056267048
sigmaL: 73.05070656604326
sigmaR: 33.581925827775514
widthL: 73.05070656604326
widthR: 33.581925827775514
x0: 1415.2019204891044
