alphaL: 1.5875318899880775
alphaR: 2.623433159009726
event_sum: 19.29963927087374
mean: 1413.9466182415624
nL: 4.94322687751454
nR: 1.5116207180095593
norm: 19.29963927087374
sigma: 66.81240056267048
sigmaL: 70.6590053968663
sigmaR: 34.30938067169292
widthL: 70.6590053968663
widthR: 34.30938067169292
x0: 1413.9466182415624
