alphaL: 1.4103237360122076
alphaR: 2.0455753914823966
event_sum: 1.1040592887875391
mean: 1414.8214115341143
nL: 3.014799782096597
nR: 2.0829053175647188
norm: 1.1040592887875391
sigma: 73.11364077905974
sigmaL: 65.2380502677372
sigmaR: 39.54028215640351
widthL: 65.2380502677372
widthR: 39.54028215640351
x0: 1414.8214115341143
