alphaL: 1.6292353984885504
alphaR: 2.2727366939695144
event_sum: 31.270366207230836
mean: 1414.9342908767023
nL: 3.9999998154117207
nR: 2.4297792135482092
norm: 31.270366207230836
sigma: 66.81240056267048
sigmaL: 68.55944716725595
sigmaR: 36.9930358439087
widthL: 68.55944716725595
widthR: 36.9930358439087
x0: 1414.9342908767023
