alphaL: 0.960533229352654
alphaR: 2.2531433304693365
event_sum: 30.00895074743312
fraction: 0.9934240085629037
mean: 1401.3192613648573
nL: 62.380556955305224
nR: 2.261982421368804
norm: 9.32839061692357
sigma: 72.74967816520562
sigmaL: 56.176072044348366
sigmaR: 37.58282505865502
widthL: 56.176072044348366
widthR: 37.58282505865502
x0: 1401.3192613648573
