alphaL: 1.3296440562925118
alphaR: 2.2592936383325957
event_sum: 0.935143517825054
mean: 1405.3958017641535
nL: 3.868574711412345
nR: 4.150192448195018
norm: 0.935143517825054
sigma: 73.11364077905974
sigmaL: 59.20206477095093
sigmaR: 39.26581898813784
widthL: 59.20206477095093
widthR: 39.26581898813784
x0: 1405.3958017641535
