alphaL: 1.8563893509084133
alphaR: 2.303409683091248
event_sum: 19.40681695821695
mean: 1416.4632190297518
nL: 4.499993468154228
nR: 2.9253963329441444
norm: 19.40681695821695
sigma: 66.781670757903
sigmaL: 75.09479435793827
sigmaR: 32.89621132920746
widthL: 75.09479435793827
widthR: 32.89621132920746
x0: 1416.4632190297518
