alphaL: 1.393749897855875
alphaR: 1.9661950869265663
event_sum: 1.1074007330971654
mean: 1414.136963158921
nL: 4.467424852510989
nR: 2.54847282570784
norm: 1.1074007330971654
sigma: 73.11364077905974
sigmaL: 65.33572074890226
sigmaR: 39.88794029740272
widthL: 65.33572074890226
widthR: 39.88794029740272
x0: 1414.136963158921
