alphaL: 1.414724401688263
alphaR: 2.3548578396973285
event_sum: 0.935143517825054
mean: 1408.0773419641143
nL: 3.62991313589224
nR: 1.8606536502260516
norm: 0.935143517825054
sigma: 73.08145300759077
sigmaL: 62.77364728381751
sigmaR: 37.38736276286871
widthL: 62.77364728381751
widthR: 37.38736276286871
x0: 1408.0773419641143
