alphaL: 1.4695353476028885
alphaR: 1.885350738303145
event_sum: 1.1074007330971654
mean: 1415.6937226316336
nL: 3.3141806433406646
nR: 2.624413031766203
norm: 1.1074007330971654
sigma: 73.08145300759077
sigmaL: 67.54452273813223
sigmaR: 38.755075727808986
widthL: 67.54452273813223
widthR: 38.755075727808986
x0: 1415.6937226316336
