alphaL: 1.2442429479242127
alphaR: 2.0407559299152047
event_sum: 11.099356078659184
fraction: 0.997094383562569
mean: 1413.5597565715516
nL: 9.746631787504517
nR: 2.187599485830935
norm: 11.090138301369734
sigma: 73.11364077905974
sigmaL: 64.0906144392169
sigmaR: 40.15035678164422
widthL: 64.0906144392169
widthR: 40.15035678164422
x0: 1413.5597565715516
