alphaL: 1.3957941202599418
alphaR: 2.194919650450983
event_sum: 31.155532970791683
mean: 1412.9362878291533
nL: 4.882650069550388
nR: 3.549119417879228
norm: 31.155532970791683
sigma: 66.81240056267048
sigmaL: 64.29002520369221
sigmaR: 37.88797138456396
widthL: 64.29002520369221
widthR: 37.88797138456396
x0: 1412.9362878291533
