alphaL: 1.7099882386186533
alphaR: 2.207771869405409
event_sum: 19.38129846123047
mean: 1414.2782426669503
nL: 4.292280527026844
nR: 4.222103088257686
norm: 19.38129846123047
sigma: 66.81240056267048
sigmaL: 72.31724812071938
sigmaR: 34.003714349646884
widthL: 72.31724812071938
widthR: 34.003714349646884
x0: 1414.2782426669503
