alphaL: 1.219031098788948
alphaR: 2.371996173608934
event_sum: 0.9321477401681477
mean: 1405.701472434986
nL: 3.8113922622395817
nR: 1.997959771046818
norm: 0.9321477401681477
sigma: 73.11364077905974
sigmaL: 56.867784000528495
sigmaR: 38.38870322160106
widthL: 56.867784000528495
widthR: 38.38870322160106
x0: 1405.701472434986
