alphaL: 1.4141895789749641
alphaR: 1.8048151454423575
event_sum: 1.1074007330971654
mean: 1415.710519821869
nL: 4.494914838030034
nR: 3.3602868775561627
norm: 1.1074007330971654
sigma: 73.11364077905974
sigmaL: 66.80819004816505
sigmaR: 38.38602353844484
widthL: 66.80819004816505
widthR: 38.38602353844484
x0: 1415.710519821869
