alphaL: 1.74682970597309
alphaR: 2.128346112845961
event_sum: 19.38129846123047
mean: 1416.0311437453922
nL: 4.307101956219529
nR: 4.213017206013324
norm: 19.38129846123047
sigma: 66.81240056267048
sigmaL: 73.57320845845038
sigmaR: 32.9531480903528
widthL: 73.57320845845038
widthR: 32.9531480903528
x0: 1416.0311437453922
