alphaL: 1.5728017876662106
alphaR: 2.245915213203883
event_sum: 31.270366207230836
mean: 1414.3060279656534
nL: 4.499999982767302
nR: 2.6897794340541425
norm: 31.270366207230836
sigma: 66.81240056267048
sigmaL: 67.70649175900186
sigmaR: 37.296210988636666
widthL: 67.70649175900186
widthR: 37.296210988636666
x0: 1414.3060279656534
