alphaL: 1.5420304085484842
alphaR: 2.303662241226393
event_sum: 19.40681695821695
fraction: 0.99932183367646
mean: 1414.8128737005816
nL: 9.997544024610088
nR: 2.9063466258151864
norm: 19.401713258819655
sigma: 66.781670757903
sigmaL: 71.54637747462115
sigmaR: 33.67309807791426
widthL: 71.54637747462115
widthR: 33.67309807791426
x0: 1414.8128737005816
