alphaL: 1.3731445277667267
alphaR: 2.157011151054283
event_sum: 31.30098840361461
fraction: 0.9992342490983935
mean: 1413.1446795992879
nL: 9.998744679312846
nR: 3.4366860387750364
norm: 31.30098840361461
sigma: 66.781670757903
sigmaL: 65.1195146215253
sigmaR: 37.80353720095865
widthL: 65.1195146215253
widthR: 37.80353720095865
x0: 1413.1446795992879
