alphaL: 1.1671742084853174
alphaR: 1.0625608372080872
event_sum: 6.519272987963632
mean: 1396.6232595391812
nL: 1.2124067424652196
nR: 4.189693082926826
norm: 6.519272987963632
sigma: 254.91162302737285
sigmaL: 134.44617746233172
sigmaR: 60.47023880694311
widthL: 134.44617746233172
widthR: 60.47023880694311
x0: 1396.6232595391812
