alphaL: 1.1756450301073051
alphaR: 2.242248290763579
event_sum: 9.366413948242553
fraction: 0.9981399447111554
mean: 1407.1131203968105
nL: 9.911668416843794
nR: 2.2049638689718645
norm: 9.360652837436646
sigma: 73.11364077905974
sigmaL: 58.88322999097032
sigmaR: 37.57778448026601
widthL: 58.88322999097032
widthR: 37.57778448026601
x0: 1407.1131203968105
