alphaL: 1.584325586637704
alphaR: 2.214752254034352
event_sum: 31.270366207230836
mean: 1414.6567872537028
nL: 4.497849475505206
nR: 2.810280137556313
norm: 31.270366207230836
sigma: 66.81240056267048
sigmaL: 68.12666674663255
sigmaR: 37.109811168734595
widthL: 68.12666674663255
widthR: 37.109811168734595
x0: 1414.6567872537028
