alphaL: 1.3145422038557986
alphaR: 1.6855933884290784
event_sum: 2.833763698649809
mean: 2506.599206711091
nL: 4.44541941701517
nR: 2.7627762122362123
norm: 2.833763698649809
sigma: 148.34461433648022
sigmaL: 104.56403293833353
sigmaR: 60.1554074571029
widthL: 104.56403293833353
widthR: 60.1554074571029
x0: 2506.599206711091
