alphaL: 1.343946946496683
alphaR: 1.9603893209804437
event_sum: 4.743799919176265
mean: 2505.3415641856272
nL: 4.5004887639053655
nR: 1.9453408579576184
norm: 4.743799919176265
sigma: 148.34461433648022
sigmaL: 107.3273191931711
sigmaR: 56.02219264029826
widthL: 107.3273191931711
widthR: 56.02219264029826
x0: 2505.3415641856272
