alphaL: 1.0082675094280966
alphaR: 1.7986015174246353
event_sum: 27.4059089811134
fraction: 0.9977625132557377
mean: 2500.6702973294896
nL: 9.998649166221764
nR: 2.6005895502767657
norm: 27.290058468020675
sigma: 148.37793309706714
sigmaL: 90.8416929384071
sigmaR: 63.4821154782079
widthL: 90.8416929384071
widthR: 63.4821154782079
x0: 2500.6702973294896
