alphaL: 1.1436492471075708
alphaR: 2.0733215200802846
event_sum: 11.8581359727794
mean: 2495.2306296156003
nL: 4.862422399575307
nR: 3.0878777683101255
norm: 11.8581359727794
sigma: 114.06940554117531
sigmaL: 90.07051332794488
sigmaR: 63.048651758164596
widthL: 90.07051332794488
widthR: 63.048651758164596
x0: 2495.2306296156003
