alphaL: 1.0917069686323488
alphaR: 1.9695419114584403
event_sum: 10.834109880148706
fraction: 0.9990939977402783
mean: 2494.7193841971543
nL: 9.903272432484222
nR: 3.832169013988856
norm: 10.830003534213505
sigma: 114.01664875249382
sigmaL: 89.67675489408416
sigmaR: 63.07815944151999
widthL: 89.67675489408416
widthR: 63.07815944151999
x0: 2494.7193841971543
