alphaL: 1.3506244747802951
alphaR: 1.8400637435880662
event_sum: 11.906755279232284
mean: 2500.6043389223587
nL: 4.499708156210936
nR: 4.1748302253872955
norm: 11.906755279232284
sigma: 114.06940554117531
sigmaL: 100.23480821720632
sigmaR: 59.0896428868746
widthL: 100.23480821720632
widthR: 59.0896428868746
x0: 2500.6043389223587
