alphaL: 0.4865194091204424
alphaR: 2.37394428205264
event_sum: 15.086852866543795
mean: 2478.0088615045483
nL: 5.0
nR: 2.5417410348194345
norm: 15.086852866543795
sigma: 114.06940554117531
sigmaL: 42.264444868919085
sigmaR: 66.82048575171932
widthL: 42.264444868919085
widthR: 66.82048575171932
x0: 2478.0088615045483
