alphaL: 1.1569398574443397
alphaR: 2.0241223530635772
event_sum: 4.732482425283142
mean: 2500.610544078601
nL: 4.784850042691309
nR: 1.8701062711071856
norm: 4.732482425283142
sigma: 148.34461433648022
sigmaL: 97.79060547880248
sigmaR: 58.507807901220026
widthL: 97.79060547880248
widthR: 58.507807901220026
x0: 2500.610544078601
