alphaL: 1.2050516159275204
alphaR: 2.0682594441700455
event_sum: 13.765020275737212
fraction: 0.9989726272064191
mean: 2499.578950978303
nL: 9.962982233052985
nR: 3.0374176248780573
norm: 13.762921099345945
sigma: 114.01664875249382
sigmaL: 101.90801381654687
sigmaR: 56.37536650751665
widthL: 101.90801381654687
widthR: 56.37536650751665
x0: 2499.578950978303
