alphaL: 1.0736901524057063
alphaR: 2.155254976575291
event_sum: 2.825936616962872
mean: 2495.3000607558533
nL: 4.936973606966685
nR: 1.9242969458023214
norm: 2.825936616962872
sigma: 148.34461433648022
sigmaL: 89.29058459624092
sigmaR: 72.77852233789424
widthL: 89.29058459624092
widthR: 72.77852233789424
x0: 2495.3000607558533
