alphaL: 1.3914561632681306
alphaR: 2.059957379500804
event_sum: 15.15818968119188
mean: 2501.4508719318333
nL: 4.499867242662034
nR: 2.9904425441224505
norm: 15.15818968119188
sigma: 114.06940554117531
sigmaL: 107.20691447624552
sigmaR: 55.16832268147391
widthL: 107.20691447624552
widthR: 55.16832268147391
x0: 2501.4508719318333
