alphaL: 1.0498280826331017
alphaR: 2.0256005698198205
event_sum: 45.66995618355221
fraction: 0.9971985784578932
mean: 2501.0086037892916
nL: 9.999390413636863
nR: 1.8642078236672142
norm: 45.59670006420662
sigma: 148.37793309706714
sigmaL: 95.76554496091191
sigmaR: 58.436957464905085
widthL: 95.76554496091191
widthR: 58.436957464905085
x0: 2501.0086037892916
