alphaL: 0.8781430826637766
alphaR: 2.0868020468650954
event_sum: 10.79351045202068
mean: 2493.128601289619
nL: 38.3646141982
nR: 3.2818714051337445
norm_2016: 3.0392933303316676
norm_2017: 3.5928705733660653
norm_2018: 5.066052371308233
norm_Run2: 10.79351045202068
sigma: 113.83591492160068
sigmaL: 82.25579872133025
sigmaR: 64.28858010461501
widthL: 82.25579872133025
widthR: 64.28858010461501
x0: 2493.128601289619
