alphaL: 0.8781430826637766
alphaR: 2.0868020468650954
event_sum: 10.79351045202068
mean: 2493.128601289619
nL: 38.3646141982
nR: 3.2818714051337445
norm_2016: 10.79351045202068
norm_2017: 10.79351045202068
norm_2018: 10.79351045202068
norm_Run2: 10.79351045202068
sigma: 113.83591492160068
sigmaL: 82.25579872133025
sigmaR: 64.28858010461501
widthL: 82.25579872133025
widthR: 64.28858010461501
x0: 2493.128601289619
