alphaL: 0.8609059398518579
alphaR: 2.256486182584788
event_sum: 13.716233887954408
mean: 2494.2492785169948
nL: 89.76723695555006
nR: 2.495388104894194
norm_2016: 3.5841114078337637
norm_2017: 4.646227597455662
norm_2018: 6.690292081609985
norm_Run2: 14.920631086899412
sigma: 113.83591492160068
sigmaL: 85.80599341614109
sigmaR: 59.44925378400771
widthL: 85.80599341614109
widthR: 59.44925378400771
x0: 2494.2492785169948
