alphaL: 0.7617173255578366
alphaR: 1.8788625400006733
event_sum: 27.09464834852738
mean: 2497.4059444188692
nL: 30.039657496496908
nR: 2.3962622037396235
norm_2016: 27.09464834852738
norm_2017: 27.09464834852738
norm_2018: 27.09464834852738
norm_Run2: 27.09464834852738
sigma: 148.85952156132475
sigmaL: 77.77469377281761
sigmaR: 65.47387212805609
widthL: 77.77469377281761
widthR: 65.47387212805609
x0: 2497.4059444188692
