alphaL: 1.0862130150759888
alphaR: 1.3077835476682016
event_sum: 5.774945188038174
mean: 2439.6372694563015
nL: 0.13734472403293063
nR: 4.977401918307573
norm_2016: 1.4227021630777639
norm_2017: 1.873349988384444
norm_2018: 2.5414807256758065
norm_Run2: 5.837532877138014
sigma: 250.0
sigmaL: 255.3704124020914
sigmaR: 131.6210320089383
widthL: 255.3704124020914
widthR: 131.6210320089383
x0: 2439.6372694563015
