alphaL: 0.7617173255578366
alphaR: 1.8788625400006733
event_sum: 27.09464834852738
mean: 2497.4059444188692
nL: 30.039657496496908
nR: 2.3962622037396235
norm_2016: 7.312477047118833
norm_2017: 8.529611524638543
norm_2018: 11.973277838574827
norm_Run2: 27.815366410332203
sigma: 148.85952156132475
sigmaL: 77.77469377281761
sigmaR: 65.47387212805609
widthL: 77.77469377281761
widthR: 65.47387212805609
x0: 2497.4059444188692
