alphaL: 0.6133812251582711
alphaR: 1.561863783724565
event_sum: 8.017734615835046
mean: 2443.501314061454
nL: 1.1125165128479613
nR: 4.469630366218643
norm_2016: 2.1252095742623234
norm_2017: 2.5109222389114674
norm_2018: 3.4904173109356464
norm_Run2: 8.017734615835046
sigma: 140.0
sigmaL: 86.87404501869108
sigmaR: 119.75150966607858
widthL: 86.87404501869108
widthR: 119.75150966607858
x0: 2443.501314061454
