alphaL: 0.6459004289587128
alphaR: 1.4749096521028475
event_sum: 8.017734615835046
mean: 2450.9862219408615
nL: 1.159545298647678
nR: 4.989099162364328
norm_2016: 2.1252095742623234
norm_2017: 2.5109222389114674
norm_2018: 3.4904173109356464
norm_Run2: 8.017734615835046
sigma: 140.0
sigmaL: 96.2863942719685
sigmaR: 113.5597443461219
widthL: 96.2863942719685
widthR: 113.5597443461219
x0: 2450.9862219408615
