alphaL: 0.8621331197515166
alphaR: 1.4631816402053774
event_sum: 12.61952941110053
mean: 2453.0417465625214
nL: 1.5302818249752135
nR: 4.706905627640483
norm_2016: 2.9509340334388323
norm_2017: 3.9749545707232565
norm_2018: 5.9021849555293455
norm_Run2: 12.61952941110053
sigma: 140.0
sigmaL: 129.5566393532384
sigmaR: 112.28639787203201
widthL: 129.5566393532384
widthR: 112.28639787203201
x0: 2453.0417465625214
