alphaL: 1.1682728279039056
alphaR: 1.181273422756077
event_sum: 8.634743614347531
mean: 2451.8216622925033
nL: 0.3045291577857971
nR: 7.22371924656379
norm_2016: 8.634743614347531
norm_2017: 8.634743614347531
norm_2018: 8.634743614347531
norm_Run2: 8.634743614347531
sigma: 250.0
sigmaL: 267.75226286113764
sigmaR: 124.9021292955651
widthL: 267.75226286113764
widthR: 124.9021292955651
x0: 2451.8216622925033
