alphaL: 0.7408251401739565
alphaR: 2.078475387020302
event_sum: 45.26264722040802
mean: 2496.509813139359
nL: 71.1266926323819
nR: 1.8469124171015303
norm_2016: 11.078083970105006
norm_2017: 14.465796997266791
norm_2018: 21.054740780347984
norm_Run2: 45.26264722040802
sigma: 148.85952156132475
sigmaL: 78.85574460625759
sigmaR: 60.830843889244875
widthL: 78.85574460625759
widthR: 60.830843889244875
x0: 2496.509813139359
