alphaL: 1.1682728279039056
alphaR: 1.181273422756077
event_sum: 8.634743614347531
mean: 2451.8216622925033
nL: 0.3045291577857971
nR: 7.22371924656379
norm_2016: 1.8947134320118963
norm_2017: 2.849740165437768
norm_2018: 4.013500276807317
norm_Run2: 8.757953874256982
sigma: 250.0
sigmaL: 267.75226286113764
sigmaR: 124.9021292955651
widthL: 267.75226286113764
widthR: 124.9021292955651
x0: 2451.8216622925033
