alphaL: 0.8199581928653934
alphaR: 1.4832239193108876
event_sum: 12.61952941110053
mean: 2449.2814914448422
nL: 1.6245717375754194
nR: 4.671126516024216
norm_2016: 2.9509340334388323
norm_2017: 3.9749545707232565
norm_2018: 5.9021849555293455
norm_Run2: 12.61952941110053
sigma: 140.0
sigmaL: 121.75579295274053
sigmaR: 114.39026745433853
widthL: 121.75579295274053
widthR: 114.39026745433853
x0: 2449.2814914448422
