alphaL: 0.850108099726812
alphaR: 2.378676743147662
event_sum: 51.81328571786435
mean: 1696.2970422805447
nL: 134.1571190374529
nR: 2.2406220542738007
norm_2016: 14.57915508385751
norm_2017: 17.10797280871849
norm_2018: 23.977853806571385
norm_Run2: 51.81328571786435
sigma: 80.52474323150173
sigmaL: 57.28693381473491
sigmaR: 49.39743066042675
widthL: 57.28693381473491
widthR: 49.39743066042675
x0: 1696.2970422805447
