alphaL: 0.8618220742059342
alphaR: 1.9478109658429967
event_sum: 32.80957187683077
mean: 1701.2121013235173
nL: 16.519846146558184
nR: 2.467178410039614
norm_2016: 9.095599603252893
norm_2017: 10.289233030850173
norm_2018: 14.212939633970766
norm_Run2: 32.80957187683077
sigma: 90.00591856397037
sigmaL: 58.20447191332221
sigmaR: 47.487693967287015
widthL: 58.20447191332221
widthR: 47.487693967287015
x0: 1701.2121013235173
