alphaL: 1.056398140444048
alphaR: 1.276433201979646
event_sum: 18.194281910909016
mean: 1660.8809361207846
nL: 0.4515016660175232
nR: 7.879713251647122
norm_2016: 4.911484101807644
norm_2017: 5.652810185810565
norm_2018: 7.916544826766059
norm_Run2: 18.194281910909016
sigma: 170.0
sigmaL: 150.55983687117
sigmaR: 97.49718463559756
widthL: 150.55983687117
widthR: 97.49718463559756
x0: 1660.8809361207846
