alphaL: 0.5228795060476666
alphaR: 1.0416904838250036
event_sum: 0.5427037918058265
mean: 3073.93788077327
nL: 0.9985690109061204
nR: 2.6517261271544847
norm: 0.5427037918058265
sigma: 305.0
sigmaL: 463.449608072274
sigmaR: 78.19985394492737
widthL: 463.449608072274
widthR: 78.19985394492737
x0: 3073.93788077327
