alphaL: 0.7994283243481768
alphaR: 0.31294005144268344
event_sum: 0.2763475941926321
mean: 3091.712685127062
nL: 0.1
nR: 2.4568563806777957
norm: 0.2763475941926321
sigma: 305.0
sigmaL: 296.67704783875797
sigmaR: 22.212871534971256
widthL: 296.67704783875797
widthR: 22.212871534971256
x0: 3091.712685127062
