alphaL: 0.9460257834504249
alphaR: 1.1619962821797987
event_sum: 11.386733373208594
fraction: 0.6798686884890566
mean: 3004.090109422991
nL: 0.41751661624190034
nR: 4.264403702063956
norm: 4.0639283052083
sigma: 305.0
sigmaL: 326.9779562398931
sigmaR: 122.03880941285703
widthL: 326.9779562398931
widthR: 122.03880941285703
x0: 3004.090109422991
