alphaL: 1.0987770441936033
alphaR: 1.478627204121316
event_sum: 0.46307916562711077
mean: 3002.5206536988658
nL: 0.14253593164323783
nR: 2.14730693238512
norm: 0.46307916562711077
sigma: 305.0
sigmaL: 339.83558776880415
sigmaR: 135.50523949799677
widthL: 339.83558776880415
widthR: 135.50523949799677
x0: 3002.5206536988658
