alphaL: 0.4905823993876889
alphaR: 0.8907855548016979
event_sum: 14.856303553391367
fraction: 0.6076119047839379
mean: 3029.497779105469
nL: 0.4
nR: 4.000479691102763
norm: 2.307109752391394
sigma: 305.0
sigmaL: 247.39627316828745
sigmaR: 98.88667860784598
widthL: 247.39627316828745
widthR: 98.88667860784598
x0: 3029.497779105469
