alphaL: 0.13584184241776753
alphaR: 1.191287372270245
event_sum: 0.3631981631338165
mean: 3078.6108566917355
nL: 0.999982468446363
nR: 3.190464503693289
norm: 0.3631981631338165
sigma: 305.0
sigmaL: 719.6387293864632
sigmaR: 92.35548735566606
widthL: 719.6387293864632
widthR: 92.35548735566606
x0: 3078.6108566917355
