alphaL: 0.2058175005906183
alphaR: 0.7763838463959882
event_sum: 0.13279023854686325
mean: 2920.5131401578415
nL: 1.0004811305167987
nR: 3.371361465283448
norm: 0.13279023854686325
sigma: 285.0
sigmaL: 721.4270495383832
sigmaR: 67.1740317929361
widthL: 721.4270495383832
widthR: 67.1740317929361
x0: 2920.5131401578415
