alphaL: 1.1982267713461112
alphaR: 0.6940040401475598
event_sum: 2.7899898071408042
fraction: 0.7216110013073342
mean: 2853.957070448316
nL: 0.40718921088899424
nR: 2.830298374550771
norm: 1.1265642063283852
sigma: 285.0
sigmaL: 405.1081446821561
sigmaR: 63.38919754474719
widthL: 405.1081446821561
widthR: 63.38919754474719
x0: 2853.957070448316
