alphaL: 1.0104973392469128
alphaR: 1.007143633274112
event_sum: 0.10396499405434625
mean: 2879.9084945834516
nL: 0.1
nR: 1.368551724123292
norm: 0.10396499405434625
sigma: 285.0
sigmaL: 326.1518323307486
sigmaR: 52.18449283653888
widthL: 326.1518323307486
widthR: 52.18449283653888
x0: 2879.9084945834516
