alphaL: 1.2774470847791832
alphaR: 0.9540500204854732
event_sum: 0.14647123856991728
mean: 2847.5151335413225
nL: 0.1234282813882544
nR: 1.8503235334045114
norm: 0.14647123856991728
sigma: 285.0
sigmaL: 350.4016536256951
sigmaR: 70.07120819680043
widthL: 350.4016536256951
widthR: 70.07120819680043
x0: 2847.5151335413225
