alphaL: 0.6228787638021397
alphaR: 0.5164304150133621
event_sum: 3.65957515144355
fraction: 0.6267628646935475
mean: 2845.0258188250305
nL: 0.40816993555957165
nR: 3.798261387368428
norm: 0.7459052371205583
sigma: 285.0
sigmaL: 272.92474127282463
sigmaR: 63.64049220820556
widthL: 272.92474127282463
widthR: 63.64049220820556
x0: 2845.0258188250305
