alphaL: 0.633351592112313
alphaR: 0.8486867150869187
event_sum: 0.1723517852115532
mean: 2854.9747595621384
nL: 0.9999481896744374
nR: 1.823532441813481
norm: 0.1723517852115532
sigma: 285.0
sigmaL: 409.8916033412363
sigmaR: 62.79279189709302
widthL: 409.8916033412363
widthR: 62.79279189709302
x0: 2854.9747595621384
