alphaL: 1.2731343048001078
alphaR: 2.2237197199763012
event_sum: 52.829181442920515
fraction: 0.9989340962896784
mean: 1298.7468051514838
nL: 10.0
nR: 3.15614223905684
norm: 52.82327765722218
sigma: 62.84089782233054
sigmaL: 55.258542770202176
sigmaR: 38.34768926192619
widthL: 55.258542770202176
widthR: 38.34768926192619
x0: 1298.7468051514838
