alphaL: 1.3722568031065963
alphaR: 1.7734377323464128
event_sum: 1.5797642524858357
mean: 1304.2873946490693
nL: 4.646674750519245
nR: 3.8350431716150983
norm: 1.5797642524858357
sigma: 67.16684497961974
sigmaL: 59.0319536349163
sigmaR: 36.68244119279979
widthL: 59.0319536349163
widthR: 36.68244119279979
x0: 1304.2873946490693
