alphaL: 1.5810124021081469
alphaR: 2.4313067727488
event_sum: 31.25072330513677
mean: 1299.2920643111956
nL: 4.477026564422001
nR: 3.0623706283582917
norm: 31.25072330513677
sigma: 62.64597223714559
sigmaL: 62.75147204515966
sigmaR: 36.13703901902584
widthL: 62.75147204515966
widthR: 36.13703901902584
x0: 1299.2920643111956
