alphaL: 1.3000947779731773
alphaR: 2.1967191239183648
event_sum: 52.57046748256384
mean: 1299.1115161538085
nL: 4.979192891516262
nR: 3.4234126614151545
norm: 52.57046748256384
sigma: 62.64597223714559
sigmaL: 54.57762541345939
sigmaR: 38.05742257761155
widthL: 54.57762541345939
widthR: 38.05742257761155
x0: 1299.1115161538085
