alphaL: 1.608983709472971
alphaR: 2.2706404757671232
event_sum: 1.2545583442824526
mean: 1302.791252118086
nL: 3.075227041441214
nR: 2.103774074330922
norm: 1.2545583442824526
sigma: 67.16684497961974
sigmaL: 64.6594931709634
sigmaR: 34.13760383406006
widthL: 64.6594931709634
widthR: 34.13760383406006
x0: 1302.791252118086
