alphaL: 1.3308503948433832
alphaR: 2.003551159371688
event_sum: 1.5744225376815881
mean: 1303.744439510527
nL: 3.1529601630641015
nR: 2.428920718090797
norm: 1.5744225376815881
sigma: 67.16684497961974
sigmaL: 57.92313087786654
sigmaR: 37.307775465412476
widthL: 57.92313087786654
widthR: 37.307775465412476
x0: 1303.744439510527
