alphaL: 1.3791859559552122
alphaR: 2.4166604731790504
event_sum: 12.610647066530603
fraction: 0.9981232608866102
mean: 1300.8978516351597
nL: 9.580624719987851
nR: 1.7583643826376294
norm: 12.606295643743131
sigma: 66.99854162155371
sigmaL: 61.47743913985732
sigmaR: 34.94540904408795
widthL: 61.47743913985732
widthR: 34.94540904408795
x0: 1300.8978516351597
