alphaL: 1.5062738049090605
alphaR: 2.142329080661543
event_sum: 52.749440662021335
mean: 1301.1600394488148
nL: 4.499607782361773
nR: 3.3174843274305257
norm: 52.749440662021335
sigma: 62.64597223714559
sigmaL: 59.013463599130134
sigmaR: 37.01229031017457
widthL: 59.013463599130134
widthR: 37.01229031017457
x0: 1301.1600394488148
