alphaL: 1.0041413808906516
alphaR: 2.221178715409014
event_sum: 113.72617327285303
fraction: 0.9958762240323848
mean: 1301.4125267653635
nL: 129.64032076639148
nR: 4.0772449143638365
norm: 52.716138041643
sigma: 63.215533293023924
sigmaL: 51.8694628563335
sigmaR: 39.079599150978105
widthL: 51.8694628563335
widthR: 39.079599150978105
x0: 1301.4125267653635
