alphaL: 1.0651057189465918
alphaR: 2.482474522470521
event_sum: 65.31949729878185
fraction: 0.9946145335627885
mean: 1301.1328298031997
nL: 125.75353131960006
nR: 3.166452724484552
norm: 31.151568182750605
sigma: 63.215533293023924
sigmaL: 57.025536823771404
sigmaR: 36.590721312541596
widthL: 57.025536823771404
widthR: 36.590721312541596
x0: 1301.1328298031997
