alphaL: 1.3800468432555866
alphaR: 2.5461855495123045
event_sum: 31.117137180981487
mean: 1297.6859250072423
nL: 4.911064888352128
nR: 3.193594894153093
norm: 31.117137180981487
sigma: 62.64597223714559
sigmaL: 59.20324707968859
sigmaR: 36.861730110240615
widthL: 59.20324707968859
widthR: 36.861730110240615
x0: 1297.6859250072423
