alphaL: 1.3789124317804426
alphaR: 2.549051670502033
event_sum: 31.273003708622557
fraction: 0.9982318558752834
mean: 1297.841796633039
nL: 10.0
nR: 1.6776733453637422
norm: 31.269433438292072
sigma: 62.84089782233054
sigmaL: 59.73061966440065
sigmaR: 36.787430572169185
widthL: 59.73061966440065
widthR: 36.787430572169185
x0: 1297.841796633039
