alphaL: 1.5433088227343212
alphaR: 2.0211523681765713
event_sum: 1.2592604990903713
mean: 1302.265795382308
nL: 4.178329962731981
nR: 3.7500678550928797
norm: 1.2592604990903713
sigma: 67.16684497961974
sigmaL: 63.293730413376714
sigmaR: 33.93780403453459
widthL: 63.293730413376714
widthR: 33.93780403453459
x0: 1302.265795382308
