alphaL: 1.1573126971360967
alphaR: 1.8310303281188414
event_sum: 15.83226864630508
fraction: 0.9984965612824327
mean: 1303.2194137652364
nL: 9.955504386123406
nR: 3.5089025252154924
norm: 15.822632638411623
sigma: 66.99854162155371
sigmaL: 56.21669521854479
sigmaR: 37.15376117056265
widthL: 56.21669521854479
widthR: 37.15376117056265
x0: 1303.2194137652364
