alphaL: 1.5750615688027212
alphaR: 2.118618504058243
event_sum: 8.27369758228835
mean: 2110.611455556448
nL: 4.489268722230317
nR: 2.4931889651304893
norm: 8.27369758228835
sigma: 97.39998973170141
sigmaL: 96.83588478548079
sigmaR: 48.19775629787934
widthL: 96.83588478548079
widthR: 48.19775629787934
x0: 2110.611455556448
