alphaL: 1.4753173656466072
alphaR: 1.8912504782297301
event_sum: 1.304036540785237
mean: 2116.955053086816
nL: 4.528772206578837
nR: 1.929594698243958
norm: 1.304036540785237
sigma: 115.59712485775263
sigmaL: 97.00346790197008
sigmaR: 45.94745292522592
widthL: 97.00346790197008
widthR: 45.94745292522592
x0: 2116.955053086816
