alphaL: 1.3197832323693464
alphaR: 1.9140902409566567
event_sum: 1.3006934062996405
mean: 2112.6795223752356
nL: 3.9713866232973034
nR: 2.1343798461243755
norm: 1.3006934062996405
sigma: 115.59712485775263
sigmaL: 89.04246103182372
sigmaR: 47.76490769407302
widthL: 89.04246103182372
widthR: 47.76490769407302
x0: 2112.6795223752356
