alphaL: 1.2238773648042487
alphaR: 2.014424542452003
event_sum: 7.843583467319033
fraction: 0.9990534957452221
mean: 2108.0595666123913
nL: 9.671083136863455
nR: 3.232303569591603
norm: 7.8413066994974265
sigma: 97.0855988512655
sigmaL: 84.32161203646481
sigmaR: 52.29046284601429
widthL: 84.32161203646481
widthR: 52.29046284601429
x0: 2108.0595666123913
