alphaL: 1.4190053306979968
alphaR: 1.8756413765947992
event_sum: 7.824103687585897
mean: 2110.536937234013
nL: 4.479608429812227
nR: 3.9222156132204926
norm: 7.824103687585897
sigma: 97.39998973170141
sigmaL: 88.00738387798617
sigmaR: 50.285837260766165
widthL: 88.00738387798617
widthR: 50.285837260766165
x0: 2110.536937234013
