alphaL: 1.2686981102187822
alphaR: 1.8306420515427446
event_sum: 0.9225674811505041
mean: 2117.03791301744
nL: 3.4948735516043645
nR: 2.647508217867349
norm: 0.9225674811505041
sigma: 115.59712485775263
sigmaL: 89.17166742998523
sigmaR: 52.98622640610214
widthL: 89.17166742998523
widthR: 52.98622640610214
x0: 2117.03791301744
