alphaL: 1.4045150206374217
alphaR: 2.1509379350248965
event_sum: 8.235627843773926
mean: 2108.5865467165836
nL: 4.980023466860563
nR: 2.651454938263819
norm: 8.235627843773926
sigma: 97.39998973170141
sigmaL: 92.41564179515439
sigmaR: 49.43164989116209
widthL: 92.41564179515439
widthR: 49.43164989116209
x0: 2108.5865467165836
