alphaL: 1.3614758928241555
alphaR: 2.2238648109154804
event_sum: 8.289744290025396
fraction: 0.9986926248919915
mean: 2108.792306909709
nL: 9.755758580153756
nR: 2.2333617650940205
norm: 8.288171212783254
sigma: 97.0855988512655
sigmaL: 93.13859513494036
sigmaR: 49.38294005269039
widthL: 93.13859513494036
widthR: 49.38294005269039
x0: 2108.792306909709
