alphaL: 1.2543160173728418
alphaR: 1.9332321490760962
event_sum: 7.800548997909235
mean: 2108.56773390565
nL: 4.931899176268872
nR: 3.787094831670715
norm: 7.800548997909235
sigma: 97.39998973170141
sigmaL: 83.3025551936673
sigmaR: 51.32784038255098
widthL: 83.3025551936673
widthR: 51.32784038255098
x0: 2108.56773390565
