alphaL: 1.0501396656266337
alphaR: 1.8868781462960564
event_sum: 9.29355078281754
fraction: 0.9977370580196363
mean: 2113.2341505280588
nL: 9.741000932420516
nR: 2.6304837910819594
norm: 9.267863789896094
sigma: 115.30118773719289
sigmaL: 82.44161733781193
sigmaR: 55.09961894213892
widthL: 82.44161733781193
widthR: 55.09961894213892
x0: 2113.2341505280588
