alphaL: 1.1357320623252625
alphaR: 2.021291260839263
event_sum: 13.067860110037902
fraction: 0.9968705153173381
mean: 2109.5550310279277
nL: 9.961495905586176
nR: 1.9163424062477847
norm: 13.058445276303887
sigma: 115.30118773719289
sigmaL: 84.54896228047947
sigmaR: 50.29513352515381
widthL: 84.54896228047947
widthR: 50.29513352515381
x0: 2109.5550310279277
