alphaL: 1.3584154455897892
alphaR: 1.6831117244450053
event_sum: 0.9258173941080049
mean: 2119.719780622343
nL: 4.236811186308302
nR: 3.1869858988164648
norm: 0.9258173941080049
sigma: 115.59712485775263
sigmaL: 95.03505292171393
sigmaR: 50.932174806091865
widthL: 95.03505292171393
widthR: 50.932174806091865
x0: 2119.719780622343
