alphaL: 1.4270611794819683
alphaR: 1.203806516599453
event_sum: 16.77355512196357
fraction: 0.7368070548362171
mean: 2689.492310956565
nL: 0.4
nR: 3.819997376536028
norm: 6.203745930030748
sigma: 151.2
sigmaL: 228.34683366815227
sigmaR: 93.54319648151065
widthL: 228.34683366815227
widthR: 93.54319648151065
x0: 2689.492310956565
