alphaL: 0.8362300891903682
alphaR: 1.4906934710487956
event_sum: 0.9612464488005054
mean: 2653.7584254689255
nL: 1.3327162122194864
nR: 3.113317317061434
norm: 0.9612464488005054
sigma: 151.2
sigmaL: 145.2846363671294
sigmaR: 116.53171445530563
widthL: 145.2846363671294
widthR: 116.53171445530563
x0: 2653.7584254689255
