alphaL: 1.1804430092361868
alphaR: 1.4451997932524634
event_sum: 0.5678256188774266
mean: 2662.8332696778034
nL: 0.1
nR: 3.8414709034424757
norm: 0.5678256188774266
sigma: 151.2
sigmaL: 175.9488978018425
sigmaR: 115.28359892505695
widthL: 175.9488978018425
widthR: 115.28359892505695
x0: 2662.8332696778034
