alphaL: 0.9729468915038746
alphaR: 1.145305030263913
event_sum: 0.6047614703586024
mean: 2698.163297949315
nL: 1.0099945488453808
nR: 2.705159627209884
norm: 0.6047614703586024
sigma: 151.2
sigmaL: 184.52526375653792
sigmaR: 81.09749519297526
widthL: 184.52526375653792
widthR: 81.09749519297526
x0: 2698.163297949315
