alphaL: 1.141894470205201
alphaR: 1.1178426189363762
event_sum: 1.014344623394589
mean: 2682.559032886584
nL: 1.0793171332870686
nR: 3.3935391889070377
norm: 1.014344623394589
sigma: 151.2
sigmaL: 194.24305119817805
sigmaR: 87.44580421081328
widthL: 194.24305119817805
widthR: 87.44580421081328
x0: 2682.559032886584
