alphaL: 1.0907147201505927
alphaR: 1.4691249037421577
event_sum: 16.489507101945016
fraction: 0.8438054848119849
mean: 2654.1161153587464
nL: 0.8534568959954164
nR: 3.778474386664466
norm: 10.201745803657229
sigma: 151.2
sigmaL: 165.99783212723986
sigmaR: 119.19815717998758
widthL: 165.99783212723986
widthR: 119.19815717998758
x0: 2654.1161153587464
