alphaL: 1.5237163157085716
alphaR: 2.2154816467235783
event_sum: 10.780338460940445
mean: 1753.4667364720835
nL: 4.501821566624666
nR: 2.7198336214722723
norm: 10.780338460940445
sigma: 84.50189843956026
sigmaL: 84.0615972636271
sigmaR: 40.84312873178586
widthL: 84.0615972636271
widthR: 40.84312873178586
x0: 1753.4667364720835
