alphaL: 1.2994841917316367
alphaR: 2.205064324859514
event_sum: 0.9364014944249799
mean: 1747.7697465152573
nL: 3.408779462287063
nR: 1.6386124693403383
norm: 0.9364014944249799
sigma: 92.04671640760657
sigmaL: 75.07492507440573
sigmaR: 46.09723156376652
widthL: 75.07492507440573
widthR: 46.09723156376652
x0: 1747.7697465152573
