alphaL: 1.2604303907044805
alphaR: 1.982749025934143
event_sum: 0.9050841869024877
mean: 1753.6313155652053
nL: 3.335253330955084
nR: 2.1063291749573354
norm: 0.9050841869024877
sigma: 92.04671640760657
sigmaL: 70.52106431459498
sigmaR: 45.80807941142501
widthL: 70.52106431459498
widthR: 45.80807941142501
x0: 1753.6313155652053
