alphaL: 1.1655039131841307
alphaR: 2.1848402632294555
event_sum: 13.196799522594166
fraction: 0.9986308589879802
mean: 1749.0989713121337
nL: 9.929946597316777
nR: 2.5881024961824837
norm: 13.192253108437253
sigma: 83.91219388642274
sigmaL: 70.5133046695688
sigmaR: 45.35218695680244
widthL: 70.5133046695688
widthR: 45.35218695680244
x0: 1749.0989713121337
