alphaL: 1.205543132965339
alphaR: 2.181780962390371
event_sum: 13.7479866569931
mean: 1749.7426954350608
nL: 4.995252414790966
nR: 2.6752809306950716
norm: 13.7479866569931
sigma: 84.50189843956026
sigmaL: 70.2606570974499
sigmaR: 45.11844510239399
widthL: 70.2606570974499
widthR: 45.11844510239399
x0: 1749.7426954350608
