alphaL: 1.3280961418614405
alphaR: 1.9591720453495227
event_sum: 0.9402208260313938
mean: 1745.629130901249
nL: 3.814929707975406
nR: 4.04362722864919
norm: 0.9402208260313938
sigma: 92.04671640760657
sigmaL: 73.93479234984994
sigmaR: 47.61228331052386
widthL: 73.93479234984994
widthR: 47.61228331052386
x0: 1745.629130901249
