alphaL: 1.2631794411957944
alphaR: 2.360681518716105
event_sum: 10.249556855479238
fraction: 0.9984958547826374
mean: 1749.744796384614
nL: 10.0
nR: 2.15963685310607
norm: 10.240643153333899
sigma: 83.91219388642274
sigmaL: 77.56425526582035
sigmaR: 42.93738312704095
widthL: 77.56425526582035
widthR: 42.93738312704095
x0: 1749.744796384614
