alphaL: 1.067030095534133
alphaR: 1.8797551150566207
event_sum: 9.079691605544793
fraction: 0.9976292096036778
mean: 1753.7135724516684
nL: 9.950973821076243
nR: 2.572052062609268
norm: 9.071218659199149
sigma: 92.10876920157877
sigmaL: 68.5808653408589
sigmaR: 44.85274225756938
widthL: 68.5808653408589
widthR: 44.85274225756938
x0: 1753.7135724516684
