alphaL: 1.3339809153676507
alphaR: 1.8346733690274382
event_sum: 0.9085293898371533
mean: 1757.302560189818
nL: 4.272907966731353
nR: 2.3868884137048387
norm: 0.9085293898371533
sigma: 92.04671640760657
sigmaL: 76.09538372551145
sigmaR: 43.15813411210488
widthL: 76.09538372551145
widthR: 43.15813411210488
x0: 1757.302560189818
