alphaL: 1.5586979890793042
alphaR: 2.2226963283949015
event_sum: 9.389861869421814
fraction: 0.995788996725076
mean: 1751.2763654754442
nL: 9.682622106941691
nR: 1.5693413539010614
norm: 9.38229321491883
sigma: 92.10876920157877
sigmaL: 79.31002646708978
sigmaR: 44.046253427734726
widthL: 79.31002646708978
widthR: 44.046253427734726
x0: 1751.2763654754442
