alphaL: 1.3470921070314235
alphaR: 2.2214136423417985
event_sum: 13.801612487878183
mean: 1750.8371451681203
nL: 4.496253691650547
nR: 2.3754422405590967
norm: 13.801612487878183
sigma: 84.50189843956026
sigmaL: 73.91598050241012
sigmaR: 44.770734416550326
widthL: 73.91598050241012
widthR: 44.770734416550326
x0: 1750.8371451681203
