alphaL: 1.283714600357971
alphaR: 2.332723650648612
event_sum: 10.746221083759142
mean: 1750.0439348435925
nL: 4.883946497135227
nR: 2.2791077247442466
norm: 10.746221083759142
sigma: 84.50189843956026
sigmaL: 76.88502141269659
sigmaR: 42.76254543233827
widthL: 76.88502141269659
widthR: 42.76254543233827
x0: 1750.0439348435925
