alphaL: 0.8411790476024539
alphaR: 2.380108985819686
event_sum: 47.216698307329175
fraction: 0.9928302139180865
mean: 1746.1439505200742
nL: 132.14989485563387
nR: 2.284211647992565
norm: 13.120131048009956
sigma: 82.75215406337183
sigmaL: 58.27423737773286
sigmaR: 50.336025549826225
widthL: 58.27423737773286
widthR: 50.336025549826225
x0: 1746.1439505200742
