alphaL: 0.6524006834317838
alphaR: 2.0782341549614496
event_sum: 0.42790068080765226
mean: 987.6949499860463
nL: 2.0560133231955
nR: 3.861211857053868
norm: 0.42790068080765226
sigma: 105.0
sigmaL: 37.64984731605312
sigmaR: 98.15115999586324
widthL: 37.64984731605312
widthR: 98.15115999586324
x0: 987.6949499860463
