alphaL: 1.0438298087168487
alphaR: 1.6025425855498314
event_sum: 0.819784703762698
mean: 1031.4793420435017
nL: 2.591710318749576
nR: 2.6656975839240444
norm: 0.819784703762698
sigma: 105.0
sigmaL: 86.27196549971138
sigmaR: 65.00169129353523
widthL: 86.27196549971138
widthR: 65.00169129353523
x0: 1031.4793420435017
