alphaL: 1.0818166301934655
alphaR: 1.3902819384917817
event_sum: 4.263851205848296
fraction: 0.9800246898174989
mean: 1034.1888950523587
nL: 5.606022894472415
nR: 3.774624867296325
norm: 4.172709321248054
sigma: 105.0
sigmaL: 95.16831112236159
sigmaR: 63.74518611154889
widthL: 95.16831112236159
widthR: 63.74518611154889
x0: 1034.1888950523587
