alphaL: 0.7182031770912723
alphaR: 1.407461308890698
event_sum: 0.8236119203146998
mean: 1036.2427542407286
nL: 3.6627002002466473
nR: 4.372066642364248
norm: 0.8236119203146998
sigma: 105.0
sigmaL: 85.27698051464006
sigmaR: 59.67164958658275
widthL: 85.27698051464006
widthR: 59.67164958658275
x0: 1036.2427542407286
