alphaL: 0.6616343207734492
alphaR: 1.3691832926885794
event_sum: 8.156152753821363
fraction: 0.977589433464968
mean: 1033.9792350887926
nL: 3.5560937370267784
nR: 4.349691766806328
norm: 7.978014448469447
sigma: 105.0
sigmaL: 82.65427356475425
sigmaR: 60.99349435010047
widthL: 82.65427356475425
widthR: 60.99349435010047
x0: 1033.9792350887926
