alphaL: 1.2854513212294705
alphaR: 1.6123492275297209
event_sum: 0.42976759690907657
mean: 1030.595204914659
nL: 3.7907424236123832
nR: 3.1078658410922024
norm: 0.42976759690907657
sigma: 105.0
sigmaL: 107.83658932752668
sigmaR: 71.76561363133393
widthL: 107.83658932752668
widthR: 71.76561363133393
x0: 1030.595204914659
