{
 "cells": [
  {
   "cell_type": "code",
   "execution_count": 127,
   "metadata": {},
   "outputs": [],
   "source": [
    "import ROOT, os\n",
    "ROOT.gROOT.SetBatch(True)\n",
    "ROOT.gStyle.SetOptTitle(0)"
   ]
  },
  {
   "cell_type": "markdown",
   "metadata": {},
   "source": [
    "# Signal modelling"
   ]
  },
  {
   "cell_type": "code",
   "execution_count": 78,
   "metadata": {},
   "outputs": [
    {
     "name": "stdout",
     "output_type": "stream",
     "text": [
      "[#1] INFO:DataHandling -- RooAbsReal::attachToTree(mass_Zprime) TTree Float_t branch mass_Zprime will be converted to double precision.\n",
      "[#1] INFO:DataHandling -- RooTreeDataStore::loadValues(Events) Skipping event #884 because mass_Zprime cannot accommodate the value 3635.09\n",
      "[#1] INFO:DataHandling -- RooTreeDataStore::loadValues(Events) Skipping event #900 because mass_Zprime cannot accommodate the value 538.144\n",
      "[#1] INFO:DataHandling -- RooTreeDataStore::loadValues(Events) Skipping event #2822 because mass_Zprime cannot accommodate the value 604.632\n",
      "[#1] INFO:DataHandling -- RooTreeDataStore::loadValues(Events) Skipping event #2897 because mass_Zprime cannot accommodate the value 596.675\n",
      "[#1] INFO:DataHandling -- RooTreeDataStore::loadValues(Events) Skipping ...\n",
      "[#0] WARNING:DataHandling -- RooTreeDataStore::loadValues(Events) Ignored 13 out-of-range events\n",
      "[#1] INFO:InputArguments -- RooAbsData::plotOn(Events) INFO: dataset has non-integer weights, auto-selecting SumW2 errors instead of Poisson errors\n",
      "[#0] ERROR:InputArguments -- RooDataSet::Events:fillHistogram: Data does not contain the variable 'mass_Z''.\n",
      "[#0] ERROR:Plotting -- RooDataSet::Events:plotOn: fillHistogram() failed\n"
     ]
    },
    {
     "name": "stderr",
     "output_type": "stream",
     "text": [
      "Info in <TCanvas::Print>: pdf file ../plots/fit/signal_Hbb_mass_Zprime.pdf has been created\n"
     ]
    }
   ],
   "source": [
    "f = ROOT.TFile(\"input_root/mc/2018/signal_Hbb.root\", \"r\")\n",
    "# Load TTree\n",
    "tree = f.Get(\"Events\")\n",
    "\n",
    "# Define mass and weight variables\n",
    "mass_Zprime = ROOT.RooRealVar(\"mass_Zprime\", \"mass_Zprime\", 2000, 720, 3520)\n",
    "weight = ROOT.RooRealVar(\"weight\", \"weight\", 0, -2, 2)\n",
    "\n",
    "# Convert to RooDataSet\n",
    "mc = ROOT.RooDataSet(\"Events\", \"Signal_Hbb\", tree, ROOT.RooArgSet(mass_Zprime, weight), \"\", \"weight\" )\n",
    "\n",
    "# Lets plot the signal mass distribution\n",
    "can = ROOT.TCanvas()\n",
    "plot = mass.frame()\n",
    "mc.plotOn(plot)\n",
    "plot.Draw()\n",
    "can.Update()\n",
    "can.SaveAs(\"../plots/fit/signal_Hbb_mass_Zprime.pdf\")"
   ]
  },
  {
   "cell_type": "code",
   "execution_count": 79,
   "metadata": {},
   "outputs": [
    {
     "name": "stdout",
     "output_type": "stream",
     "text": [
      "[#0] WARNING:InputArguments -- The parameter 'sigmaL' with range [0, 200] of the RooCrystalBall 'model_signal_Hbb' exceeds the safe range of (0, inf). Advise to limit its range.\n",
      "[#0] WARNING:InputArguments -- The parameter 'sigmaR' with range [0, 200] of the RooCrystalBall 'model_signal_Hbb' exceeds the safe range of (0, inf). Advise to limit its range.\n",
      "[#0] WARNING:InputArguments -- The parameter 'alphaL' with range [0, 6] of the RooCrystalBall 'model_signal_Hbb' exceeds the safe range of (0, inf). Advise to limit its range.\n",
      "[#0] WARNING:InputArguments -- The parameter 'alphaR' with range [0, 6] of the RooCrystalBall 'model_signal_Hbb' exceeds the safe range of (0, inf). Advise to limit its range.\n",
      "[#0] WARNING:InputArguments -- The parameter 'nL' with range [0, 8] of the RooCrystalBall 'model_signal_Hbb' exceeds the safe range of (0, inf). Advise to limit its range.\n",
      "[#0] WARNING:InputArguments -- The parameter 'nR' with range [0, 8] of the RooCrystalBall 'model_signal_Hbb' exceeds the safe range of (0, inf). Advise to limit its range.\n",
      "[#1] INFO:Minimization -- RooAbsMinimizerFcn::setOptimizeConst: activating const optimization\n",
      " **********\n",
      " **    1 **SET PRINT           1\n",
      " **********\n",
      " **********\n",
      " **    2 **SET NOGRAD\n",
      " **********\n",
      " PARAMETER DEFINITIONS:\n",
      "    NO.   NAME         VALUE      STEP SIZE      LIMITS\n",
      "     1 alphaL       1.00000e+00  5.00000e-01    0.00000e+00  6.00000e+00\n",
      "     2 alphaR       1.00000e+00  5.00000e-01    0.00000e+00  6.00000e+00\n",
      "     3 nL           1.00000e+00  5.00000e-01    0.00000e+00  8.00000e+00\n",
      "     4 nR           1.00000e+00  5.00000e-01    0.00000e+00  8.00000e+00\n",
      "     5 sigmaL       7.00000e+01  2.00000e+01    0.00000e+00  2.00000e+02\n",
      "     6 sigmaR       7.00000e+01  2.00000e+01    0.00000e+00  2.00000e+02\n",
      "     7 x0           2.00000e+03  4.00000e+02    0.00000e+00  4.00000e+03\n",
      " **********\n",
      " **    3 **SET ERR         0.5\n",
      " **********\n",
      " **********\n",
      " **    4 **SET PRINT           1\n",
      " **********\n",
      " **********\n",
      " **    5 **SET STR           1\n",
      " **********\n",
      " NOW USING STRATEGY  1: TRY TO BALANCE SPEED AGAINST RELIABILITY\n",
      " **********\n",
      " **    6 **MIGRAD        3500           1\n",
      " **********\n",
      " FIRST CALL TO USER FUNCTION AT NEW START POINT, WITH IFLAG=4.\n",
      " START MIGRAD MINIMIZATION.  STRATEGY  1.  CONVERGENCE WHEN EDM .LT. 1.00e-03\n",
      " FCN=264.382 FROM MIGRAD    STATUS=INITIATE       26 CALLS          27 TOTAL\n",
      "                     EDM= unknown      STRATEGY= 1      NO ERROR MATRIX       \n",
      "  EXT PARAMETER               CURRENT GUESS       STEP         FIRST   \n",
      "  NO.   NAME      VALUE            ERROR          SIZE      DERIVATIVE \n",
      "   1  alphaL       1.00000e+00   5.00000e-01   2.30756e-01  -7.78454e+00\n",
      "   2  alphaR       1.00000e+00   5.00000e-01   2.30756e-01  -3.90429e+01\n",
      "   3  nL           1.00000e+00   5.00000e-01   1.95152e-01  -1.50021e+01\n",
      "   4  nR           1.00000e+00   5.00000e-01   1.95152e-01  -3.02037e+01\n",
      "   5  sigmaL       7.00000e+01   2.00000e+01   2.11716e-01  -4.49221e+00\n",
      "   6  sigmaR       7.00000e+01   2.00000e+01   2.11716e-01   1.45426e+01\n",
      "   7  x0           2.00000e+03   4.00000e+02   2.01358e-01   2.12402e+02\n",
      "                               ERR DEF= 0.5\n",
      " MIGRAD MINIMIZATION HAS CONVERGED.\n",
      " MIGRAD WILL VERIFY CONVERGENCE AND ERROR MATRIX.\n",
      " COVARIANCE MATRIX CALCULATED SUCCESSFULLY\n",
      " FCN=246.607 FROM MIGRAD    STATUS=CONVERGED     441 CALLS         442 TOTAL\n",
      "                     EDM=8.94483e-05    STRATEGY= 1      ERROR MATRIX ACCURATE \n",
      "  EXT PARAMETER                                   STEP         FIRST   \n",
      "  NO.   NAME      VALUE            ERROR          SIZE      DERIVATIVE \n",
      "   1  alphaL       8.53775e-01   9.59864e-01   9.06458e-04   7.16271e-03\n",
      "   2  alphaR       1.82270e+00   1.24269e+00   1.95638e-03   3.82010e-03\n",
      "   3  nL           7.99971e+00   7.22957e+00   4.55449e-02  -7.37700e-04\n",
      "   4  nR           2.44511e+00   2.84040e+00   4.92990e-03  -6.94614e-03\n",
      "   5  sigmaL       7.66875e+01   7.80021e+01   1.52448e-03   1.99746e-03\n",
      "   6  sigmaR       5.15280e+01   3.34909e+01   1.27754e-03  -3.23397e-02\n",
      "   7  x0           1.99440e+03   4.92649e+01   6.98575e-05  -3.79078e-01\n",
      "                               ERR DEF= 0.5\n",
      " EXTERNAL ERROR MATRIX.    NDIM=  25    NPAR=  7    ERR DEF=0.5\n",
      "  9.941e-01 -4.809e-01  1.449e-03  2.092e-01  8.860e+01 -2.151e+01  3.812e+01 \n",
      " -4.809e-01  1.662e+00 -1.229e-04 -3.184e+00 -4.643e+01  2.955e+01 -3.381e+01 \n",
      "  1.449e-03 -1.229e-04  3.796e-02  3.144e-05  6.646e-02 -5.348e-03  1.108e-02 \n",
      "  2.092e-01 -3.184e+00  3.144e-05  1.052e+01  2.001e+01 -2.436e+01  1.885e+01 \n",
      "  8.860e+01 -4.643e+01  6.646e-02  2.001e+01  8.194e+03 -2.076e+03  3.691e+03 \n",
      " -2.151e+01  2.955e+01 -5.348e-03 -2.436e+01 -2.076e+03  1.181e+03 -1.541e+03 \n",
      "  3.812e+01 -3.381e+01  1.108e-02  1.885e+01  3.691e+03 -1.541e+03  2.428e+03 \n",
      " PARAMETER  CORRELATION COEFFICIENTS  \n",
      "       NO.  GLOBAL      1      2      3      4      5      6      7\n",
      "        1  0.98469   1.000 -0.374  0.007  0.065  0.982 -0.628  0.776\n",
      "        2  0.92268  -0.374  1.000 -0.000 -0.762 -0.398  0.667 -0.532\n",
      "        3  0.02063   0.007 -0.000  1.000  0.000  0.004 -0.001  0.001\n",
      "        4  0.85740   0.065 -0.762  0.000  1.000  0.068 -0.219  0.118\n",
      "        5  0.98863   0.982 -0.398  0.004  0.068  1.000 -0.667  0.828\n",
      "        6  0.95418  -0.628  0.667 -0.001 -0.219 -0.667  1.000 -0.910\n",
      "        7  0.96527   0.776 -0.532  0.001  0.118  0.828 -0.910  1.000\n",
      " **********\n",
      " **    7 **SET ERR         0.5\n",
      " **********\n",
      " **********\n",
      " **    8 **SET PRINT           1\n",
      " **********\n",
      " **********\n",
      " **    9 **HESSE        3500\n",
      " **********\n",
      " COVARIANCE MATRIX CALCULATED SUCCESSFULLY\n",
      " FCN=246.607 FROM HESSE     STATUS=OK             50 CALLS         492 TOTAL\n",
      "                     EDM=9.59353e-05    STRATEGY= 1      ERROR MATRIX ACCURATE \n",
      "  EXT PARAMETER                                INTERNAL      INTERNAL  \n",
      "  NO.   NAME      VALUE            ERROR       STEP SIZE       VALUE   \n",
      "   1  alphaL       8.53775e-01   1.04016e+00   1.81292e-04  -7.97209e-01\n",
      "   2  alphaR       1.82270e+00   1.31581e+00   3.91277e-04  -4.03275e-01\n",
      "   3  nL           7.99971e+00   7.22211e+00   9.10899e-03   1.55873e+00\n",
      "   4  nR           2.44511e+00   2.91778e+00   9.85981e-04  -3.99244e-01\n",
      "   5  sigmaL       7.66875e+01   1.35861e+02   3.04895e-04  -2.35290e-01\n",
      "   6  sigmaR       5.15280e+01   3.59016e+01   2.55508e-04  -6.78923e+00\n",
      "   7  x0           1.99440e+03   5.36006e+01   1.39715e-05  -2.79900e-03\n",
      "                               ERR DEF= 0.5\n",
      " EXTERNAL ERROR MATRIX.    NDIM=  25    NPAR=  7    ERR DEF=0.5\n",
      "  1.185e+00 -6.308e-01 -1.100e-03  3.496e-01  1.062e+02 -2.716e+01  4.715e+01 \n",
      " -6.308e-01  1.881e+00  1.410e-04 -3.564e+00 -6.043e+01  3.517e+01 -4.182e+01 \n",
      " -1.100e-03  1.410e-04  3.805e-02 -6.288e-05 -5.416e-02  5.976e-03 -1.145e-02 \n",
      "  3.496e-01 -3.564e+00 -6.288e-05  1.134e+01  3.330e+01 -3.126e+01  2.743e+01 \n",
      "  1.062e+02 -6.043e+01 -5.416e-02  3.330e+01  9.821e+03 -2.601e+03  4.529e+03 \n",
      " -2.716e+01  3.517e+01  5.976e-03 -3.126e+01 -2.601e+03  1.369e+03 -1.827e+03 \n",
      "  4.715e+01 -4.182e+01 -1.145e-02  2.743e+01  4.529e+03 -1.827e+03  2.874e+03 \n",
      " PARAMETER  CORRELATION COEFFICIENTS  \n",
      "       NO.  GLOBAL      1      2      3      4      5      6      7\n",
      "        1  0.98716   1.000 -0.423 -0.005  0.095  0.985 -0.674  0.808\n",
      "        2  0.93207  -0.423  1.000  0.001 -0.772 -0.445  0.693 -0.569\n",
      "        3  0.01451  -0.005  0.001  1.000 -0.000 -0.003  0.001 -0.001\n",
      "        4  0.86849   0.095 -0.772 -0.000  1.000  0.100 -0.251  0.152\n",
      "        5  0.99053   0.985 -0.445 -0.003  0.100  1.000 -0.709  0.852\n",
      "        6  0.96059  -0.674  0.693  0.001 -0.251 -0.709  1.000 -0.921\n",
      "        7  0.97075   0.808 -0.569 -0.001  0.152  0.852 -0.921  1.000\n",
      "[#1] INFO:Fitting -- RooAbsPdf::fitTo(model_signal_Hbb) Calculating sum-of-weights-squared correction matrix for covariance matrix\n",
      " **********\n",
      " **   10 **SET ERR         0.5\n",
      " **********\n",
      " **********\n",
      " **   11 **SET PRINT           1\n",
      " **********\n",
      " **********\n",
      " **   12 **HESSE        3500\n",
      " **********\n",
      " COVARIANCE MATRIX CALCULATED SUCCESSFULLY\n",
      " FCN=0.307232 FROM HESSE     STATUS=OK             70 CALLS         562 TOTAL\n",
      "                     EDM=1.14084e-07    STRATEGY= 1      ERROR MATRIX ACCURATE \n",
      "  EXT PARAMETER                                INTERNAL      INTERNAL  \n",
      "  NO.   NAME      VALUE            ERROR       STEP SIZE       VALUE   \n",
      "   1  alphaL       8.53775e-01   5.28337e+00   3.69835e-03  -7.97209e-01\n",
      "   2  alphaR       1.82270e+00   4.86126e+00   7.98205e-03  -4.03275e-01\n",
      "   3  nL           7.99971e+00   5.96076e+00   1.85823e-01   1.55873e+00\n",
      "   4  nR           2.44511e+00   6.06288e+00   2.01140e-02  -3.99244e-01\n",
      "   5  sigmaL       7.66875e+01   1.25920e+02   6.21986e-03  -2.35290e-01\n",
      "   6  sigmaR       5.15280e+01   1.36736e+02   5.21236e-03  -6.78923e+00\n",
      "   7  x0           1.99440e+03   1.05845e+03   2.85019e-04  -2.79900e-03\n",
      "                               ERR DEF= 0.5\n",
      " EXTERNAL ERROR MATRIX.    NDIM=  25    NPAR=  7    ERR DEF=0.5\n",
      "  5.154e+02 -1.721e+02  7.732e+00 -3.293e+00  4.481e+04 -8.779e+03  1.696e+04 \n",
      " -1.721e+02  9.466e+02 -6.362e-02 -1.832e+03 -1.707e+04  1.467e+04 -1.477e+04 \n",
      "  7.732e+00 -6.362e-02  3.059e+01 -1.555e-01  3.028e+02 -1.975e+00  1.651e+01 \n",
      " -3.293e+00 -1.832e+03 -1.555e-01  6.748e+03 -4.384e+02 -8.602e+03  2.891e+03 \n",
      "  4.481e+04 -1.707e+04  3.028e+02 -4.384e+02  4.133e+06 -8.696e+05  1.689e+06 \n",
      " -8.779e+03  1.467e+04 -1.975e+00 -8.602e+03 -8.696e+05  6.435e+05 -7.794e+05 \n",
      "  1.696e+04 -1.477e+04  1.651e+01  2.891e+03  1.689e+06 -7.794e+05  1.244e+06 \n",
      " PARAMETER  CORRELATION COEFFICIENTS  \n",
      "       NO.  GLOBAL      1      2      3      4      5      6      7\n",
      "        1  0.97618   1.000 -0.246  0.062 -0.002  0.971 -0.482  0.670\n",
      "        2  0.88916  -0.246  1.000 -0.000 -0.725 -0.273  0.595 -0.430\n",
      "        3  0.15442   0.062 -0.000  1.000 -0.000  0.027 -0.000  0.003\n",
      "        4  0.81804  -0.002 -0.725 -0.000  1.000 -0.003 -0.131  0.032\n",
      "        5  0.98189   0.971 -0.273  0.027 -0.003  1.000 -0.533  0.745\n",
      "        6  0.93149  -0.482  0.595 -0.000 -0.131 -0.533  1.000 -0.871\n",
      "        7  0.94499   0.670 -0.430  0.003  0.032  0.745 -0.871  1.000\n",
      "[#1] INFO:Minimization -- RooAbsMinimizerFcn::setOptimizeConst: deactivating const optimization\n",
      "[#1] INFO:Minimization -- RooAbsMinimizerFcn::setOptimizeConst: activating const optimization\n",
      " **********\n",
      " **   13 **SET PRINT           1\n",
      " **********\n",
      " **********\n",
      " **   14 **SET NOGRAD\n",
      " **********\n",
      " PARAMETER DEFINITIONS:\n",
      "    NO.   NAME         VALUE      STEP SIZE      LIMITS\n",
      "     1 alphaL       8.53775e-01  5.34341e-02    0.00000e+00  6.00000e+00\n",
      "     2 alphaR       1.82270e+00  6.29384e-02    0.00000e+00  6.00000e+00\n",
      "     3 nL           7.99971e+00  6.97913e-03    0.00000e+00  8.00000e+00\n",
      " MINUIT WARNING IN PARAMETR\n",
      " ============== VARIABLE3 BROUGHT BACK INSIDE LIMITS.\n",
      "     4 nR           2.44511e+00  1.40192e-01    0.00000e+00  8.00000e+00\n",
      "     5 sigmaL       7.66875e+01  4.90973e+00    0.00000e+00  2.00000e+02\n",
      "     6 sigmaR       5.15280e+01  1.77452e+00    0.00000e+00  2.00000e+02\n",
      "     7 x0           1.99440e+03  2.64087e+00    0.00000e+00  4.00000e+03\n",
      " **********\n",
      " **   15 **SET ERR         0.5\n",
      " **********\n",
      " **********\n",
      " **   16 **SET PRINT           1\n",
      " **********\n",
      " **********\n",
      " **   17 **SET STR           1\n",
      " **********\n",
      " NOW USING STRATEGY  1: TRY TO BALANCE SPEED AGAINST RELIABILITY\n",
      " **********\n",
      " **   18 **MIGRAD        3500           1\n",
      " **********\n",
      " FIRST CALL TO USER FUNCTION AT NEW START POINT, WITH IFLAG=4.\n",
      " START MIGRAD MINIMIZATION.  STRATEGY  1.  CONVERGENCE WHEN EDM .LT. 1.00e-03\n",
      " FCN=246.607 FROM MIGRAD    STATUS=INITIATE       28 CALLS          29 TOTAL\n",
      "                     EDM= unknown      STRATEGY= 1      NO ERROR MATRIX       \n",
      "  EXT PARAMETER               CURRENT GUESS       STEP         FIRST   \n",
      "  NO.   NAME      VALUE            ERROR          SIZE      DERIVATIVE \n",
      "   1  alphaL       8.53775e-01   5.34341e-02   2.55034e-02   7.08468e-03\n",
      "   2  alphaR       1.82270e+00   6.29384e-02   2.28123e-02   3.74723e-03\n",
      "   3  nL           7.99971e+00   6.97913e-03   2.91738e-02  -7.37562e-04\n",
      "   4  nR           2.44511e+00   1.40192e-01   3.80536e-02  -7.02623e-03\n",
      "   5  sigmaL       7.66875e+01   4.90973e+00   5.05137e-02   1.92643e-03\n",
      "   6  sigmaR       5.15280e+01   1.77452e+00   2.02905e-02  -3.24017e-02\n",
      "   7  x0           1.99440e+03   2.64087e+00   1.32044e-03  -3.79272e-01\n",
      "                               ERR DEF= 0.5\n",
      " MIGRAD MINIMIZATION HAS CONVERGED.\n",
      " MIGRAD WILL VERIFY CONVERGENCE AND ERROR MATRIX.\n",
      " COVARIANCE MATRIX CALCULATED SUCCESSFULLY\n",
      " FCN=246.607 FROM MIGRAD    STATUS=CONVERGED      96 CALLS          97 TOTAL\n",
      "                     EDM=5.41891e-05    STRATEGY= 1      ERROR MATRIX ACCURATE \n",
      "  EXT PARAMETER                                   STEP         FIRST   \n",
      "  NO.   NAME      VALUE            ERROR          SIZE      DERIVATIVE \n",
      "   1  alphaL       8.53682e-01   9.59770e-01   9.00158e-04   2.12613e-02\n",
      "   2  alphaR       1.82240e+00   1.23918e+00   1.95517e-03   4.83661e-04\n",
      "   3  nL           8.00000e+00   7.22316e+00   3.16680e-02  -7.26464e-05\n",
      "   4  nR           2.44990e+00   2.84643e+00   4.91589e-03  -4.95518e-03\n",
      "   5  sigmaL       7.66842e+01   7.79624e+01   1.51911e-03  -1.14949e-02\n",
      "   6  sigmaR       5.15634e+01   3.33641e+01   1.27633e-03   6.07021e-03\n",
      "   7  x0           1.99443e+03   4.90906e+01   6.98591e-05   3.70060e-01\n",
      "                               ERR DEF= 0.5\n",
      " EXTERNAL ERROR MATRIX.    NDIM=  25    NPAR=  7    ERR DEF=0.5\n",
      "  9.939e-01 -4.756e-01  1.985e-04  2.021e-01  8.852e+01 -2.136e+01  3.795e+01 \n",
      " -4.756e-01  1.652e+00 -1.702e-05 -3.182e+00 -4.589e+01  2.924e+01 -3.338e+01 \n",
      "  1.985e-04 -1.702e-05  3.747e-04  4.222e-06  9.143e-03 -7.441e-04  1.541e-03 \n",
      "  2.021e-01 -3.182e+00  4.222e-06  1.057e+01  1.931e+01 -2.401e+01  1.834e+01 \n",
      "  8.852e+01 -4.589e+01  9.143e-03  1.931e+01  8.182e+03 -2.060e+03  3.673e+03 \n",
      " -2.136e+01  2.924e+01 -7.441e-04 -2.401e+01 -2.060e+03  1.172e+03 -1.528e+03 \n",
      "  3.795e+01 -3.338e+01  1.541e-03  1.834e+01  3.673e+03 -1.528e+03  2.410e+03 \n",
      " PARAMETER  CORRELATION COEFFICIENTS  \n",
      "       NO.  GLOBAL      1      2      3      4      5      6      7\n",
      "        1  0.98468   1.000 -0.371  0.010  0.062  0.982 -0.626  0.775\n",
      "        2  0.92215  -0.371  1.000 -0.001 -0.761 -0.395  0.665 -0.529\n",
      "        3  0.02831   0.010 -0.001  1.000  0.000  0.005 -0.001  0.002\n",
      "        4  0.85710   0.062 -0.761  0.000  1.000  0.066 -0.216  0.115\n",
      "        5  0.98862   0.982 -0.395  0.005  0.066  1.000 -0.665  0.827\n",
      "        6  0.95369  -0.626  0.665 -0.001 -0.216 -0.665  1.000 -0.909\n",
      "        7  0.96499   0.775 -0.529  0.002  0.115  0.827 -0.909  1.000\n",
      " **********\n",
      " **   19 **SET ERR         0.5\n",
      " **********\n",
      " **********\n",
      " **   20 **SET PRINT           1\n",
      " **********\n",
      " **********\n",
      " **   21 **HESSE        3500\n",
      " **********\n",
      " COVARIANCE MATRIX CALCULATED SUCCESSFULLY\n",
      " FCN=246.607 FROM HESSE     STATUS=OK             50 CALLS         147 TOTAL\n",
      "                     EDM=6.0135e-05    STRATEGY= 1      ERROR MATRIX ACCURATE \n",
      "  EXT PARAMETER                                INTERNAL      INTERNAL  \n",
      "  NO.   NAME      VALUE            ERROR       STEP SIZE       VALUE   \n",
      "   1  alphaL       8.53682e-01   1.04297e+00   1.80032e-04  -7.97252e-01\n",
      "   2  alphaR       1.82240e+00   1.31523e+00   7.82070e-05  -4.03385e-01\n",
      "   3  nL           8.00000e+00   7.22170e+00   6.33359e-03   1.56960e+00\n",
      "   4  nR           2.44990e+00   2.92690e+00   9.83178e-04  -3.97944e-01\n",
      "   5  sigmaL       7.66842e+01   1.35905e+02   3.03823e-04  -2.35324e-01\n",
      "   6  sigmaR       5.15634e+01   3.59269e+01   2.55267e-04  -5.05639e-01\n",
      "   7  x0           1.99443e+03   5.36981e+01   1.39718e-05  -2.78483e-03\n",
      "                               ERR DEF= 0.5\n",
      " EXTERNAL ERROR MATRIX.    NDIM=  25    NPAR=  7    ERR DEF=0.5\n",
      "  1.192e+00 -6.333e-01  2.895e-05  3.517e-01  1.068e+02 -2.731e+01  4.743e+01 \n",
      " -6.333e-01  1.879e+00 -3.790e-06 -3.576e+00 -6.065e+01  3.512e+01 -4.184e+01 \n",
      "  2.895e-05 -3.790e-06  3.748e-04  1.713e-06  1.433e-03 -1.609e-04  3.072e-04 \n",
      "  3.517e-01 -3.576e+00  1.713e-06  1.143e+01  3.349e+01 -3.120e+01  2.741e+01 \n",
      "  1.068e+02 -6.065e+01  1.433e-03  3.349e+01  9.876e+03 -2.614e+03  4.554e+03 \n",
      " -2.731e+01  3.512e+01 -1.609e-04 -3.120e+01 -2.614e+03  1.371e+03 -1.832e+03 \n",
      "  4.743e+01 -4.184e+01  3.072e-04  2.741e+01  4.554e+03 -1.832e+03  2.884e+03 \n",
      " PARAMETER  CORRELATION COEFFICIENTS  \n",
      "       NO.  GLOBAL      1      2      3      4      5      6      7\n",
      "        1  0.98724   1.000 -0.423  0.001  0.095  0.985 -0.676  0.809\n",
      "        2  0.93198  -0.423  1.000 -0.000 -0.772 -0.445  0.692 -0.568\n",
      "        3  0.00383   0.001 -0.000  1.000  0.000  0.001 -0.000  0.000\n",
      "        4  0.86863   0.095 -0.772  0.000  1.000  0.100 -0.249  0.151\n",
      "        5  0.99058   0.985 -0.445  0.001  0.100  1.000 -0.711  0.853\n",
      "        6  0.96056  -0.676  0.692 -0.000 -0.249 -0.711  1.000 -0.921\n",
      "        7  0.97083   0.809 -0.568  0.000  0.151  0.853 -0.921  1.000\n",
      "[#1] INFO:Fitting -- RooAbsPdf::fitTo(model_signal_Hbb) Calculating sum-of-weights-squared correction matrix for covariance matrix\n",
      " **********\n",
      " **   22 **SET ERR         0.5\n",
      " **********\n",
      " **********\n",
      " **   23 **SET PRINT           1\n",
      " **********\n",
      " **********\n",
      " **   24 **HESSE        3500\n",
      " **********\n",
      " COVARIANCE MATRIX CALCULATED SUCCESSFULLY\n",
      " FCN=0.307232 FROM HESSE     STATUS=OK             66 CALLS         213 TOTAL\n",
      "                     EDM=2.04619e-07    STRATEGY= 1      ERROR MATRIX ACCURATE \n",
      "  EXT PARAMETER                                INTERNAL      INTERNAL  \n",
      "  NO.   NAME      VALUE            ERROR       STEP SIZE       VALUE   \n",
      "   1  alphaL       8.53682e-01   5.23037e+00   3.67264e-03  -7.97252e-01\n",
      "   2  alphaR       1.82240e+00   4.25216e+00   1.59542e-03  -4.03385e-01\n",
      "   3  nL           8.00000e+00   7.78108e+00   1.29205e-01   1.56960e+00\n",
      "   4  nR           2.44990e+00   6.76948e+00   2.00568e-02  -3.97944e-01\n",
      "   5  sigmaL       7.66842e+01   1.21096e+02   6.19799e-03  -2.35324e-01\n",
      "   6  sigmaR       5.15634e+01   1.44161e+02   5.20744e-03  -5.05639e-01\n",
      "   7  x0           1.99443e+03   1.06825e+03   2.85025e-04  -2.78483e-03\n",
      "                               ERR DEF= 0.5\n",
      " EXTERNAL ERROR MATRIX.    NDIM=  25    NPAR=  7    ERR DEF=0.5\n",
      "  5.208e+02 -1.930e+02  6.115e-01  4.501e+01  4.537e+04 -9.112e+03  1.733e+04 \n",
      " -1.930e+02  1.043e+03 -6.557e-03 -2.072e+03 -1.914e+04  1.614e+04 -1.633e+04 \n",
      "  6.115e-01 -6.557e-03  3.056e-01 -9.213e-03  2.396e+01 -1.869e-01  1.335e+00 \n",
      "  4.501e+01 -2.072e+03 -9.213e-03  7.343e+03  4.361e+03 -1.217e+04  6.641e+03 \n",
      "  4.537e+04 -1.914e+04  2.396e+01  4.361e+03  4.187e+06 -9.022e+05  1.726e+06 \n",
      " -9.112e+03  1.614e+04 -1.869e-01 -1.217e+04 -9.022e+05  6.662e+05 -8.034e+05 \n",
      "  1.733e+04 -1.633e+04  1.335e+00  6.641e+03  1.726e+06 -8.034e+05  1.270e+06 \n",
      " PARAMETER  CORRELATION COEFFICIENTS  \n",
      "       NO.  GLOBAL      1      2      3      4      5      6      7\n",
      "        1  0.97643   1.000 -0.262  0.048  0.023  0.972 -0.489  0.674\n",
      "        2  0.90000  -0.262  1.000 -0.000 -0.749 -0.290  0.612 -0.449\n",
      "        3  0.12263   0.048 -0.000  1.000 -0.000  0.021 -0.000  0.002\n",
      "        4  0.83290   0.023 -0.749 -0.000  1.000  0.025 -0.174  0.069\n",
      "        5  0.98213   0.972 -0.290  0.021  0.025  1.000 -0.540  0.748\n",
      "        6  0.93373  -0.489  0.612 -0.000 -0.174 -0.540  1.000 -0.873\n",
      "        7  0.94610   0.674 -0.449  0.002  0.069  0.748 -0.873  1.000\n",
      "[#1] INFO:Minimization -- RooAbsMinimizerFcn::setOptimizeConst: deactivating const optimization\n",
      "[#1] INFO:InputArguments -- RooAbsData::plotOn(Events) INFO: dataset has non-integer weights, auto-selecting SumW2 errors instead of Poisson errors\n"
     ]
    },
    {
     "name": "stderr",
     "output_type": "stream",
     "text": [
      "Info in <TCanvas::Print>: pdf file ../plots/fit/model_signal.pdf has been created\n"
     ]
    },
    {
     "data": {
