alphaL: 0.8573607464612577
alphaR: 2.300739402515277
event_sum: 15.82734601454814
fraction: 0.9989187083888508
mean: 3195.902832591016
nL: 9.99552454259773
nR: 1.5664501992523014
norm: 15.779611436562208
sigma: 262.3853517875955
sigmaL: 99.4425674110295
sigmaR: 81.0597180089334
widthL: 99.4425674110295
widthR: 81.0597180089334
x0: 3195.902832591016
