alphaL: 1.8284520324033555
alphaR: 0.01
event_sum: 1.4822786791406233
mean: 3273.7125167372433
nL: 4.585376120378315
nR: 5.0
norm: 1.4822786791406233
sigma: 140.31339640655412
sigmaL: 184.32610737356842
sigmaR: 5.0
widthL: 184.32610737356842
widthR: 5.0
x0: 3273.7125167372433
