alphaL: 1.2489258587415741
alphaR: 1.2683379071678562
event_sum: 0.8730701180395548
mean: 3216.9366762281206
nL: 4.229373301192801
nR: 4.554046721507434
norm: 0.8730701180395548
sigma: 140.31339640655412
sigmaL: 125.25236184802735
sigmaR: 57.31331273360789
widthL: 125.25236184802735
widthR: 57.31331273360789
x0: 3216.9366762281206
