alphaL: 1.5680984351106768
alphaR: 1.2971823406000311
event_sum: 0.8767241466315894
mean: 3223.761876145498
nL: 4.416016792616303
nR: 3.8482955936926126
norm: 0.8767241466315894
sigma: 140.31339640655412
sigmaL: 143.93372996496214
sigmaR: 55.35952643816406
widthL: 143.93372996496214
widthR: 55.35952643816406
x0: 3223.761876145498
