alphaL: 1.314631250875725
alphaR: 1.0295424666735629
event_sum: 7.399056028197107
fraction: 0.9990980160962242
mean: 3221.4993769101507
nL: 8.372895383196665
nR: 4.5
norm: 7.2924041973701055
sigma: 262.3853517875955
sigmaL: 136.77198695388336
sigmaR: 55.82541947422438
widthL: 136.77198695388336
widthR: 55.82541947422438
x0: 3221.4993769101507
