alphaL: 2.3903229899676615
alphaR: 1.9926680932131937
event_sum: 1.5792835236702782
mean: 3244.599478132207
nL: 4.437175658371012
nR: 1.408727953532816
norm: 1.5792835236702782
sigma: 265.67172461921075
sigmaL: 222.60176984809283
sigmaR: 57.1639969626169
widthL: 222.60176984809283
widthR: 57.1639969626169
x0: 3244.599478132207
