alphaL: 1.3657205826237344
alphaR: 2.597527750326513
event_sum: 1.4876533550712787
mean: 3207.310459746503
nL: 4.479446058898216
nR: 0.9088007976951302
norm: 1.4876533550712787
sigma: 140.31339640655412
sigmaL: 129.40561430747658
sigmaR: 67.78030602724795
widthL: 129.40561430747658
widthR: 67.78030602724795
x0: 3207.310459746503
