alphaL: 1.33186541267061
alphaR: 2.358313593731369
event_sum: 1.580415056469219
mean: 3206.7822143957255
nL: 4.670855306142686
nR: 1.0435508677733354
norm: 1.580415056469219
sigma: 265.67172461921075
sigmaL: 130.64721154096983
sigmaR: 76.79591820509327
widthL: 130.64721154096983
widthR: 76.79591820509327
x0: 3206.7822143957255
