alphaL: 3.0
alphaR: 2.102725095688916
event_sum: 0.8790811017356719
fraction: 0.9997438164828829
mean: 3250.0
nL: 8.307716702652604
nR: 1.1731740763248566
norm: 0.8786118168355677
sigma: 140.00095518255037
sigmaL: 198.31366675256132
sigmaR: 51.108316406527365
widthL: 198.31366675256132
widthR: 51.108316406527365
x0: 3250.0
