alphaL: 1.2348449973437214
alphaR: 2.0175678375529316
event_sum: 0.7288773291648302
mean: 3189.840860956724
nL: 4.342388534557746
nR: 1.8315438380789173
norm: 0.7288773291648302
sigma: 265.67172461921075
sigmaL: 108.26882350169322
sigmaR: 87.30909297401132
widthL: 108.26882350169322
widthR: 87.30909297401132
x0: 3189.840860956724
