alphaL: 1.286084364110445
alphaR: 2.364328391626522
event_sum: 1.4889727244232276
fraction: 0.9992461307645889
mean: 3209.3551775196333
nL: 9.499473850711256
nR: 1.616633805156223
norm: 1.4889453785500397
sigma: 140.00095518255037
sigmaL: 131.6644195107589
sigmaR: 67.29655441696922
widthL: 131.6644195107589
widthR: 67.29655441696922
x0: 3209.3551775196333
