alphaL: 1.076728169966324
alphaR: 2.1190403317264033
event_sum: 0.7306506101363223
mean: 3189.584306941827
nL: 4.798127333569091
nR: 1.4745324631724976
norm: 0.7306506101363223
sigma: 265.67172461921075
sigmaL: 102.18123105015727
sigmaR: 88.3253094481391
widthL: 102.18123105015727
widthR: 88.3253094481391
x0: 3189.584306941827
