alphaL: 1.3695085718596338
alphaR: 1.8137915127533584
event_sum: 3.540099455334887
mean: 1505.960121205409
nL: 4.397239757007301
nR: 2.980881128184247
norm: 3.540099455334887
sigma: 78.83666506310739
sigmaL: 66.21720883981413
sigmaR: 41.00050140638639
widthL: 66.21720883981413
widthR: 41.00050140638639
x0: 1505.960121205409
