alphaL: 1.5819082705882601
alphaR: 1.01653116520264
event_sum: 3.279969245665003
mean: 1520.2530812780885
nL: 3.96953385630673
nR: 3.9490253729917066
norm: 3.279969245665003
sigma: 78.83666506310739
sigmaL: 81.64004874282868
sigmaR: 17.171144751550642
widthL: 81.64004874282868
widthR: 17.171144751550642
x0: 1520.2530812780885
