alphaL: 1.1358267239577746
alphaR: 1.9208189771663824
event_sum: 34.57312488389115
fraction: 0.9977156046154715
mean: 1503.7678753150847
nL: 10.0
nR: 2.5618499137354047
norm: 34.53882423869115
sigma: 78.72983676877612
sigmaL: 61.33049842995833
sigmaR: 42.59400685580414
widthL: 61.33049842995833
widthR: 42.59400685580414
x0: 1503.7678753150847
