alphaL: 1.4683388320729485
alphaR: 2.1435785843941324
event_sum: 84.27144815407569
mean: 1503.7903096401576
nL: 4.501520529720823
nR: 3.0368109315683687
norm: 84.27144815407569
sigma: 71.76852746979995
sigmaL: 66.73980339378895
sigmaR: 41.32716933716336
widthL: 66.73980339378895
widthR: 41.32716933716336
x0: 1503.7903096401576
