alphaL: 1.2111162967234224
alphaR: 1.9297669927241576
event_sum: 3.5282939380153753
mean: 1502.8356708691801
nL: 4.451435665275395
nR: 2.490431471285089
norm: 3.5282939380153753
sigma: 78.83666506310739
sigmaL: 60.424618552478506
sigmaR: 43.207989502458545
widthL: 60.424618552478506
widthR: 43.207989502458545
x0: 1502.8356708691801
