alphaL: 1.2775921435656836
alphaR: 2.277062967676998
event_sum: 83.94510337184809
mean: 1501.3625476182026
nL: 4.997157159009767
nR: 2.5472535099891696
norm: 83.94510337184809
sigma: 71.76852746979995
sigmaL: 61.959442999302375
sigmaR: 42.78075289317928
widthL: 61.959442999302375
widthR: 42.78075289317928
x0: 1501.3625476182026
