alphaL: 1.4010757073111102
alphaR: 2.4701914898865196
event_sum: 57.25283615449123
mean: 1501.993015986016
nL: 4.996731817428034
nR: 1.722472498867079
norm: 57.25283615449123
sigma: 71.76852746979995
sigmaL: 68.84003221604067
sigmaR: 38.972052027766466
widthL: 68.84003221604067
widthR: 38.972052027766466
x0: 1501.993015986016
