alphaL: 1.2233044098430987
alphaR: 2.202632368535008
event_sum: 32.1116874266436
fraction: 0.9976333201074498
mean: 1502.3906926211594
nL: 10.0
nR: 2.1475639629677765
norm: 32.087944380991296
sigma: 78.72983676877612
sigmaL: 65.74631473201745
sigmaR: 39.43029656283177
widthL: 65.74631473201745
widthR: 39.43029656283177
x0: 1502.3906926211594
