alphaL: 1.3671587730379011
alphaR: 2.128325894150758
event_sum: 53.04383962589456
fraction: 0.9991481104247019
mean: 1503.3858085675931
nL: 9.991505254633452
nR: 3.783838699276881
norm: 53.03842021572022
sigma: 71.89350924848853
sigmaL: 70.04099908319567
sigmaR: 37.90465371436956
widthL: 70.04099908319567
widthR: 37.90465371436956
x0: 1503.3858085675931
