alphaL: 1.541073457508752
alphaR: 2.411981963151626
event_sum: 57.503385956857926
mean: 1502.9560843678946
nL: 4.502648372279975
nR: 2.0854613433052545
norm: 57.503385956857926
sigma: 71.76852746979995
sigmaL: 71.49883110991684
sigmaR: 38.55642034528436
widthL: 71.49883110991684
widthR: 38.55642034528436
x0: 1502.9560843678946
