alphaL: 1.2628703047705516
alphaR: 2.1093353484208555
event_sum: 77.62313375812245
fraction: 0.9990457554570429
mean: 1502.6339037416003
nL: 9.994630488237773
nR: 3.3353672597662976
norm: 77.5906680619316
sigma: 71.89350924848853
sigmaL: 63.86024372892853
sigmaR: 41.93948074169694
widthL: 63.86024372892853
widthR: 41.93948074169694
x0: 1502.6339037416003
