alphaL: 1.4916525642306133
alphaR: 2.024096904882434
event_sum: 3.2908764028748023
mean: 1506.0090646066344
nL: 4.4769735368550485
nR: 2.552818314364497
norm: 3.2908764028748023
sigma: 78.83666506310739
sigmaL: 71.84767566226019
sigmaR: 37.244196971828096
widthL: 71.84767566226019
widthR: 37.244196971828096
x0: 1506.0090646066344
