alphaL: 0.9291922762329843
alphaR: 2.301622668508931
event_sum: 77.24986403946626
mean: 1499.1198668733318
nL: 121.26129864498236
nR: 2.66330769586045
norm_2016: 77.24986403946626
norm_2017: 77.24986403946626
norm_2018: 77.24986403946626
norm_Run2: 77.24986403946626
sigma: 71.89665141913747
sigmaL: 55.21101475035264
sigmaR: 44.028813166333066
widthL: 55.21101475035264
widthR: 44.028813166333066
x0: 1499.1198668733318
