alphaL: 1.0491935958997916
alphaR: 2.476936903377104
event_sum: 52.80234272208738
mean: 1500.6540862611605
nL: 100.24865633668416
nR: 2.0320620857230596
norm_2016: 14.000425818999608
norm_2017: 17.406115506139805
norm_2018: 25.29572674545844
norm_Run2: 52.80234272208738
sigma: 71.89665141913747
sigmaL: 63.11234462173701
sigmaR: 39.619694730444806
widthL: 63.11234462173701
widthR: 39.619694730444806
x0: 1500.6540862611605
