alphaL: 1.0651272095066688
alphaR: 2.4682627835868303
event_sum: 52.80234272208738
mean: 1500.732954241168
nL: 85.68258529749463
nR: 2.0641527965923223
norm_2016: 52.80234272208738
norm_2017: 52.80234272208738
norm_2018: 52.80234272208738
norm_Run2: 52.80234272208738
sigma: 71.89665141913747
sigmaL: 63.74886987782703
sigmaR: 39.62272889605025
widthL: 63.74886987782703
widthR: 39.62272889605025
x0: 1500.732954241168
