alphaL: 0.969400170035818
alphaR: 1.3128694162320553
event_sum: 22.03563018305457
mean: 1473.5775646973107
nL: 0.8078240879172367
nR: 6.01029221989597
norm_2016: 5.9370565212124315
norm_2017: 6.9156396643481814
norm_2018: 9.545804612613662
norm_Run2: 22.03563018305457
sigma: 150.0
sigmaL: 131.02676985463106
sigmaR: 84.11357266677255
widthL: 131.02676985463106
widthR: 84.11357266677255
x0: 1473.5775646973107
