alphaL: 0.9943273235650119
alphaR: 1.4742873567621992
event_sum: 25.521644733413147
mean: 1483.782715501097
nL: 1.6730925193744182
nR: 4.066854786706818
norm_2016: 6.926895513426462
norm_2017: 7.923913077419743
norm_2018: 11.149291869203747
norm_Run2: 25.521644733413147
sigma: 84.0
sigmaL: 91.9640105540144
sigmaR: 71.22696198551424
widthL: 91.9640105540144
widthR: 71.22696198551424
x0: 1483.782715501097
