alphaL: 0.933238248615577
alphaR: 2.0195384070622033
event_sum: 34.30983038218304
mean: 1501.5623099395561
nL: 16.548261163440536
nR: 2.2362890579910295
norm_2016: 34.30983038218304
norm_2017: 34.30983038218304
norm_2018: 34.30983038218304
norm_Run2: 34.30983038218304
sigma: 78.7350974323431
sigmaL: 55.17581709867852
sigmaR: 44.00209618893235
widthL: 55.17581709867852
widthR: 44.00209618893235
x0: 1501.5623099395561
