alphaL: 1.0035333319093445
alphaR: 1.4665505193919168
event_sum: 25.521644733413147
mean: 1484.1263496021077
nL: 1.6414632375140155
nR: 4.116389606657534
norm_2016: 6.926895513426462
norm_2017: 7.923913077419743
norm_2018: 11.149291869203747
norm_Run2: 25.521644733413147
sigma: 84.0
sigmaL: 92.489022915176
sigmaR: 70.90728354884222
widthL: 92.489022915176
widthR: 70.90728354884222
x0: 1484.1263496021077
