alphaL: 0.9868825207239231
alphaR: 1.2985914420990738
event_sum: 22.03563018305457
mean: 1474.0460099539146
nL: 0.7778006734258684
nR: 6.175694325022791
norm_2016: 5.9370565212124315
norm_2017: 6.9156396643481814
norm_2018: 9.545804612613662
norm_Run2: 22.398500798174272
sigma: 150.0
sigmaL: 132.251614004803
sigmaR: 83.46869532355937
widthL: 132.251614004803
widthR: 83.46869532355937
x0: 1474.0460099539146
