alphaL: 1.0168607298489307
alphaR: 1.46196288146177
event_sum: 22.78563571055988
mean: 1484.6110256631314
nL: 3.5210519725289267
nR: 4.228230246208641
norm_2016: 22.78563571055988
norm_2017: 22.78563571055988
norm_2018: 22.78563571055988
norm_Run2: 22.78563571055988
sigma: 84.0
sigmaL: 96.16095603734297
sigmaR: 67.33541997765016
widthL: 96.16095603734297
widthR: 67.33541997765016
x0: 1484.6110256631314
