alphaL: 0.8861131735345619
alphaR: 2.3815194501037014
event_sum: 31.90184795209564
mean: 1499.353874876189
nL: 62.35045731412124
nR: 1.7255317223709854
norm_2016: 8.206984694972295
norm_2017: 10.08427858892325
norm_2018: 14.402201318810159
norm_Run2: 31.90184795209564
sigma: 78.7350974323431
sigmaL: 56.04517853919168
sigmaR: 41.01500847996635
widthL: 56.04517853919168
widthR: 41.01500847996635
x0: 1499.353874876189
