alphaL: 0.9513356485612539
alphaR: 1.219049950876348
event_sum: 19.01475138855942
mean: 1472.9343855988427
nL: 1.8639001883398412
nR: 4.828894686602718
norm_2016: 19.01475138855942
norm_2017: 19.01475138855942
norm_2018: 19.01475138855942
norm_Run2: 19.01475138855942
sigma: 150.0
sigmaL: 127.45209842238177
sigmaR: 78.9952071294164
widthL: 127.45209842238177
widthR: 78.9952071294164
x0: 1472.9343855988427
