alphaL: 1.5260213470422568
alphaR: 2.249854575158654
event_sum: 222.64398221997544
mean: 805.5794305373129
nL: 152.838320300835
nR: 9.903436836752263
norm_2016: 60.30224485322833
norm_2017: 71.69607531744987
norm_2018: 98.37256382964551
norm_Run2: 222.64398221997544
sigma: 39.525947604009644
sigmaL: 42.699126909735654
sigmaR: 27.63101525693735
widthL: 42.699126909735654
widthR: 27.63101525693735
x0: 805.5794305373129
