alphaL: 1.1276910549407648
alphaR: 2.481429995241424
event_sum: 14.670531465264503
mean: 802.8066890903997
nL: 85.25586106048793
nR: 9.220311436257253
norm_2016: 3.6510803863056935
norm_2017: 4.617415244225413
norm_2018: 6.6700474875979125
norm_Run2: 14.670531465264503
sigma: 40.588915126924036
sigmaL: 39.76651166934725
sigmaR: 26.61838366919097
widthL: 39.76651166934725
widthR: 26.61838366919097
x0: 802.8066890903997
