alphaL: 0.8398829830590525
alphaR: 1.2534245860230298
event_sum: 11.581572082592174
mean: 787.3063056755609
nL: 15.99711624192617
nR: 4.273264128839123
norm_2016: 2.8216289670672268
norm_2017: 3.6445615098346025
norm_2018: 5.28298872616142
norm_Run2: 11.581572082592174
sigma: 80.0
sigmaL: 59.96997088182483
sigmaR: 50.269807213559524
widthL: 59.96997088182483
widthR: 50.269807213559524
x0: 787.3063056755609
