alphaL: 0.531232328926922
alphaR: 0.5991306595131645
event_sum: 4.310743479269073
fraction: 0.5874368591333192
mean: 3416.1945315653443
nL: 0.4
nR: 2.442794382723737
norm: 0.39478607259305953
sigma: 340.0
sigmaL: 404.5426296361154
sigmaR: 79.29098415537143
widthL: 404.5426296361154
widthR: 79.29098415537143
x0: 3416.1945315653443
