alphaL: 0.5783379979979251
alphaR: 0.9985409583863367
event_sum: 0.11106799104868878
mean: 3421.4800251588654
nL: 0.999706610429304
nR: 2.154318393244749
norm: 0.11106799104868878
sigma: 340.0
sigmaL: 549.0254520639135
sigmaR: 84.24082565142577
widthL: 549.0254520639135
widthR: 84.24082565142577
x0: 3421.4800251588654
