alphaL: 1.275827609832549
alphaR: 1.9209071874963182
event_sum: 0.09362651257146637
mean: 3362.523480528662
nL: 0.1
nR: 0.5359049863358669
norm: 0.09362651257146637
sigma: 340.0
sigmaL: 441.37710324872137
sigmaR: 146.64988495186353
widthL: 441.37710324872137
widthR: 146.64988495186353
x0: 3362.523480528662
