alphaL: 0.11140325693133636
alphaR: 0.48270722397700716
event_sum: 0.06411420366579652
mean: 3445.7953576842833
nL: 1.0043245376515049
nR: 2.153346338810551
norm: 0.06411420366579652
sigma: 340.0
sigmaL: 1215.0939259849374
sigmaR: 41.661969182034525
widthL: 1215.0939259849374
widthR: 41.661969182034525
x0: 3445.7953576842833
