alphaL: 0.7432258479499707
alphaR: 0.9656089172276129
event_sum: 0.04750189572382198
mean: 3471.622699713218
nL: 0.1316428040226329
nR: 0.1
norm: 0.04750189572382198
sigma: 340.0
sigmaL: 369.7353186536206
sigmaR: 22.478368778951065
widthL: 369.7353186536206
widthR: 22.478368778951065
x0: 3471.622699713218
