alphaL: 0.7901421008729294
alphaR: 0.7165856601194919
event_sum: 3.1110631692242756
fraction: 0.6552836094880281
mean: 3422.7630840426295
nL: 0.5724312444579005
nR: 3.43776228248388
norm: 0.8427414303868298
sigma: 340.0
sigmaL: 427.91348486117033
sigmaR: 67.24239861271714
widthL: 427.91348486117033
widthR: 67.24239861271714
x0: 3422.7630840426295
