alphaL: 1.4843654351740494
alphaR: 2.160078556832164
event_sum: 48.08666394403501
mean: 1351.0593958191025
nL: 4.499273973248619
nR: 2.8456564216224303
norm: 48.08666394403501
sigma: 65.21705485455786
sigmaL: 60.60350952814379
sigmaR: 37.96016275644858
widthL: 60.60350952814379
widthR: 37.96016275644858
x0: 1351.0593958191025
