alphaL: 1.2536751024657644
alphaR: 2.2693225585506753
event_sum: 47.91847066011978
mean: 1348.3110072634404
nL: 4.9717726703910285
nR: 2.579808110214387
norm: 47.91847066011978
sigma: 65.21705485455786
sigmaL: 54.92082641591726
sigmaR: 39.43365213117114
widthL: 54.92082641591726
widthR: 39.43365213117114
x0: 1348.3110072634404
