alphaL: 0.9887971858613439
alphaR: 2.243121996645314
event_sum: 103.54997833595337
fraction: 0.9958752297086715
mean: 1351.3758781754723
nL: 122.89825081776844
nR: 3.5365137395963346
norm: 47.99572607155985
sigma: 65.46945728176867
sigmaL: 53.07242599208997
sigmaR: 39.90489473213128
widthL: 53.07242599208997
widthR: 39.90489473213128
x0: 1351.3758781754723
