alphaL: 1.511232125340322
alphaR: 2.038400235464402
event_sum: 1.3035994205996937
mean: 1351.6770810817366
nL: 4.1538727282478405
nR: 3.282197800058494
norm: 1.3035994205996937
sigma: 69.51881619661806
sigmaL: 64.19927603200122
sigmaR: 34.781073922202246
widthL: 64.19927603200122
widthR: 34.781073922202246
x0: 1351.6770810817366
