alphaL: 1.6614521041758923
alphaR: 2.2024274173329235
event_sum: 1.29859943065085
mean: 1352.2224714076506
nL: 2.291088918204208
nR: 2.0854994528272357
norm: 1.29859943065085
sigma: 69.51881619661806
sigmaL: 65.28980157898292
sigmaR: 34.74011611624691
widthL: 65.28980157898292
widthR: 34.74011611624691
x0: 1352.2224714076506
