alphaL: 1.335252806730558
alphaR: 2.2887577916723796
event_sum: 13.055134583272777
fraction: 0.9980376412442296
mean: 1350.629573704661
nL: 9.779636677304167
nR: 1.931301156687996
norm: 13.04940575932122
sigma: 69.24609156189362
sigmaL: 62.28069010522882
sigmaR: 35.38330186890789
widthL: 62.28069010522882
widthR: 35.38330186890789
x0: 1350.629573704661
