alphaL: 1.2374176585388919
alphaR: 2.543598721931007
event_sum: 29.836507039551062
fraction: 0.9978265884168254
mean: 1346.3308487472887
nL: 10.0
nR: 1.6055781825144142
norm: 29.834756815410262
sigma: 65.552486664403
sigmaL: 57.31285540312485
sigmaR: 37.93305645496757
widthL: 57.31285540312485
widthR: 37.93305645496757
x0: 1346.3308487472887
