alphaL: 1.4521123240116172
alphaR: 2.4780774229305433
event_sum: 29.786472078281673
mean: 1348.197529013802
nL: 4.4890079237856435
nR: 2.2831085736966323
norm: 29.786472078281673
sigma: 65.21705485455786
sigmaL: 61.07624005083898
sigmaR: 37.13071348708133
widthL: 61.07624005083898
widthR: 37.13071348708133
x0: 1348.197529013802
