alphaL: 1.3074738442789013
alphaR: 1.7599997369315799
event_sum: 1.5640463461513916
mean: 1351.391854554949
nL: 4.629978724153877
nR: 4.203253461582906
norm: 1.5640463461513916
sigma: 69.51881619661806
sigmaL: 57.54118524470145
sigmaR: 39.119569163481565
widthL: 57.54118524470145
widthR: 39.119569163481565
x0: 1351.391854554949
