alphaL: 1.2760292748998538
alphaR: 1.9268516277416696
event_sum: 1.5588578007131069
mean: 1352.017626356187
nL: 3.333367150236328
nR: 2.7419919452118497
norm: 1.5588578007131069
sigma: 69.51881619661806
sigmaL: 57.41907978155194
sigmaR: 38.849496050118226
widthL: 57.41907978155194
widthR: 38.849496050118226
x0: 1352.017626356187
