alphaL: 1.2324538995270744
alphaR: 2.2468402532764213
event_sum: 48.114528522203344
fraction: 0.9987386278319426
mean: 1347.9297123050953
nL: 10.0
nR: 2.647023950222893
norm: 48.10365573188391
sigma: 65.552486664403
sigmaL: 55.83563662470902
sigmaR: 39.6677894682842
widthL: 55.83563662470902
widthR: 39.6677894682842
x0: 1347.9297123050953
