alphaL: 1.132729733156167
alphaR: 1.7906780526032628
event_sum: 15.677693786770604
fraction: 0.9986067048420294
mean: 1351.4024416547195
nL: 9.964638823550603
nR: 3.8430582702752654
norm: 15.66699232240531
sigma: 69.24609156189362
sigmaL: 56.15914127922966
sigmaR: 38.893811251143546
widthL: 56.15914127922966
widthR: 38.893811251143546
x0: 1351.4024416547195
