alphaL: 1.2720932141910921
alphaR: 2.594389122908498
event_sum: 29.654876531725403
mean: 1346.607046376371
nL: 4.942492929558649
nR: 2.114524157493786
norm: 29.654876531725403
sigma: 65.21705485455786
sigmaL: 57.380709178421554
sigmaR: 37.81909717982356
widthL: 57.380709178421554
widthR: 37.81909717982356
x0: 1346.607046376371
