alphaL: 1.154635710880294
alphaR: 1.7002379744569647
event_sum: 16.75141758661022
mean: 1951.2941221482354
nL: 0.2007961847484714
nR: 1.6736529052322364
norm: 16.75141758661022
sigma: 131
sigmaL: 175.5002386875846
sigmaR: 116.02916595912713
widthL: 175.5002386875846
widthR: 116.02916595912713
x0: 1951.2941221482354
