alphaL: 0.619017243571861
alphaR: 1.5729891039468338
event_sum: 8.663736600638192
mean: 1940.157316602228
nL: 2.9744194400621087
nR: 2.9656083681166594
norm: 8.663736600638192
sigma: 131.20490158573847
sigmaL: 154.58932117759332
sigmaR: 122.9752412228964
widthL: 154.58932117759332
widthR: 122.9752412228964
x0: 1940.157316602228
