alphaL: 1.2015839148891203
alphaR: 1.6006399308260186
event_sum: 10.504030225412231
mean: 1960.7554429996899
nL: 0.20000585602575247
nR: 1.6373049141338365
norm: 10.504030225412231
sigma: 131.20490158573847
sigmaL: 176.69704286792305
sigmaR: 105.33185071031549
widthL: 176.69704286792305
widthR: 105.33185071031549
x0: 1960.7554429996899
