alphaL: 1.1769536968332153
alphaR: 1.635679616122885
event_sum: 1.5880715871946476
mean: 1963.8092553287615
nL: 0.20014677882953608
nR: 1.7397656713132095
norm: 1.5880715871946476
sigma: 131.44671638032403
sigmaL: 174.36951289367687
sigmaR: 101.90425411687629
widthL: 174.36951289367687
widthR: 101.90425411687629
x0: 1963.8092553287615
