alphaL: 1.1772331007089911
alphaR: 1.6456149425448945
event_sum: 1.5880715871946476
mean: 1964.2633963926603
nL: 0.2000177785160313
nR: 1.6720633330119623
norm: 1.5880715871946476
sigma: 131.44671638032403
sigmaL: 174.47239032984095
sigmaR: 101.67369141454127
widthL: 174.47239032984095
widthR: 101.67369141454127
x0: 1964.2633963926603
