alphaL: 1.0980379682328707
alphaR: 1.764106677101329
event_sum: 29.52541368712613
mean: 1940.626187091542
nL: 0.20004116817410164
nR: 2.9913905910211387
norm: 29.52541368712613
sigma: 131
sigmaL: 149.31823184868318
sigmaR: 124.87937070524117
widthL: 149.31823184868318
widthR: 124.87937070524117
x0: 1940.626187091542
