alphaL: 0.9734480444799865
alphaR: 1.4934265473700998
event_sum: 10.506702093195639
mean: 1953.7531248849755
nL: 0.7392469895488591
nR: 2.83357399796919
norm: 10.506702093195639
sigma: 131.3304201592796
sigmaL: 162.93649192159376
sigmaR: 109.3885323591329
widthL: 162.93649192159376
widthR: 109.3885323591329
x0: 1953.7531248849755
