alphaL: 4.954404196118313
alphaR: 1.0287722107835668
event_sum: 13.349034485116272
mean: 2057.07963698552
nL: 2.8818559759241165
nR: 2.99992730615629
norm: 13.349034485116272
sigma: 533
sigmaL: 701.528661833279
sigmaR: 63.32922779759887
widthL: 701.528661833279
widthR: 63.32922779759887
x0: 2057.07963698552
