alphaL: 1.0742478769657648
alphaR: 1.6099545687915173
event_sum: 8.665236252835959
mean: 1943.292198485266
nL: 0.20199385713803275
nR: 2.543252213104535
norm: 8.665236252835959
sigma: 131.3304201592796
sigmaL: 179.54056697936667
sigmaR: 121.60385943948064
widthL: 179.54056697936667
widthR: 121.60385943948064
x0: 1943.292198485266
