alphaL: 1.1064192361127747
alphaR: 1.4525715753786348
event_sum: 1.3087902487246106
mean: 1969.312696836543
nL: 0.20066782671066707
nR: 2.1620604272383797
norm: 1.3087902487246106
sigma: 131.44671638032403
sigmaL: 227.32571954413805
sigmaR: 102.98792808568815
widthL: 227.32571954413805
widthR: 102.98792808568815
x0: 1969.312696836543
