alphaL: 1.1017252301140095
alphaR: 1.428598360749824
event_sum: 1.3087902487246106
mean: 1969.079814692804
nL: 0.2003380879306923
nR: 2.35970156474012
norm: 1.3087902487246106
sigma: 131.44671638032403
sigmaL: 226.21327366123916
sigmaR: 102.84123022342732
widthL: 226.21327366123916
widthR: 102.84123022342732
x0: 1969.079814692804
