alphaL: 1.123793949042327
alphaR: 1.4846126307489773
event_sum: 3.773041779527184
mean: 1967.614613930759
nL: 0.20118224075151198
nR: 2.1322693606275247
norm: 3.773041779527184
sigma: 131
sigmaL: 224.59933528614908
sigmaR: 101.50135307734956
widthL: 224.59933528614908
widthR: 101.50135307734956
x0: 1967.614613930759
