alphaL: 3.592911634520659
alphaR: 2.0655851571513817
event_sum: 15.702505475960443
mean: 1953.8892550014998
nL: 1.2216272903914394
nR: 2.320152377847673
norm: 15.702505475960443
sigma: 533
sigmaL: 869.5506403818158
sigmaR: 141.33893768192917
widthL: 869.5506403818158
widthR: 141.33893768192917
x0: 1953.8892550014998
