alphaL: 0.15052177280267126
alphaR: 1.8754421980173948
event_sum: 8.456037606501027
mean: 1918.1861278313681
nL: 0.20000038064380507
nR: 2.998823220577551
norm: 8.456037606501027
sigma: 131
sigmaL: 13.162994663841062
sigmaR: 138.51653827358018
widthL: 13.162994663841062
widthR: 138.51653827358018
x0: 1918.1861278313681
