alphaL: 0.567571013957778
alphaR: 0.9624945642410471
event_sum: 1.5617845097585814
mean: 2019.8731649463612
nL: 1.0000109386681728
nR: 3.575070248711034
norm: 1.5617845097585814
sigma: 200.0
sigmaL: 242.24732106764336
sigmaR: 62.49356598671442
widthL: 242.24732106764336
widthR: 62.49356598671442
x0: 2019.8731649463612
