alphaL: 1.0058650589758669
alphaR: 1.4224980658726305
event_sum: 2.1596157899621176
mean: 1959.5964385270115
nL: 0.40031970631007907
nR: 4.130472798317898
norm: 2.1596157899621176
sigma: 200.0
sigmaL: 190.84332890129025
sigmaR: 108.3049041956956
widthL: 190.84332890129025
widthR: 108.3049041956956
x0: 1959.5964385270115
