alphaL: 0.8125083765944904
alphaR: 1.438998352286877
event_sum: 18.73735474818386
fraction: 0.8421128764209337
mean: 1950.3525861852909
nL: 1.2409350251913853
nR: 3.5230438995349473
norm: 13.90320424339734
sigma: 200.0
sigmaL: 145.62314687969248
sigmaR: 111.92925050371724
widthL: 145.62314687969248
widthR: 111.92925050371724
x0: 1950.3525861852909
