alphaL: 0.7123838664030627
alphaR: 1.5725533384780677
event_sum: 1.6872412453158177
mean: 1955.6407520029406
nL: 1.0136676870841672
nR: 2.7897036995363274
norm: 1.6872412453158177
sigma: 200.0
sigmaL: 133.33436183829815
sigmaR: 109.82569946995032
widthL: 133.33436183829815
widthR: 109.82569946995032
x0: 1955.6407520029406
