alphaL: 1.044708934655213
alphaR: 1.3963272933377182
event_sum: 20.700902676209807
fraction: 0.7300138880156863
mean: 1950.0018692752724
nL: 0.3208655676384443
nR: 5.999947422411006
norm: 11.836014804430306
sigma: 200.0
sigmaL: 180.94063579924727
sigmaR: 116.30727688182078
widthL: 180.94063579924727
widthR: 116.30727688182078
x0: 1950.0018692752724
