alphaL: 0.9813860476420888
alphaR: 1.463565894221731
event_sum: 20.700902676209807
fraction: 0.7469639692058957
mean: 1953.0271151658048
nL: 0.4000017923679278
nR: 4.409548162843792
norm: 11.974956793827005
sigma: 200.0
sigmaL: 180.2525273602046
sigmaR: 115.38633134398387
widthL: 180.2525273602046
widthR: 115.38633134398387
x0: 1953.0271151658048
