alphaL: 0.9958158680341664
alphaR: 1.271837948558467
event_sum: 1.1532414837856777
mean: 1975.6356351577833
nL: 0.20080422648944954
nR: 2.078283234505439
norm: 1.1532414837856777
sigma: 108.15792506432382
sigmaL: 182.646687331131
sigmaR: 91.42953856877524
widthL: 182.646687331131
widthR: 91.42953856877524
x0: 1975.6356351577833
