alphaL: 0.7318474807536876
alphaR: 1.4418217942022478
event_sum: 1.6872412453158177
mean: 1947.1896810745436
nL: 1.0000676882018136
nR: 3.62010756974874
norm: 1.6872412453158177
sigma: 200.0
sigmaL: 134.59703507907707
sigmaR: 114.67887267082854
widthL: 134.59703507907707
widthR: 114.67887267082854
x0: 1947.1896810745436
