alphaL: 0.74230775382726
alphaR: 1.3238968076824487
event_sum: 2.1596157899621176
mean: 1970.8120443431817
nL: 1.0000007824500246
nR: 4.495488140730505
norm: 2.1596157899621176
sigma: 200.0
sigmaL: 188.47931453245823
sigmaR: 101.87159859051629
widthL: 188.47931453245823
widthR: 101.87159859051629
x0: 1970.8120443431817
