alphaL: 1.1636679457349859
alphaR: 1.2533604203945166
event_sum: 1.9571323871568893
mean: 1968.6259606990534
nL: 0.5740998952148579
nR: 4.030793743705657
norm: 1.9571323871568893
sigma: 200.0
sigmaL: 185.23358576928285
sigmaR: 97.75978819036652
widthL: 185.23358576928285
widthR: 97.75978819036652
x0: 1968.6259606990534
