alphaL: 0.9970224413257305
alphaR: 1.1828832714006252
event_sum: 1.9571323871568893
mean: 1970.7696484447101
nL: 1.0013260668064015
nR: 3.8231788178540618
norm: 1.9571323871568893
sigma: 200.0
sigmaL: 177.17589411475325
sigmaR: 92.57922458409477
widthL: 177.17589411475325
widthR: 92.57922458409477
x0: 1970.7696484447101
