alphaL: 1.2759910659390643
alphaR: 1.4773557020813106
event_sum: 1.3625906487286557
mean: 1956.6593690677066
nL: 0.10007355774995302
nR: 4.004799215923135
norm: 1.3625906487286557
sigma: 200.0
sigmaL: 203.33285160130887
sigmaR: 113.86250740120799
widthL: 203.33285160130887
widthR: 113.86250740120799
x0: 1956.6593690677066
