alphaL: 1.0880533089071016
alphaR: 1.2726143792203524
event_sum: 18.73735474818386
fraction: 0.8231030680694358
mean: 1965.8056268895139
nL: 0.7124140355905899
nR: 4.129087487170162
norm: 14.024342200136743
sigma: 200.0
sigmaL: 178.6346627187281
sigmaR: 100.45432620545996
widthL: 178.6346627187281
widthR: 100.45432620545996
x0: 1965.8056268895139
