alphaL: 0.8942999096640528
alphaR: 1.2996162409488026
event_sum: 0.9273144305334426
mean: 1964.0894060775959
nL: 0.20054997048786782
nR: 2.3925675247052016
norm: 0.9273144305334426
sigma: 108.15792506432382
sigmaL: 195.12429770402892
sigmaR: 99.16556140138456
widthL: 195.12429770402892
widthR: 99.16556140138456
x0: 1964.0894060775959
