alphaL: 1.5419156986780538
alphaR: 1.4135472908304618
event_sum: 1.5565564973585424
mean: 1973.6167880127284
nL: 0.10149425549347887
nR: 2.665504955028272
norm: 1.5565564973585424
sigma: 200.0
sigmaL: 214.55675694695543
sigmaR: 97.9206862017806
widthL: 214.55675694695543
widthR: 97.9206862017806
x0: 1973.6167880127284
