alphaL: 0.45244743594169623
alphaR: 1.3556226599634846
event_sum: 1.5617845097585814
mean: 1971.4736149558619
nL: 1.005588500469768
nR: 3.7218350398679987
norm: 1.5617845097585814
sigma: 200.0
sigmaL: 162.78939981994853
sigmaR: 102.04686907721117
widthL: 162.78939981994853
widthR: 102.04686907721117
x0: 1971.4736149558619
