alphaL: 0.945283758383887
alphaR: 1.6952697101794538
event_sum: 11.019198694488692
fraction: 0.9984466650364591
mean: 2843.9990860084904
nL: 10.0
nR: 2.954975872950801
norm: 10.925482347313563
sigma: 189.81850854174104
sigmaL: 97.52798241299621
sigmaR: 72.91042141476427
widthL: 97.52798241299621
widthR: 72.91042141476427
x0: 2843.9990860084904
