alphaL: 1.4013480546338453
alphaR: 1.9379147717238026
event_sum: 3.8576105611594556
mean: 2846.2928719846554
nL: 4.470870967649035
nR: 4.055063811704624
norm: 3.8576105611594556
sigma: 125.26320682843944
sigmaL: 120.17463349116514
sigmaR: 60.38555376088798
widthL: 120.17463349116514
widthR: 60.38555376088798
x0: 2846.2928719846554
