alphaL: 1.1596178106200143
alphaR: 1.9808446744719321
event_sum: 3.8416904769600464
mean: 2840.1996291457867
nL: 4.875985754586447
nR: 4.217429394154307
norm: 3.8416904769600464
sigma: 125.26320682843944
sigmaL: 106.07830616875424
sigmaR: 62.99431298028584
widthL: 106.07830616875424
widthR: 62.99431298028584
x0: 2840.1996291457867
