alphaL: 1.1165297394144778
alphaR: 2.134995739996345
event_sum: 2.441092685720629
fraction: 0.9992412896009418
mean: 2835.772786038996
nL: 9.80146920791174
nR: 2.924135658758402
norm: 2.44111816563092
sigma: 125.04576222230644
sigmaL: 100.77082720700672
sigmaR: 72.18393799335608
widthL: 100.77082720700672
widthR: 72.18393799335608
x0: 2835.772786038996
