alphaL: 1.374487153580213
alphaR: 1.8903182241775716
event_sum: 2.225099910747817
mean: 2852.810520809834
nL: 4.641025518347868
nR: 2.0286432372701375
norm: 2.225099910747817
sigma: 191.7130858776475
sigmaL: 123.28971092368818
sigmaR: 61.92318378529278
widthL: 123.28971092368818
widthR: 61.92318378529278
x0: 2852.810520809834
