alphaL: 1.3017110776593694
alphaR: 1.8622347325138335
event_sum: 2.436529137977742
mean: 2841.17874470369
nL: 4.32045771177255
nR: 3.887071099907155
norm: 2.436529137977742
sigma: 125.26320682843944
sigmaL: 106.5917865136711
sigmaR: 68.55059955195443
widthL: 106.5917865136711
widthR: 68.55059955195443
x0: 2841.17874470369
