alphaL: 0.7608253945403888
alphaR: 1.7864289301240002
event_sum: 25.131467122549513
fraction: 0.9882396608409278
mean: 2844.242185252186
nL: 20.189386719524105
nR: 2.642933925404349
norm: 10.826913399807577
sigma: 194.92144016045756
sigmaL: 86.12212149574395
sigmaR: 73.77019777635475
widthL: 86.12212149574395
widthR: 73.77019777635475
x0: 2844.242185252186
