alphaL: 1.110598191085268
alphaR: 1.917042791313777
event_sum: 22.326398944917624
fraction: 0.9981973504847996
mean: 2848.9350153620703
nL: 10.0
nR: 2.0473208015429156
norm: 22.274745798866057
sigma: 189.81850854174104
sigmaL: 112.08289064968345
sigmaR: 63.89531044045403
widthL: 112.08289064968345
widthR: 63.89531044045403
x0: 2848.9350153620703
