alphaL: 1.1601603703032033
alphaR: 2.0162932876993063
event_sum: 3.8760448512129995
fraction: 0.9991567036857539
mean: 2841.049986985844
nL: 9.92008389111642
nR: 3.702402289680782
norm: 3.876397068944744
sigma: 125.04576222230644
sigmaL: 110.0131051036266
sigmaR: 62.33087435251804
widthL: 110.0131051036266
widthR: 62.33087435251804
x0: 2841.049986985844
