alphaL: 1.136331185419179
alphaR: 1.7183586875823762
event_sum: 1.0910952660133098
mean: 2846.412830175492
nL: 4.677518396809992
nR: 3.0609887575405983
norm: 1.0910952660133098
sigma: 191.7130858776475
sigmaL: 105.64929109328568
sigmaR: 72.51884980715532
widthL: 105.64929109328568
widthR: 72.51884980715532
x0: 2846.412830175492
