alphaL: 0.8405961124222884
alphaR: 2.28694973699691
event_sum: 7.7717626394702615
fraction: 0.9932111679912637
mean: 2841.9089326650856
nL: 52.51988709657365
nR: 2.44720753437682
norm: 3.8599679661367943
sigma: 128.44925671335076
sigmaL: 93.73807506282016
sigmaR: 66.84068144026033
widthL: 93.73807506282016
widthR: 66.84068144026033
x0: 2841.9089326650856
