alphaL: 1.1328880881533827
alphaR: 2.081034745112744
event_sum: 2.426786514075773
mean: 2834.661910518115
nL: 4.5207173030562355
nR: 2.9344915403398657
norm: 2.426786514075773
sigma: 125.26320682843944
sigmaL: 97.01573730871468
sigmaR: 72.92178703034789
widthL: 97.01573730871468
widthR: 72.92178703034789
x0: 2834.661910518115
