alphaL: 1.548958796568138
alphaR: 1.8192537817973606
event_sum: 2.2275788642582985
mean: 2859.19563552097
nL: 4.458794545817205
nR: 2.0773783118921036
norm: 2.2275788642582985
sigma: 191.7130858776475
sigmaL: 135.90001534178856
sigmaR: 58.577771104674824
widthL: 135.90001534178856
widthR: 58.577771104674824
x0: 2859.19563552097
