alphaL: 1.2546247047328898
alphaR: 1.6328685081059562
event_sum: 1.0928140234556047
mean: 2848.877981402794
nL: 4.214834298049285
nR: 3.097953625720086
norm: 1.0928140234556047
sigma: 191.7130858776475
sigmaL: 112.54880173645194
sigmaR: 69.8540578165943
widthL: 112.54880173645194
widthR: 69.8540578165943
x0: 2848.877981402794
