alphaL: 0.9736771672417999
alphaR: 1.0772602663964972
event_sum: 6.184882149734686
fraction: 0.7420766223202069
mean: 3379.9625117343803
nL: 0.7685160787602222
nR: 4.5
norm: 0.812531971022713
sigma: 190.40000000000003
sigmaL: 267.835205237584
sigmaR: 101.81702846628076
widthL: 267.835205237584
widthR: 101.81702846628076
x0: 3379.9625117343803
