alphaL: 1.5299459944535152
alphaR: 1.1477879532875912
event_sum: 5.545618211256502
fraction: 0.7278139989280379
mean: 3378.5829199383547
nL: 0.4
nR: 3.503800554159322
norm: 1.9898800311129201
sigma: 190.40000000000003
sigmaL: 258.4152980415666
sigmaR: 93.42153420057096
widthL: 258.4152980415666
widthR: 93.42153420057096
x0: 3378.5829199383547
