alphaL: 0.6430744540035228
alphaR: 1.9640244581648645
event_sum: 0.17777583440490954
mean: 3345.503736290688
nL: 2.5154109975113013
nR: 1.0749743003974956
norm: 0.17777583440490954
sigma: 190.40000000000003
sigmaL: 176.97952332287494
sigmaR: 125.58152491496614
widthL: 176.97952332287494
widthR: 125.58152491496614
x0: 3345.503736290688
