alphaL: 0.977718889387407
alphaR: 1.2176369609087843
event_sum: 0.1902923820187266
mean: 3374.73324708233
nL: 1.0456156448607827
nR: 2.5605050378542633
norm: 0.1902923820187266
sigma: 190.40000000000003
sigmaL: 209.9408459404258
sigmaR: 81.77712403978026
widthL: 209.9408459404258
widthR: 81.77712403978026
x0: 3374.73324708233
