alphaL: 1.6571971019420237
alphaR: 2.823026536426336
event_sum: 0.07073011712004679
mean: 3295.641219050216
nL: 0.1
nR: 0.763127614944846
norm: 0.07073011712004679
sigma: 190.40000000000003
sigmaL: 264.81352384380153
sigmaR: 198.93834466936505
widthL: 264.81352384380153
widthR: 198.93834466936505
x0: 3295.641219050216
