alphaL: 0.9824848194026311
alphaR: 1.6538647768096495
event_sum: 0.0757139623676484
mean: 3320.893519153935
nL: 0.9933207481363918
nR: 3.5647166710009928
norm: 0.0757139623676484
sigma: 190.40000000000003
sigmaL: 216.4140933388763
sigmaR: 151.35010889885098
widthL: 216.4140933388763
widthR: 151.35010889885098
x0: 3320.893519153935
