alphaL: 1.074821018564078
alphaR: 1.6279140538947008
event_sum: 0.13684900505944608
mean: 2810.18826107573
nL: 1.9491221188421792
nR: 1.5146474155153111
norm: 0.13684900505944608
sigma: 156.79999999999998
sigmaL: 249.62638886415004
sigmaR: 100.79990095124309
widthL: 249.62638886415004
widthR: 100.79990095124309
x0: 2810.18826107573
