alphaL: 0.9148837318625667
alphaR: 1.8179730077831213
event_sum: 0.14462663930786054
mean: 2743.3895185971924
nL: 1.0014688833077998
nR: 3.902942334194935
norm: 0.14462663930786054
sigma: 156.79999999999998
sigmaL: 177.75342754285623
sigmaR: 143.36693752669657
widthL: 177.75342754285623
widthR: 143.36693752669657
x0: 2743.3895185971924
