alphaL: 1.69722192937807
alphaR: 1.3492497080270114
event_sum: 3.6857608870736267
fraction: 0.7804128181127464
mean: 2767.3817933134587
nL: 0.4
nR: 4.244100324492424
norm: 2.09773624447978
sigma: 156.79999999999998
sigmaL: 257.25119760887196
sigmaR: 120.16109359192585
widthL: 257.25119760887196
widthR: 120.16109359192585
x0: 2767.3817933134587
