alphaL: 1.1207587597676687
alphaR: 2.3182172656996674
event_sum: 0.20929530136491772
mean: 2734.4337723255167
nL: 0.1
nR: 2.69186717783089
norm: 0.20929530136491772
sigma: 156.79999999999998
sigmaL: 195.24208708123294
sigmaR: 156.03257915340225
widthL: 195.24208708123294
widthR: 156.03257915340225
x0: 2734.4337723255167
