alphaL: 0.964644705642806
alphaR: 1.3444912881510434
event_sum: 0.22272668229314807
mean: 2769.630142689766
nL: 1.0967462798815941
nR: 2.9536428290856063
norm: 0.22272668229314807
sigma: 156.79999999999998
sigmaL: 177.99427939411578
sigmaR: 106.54230702847211
widthL: 177.99427939411578
widthR: 106.54230702847211
x0: 2769.630142689766
