alphaL: 1.2826734988761779
alphaR: 1.7632332078713568
event_sum: 4.050168290646452
fraction: 0.7596335608671576
mean: 2758.895653048012
nL: 0.4
nR: 3.6037454004283935
norm: 1.3678357164838508
sigma: 156.79999999999998
sigmaL: 200.6435441152516
sigmaR: 126.41323885598244
widthL: 200.6435441152516
widthR: 126.41323885598244
x0: 2758.895653048012
