alphaL: 1.0059292504366912
alphaR: 0.9722714914862853
event_sum: 0.7330308205930349
mean: 2422.7291447297916
nL: 0.20009053283184883
nR: 1.5272555617759738
norm: 0.7330308205930349
sigma: 167.12559615239255
sigmaL: 378.41039054012197
sigmaR: 56.85432661850041
widthL: 378.41039054012197
widthR: 56.85432661850041
x0: 2422.7291447297916
