alphaL: 1.6411596656754004
alphaR: 1.21573166134428
event_sum: 4.848166045338283
mean: 2363.9600912227634
nL: 0.30714675812981945
nR: 2.9889627660858884
norm: 4.848166045338283
sigma: 166.7599009421791
sigmaL: 324.02725108261507
sigmaR: 109.74036527151381
widthL: 324.02725108261507
widthR: 109.74036527151381
x0: 2363.9600912227634
