alphaL: 0.37317197518779577
alphaR: 1.8256269101419544
event_sum: 24.922979605259577
mean: 2313.7668344858475
nL: 0.200019697114844
nR: 2.9976823173494793
norm: 24.922979605259577
sigma: 167
sigmaL: 81.11885859968149
sigmaR: 159.3547474881011
widthL: 81.11885859968149
widthR: 159.3547474881011
x0: 2313.7668344858475
