alphaL: 1.4639199554302453
alphaR: 1.1629061769038291
event_sum: 10.60696036929186
mean: 2374.067797310051
nL: 0.9734965673193499
nR: 2.9800828304568294
norm: 10.60696036929186
sigma: 167
sigmaL: 308.63891435477973
sigmaR: 103.72490296178542
widthL: 308.63891435477973
widthR: 103.72490296178542
x0: 2374.067797310051
