alphaL: 3.5190601382140034
alphaR: 2.4710269559495073
event_sum: 13.797999898664923
mean: 2200.100155035698
nL: 2.9655549117722506
nR: 2.5127384581322953
norm: 13.797999898664923
sigma: 688
sigmaL: 1238.6645661112975
sigmaR: 234.7782871456492
widthL: 1238.6645661112975
widthR: 234.7782871456492
x0: 2200.100155035698
