alphaL: 0.8804560215618947
alphaR: 1.7203161989927576
event_sum: 2.117270785928077
mean: 2311.40997565421
nL: 0.2000005184019645
nR: 2.9786993970477273
norm: 2.117270785928077
sigma: 167
sigmaL: 145.9678098516634
sigmaR: 148.3546133645557
widthL: 145.9678098516634
widthR: 148.3546133645557
x0: 2311.40997565421
