alphaL: 0.5054159169247187
alphaR: 0.43906393322767495
event_sum: 11.295250459746349
mean: 2442.030091512576
nL: 2.9999224473692148
nR: 2.994768555097514
norm: 11.295250459746349
sigma: 688
sigmaL: 332.2422206987822
sigmaR: 28.337295946791002
widthL: 332.2422206987822
widthR: 28.337295946791002
x0: 2442.030091512576
