alphaL: 0.9059715802469089
alphaR: 1.4229211635007568
event_sum: 4.851402405050343
mean: 2339.294145165941
nL: 0.5675801665825435
nR: 2.7005311948482063
norm: 4.851402405050343
sigma: 167
sigmaL: 257.52512681261095
sigmaR: 131.45456539823118
widthL: 257.52512681261095
widthR: 131.45456539823118
x0: 2339.294145165941
