alphaL: 1.006427700861841
alphaR: 1.0520502717318327
event_sum: 0.7330308205930349
mean: 2372.84477456044
nL: 0.37445391254127025
nR: 2.999936579045408
norm: 0.7330308205930349
sigma: 167.12559615239255
sigmaL: 294.11590055028495
sigmaR: 93.84127248542366
widthL: 294.11590055028495
widthR: 93.84127248542366
x0: 2372.84477456044
