alphaL: 1.1331582019036235
alphaR: 1.6535824875982956
event_sum: 7.148523882569021
mean: 2332.344508863146
nL: 0.20063086932895247
nR: 2.9055909744019948
norm: 7.148523882569021
sigma: 166.7599009421791
sigmaL: 222.49400349449516
sigmaR: 146.29106513474636
widthL: 222.49400349449516
widthR: 146.29106513474636
x0: 2332.344508863146
