alphaL: 0.8611796381556299
alphaR: 1.581857726853395
event_sum: 4.851402405050343
mean: 2320.213235957284
nL: 0.5079938026090224
nR: 2.406747042409682
norm: 4.851402405050343
sigma: 167.055773206547
sigmaL: 222.5549250355178
sigmaR: 145.22216374715885
widthL: 222.5549250355178
widthR: 145.22216374715885
x0: 2320.213235957284
