alphaL: 0.10000000201128598
alphaR: 0.20706660899834597
event_sum: 7.330814813650405
mean: 2444.5401819998024
nL: 0.2000054507666176
nR: 2.9998794086267173
norm: 7.330814813650405
sigma: 167
sigmaL: 835.2787343381054
sigmaR: 12.441082017752032
widthL: 835.2787343381054
widthR: 12.441082017752032
x0: 2444.5401819998024
