alphaL: 1.1800438333582741
alphaR: 1.1768557800423145
event_sum: 7.1522200669217915
mean: 2373.7796692068123
nL: 0.21028826253609298
nR: 2.999945446294465
norm: 7.1522200669217915
sigma: 167.055773206547
sigmaL: 267.06366803878774
sigmaR: 103.29386468999786
widthL: 267.06366803878774
widthR: 103.29386468999786
x0: 2373.7796692068123
