alphaL: 1.1581659016251749
alphaR: 0.9885305465869819
event_sum: 1.0827748167055755
mean: 2391.4956091588533
nL: 0.20016871578423193
nR: 2.477534762670227
norm: 1.0827748167055755
sigma: 167.12559615239255
sigmaL: 281.4103085441296
sigmaR: 80.05894160039529
widthL: 281.4103085441296
widthR: 80.05894160039529
x0: 2391.4956091588533
