alphaL: 1.1508840471294612
alphaR: 1.9068628699501668
event_sum: 1.0827748167055755
mean: 2319.942098308038
nL: 0.20002892782074186
nR: 1.847219053434819
norm: 1.0827748167055755
sigma: 167.12559615239255
sigmaL: 213.45610319316143
sigmaR: 156.5356461106086
widthL: 213.45610319316143
widthR: 156.5356461106086
x0: 2319.942098308038
