alphaL: 1.1001432560500888
alphaR: 0.27102242235053464
event_sum: 0.7747668157317094
mean: 2426.8738834202236
nL: 0.10602466783389522
nR: 3.265348078345142
norm: 0.7747668157317094
sigma: 240.0
sigmaL: 334.8788347863975
sigmaR: 19.83446969705047
widthL: 334.8788347863975
widthR: 19.83446969705047
x0: 2426.8738834202236
