alphaL: 1.1477995482578647
alphaR: 1.0395831627932062
event_sum: 15.679747412912548
fraction: 0.7645150438542024
mean: 2361.106675307598
nL: 0.4015712306274418
nR: 9.979234007928172
norm: 9.786635652650148
sigma: 240.0
sigmaL: 260.53273103055005
sigmaR: 112.37721353801567
widthL: 260.53273103055005
widthR: 112.37721353801567
x0: 2361.106675307598
