alphaL: 0.9309998874333061
alphaR: 1.2857299656087606
event_sum: 15.679747412912548
fraction: 0.7902616565985295
mean: 2350.0003418013634
nL: 0.8422397307589357
nR: 5.99957956849625
norm: 9.54063991131261
sigma: 240.0
sigmaL: 235.4543011812269
sigmaR: 127.21732133968477
widthL: 235.4543011812269
widthR: 127.21732133968477
x0: 2350.0003418013634
