alphaL: 0.9095481464211884
alphaR: 1.1820224453751866
event_sum: 0.7935604065933148
mean: 2365.5368734478584
nL: 3.999398430712538
nR: 3.089435230554774
norm: 0.7935604065933148
sigma: 140.06715809526636
sigmaL: 259.7438607390742
sigmaR: 110.33329067931767
widthL: 259.7438607390742
widthR: 110.33329067931767
x0: 2365.5368734478584
