alphaL: 0.6967293762162761
alphaR: 1.0978599621364
event_sum: 1.8321605389282922
mean: 2383.3120893714317
nL: 1.0000392143952623
nR: 3.040970043563915
norm: 1.8321605389282922
sigma: 240.0
sigmaL: 281.0810595350591
sigmaR: 92.70965696677857
widthL: 281.0810595350591
widthR: 92.70965696677857
x0: 2383.3120893714317
