alphaL: 0.3883182375684072
alphaR: 0.7154729286481909
event_sum: 0.9303364526640507
mean: 2426.345395119856
nL: 1.000282862801455
nR: 3.7103510337705123
norm: 0.9303364526640507
sigma: 240.0
sigmaL: 361.87371458044845
sigmaR: 58.186308251211415
widthL: 361.87371458044845
widthR: 58.186308251211415
x0: 2426.345395119856
