alphaL: 0.6414162976319712
alphaR: 1.4083164636211845
event_sum: 1.2119582831655862
mean: 2370.17723269716
nL: 1.0000042512768383
nR: 3.4304679690458943
norm: 1.2119582831655862
sigma: 240.0
sigmaL: 224.29443026655682
sigmaR: 118.75804713519851
widthL: 224.29443026655682
widthR: 118.75804713519851
x0: 2370.17723269716
