alphaL: 0.638859565859865
alphaR: 1.267528044679529
event_sum: 1.2119582831655862
mean: 2361.949250818093
nL: 1.0036366638554353
nR: 4.029251436390825
norm: 1.2119582831655862
sigma: 240.0
sigmaL: 215.1745255641314
sigmaR: 119.00432149494341
widthL: 215.1745255641314
widthR: 119.00432149494341
x0: 2361.949250818093
