alphaL: 1.1084266000486835
alphaR: 1.298508953707375
event_sum: 15.679747412912548
fraction: 0.7663536741199617
mean: 2360.107653387342
nL: 0.5160071677489413
nR: 4.499357733403642
norm: 9.54063991131261
sigma: 240.0
sigmaL: 260.44302752563755
sigmaR: 122.16595329921896
widthL: 260.44302752563755
widthR: 122.16595329921896
x0: 2360.107653387342
