alphaL: 1.166325023389278
alphaR: 1.0724571480431748
event_sum: 1.6465522782018525
mean: 2377.4990221724242
nL: 0.5005691010980928
nR: 4.486287675194689
norm: 1.6465522782018525
sigma: 240.0
sigmaL: 284.7230746895981
sigmaR: 99.27415686971875
widthL: 284.7230746895981
widthR: 99.27415686971875
x0: 2377.4990221724242
