alphaL: 0.8219009843089109
alphaR: 1.1809434747573255
event_sum: 1.8321605389282922
mean: 2359.143312721448
nL: 0.500006707243563
nR: 4.36522932372974
norm: 1.8321605389282922
sigma: 240.0
sigmaL: 249.27095963874478
sigmaR: 113.2627843334209
widthL: 249.27095963874478
widthR: 113.2627843334209
x0: 2359.143312721448
