alphaL: 1.3449883492097294
alphaR: 1.6176501150159717
event_sum: 1.0868443817380466
mean: 2342.994089259284
nL: 0.12466199429572745
nR: 2.646881203927761
norm: 1.0868443817380466
sigma: 240.0
sigmaL: 258.40708763060246
sigmaR: 139.52731905134414
widthL: 258.40708763060246
widthR: 139.52731905134414
x0: 2342.994089259284
