alphaL: 0.8246433547616344
alphaR: 1.2558717887625108
event_sum: 0.5153515603669803
mean: 2367.8628322315253
nL: 0.22944855742814788
nR: 1.6330643965897653
norm: 0.5153515603669803
sigma: 140.06715809526636
sigmaL: 240.71616489403922
sigmaR: 97.52269198741736
widthL: 240.71616489403922
widthR: 97.52269198741736
x0: 2367.8628322315253
