alphaL: 0.3819481486418552
alphaR: 0.6742602999322899
event_sum: 0.9303364526640507
mean: 2427.85654181727
nL: 1.0001637604081892
nR: 3.7157670378789396
norm: 0.9303364526640507
sigma: 240.0
sigmaL: 353.00868116984174
sigmaR: 55.78170623479089
widthL: 353.00868116984174
widthR: 55.78170623479089
x0: 2427.85654181727
