alphaL: 0.892964597849087
alphaR: 1.1799136837652477
event_sum: 17.469474329263903
fraction: 0.6962894881023596
mean: 2362.6310161708725
nL: 0.40094162408849154
nR: 4.499091496672625
norm: 6.626138083636761
sigma: 240.0
sigmaL: 259.7503501455396
sigmaR: 111.92148250554251
widthL: 259.7503501455396
widthR: 111.92148250554251
x0: 2362.6310161708725
