alphaL: 0.93528703918372
alphaR: 1.197927799182811
event_sum: 17.469474329263903
fraction: 0.6823152502610742
mean: 2350.017067843307
nL: 0.31143122614290925
nR: 5.999980120670877
norm: 6.626138083636761
sigma: 240.0
sigmaL: 246.97734457439563
sigmaR: 121.18353714377086
widthL: 246.97734457439563
widthR: 121.18353714377086
x0: 2350.017067843307
