alphaL: 1.0393960748917939
alphaR: 0.8954995967840268
event_sum: 1.6465522782018525
mean: 2401.092698991373
nL: 1.0000069204427133
nR: 3.883754164256342
norm: 1.6465522782018525
sigma: 240.0
sigmaL: 297.5440266998723
sigmaR: 73.96397996624849
widthL: 297.5440266998723
widthR: 73.96397996624849
x0: 2401.092698991373
