alphaL: 0.8105323239202522
alphaR: 1.6024945103069954
event_sum: 9.096285401211587
mean: 2553.1226524713447
nL: 2.0124838018080515
nR: 2.752281520043206
norm: 9.096285401211587
sigma: 186
sigmaL: 143.12755032672922
sigmaR: 117.56395134605796
widthL: 143.12755032672922
widthR: 117.56395134605796
x0: 2553.1226524713447
