alphaL: 1.0637573812441572
alphaR: 1.534888457251579
event_sum: 0.2403171822661534
mean: 2562.199131913185
nL: 0.10001273331157914
nR: 2.097310299203795
norm: 0.2403171822661534
sigma: 260.0
sigmaL: 299.309025527079
sigmaR: 128.873993811579
widthL: 299.309025527079
widthR: 128.873993811579
x0: 2562.199131913185
