alphaL: 0.8249038646487675
alphaR: 0.7869701086612904
event_sum: 7.131403574487194
fraction: 0.6752389853263477
mean: 2559.7062739677262
nL: 0.40085867069606623
nR: 4.116613539023353
norm: 2.1223030446562916
sigma: 260.0
sigmaL: 200.42839265580312
sigmaR: 80.50498013756668
widthL: 200.42839265580312
widthR: 80.50498013756668
x0: 2559.7062739677262
