alphaL: 1.1800628297963909
alphaR: 1.0822526192149102
event_sum: 14.21150904870592
fraction: 0.70838401213922
mean: 2558.892298598423
nL: 0.24646048321245775
nR: 6.041251664724303
norm: 3.634672481333837
sigma: 260.0
sigmaL: 287.45834648751304
sigmaR: 116.71128356671436
widthL: 287.45834648751304
widthR: 116.71128356671436
x0: 2558.892298598423
