alphaL: 0.6870213589288255
alphaR: 0.9156963698523287
event_sum: 0.43858716735849157
mean: 2625.8612819467976
nL: 1.0000001247628416
nR: 2.841077778891877
norm: 0.43858716735849157
sigma: 260.0
sigmaL: 338.9300645378213
sigmaR: 64.86182510151251
widthL: 338.9300645378213
widthR: 64.86182510151251
x0: 2625.8612819467976
