alphaL: 0.8471923807389924
alphaR: 0.966058277450545
event_sum: 0.6749156826990657
mean: 2600.061455179999
nL: 1.0000728666113745
nR: 2.192604239963987
norm: 0.6749156826990657
sigma: 260.0
sigmaL: 302.5177452448782
sigmaR: 71.14669139060564
widthL: 302.5177452448782
widthR: 71.14669139060564
x0: 2600.061455179999
