alphaL: 0.563048692268261
alphaR: 0.10596343623117581
event_sum: 0.713140407402534
mean: 2579.8248371005084
nL: 1.0000000793662625
nR: 4.157549923578061
norm: 0.713140407402534
sigma: 260.0
sigmaL: 203.50804000762693
sigmaR: 10.358840508982162
widthL: 203.50804000762693
widthR: 10.358840508982162
x0: 2579.8248371005084
