alphaL: 0.17586455940975687
alphaR: 1.3479273372628704
event_sum: 0.29831904714228585
mean: 2559.5606768568387
nL: 1.0003727993517193
nR: 4.2873104942791835
norm: 0.29831904714228585
sigma: 260.0
sigmaL: 244.75408327057767
sigmaR: 140.723655590671
widthL: 244.75408327057767
widthR: 140.723655590671
x0: 2559.5606768568387
