alphaL: 1.2849751620640095
alphaR: 1.2416265267131585
event_sum: 0.38623591396026313
mean: 2578.5852320666045
nL: 0.15045967107684233
nR: 3.1030036120913
norm: 0.38623591396026313
sigma: 260.0
sigmaL: 339.94372406168253
sigmaR: 111.41872349117662
widthL: 339.94372406168253
widthR: 111.41872349117662
x0: 2578.5852320666045
