alphaL: 0.9403220174785254
alphaR: 0.9500984776796338
event_sum: 0.15738614910515025
mean: 2543.1954975178073
nL: 0.20004112319611772
nR: 1.933934439532415
norm: 0.15738614910515025
sigma: 161.3470847676165
sigmaL: 218.24925015514214
sigmaR: 94.98419020335163
widthL: 218.24925015514214
widthR: 94.98419020335163
x0: 2543.1954975178073
