alphaL: 0.6881731220026477
alphaR: 0.9146199919337655
event_sum: 0.43858716735849157
mean: 2626.411999043379
nL: 1.0000001238568714
nR: 2.8009094353252353
norm: 0.43858716735849157
sigma: 260.0
sigmaL: 339.25351114802004
sigmaR: 64.687838390878
widthL: 339.25351114802004
widthR: 64.687838390878
x0: 2626.411999043379
