alphaL: 0.9326471349979767
alphaR: 1.0879799641805439
event_sum: 0.28402632399229333
mean: 2618.3496281325147
nL: 0.20026708551943348
nR: 1.076514390503868
norm: 0.28402632399229333
sigma: 161.3470847676165
sigmaL: 274.33900376104987
sigmaR: 59.339221652996656
widthL: 274.33900376104987
widthR: 59.339221652996656
x0: 2618.3496281325147
