alphaL: 1.0891720165451957
alphaR: 1.222336540166745
event_sum: 6.749156354228035
fraction: 0.7227983348192949
mean: 2564.1232157571394
nL: 0.4000898397639638
nR: 3.8222520503659223
norm: 3.588138037128374
sigma: 260.0
sigmaL: 309.32001460757994
sigmaR: 118.53984319975596
widthL: 309.32001460757994
widthR: 118.53984319975596
x0: 2564.1232157571394
