alphaL: 0.2729308614049454
alphaR: 0.941918841188484
event_sum: 0.29831904714228585
mean: 2636.925172009064
nL: 1.0000093790772497
nR: 3.1393042845496986
norm: 0.29831904714228585
sigma: 260.0
sigmaL: 485.00679773669174
sigmaR: 77.31349443296942
widthL: 485.00679773669174
widthR: 77.31349443296942
x0: 2636.925172009064
