alphaL: 1.5111642113657573
alphaR: 2.17268793479201
event_sum: 25.168310647209342
mean: 2151.912532573955
nL: 4.499123756497273
nR: 2.605612983392218
norm: 25.168310647209342
sigma: 98.95567646689602
sigmaL: 98.46864175772728
sigmaR: 50.19468414759443
widthL: 98.46864175772728
widthR: 50.19468414759443
x0: 2151.912532573955
