alphaL: 1.370576948530275
alphaR: 1.9927951159336108
event_sum: 4.3725146559746735
mean: 2155.019549800088
nL: 4.480934127470748
nR: 1.9385958399793113
norm: 4.3725146559746735
sigma: 119.30382793199013
sigmaL: 94.67887939902573
sigmaR: 50.80628800156741
widthL: 94.67887939902573
widthR: 50.80628800156741
x0: 2155.019549800088
