alphaL: 1.4511792532169487
alphaR: 0.3397087920271973
event_sum: 3.029446284591542
mean: 2183.7178062850035
nL: 4.993374657590003
nR: 4.374513726215853
norm: 3.029446284591542
sigma: 119.30382793199013
sigmaL: 110.56119616885147
sigmaR: 9.943585165467265
widthL: 110.56119616885147
widthR: 9.943585165467265
x0: 2183.7178062850035
