alphaL: 1.3830555995915637
alphaR: 1.9076366432688145
event_sum: 23.641241954196655
mean: 2151.198617803699
nL: 4.499973260137592
nR: 4.017191548628681
norm: 23.641241954196655
sigma: 98.95567646689602
sigmaL: 87.65853600003682
sigmaR: 52.544496146633136
widthL: 87.65853600003682
widthR: 52.544496146633136
x0: 2151.198617803699
