alphaL: 1.3249453301783134
alphaR: 1.7714339238273054
event_sum: 3.0388617125505397
mean: 2156.103207875061
nL: 4.485881704079307
nR: 2.719178266310052
norm: 3.0388617125505397
sigma: 119.30382793199013
sigmaL: 91.65839881471378
sigmaR: 54.43314579679321
widthL: 91.65839881471378
widthR: 54.43314579679321
x0: 2156.103207875061
