alphaL: 1.1100605990440962
alphaR: 2.0453578147359437
event_sum: 41.90805802239919
fraction: 0.9969363588062504
mean: 2152.617969340938
nL: 9.998775232636307
nR: 1.9068042765582922
norm: 41.85911169469139
sigma: 119.093417254034
sigmaL: 86.7937692183884
sigmaR: 51.34780524263198
widthL: 86.7937692183884
widthR: 51.34780524263198
x0: 2152.617969340938
