alphaL: 1.233835344899645
alphaR: 1.8866619799328874
event_sum: 21.6456552819561
fraction: 0.99925283584382
mean: 2151.1768028279585
nL: 9.987077619441711
nR: 3.991551597075511
norm: 21.642967051667373
sigma: 98.80981118479396
sigmaL: 85.84270308444265
sigmaR: 52.477303176496605
widthL: 85.84270308444265
widthR: 52.477303176496605
x0: 2151.1768028279585
