alphaL: 0.9760981075869705
alphaR: 1.8861962663866727
event_sum: 29.175965187216455
fraction: 0.9973613193773758
mean: 2149.7762357767956
nL: 9.991902111616003
nR: 2.4693600515044043
norm: 29.108921315553665
sigma: 119.093417254034
sigmaL: 77.0104629081515
sigmaR: 58.053960394661146
widthL: 77.0104629081515
widthR: 58.053960394661146
x0: 2149.7762357767956
