alphaL: 1.3175894467296163
alphaR: 2.249616464535711
event_sum: 22.931214342095174
fraction: 0.9988777201173138
mean: 2149.610613586466
nL: 9.97860321103317
nR: 2.3627161389565905
norm: 22.925513566815223
sigma: 98.80981118479396
sigmaL: 93.77643788028573
sigmaR: 51.60675759238531
widthL: 93.77643788028573
widthR: 51.60675759238531
x0: 2149.610613586466
