alphaL: 1.20669016849527
alphaR: 2.0463545916301196
event_sum: 23.556828698698496
mean: 2147.467310505202
nL: 4.982906292823452
nR: 3.38968617116182
norm: 23.556828698698496
sigma: 98.95567646689602
sigmaL: 81.0246004814957
sigmaR: 54.86219638128526
widthL: 81.0246004814957
widthR: 54.86219638128526
x0: 2147.467310505202
