alphaL: 1.4170507898370648
alphaR: 2.186357657744579
event_sum: 25.05600560655241
mean: 2151.961539127402
nL: 4.996825127342031
nR: 2.653509515182947
norm: 25.05600560655241
sigma: 98.95567646689602
sigmaL: 100.83609581623261
sigmaR: 50.29122637557498
widthL: 100.83609581623261
widthR: 50.29122637557498
x0: 2151.961539127402
