alphaL: 1.247657683732922
alphaR: 1.9958268510103392
event_sum: 4.3588437866432175
mean: 2154.353220970141
nL: 4.616446942741893
nR: 1.9580689577257913
norm: 4.3588437866432175
sigma: 119.30382793199013
sigmaL: 89.87236130551172
sigmaR: 49.875201542752286
widthL: 89.87236130551172
widthR: 49.875201542752286
x0: 2154.353220970141
