alphaL: 0.8705133035873693
alphaR: 2.068510620537114
event_sum: 21.582689649754233
mean: 2144.497484142961
nL: 40.38177607057948
nR: 3.503652916875624
norm_2016: 6.2001349677117465
norm_2017: 7.178417714095401
norm_2018: 9.925111325997438
norm_Run2: 21.582689649754233
sigma: 99.02269399710751
sigmaL: 70.62124649893889
sigmaR: 56.47870833948991
widthL: 70.62124649893889
widthR: 56.47870833948991
x0: 2144.497484142961
