alphaL: 0.8856199187516043
alphaR: 2.0599344039754297
event_sum: 21.582689649754233
mean: 2144.891043089558
nL: 37.45046380030776
nR: 3.5321016812298933
norm_2016: 6.2001349677117465
norm_2017: 7.178417714095401
norm_2018: 9.925111325997438
norm_Run2: 21.582689649754233
sigma: 99.02269399710751
sigmaL: 71.59541907606086
sigmaR: 56.25139058564664
widthL: 71.59541907606086
widthR: 56.25139058564664
x0: 2144.891043089558
