alphaL: 0.9788048317899465
alphaR: 2.287516703657387
event_sum: 22.838042875368124
mean: 2146.372735694325
nL: 115.17239448833192
nR: 2.417312442577399
norm_2016: 22.838042875368124
norm_2017: 22.838042875368124
norm_2018: 22.838042875368124
norm_Run2: 22.838042875368124
sigma: 99.02269399710751
sigmaL: 82.50184288255012
sigmaR: 53.184626604518286
widthL: 82.50184288255012
widthR: 53.184626604518286
x0: 2146.372735694325
