alphaL: 0.8654633599447722
alphaR: 1.3866328069291407
event_sum: 9.808951546839806
mean: 2091.6419969333374
nL: 0.5330605423576418
nR: 5.468331833052773
norm_2016: 2.4825814033427616
norm_2017: 3.130158048756794
norm_2018: 4.311538042064865
norm_Run2: 9.924277494164421
sigma: 215.0
sigmaL: 184.59314538890158
sigmaR: 122.52981996769054
widthL: 184.59314538890158
widthR: 122.52981996769054
x0: 2091.6419969333374
