alphaL: 0.9409805945862587
alphaR: 1.3014804168412986
event_sum: 9.808951546839806
mean: 2102.010692214211
nL: 0.4605855800998082
nR: 5.641398698278078
norm_2016: 2.4825814033427616
norm_2017: 3.130158048756794
norm_2018: 4.311538042064865
norm_Run2: 9.808951546839806
sigma: 215.0
sigmaL: 205.31556040521681
sigmaR: 114.22650286595295
widthL: 205.31556040521681
widthR: 114.22650286595295
x0: 2102.010692214211
