alphaL: 0.9219131270908318
alphaR: 1.5555789901918993
event_sum: 13.001852727637768
mean: 2118.446289101146
nL: 1.2097427638858984
nR: 3.52749394948402
norm_2016: 3.397154627068603
norm_2017: 4.098551029963176
norm_2018: 5.703339081722766
norm_Run2: 13.001852727637768
sigma: 120.4
sigmaL: 122.52724544026216
sigmaR: 99.30922823856484
widthL: 122.52724544026216
widthR: 99.30922823856484
x0: 2118.446289101146
