alphaL: 0.9631366237106587
alphaR: 1.5384234379110788
event_sum: 13.001852727637768
mean: 2118.901281638186
nL: 1.0998450864275962
nR: 3.604916788403546
norm_2016: 13.001852727637768
norm_2017: 13.001852727637768
norm_2018: 13.001852727637768
norm_Run2: 13.001852727637768
sigma: 120.4
sigmaL: 125.08027702880659
sigmaR: 98.23178013099914
widthL: 125.08027702880659
widthR: 98.23178013099914
x0: 2118.901281638186
