alphaL: 0.7794014299066286
alphaR: 1.9167126859635844
event_sum: 28.887541813614234
mean: 2147.583245819484
nL: 32.96544525179917
nR: 2.5513155540891046
norm_2016: 7.722405208328092
norm_2017: 9.108009058302269
norm_2018: 12.808737968830878
norm_Run2: 29.639152235461236
sigma: 119.29914016104578
sigmaL: 68.9027486986338
sigmaR: 59.35979870397553
widthL: 68.9027486986338
widthR: 59.35979870397553
x0: 2147.583245819484
