alphaL: 1.1694051047289211
alphaR: 1.2598820163319147
event_sum: 12.626907860641872
mean: 2111.143132512555
nL: 0.45744064670964646
nR: 5.736518734835883
norm_2016: 2.98170234644702
norm_2017: 3.9457808806515575
norm_2018: 5.896481493603199
norm_Run2: 12.823964720701776
sigma: 215.0
sigmaL: 221.80789061862782
sigmaR: 111.65615333167648
widthL: 221.80789061862782
widthR: 111.65615333167648
x0: 2111.143132512555
