alphaL: 0.7443013012629115
alphaR: 2.1739680900919303
event_sum: 41.6035542077815
mean: 2146.951349461555
nL: 73.91834251629143
nR: 1.6324038017399725
norm_2016: 10.052518539402021
norm_2017: 13.120736193072544
norm_2018: 19.57792301891187
norm_Run2: 42.75117775138644
sigma: 119.29914016104578
sigmaL: 68.37810678815934
sigmaR: 54.51201313590869
widthL: 68.37810678815934
widthR: 54.51201313590869
x0: 2146.951349461555
