alphaL: 0.8918367072788624
alphaR: 1.1903288627547963
event_sum: 17.51681853035032
mean: 2129.5389088609745
nL: 2.2773907164961944
nR: 5.204889342489411
norm_2016: 4.292479523315051
norm_2017: 5.511582316453176
norm_2018: 8.0217254028517
norm_Run2: 17.825787242619924
sigma: 120.4
sigmaL: 131.75672939676372
sigmaR: 82.60579737650211
widthL: 131.75672939676372
widthR: 82.60579737650211
x0: 2129.5389088609745
