alphaL: 1.0766515307551887
alphaR: 1.4311881853237785
event_sum: 0.817872877298214
mean: 986.7589598185779
nL: 1.813841617522236
nR: 4.407804739479573
norm: 0.817872877298214
sigma: 100.0
sigmaL: 89.07406507725821
sigmaR: 60.63015645222956
widthL: 89.07406507725821
widthR: 60.63015645222956
x0: 986.7589598185779
