alphaL: 0.9577160300741469
alphaR: 1.1600324027354658
event_sum: 0.8188291430196841
mean: 1003.7920906345216
nL: 4.495328402744429
nR: 3.05772968728667
norm: 0.8188291430196841
sigma: 100.0
sigmaL: 102.69089857732892
sigmaR: 44.76402937370922
widthL: 102.69089857732892
widthR: 44.76402937370922
x0: 1003.7920906345216
