alphaL: 0.9389026252790205
alphaR: 1.5344833079948526
event_sum: 0.8175272479711566
mean: 983.8536047517987
nL: 2.452222946706149
nR: 3.1483492106125226
norm: 0.8175272479711566
sigma: 100.0
sigmaL: 82.31380340098326
sigmaR: 62.01397338321363
widthL: 82.31380340098326
widthR: 62.01397338321363
x0: 983.8536047517987
