alphaL: 0.5915865199289071
alphaR: 1.9696481400263999
event_sum: 0.41172016122436617
mean: 940.6669197560001
nL: 2.8645525259711695
nR: 3.8353968707039034
norm: 0.41172016122436617
sigma: 100.0
sigmaL: 37.80614386956223
sigmaR: 93.00134017636904
widthL: 37.80614386956223
widthR: 93.00134017636904
x0: 940.6669197560001
