alphaL: 0.8527409079043837
alphaR: 1.344738227318744
event_sum: 8.15681621542899
fraction: 0.9870245491132035
mean: 986.6844452431708
nL: 3.0399660882271573
nR: 4.35852675971518
norm: 8.077049241866916
sigma: 100.0
sigmaL: 81.10553455163998
sigmaR: 58.10850237176196
widthL: 81.10553455163998
widthR: 58.10850237176196
x0: 986.6844452431708
