alphaL: 0.819274356382879
alphaR: 1.3966967792174312
event_sum: 0.817872877298214
mean: 987.5407156096217
nL: 3.496330043087709
nR: 4.498017443743468
norm: 0.817872877298214
sigma: 100.0
sigmaL: 80.98780651355086
sigmaR: 58.486720228546055
widthL: 80.98780651355086
widthR: 58.486720228546055
x0: 987.5407156096217
