alphaL: 0.8568901479247111
alphaR: 1.4609747877524626
event_sum: 4.115316390874796
fraction: 0.9920870428140599
mean: 978.0373261921101
nL: 8.273705231953207
nR: 3.4905594350869755
norm: 4.092789233953226
sigma: 100.0
sigmaL: 78.45647794031004
sigmaR: 65.52751080396907
widthL: 78.45647794031004
widthR: 65.52751080396907
x0: 978.0373261921101
