alphaL: 0.928595408880495
alphaR: 1.1928389776415809
event_sum: 0.6647670303937048
mean: 992.0485395319647
nL: 0.20015896028238048
nR: 1.714294945225473
norm: 0.6647670303937048
sigma: 51.670600709570465
sigmaL: 79.3961211777533
sigmaR: 52.05299700826441
widthL: 79.3961211777533
widthR: 52.05299700826441
x0: 992.0485395319647
