alphaL: 1.2768597167728333
alphaR: 1.553310545129559
event_sum: 0.41223928581166547
mean: 980.3686170165626
nL: 4.1966488564061155
nR: 3.247213616696248
norm: 0.41223928581166547
sigma: 100.0
sigmaL: 100.73234843503059
sigmaR: 68.96132176514057
widthL: 100.73234843503059
widthR: 68.96132176514057
x0: 980.3686170165626
