alphaL: 0.5566649154396065
alphaR: 1.420049395387498
event_sum: 8.15681621542899
fraction: 0.9955688447106408
mean: 980.9395758632079
nL: 4.811807708800995
nR: 4.4034431089614365
norm: 8.13770451513119
sigma: 100.0
sigmaL: 57.85101765725477
sigmaR: 61.458242097200696
widthL: 57.85101765725477
widthR: 61.458242097200696
x0: 980.9395758632079
