alphaL: 1.0376696205497988
alphaR: 1.2522310874249047
event_sum: 0.340546795319824
mean: 991.7394497464054
nL: 0.20013908468485136
nR: 1.69645030186788
norm: 0.340546795319824
sigma: 51.670600709570465
sigmaL: 96.97150543672598
sigmaR: 53.51444986553212
widthL: 96.97150543672598
widthR: 53.51444986553212
x0: 991.7394497464054
