alphaL: 1.195619002178652
alphaR: 1.1998320238107785
event_sum: 0.41345511382678524
mean: 998.0537411069666
nL: 4.125730268113366
nR: 3.1921498242672977
norm: 0.41345511382678524
sigma: 100.0
sigmaL: 103.46490463122342
sigmaR: 50.62841824310718
widthL: 103.46490463122342
widthR: 50.62841824310718
x0: 998.0537411069666
