alphaL: 1.2771885658130593
alphaR: 1.5500617081863854
event_sum: 0.41223928581166547
mean: 980.4744581945283
nL: 4.201217784162912
nR: 3.2411875367534884
norm: 0.41223928581166547
sigma: 100.0
sigmaL: 100.76318199461828
sigmaR: 68.9004955856641
widthL: 100.76318199461828
widthR: 68.9004955856641
x0: 980.4744581945283
