alphaL: 1.0798713409110374
alphaR: 1.3872215314326046
event_sum: 4.115316390874796
fraction: 0.9874221880222072
mean: 985.1195749323003
nL: 6.799345197014648
nR: 3.6931939292110236
norm: 4.061573703074828
sigma: 100.0
sigmaL: 93.9451136798809
sigmaR: 61.35291280280926
widthL: 93.9451136798809
widthR: 61.35291280280926
x0: 985.1195749323003
