alphaL: 1.0579717451593869
alphaR: 1.189302135263956
event_sum: 0.44066505823866464
mean: 1992.4215011730792
nL: 1.0000000069786545
nR: 3.066304911343366
norm: 0.44066505823866464
sigma: 112.0
sigmaL: 117.84477609802555
sigmaR: 63.52150561245637
widthL: 117.84477609802555
widthR: 63.52150561245637
x0: 1992.4215011730792
