alphaL: 0.9961289837777658
alphaR: 1.463919348059325
event_sum: 5.817198681004811
fraction: 0.8841978816961253
mean: 1977.3105187313633
nL: 1.1716416137374779
nR: 3.574554800757406
norm: 4.124719005543739
sigma: 112.0
sigmaL: 119.37728858311363
sigmaR: 87.34970317911848
widthL: 119.37728858311363
widthR: 87.34970317911848
x0: 1977.3105187313633
