alphaL: 1.3377098228675852
alphaR: 1.479523015469994
event_sum: 0.3873030927206855
mean: 1991.9621458339798
nL: 0.222603538739672
nR: 1.8710305846769082
norm: 0.3873030927206855
sigma: 107.56206832658344
sigmaL: 134.51816870311237
sigmaR: 76.58116966870693
widthL: 134.51816870311237
widthR: 76.58116966870693
x0: 1991.9621458339798
