alphaL: 1.106704915019851
alphaR: 1.296814771354163
event_sum: 0.44066505823866464
mean: 1987.846739830781
nL: 1.0000000165337015
nR: 3.8622021539312055
norm: 0.44066505823866464
sigma: 112.0
sigmaL: 128.7992960209008
sigmaR: 78.43754794399847
widthL: 128.7992960209008
widthR: 78.43754794399847
x0: 1987.846739830781
