alphaL: 1.2837508180337192
alphaR: 1.932412325460789
event_sum: 0.4442836595699191
mean: 1967.2272914900068
nL: 0.20019073174253585
nR: 0.9805425786195998
norm: 0.4442836595699191
sigma: 107.56206832658344
sigmaL: 126.74127183650614
sigmaR: 93.33247723240616
widthL: 126.74127183650614
widthR: 93.33247723240616
x0: 1967.2272914900068
