alphaL: 0.9124906947168104
alphaR: 1.675564139896566
event_sum: 6.461412286560517
mean: 1958.7272013698923
nL: 1.116475782238313
nR: 3.4309582789958015
norm: 6.461412286560517
sigma: 112.0
sigmaL: 95.5037620248876
sigmaR: 102.54784167608734
widthL: 95.5037620248876
widthR: 102.54784167608734
x0: 1958.7272013698923
