alphaL: 0.9870369221506629
alphaR: 1.4177071486218973
event_sum: 6.16519964649342
mean: 1977.6863402146168
nL: 1.8211932387090088
nR: 3.541277066322796
norm: 6.16519964649342
sigma: 112.0
sigmaL: 133.93224187262643
sigmaR: 81.9742069928324
widthL: 133.93224187262643
widthR: 81.9742069928324
x0: 1977.6863402146168
