alphaL: 0.9675615913969301
alphaR: 1.8709158444932588
event_sum: 0.47887570469174534
mean: 1963.5846594065704
nL: 2.048266718414859
nR: 1.734495925415062
norm: 0.47887570469174534
sigma: 112.0
sigmaL: 125.33132101518721
sigmaR: 96.17330953737931
widthL: 125.33132101518721
widthR: 96.17330953737931
x0: 1963.5846594065704
