alphaL: 0.8412528157471338
alphaR: 1.3679921925758771
event_sum: 23.360424760496244
fraction: 0.9228793578518456
mean: 1973.6423960462716
nL: 2.4737656727905932
nR: 4.55936162547923
norm: 4.542963971500285
sigma: 112.0
sigmaL: 111.72035924763337
sigmaR: 84.71633215675475
widthL: 111.72035924763337
widthR: 84.71633215675475
x0: 1973.6423960462716
