alphaL: 0.9046134854561818
alphaR: 1.5203247347703621
event_sum: 0.41983824835915584
mean: 1993.3111636220503
nL: 1.939327313531288
nR: 1.9473419728000756
norm: 0.41983824835915584
sigma: 112.0
sigmaL: 133.6075150859915
sigmaR: 78.7311311248513
widthL: 133.6075150859915
widthR: 78.7311311248513
x0: 1993.3111636220503
