alphaL: 1.0671468262576378
alphaR: 1.4615596872524077
event_sum: 0.5000713315239409
mean: 1965.6457592949864
nL: 1.3527011196231036
nR: 4.309811261166283
norm: 0.5000713315239409
sigma: 112.0
sigmaL: 127.05937142553043
sigmaR: 91.2497954754526
widthL: 127.05937142553043
widthR: 91.2497954754526
x0: 1965.6457592949864
