alphaL: 1.1912570405967562
alphaR: 1.8242130417162945
event_sum: 0.5000713315239409
mean: 1950.0825438446286
nL: 1.0000000000022884
nR: 3.788381966194843
norm: 0.5000713315239409
sigma: 112.0
sigmaL: 126.20493892906545
sigmaR: 108.700438155508
widthL: 126.20493892906545
widthR: 108.700438155508
x0: 1950.0825438446286
