alphaL: 0.9933008859803133
alphaR: 1.4988937396321227
event_sum: 5.520986040937714
fraction: 0.916804272271518
mean: 1971.5908236707987
nL: 1.749743862006273
nR: 3.344965865164945
norm: 4.634317865187768
sigma: 112.0
sigmaL: 128.91438938613547
sigmaR: 86.91019672639153
widthL: 128.91438938613547
widthR: 86.91019672639153
x0: 1971.5908236707987
