alphaL: 0.5015900337798651
alphaR: 1.5369022624075193
event_sum: 0.20117799188301433
mean: 2931.749704634022
nL: 2.5467555212219772
nR: 2.9486579836516014
norm: 0.20117799188301433
sigma: 168.0
sigmaL: 98.4977491533086
sigmaR: 139.55123632636327
widthL: 98.4977491533086
widthR: 139.55123632636327
x0: 2931.749704634022
