alphaL: 0.7964804809549568
alphaR: 1.1154602140700738
event_sum: 4.847398632089607
mean: 2992.2577158444187
nL: 1.0000033045378773
nR: 2.9893983353472757
norm: 4.847398632089607
sigma: 168.0
sigmaL: 189.92485299943664
sigmaR: 87.11006265578852
widthL: 189.92485299943664
widthR: 87.11006265578852
x0: 2992.2577158444187
