alphaL: 0.9829073501667553
alphaR: 1.1526933256971983
event_sum: 0.211547991464613
mean: 2987.2537268017527
nL: 1.0000047258621596
nR: 2.6202244768485983
norm: 0.211547991464613
sigma: 168.0
sigmaL: 178.54906741504942
sigmaR: 93.3222952005235
widthL: 178.54906741504942
widthR: 93.3222952005235
x0: 2987.2537268017527
