alphaL: 1.1534411661463364
alphaR: 1.1164085985232939
event_sum: 4.847398632089607
fraction: 0.7257481544454008
mean: 2969.8878589204865
nL: 0.4000000066425425
nR: 4.411538152689598
norm: 1.1960066033061594
sigma: 168.0
sigmaL: 181.45675932598695
sigmaR: 103.33929500025567
widthL: 181.45675932598695
widthR: 103.33929500025567
x0: 2969.8878589204865
