alphaL: 0.7387794912161441
alphaR: 1.3619819833666034
event_sum: 4.363465324393474
fraction: 0.863808485615246
mean: 2950.6840551946852
nL: 1.3467261346130996
nR: 4.499143180013729
norm: 2.218027660273947
sigma: 168.0
sigmaL: 131.86275369572178
sigmaR: 125.94318172406773
widthL: 131.86275369572178
widthR: 125.94318172406773
x0: 2950.6840551946852
