alphaL: 0.8586851258128942
alphaR: 1.393649347983474
event_sum: 4.363465324393474
mean: 2951.2715239913528
nL: 1.0120272174369418
nR: 4.497452249398801
norm: 4.363465324393474
sigma: 168.0
sigmaL: 138.44476990966487
sigmaR: 126.96063327110342
widthL: 138.44476990966487
widthR: 126.96063327110342
x0: 2951.2715239913528
