alphaL: 0.9895437000769215
alphaR: 1.2380485602272004
event_sum: 0.10047377372393385
mean: 2992.504816340759
nL: 1.225637954472391
nR: 1.7584855721891708
norm: 0.10047377372393385
sigma: 168.0
sigmaL: 186.5346172322091
sigmaR: 92.85295610848166
widthL: 186.5346172322091
widthR: 92.85295610848166
x0: 2992.504816340759
