alphaL: 1.1293175037702738
alphaR: 1.1197959035739729
event_sum: 0.10001288485364057
mean: 3004.4421751444984
nL: 1.3207575003967733
nR: 1.3083394224220188
norm: 0.10001288485364057
sigma: 219.11326536766586
sigmaL: 208.65351022574538
sigmaR: 58.490407793227995
widthL: 208.65351022574538
widthR: 58.490407793227995
x0: 3004.4421751444984
