alphaL: 0.6902010436659233
alphaR: 1.2406444307799278
event_sum: 0.2003714363600011
mean: 2966.147861096347
nL: 3.205471951455948
nR: 3.0644047520745836
norm: 0.2003714363600011
sigma: 219.11326536766586
sigmaL: 159.74924807917392
sigmaR: 112.25275068152867
widthL: 159.74924807917392
widthR: 112.25275068152867
x0: 2966.147861096347
