alphaL: 1.027644189113681
alphaR: 1.1794896554586214
event_sum: 0.211547991464613
mean: 2989.3052141996855
nL: 1.0000083489837968
nR: 2.9553010682177945
norm: 0.211547991464613
sigma: 168.0
sigmaL: 175.05937857251803
sigmaR: 92.39434532933156
widthL: 175.05937857251803
widthR: 92.39434532933156
x0: 2989.3052141996855
