alphaL: 0.9680509983236415
alphaR: 1.0793253023076395
event_sum: 0.10980677334737265
mean: 2989.7114846540644
nL: 1.0000786601582325
nR: 2.4229125317808125
norm: 0.10980677334737265
sigma: 168.0
sigmaL: 173.60584241026126
sigmaR: 79.36581375279151
widthL: 173.60584241026126
widthR: 79.36581375279151
x0: 2989.7114846540644
