alphaL: 0.9165705055684129
alphaR: 1.1107264216944959
event_sum: 0.10980677334737265
mean: 2984.992977994973
nL: 1.000053509322103
nR: 2.4251989580519266
norm: 0.10980677334737265
sigma: 168.0
sigmaL: 182.82009697306322
sigmaR: 87.89085757615635
widthL: 182.82009697306322
widthR: 87.89085757615635
x0: 2984.992977994973
