alphaL: 1.2192258634371613
alphaR: 1.6814211113702664
event_sum: 1.2778692408755887
mean: 797.8572853178415
nL: 2.3197831016009713
nR: 2.029344682004659
norm: 1.2778692408755887
sigma: 44.800000000000004
sigmaL: 55.501779457361366
sigmaR: 40.387367828209314
widthL: 55.501779457361366
widthR: 40.387367828209314
x0: 797.8572853178415
