alphaL: 1.2330332333661058
alphaR: 1.570828658824079
event_sum: 1.2824562081077602
mean: 797.172883930943
nL: 4.494227131313371
nR: 3.9996080857053355
norm: 1.2824562081077602
sigma: 44.800000000000004
sigmaL: 55.81458383104438
sigmaR: 41.8817717221802
widthL: 55.81458383104438
widthR: 41.8817717221802
x0: 797.172883930943
