alphaL: 1.2169414889241135
alphaR: 1.406554071340232
event_sum: 5.860348196234554
fraction: 0.9946405457495361
mean: 796.71844357449
nL: 2.7818040557418393
nR: 3.497494684012114
norm: 5.824450198095292
sigma: 44.800000000000004
sigmaL: 56.32117510372907
sigmaR: 37.47237018069874
widthL: 56.32117510372907
widthR: 37.47237018069874
x0: 796.71844357449
