alphaL: 0.9386920883185923
alphaR: 1.358122821887857
event_sum: 0.5810490883013699
mean: 797.8451777004024
nL: 4.499145869094442
nR: 3.191441334904233
norm: 0.5810490883013699
sigma: 44.800000000000004
sigmaL: 49.73881442053693
sigmaR: 34.50145381254725
widthL: 49.73881442053693
widthR: 34.50145381254725
x0: 797.8451777004024
