alphaL: 0.9449917751539639
alphaR: 1.3333280357736628
event_sum: 0.5810490883013699
mean: 797.601632727519
nL: 4.499553887595734
nR: 3.1009251094517323
norm: 0.5810490883013699
sigma: 44.800000000000004
sigmaL: 49.26286817046326
sigmaR: 33.87956075447766
widthL: 49.26286817046326
widthR: 33.87956075447766
x0: 797.601632727519
