alphaL: 1.2747673582861978
alphaR: 1.5474366213417272
event_sum: 12.912310497369617
mean: 796.6837959500914
nL: 4.495101650601699
nR: 3.864764557745173
norm: 12.912310497369617
sigma: 44.800000000000004
sigmaL: 56.55529727684063
sigmaR: 42.04633169998552
widthL: 56.55529727684063
widthR: 42.04633169998552
x0: 796.6837959500914
