alphaL: 1.2328996901660647
alphaR: 1.5708094103685935
event_sum: 1.2824562081077602
mean: 797.1737033330435
nL: 4.493714339789177
nR: 3.996491350798428
norm: 1.2824562081077602
sigma: 44.800000000000004
sigmaL: 55.798990271294414
sigmaR: 41.86626080304479
widthL: 55.798990271294414
widthR: 41.86626080304479
x0: 797.1737033330435
