alphaL: 1.2311406198873442
alphaR: 1.5340207428451307
event_sum: 12.912310497369617
fraction: 0.9961747594258432
mean: 796.2452417770793
nL: 7.005121498696218
nR: 3.9126908944008965
norm: 12.857466333545744
sigma: 44.800000000000004
sigmaL: 56.05437905857134
sigmaR: 42.02257677716853
widthL: 56.05437905857134
widthR: 42.02257677716853
x0: 796.2452417770793
