alphaL: 1.3772955385511296
alphaR: 1.4138029377935495
event_sum: 5.860348196234554
mean: 796.5375953170346
nL: 1.0001511672652437
nR: 3.496071058436906
norm: 5.860348196234554
sigma: 44.800000000000004
sigmaL: 57.109097903902665
sigmaR: 37.60547874433037
widthL: 57.109097903902665
widthR: 37.60547874433037
x0: 796.5375953170346
