alphaL: 1.0303289742607904
alphaR: 1.5706836950814218
event_sum: 0.5514331944141304
mean: 794.103057767235
nL: 1.724316181178364
nR: 1.8538117515895411
norm: 0.5514331944141304
sigma: 40.43079974257216
sigmaL: 51.1471156418399
sigmaR: 39.262795368927726
widthL: 51.1471156418399
widthR: 39.262795368927726
x0: 794.103057767235
