alphaL: 1.157047847870262
alphaR: 1.7444298818842443
event_sum: 1.2235235615662532
mean: 795.1369433510569
nL: 2.9943915289629683
nR: 2.2311266261611156
norm: 1.2235235615662532
sigma: 40.43079974257216
sigmaL: 53.856928251561435
sigmaR: 43.964262034257594
widthL: 53.856928251561435
widthR: 43.964262034257594
x0: 795.1369433510569
