alphaL: 1.0857601616956336
alphaR: 1.5914707357790852
event_sum: 0.5783567379694432
mean: 797.2099701423767
nL: 2.287679550759495
nR: 1.9104633168948992
norm: 0.5783567379694432
sigma: 44.800000000000004
sigmaL: 53.48086874272796
sigmaR: 38.02531211509445
widthL: 53.48086874272796
widthR: 38.02531211509445
x0: 797.2099701423767
