alphaL: 0.9173610670561636
alphaR: 2.2969807525585906
event_sum: 19.77602728894328
mean: 2244.6999747710342
nL: 122.4302507670967
nR: 2.417990210028988
norm_2016: 5.1058719448763945
norm_2017: 6.7121275173873185
norm_2018: 9.658635429869324
norm_Run2: 19.77602728894328
sigma: 103.47267982433024
sigmaL: 81.99816251612154
sigmaR: 55.23628237252572
widthL: 81.99816251612154
widthR: 55.23628237252572
x0: 2244.6999747710342
