alphaL: 0.9353043128755313
alphaR: 1.6144440286889936
event_sum: 11.35762149872155
mean: 2213.8348073662846
nL: 1.0288944990226887
nR: 3.2316757924760156
norm_2016: 3.029536816221636
norm_2017: 3.560310366096235
norm_2018: 4.932912013451694
norm_Run2: 11.35762149872155
sigma: 126.0
sigmaL: 123.88830304741361
sigmaR: 104.71639827220655
widthL: 123.88830304741361
widthR: 104.71639827220655
x0: 2213.8348073662846
