alphaL: 0.7811850639900644
alphaR: 1.6775234924606015
event_sum: 1.9736633435717497
mean: 1723.3623142581998
nL: 2.5834070126569983
nR: 3.0153469880871744
norm: 1.9736633435717497
sigma: 98.0
sigmaL: 91.95674393587902
sigmaR: 87.34319762125556
widthL: 91.95674393587902
widthR: 87.34319762125556
x0: 1723.3623142581998
