alphaL: 1.2687418013435205
alphaR: 1.3484309467758242
event_sum: 25.36583796236032
fraction: 0.9265327858834874
mean: 1736.7902846655716
nL: 1.3004538209972116
nR: 3.8038321106098985
norm: 22.606837587144636
sigma: 98.0
sigmaL: 125.8843818069605
sigmaR: 71.21791047285906
widthL: 125.8843818069605
widthR: 71.21791047285906
x0: 1736.7902846655716
