alphaL: 1.1093424810178116
alphaR: 1.4910670711862184
event_sum: 26.39669894737047
fraction: 0.8933898392915373
mean: 1733.4923357401017
nL: 1.056433679966082
nR: 3.9175110109561557
norm: 21.112118083570707
sigma: 98.0
sigmaL: 114.75633412034159
sigmaR: 79.17550739428913
widthL: 114.75633412034159
widthR: 79.17550739428913
x0: 1733.4923357401017
