alphaL: 1.10733076569948
alphaR: 1.541103771903012
event_sum: 2.157194482304043
mean: 1737.1380003606912
nL: 1.9853097298373967
nR: 2.2367304833137256
norm: 2.157194482304043
sigma: 98.0
sigmaL: 120.970617563394
sigmaR: 72.84502414918599
widthL: 120.970617563394
widthR: 72.84502414918599
x0: 1737.1380003606912
