alphaL: 0.8902377886200279
alphaR: 1.4987562263467238
event_sum: 2.236689759440526
mean: 1714.6997978871334
nL: 2.157308880322476
nR: 4.429238977236187
norm: 2.236689759440526
sigma: 98.0
sigmaL: 86.94885822511111
sigmaR: 86.8009460344628
widthL: 86.94885822511111
widthR: 86.8009460344628
x0: 1714.6997978871334
