alphaL: 0.8530431508629167
alphaR: 1.3994196956410232
event_sum: 2.068381534019758
mean: 1738.3742667355466
nL: 2.3778687507457525
nR: 3.800181744135526
norm: 2.068381534019758
sigma: 98.0
sigmaL: 110.95617101190982
sigmaR: 73.80208864775074
widthL: 110.95617101190982
widthR: 73.80208864775074
x0: 1738.3742667355466
