alphaL: 1.0621200910715631
alphaR: 1.6419736833047756
event_sum: 8.663736600638192
mean: 1942.640617208528
nL: 0.20094859058175035
nR: 2.236952419629256
norm: 8.663736600638192
sigma: 131
sigmaL: 177.8347660350786
sigmaR: 122.5858396697636
widthL: 177.8347660350786
widthR: 122.5858396697636
x0: 1942.640617208528
