alphaL: 1.2165578550102367
alphaR: 1.5079773981752016
event_sum: 10.504030225412231
mean: 1960.5607614448143
nL: 0.2000181482008253
nR: 2.2756635833863212
norm: 10.504030225412231
sigma: 131
sigmaL: 179.68119694541332
sigmaR: 106.044955514044
widthL: 179.68119694541332
widthR: 106.044955514044
x0: 1960.5607614448143
