alphaL: 0.5939350713774569
alphaR: 1.025098037888302
event_sum: 0.11783731307427393
mean: 3020.236890448625
nL: 0.1
nR: 2.5911858960589074
norm: 0.11783731307427393
sigma: 305.0
sigmaL: 136.32173290285152
sigmaR: 101.02904322324962
widthL: 136.32173290285152
widthR: 101.02904322324962
x0: 3020.236890448625
