alphaL: 1.0774123191583183
alphaR: 1.7457100393181044
event_sum: 0.20377766918359022
mean: 2950.7494764200646
nL: 0.14116518704352954
nR: 2.2635102066813797
norm: 0.20377766918359022
sigma: 305.0
sigmaL: 280.6907282577841
sigmaR: 164.17537812693496
widthL: 280.6907282577841
widthR: 164.17537812693496
x0: 2950.7494764200646
