alphaL: 0.5881021946686292
alphaR: 1.017381483891113
event_sum: 0.23991442314866074
mean: 3036.6552702491726
nL: 0.9999673830279332
nR: 2.497149372696566
norm: 0.23991442314866074
sigma: 305.0
sigmaL: 421.24274715690865
sigmaR: 85.79285465331556
widthL: 421.24274715690865
widthR: 85.79285465331556
x0: 3036.6552702491726
