alphaL: 0.4
alphaR: 0.7410936936440503
event_sum: 6.663933414163719
fraction: 0.5854673647614919
mean: 3038.640717762252
nL: 0.4
nR: 4.457436177689872
norm: 1.0083554961035452
sigma: 305.0
sigmaL: 219.61892479464743
sigmaR: 72.05921503166903
widthL: 219.61892479464743
widthR: 72.05921503166903
x0: 3038.640717762252
