alphaL: 0.09780299002597678
alphaR: 1.001184200206215
event_sum: 0.15475783465396775
mean: 3084.3450736564278
nL: 0.9999527338382789
nR: 3.165920744256957
norm: 0.15475783465396775
sigma: 305.0
sigmaL: 866.8119956314978
sigmaR: 96.50874732988972
widthL: 866.8119956314978
widthR: 96.50874732988972
x0: 3084.3450736564278
