alphaL: 1.0198540669452343
alphaR: 0.525045457992488
event_sum: 5.155857983092704
fraction: 0.6769800252986596
mean: 3036.866350173489
nL: 0.4
nR: 4.5
norm: 1.804027454979246
sigma: 305.0
sigmaL: 365.0916329094359
sigmaR: 49.94837679514272
widthL: 365.0916329094359
widthR: 49.94837679514272
x0: 3036.866350173489
