alphaL: 1.7482829787127123
alphaR: 2.5796259989078463
event_sum: 79.83787910158513
fraction: 1.0000025702874191
mean: 854.5414056774432
nL: 8.939035327539864
nR: 4.463265685940516
norm: 79.83433881574348
sigma: 42.45443797784346
sigmaL: 50.484640143670134
sigmaR: 27.079196289630364
widthL: 50.484640143670134
widthR: 27.079196289630364
x0: 854.5414056774432
