alphaL: 1.4743709046829132
alphaR: 2.8147776224421595
event_sum: 1.6885424709499326
mean: 854.1885233451064
nL: 4.3462840868935775
nR: 2.3271787475315806
norm: 1.6885424709499326
sigma: 43.79696659411508
sigmaL: 46.7376297958437
sigmaR: 27.11828816451815
widthL: 46.7376297958437
widthR: 27.11828816451815
x0: 854.1885233451064
