alphaL: 1.7024072022759185
alphaR: 2.3639530756150946
event_sum: 223.900746554011
fraction: 0.9999724266649924
mean: 856.4502759786392
nL: 10.0
nR: 4.45908386674735
norm: 223.8799267832393
sigma: 42.45443797784346
sigmaL: 46.1128324185567
sigmaR: 27.999162602957586
widthL: 46.1128324185567
widthR: 27.999162602957586
x0: 856.4502759786392
