alphaL: 1.7597478937246809
alphaR: 2.351814296483357
event_sum: 233.95274029593233
mean: 856.5565749553783
nL: 5.0
nR: 4.769438880548403
norm: 233.95274029593233
sigma: 42.44712140323694
sigmaL: 46.25446080144062
sigmaR: 27.8872303524559
widthL: 46.25446080144062
widthR: 27.8872303524559
x0: 856.5565749553783
