alphaL: 1.7896028736370306
alphaR: 2.5501458356754023
event_sum: 83.57006995079729
mean: 854.7167277396742
nL: 4.9993672507156415
nR: 4.9780032448364775
norm: 83.57006995079729
sigma: 42.44712140323694
sigmaL: 51.71665711248821
sigmaR: 26.99330839597211
widthL: 51.71665711248821
widthR: 26.99330839597211
x0: 854.7167277396742
