alphaL: 1.5119694268266546
alphaR: 2.1504913206251324
event_sum: 3.545253535866418
mean: 857.3522741837892
nL: 4.372030965155868
nR: 3.6685096389692875
norm: 3.545253535866418
sigma: 43.79696659411508
sigmaL: 44.013232899664736
sigmaR: 28.27511124358167
widthL: 44.013232899664736
widthR: 28.27511124358167
x0: 857.3522741837892
