alphaL: 1.8995959222942511
alphaR: 2.341764976566652
event_sum: 234.2067580267437
mean: 857.1055610707413
nL: 4.626420851121098
nR: 4.564785265824164
norm: 234.2067580267437
sigma: 42.44712140323694
sigmaL: 47.30471367368827
sigmaR: 27.636680857094888
widthL: 47.30471367368827
widthR: 27.636680857094888
x0: 857.1055610707413
