alphaL: 1.2946025525710856
alphaR: 2.111338012528834
event_sum: 34.57948134645358
fraction: 0.9998556791373554
mean: 856.6209437340455
nL: 10.0
nR: 4.0734948041825705
norm: 34.57529224849796
sigma: 43.78116425014442
sigmaL: 42.04526021822752
sigmaR: 28.46958311995416
widthL: 42.04526021822752
widthR: 28.46958311995416
x0: 856.6209437340455
