alphaL: 1.9416136471604704
alphaR: 2.5498469381570126
event_sum: 83.66626163948966
mean: 855.450608693017
nL: 4.504477783883067
nR: 4.494194140529108
norm: 83.66626163948966
sigma: 42.44712140323694
sigmaL: 52.00137564322684
sigmaR: 26.637132588328544
widthL: 52.00137564322684
widthR: 26.637132588328544
x0: 855.450608693017
