alphaL: 1.4044567254727456
alphaR: 2.1859845929077033
event_sum: 3.5397827025202893
mean: 856.6759119928272
nL: 4.202274720864921
nR: 3.158743548681837
norm: 3.5397827025202893
sigma: 43.79696659411508
sigmaL: 42.159016488966316
sigmaR: 28.717400098847154
widthL: 42.159016488966316
widthR: 28.717400098847154
x0: 856.6759119928272
