alphaL: 1.6786133426638696
alphaR: 2.4020222062360133
event_sum: 1.6905825269052148
mean: 856.0951287034354
nL: 4.446949956565304
nR: 3.8337687231527
norm: 1.6905825269052148
sigma: 43.79696659411508
sigmaL: 48.9850899173167
sigmaR: 25.935209301736634
widthL: 48.9850899173167
widthR: 25.935209301736634
x0: 856.0951287034354
