alphaL: 1.5758603412156365
alphaR: 2.5950000769518966
event_sum: 16.473473130955025
fraction: 0.9999780255253529
mean: 855.2482208842534
nL: 7.608248176274493
nR: 3.882202277685608
norm: 16.473320442886475
sigma: 43.78116425014442
sigmaL: 48.45594429613279
sigmaR: 26.52418811450708
widthL: 48.45594429613279
widthR: 26.52418811450708
x0: 855.2482208842534
