alphaL: 1.4299246988168015
alphaR: 2.2923225902549316
event_sum: 223.76920387867477
mean: 855.6559220637936
nL: 150.5927108087305
nR: 7.110106411287281
norm_2016: 60.89502511276991
norm_2017: 72.35247831182038
norm_2018: 99.44419421146755
norm_Run2: 232.69169763605782
sigma: 42.45239817302254
sigmaL: 44.24907122460526
sigmaR: 28.33910264867667
widthL: 44.24907122460526
widthR: 28.33910264867667
x0: 855.6559220637936
