alphaL: 1.3870751084539719
alphaR: 2.451154530869916
event_sum: 79.80004848838186
mean: 853.5608512154031
nL: 139.61811961937627
nR: 7.187603968951517
norm_2016: 20.99371870860191
norm_2017: 25.015020194716385
norm_2018: 37.17992638076028
norm_Run2: 79.80004848838186
sigma: 42.45239817302254
sigmaL: 47.38274364372333
sigmaR: 27.36909893593218
widthL: 47.38274364372333
widthR: 27.36909893593218
x0: 853.5608512154031
