alphaL: 1.3918179478675583
alphaR: 2.46131610869463
event_sum: 79.80004848838186
mean: 853.5632790341424
nL: 140.64152844044526
nR: 7.095907643910788
norm_2016: 20.99371870860191
norm_2017: 25.015020194716385
norm_2018: 37.17992638076028
norm_Run2: 79.80004848838186
sigma: 42.45239817302254
sigmaL: 47.43657882380394
sigmaR: 27.40376405097193
widthL: 47.43657882380394
widthR: 27.40376405097193
x0: 853.5632790341424
