alphaL: 1.1543229273958038
alphaR: 2.187187680094226
event_sum: 34.53818660439912
mean: 855.7559071249448
nL: 97.6925715642295
nR: 3.5562033229165206
norm_2016: 34.53818660439912
norm_2017: 34.53818660439912
norm_2018: 34.53818660439912
norm_Run2: 34.53818660439912
sigma: 43.649539569828335
sigmaL: 39.77321746531176
sigmaR: 28.92297410805828
widthL: 39.77321746531176
widthR: 28.92297410805828
x0: 855.7559071249448
