alphaL: 1.1368444589157691
alphaR: 1.408129236771971
event_sum: 31.092683419502148
mean: 849.2888491751835
nL: 25.894958581013192
nR: 4.5975734284652585
norm_2016: 8.350798527215458
norm_2017: 9.630356841272633
norm_2018: 13.59496306256272
norm_Run2: 31.57611843105081
sigma: 47.6
sigmaL: 59.426409260408356
sigmaR: 41.625222400885484
widthL: 59.426409260408356
widthR: 41.625222400885484
x0: 849.2888491751835
