alphaL: 0.7880418040481902
alphaR: 1.4508666991173853
event_sum: 28.08231118510886
mean: 834.4200558051916
nL: 11.551386124023901
nR: 4.779324923938716
norm_2016: 28.08231118510886
norm_2017: 28.08231118510886
norm_2018: 28.08231118510886
norm_Run2: 28.08231118510886
sigma: 85.0
sigmaL: 60.297889603113894
sigmaR: 58.32896810869903
widthL: 60.297889603113894
widthR: 58.32896810869903
x0: 834.4200558051916
