alphaL: 0.7880418040481902
alphaR: 1.4508666991173853
event_sum: 28.08231118510886
mean: 834.4200558051916
nL: 11.551386124023901
nR: 4.779324923938716
norm_2016: 7.278087800416319
norm_2017: 8.844271513039876
norm_2018: 12.359585336838741
norm_Run2: 28.48194465029493
sigma: 85.0
sigmaL: 60.297889603113894
sigmaR: 58.32896810869903
widthL: 60.297889603113894
widthR: 58.32896810869903
x0: 834.4200558051916
