alphaL: 1.1119453085960005
alphaR: 2.91883454538529
event_sum: 16.465175393459486
mean: 852.4240397011038
nL: 110.91116342341076
nR: 5.165984031913697
norm_2016: 4.180118899064658
norm_2017: 5.1973902489412005
norm_2018: 7.3907223736938885
norm_Run2: 16.465175393459486
sigma: 43.649539569828335
sigmaL: 41.73604494211742
sigmaR: 27.88227981002109
widthL: 41.73604494211742
widthR: 27.88227981002109
x0: 852.4240397011038
