alphaL: 0.8070554379422682
alphaR: 1.424456126059043
event_sum: 13.08496304534186
mean: 831.8370186731636
nL: 38.02413881148341
nR: 3.5565124799054084
norm_2016: 13.08496304534186
norm_2017: 13.08496304534186
norm_2018: 13.08496304534186
norm_Run2: 13.08496304534186
sigma: 85.0
sigmaL: 61.56018525609326
sigmaR: 56.88403823550313
widthL: 61.56018525609326
widthR: 56.88403823550313
x0: 831.8370186731636
