alphaL: 1.0663577977705556
alphaR: 1.4257130603669435
event_sum: 14.70615436511262
mean: 848.0345024814887
nL: 56.50746450469792
nR: 3.398534688437193
norm_2016: 14.70615436511262
norm_2017: 14.70615436511262
norm_2018: 14.70615436511262
norm_Run2: 14.70615436511262
sigma: 47.6
sigmaL: 60.91094989788953
sigmaR: 39.504476507006586
widthL: 60.91094989788953
widthR: 39.504476507006586
x0: 848.0345024814887
