alphaL: 0.9088715962257796
alphaR: 2.0182267336477375
event_sum: 34.30983038218304
mean: 1501.5704442856245
nL: 19.164444118037135
nR: 2.244108478192376
norm_2016: 9.405197649442027
norm_2017: 10.888105596686769
norm_2018: 14.861943069561393
norm_Run2: 34.30983038218304
sigma: 78.7350974323431
sigmaL: 54.57169654067944
sigmaR: 43.895452988196254
widthL: 54.57169654067944
widthR: 43.895452988196254
x0: 1501.5704442856245
