alphaL: 0.9540338729196471
alphaR: 1.2111980874418093
event_sum: 19.01475138855942
mean: 1473.2481980084758
nL: 1.8724620096752909
nR: 4.932011641010296
norm_2016: 4.812780287150576
norm_2017: 5.915667809047496
norm_2018: 8.610354330913985
norm_Run2: 19.01475138855942
sigma: 150.0
sigmaL: 128.20083199571684
sigmaR: 78.86723307174329
widthL: 128.20083199571684
widthR: 78.86723307174329
x0: 1473.2481980084758
