alphaL: 1.4428209790125954
alphaR: 1.755197400860746
event_sum: 1.1009748647752295
mean: 1466.5839390860087
nL: 4.362875578089816
nR: 3.2717033160867524
norm: 1.1009748647752295
sigma: 75.87222926094066
sigmaL: 69.59093072684425
sigmaR: 38.298123694053196
widthL: 69.59093072684425
widthR: 38.298123694053196
x0: 1466.5839390860087
