alphaL: 1.7429240092342957
alphaR: 2.069118856088074
event_sum: 18.420797282847758
mean: 1465.7240965744845
nL: 4.361309041595624
nR: 4.023461649558536
norm: 18.420797282847758
sigma: 69.02181161008549
sigmaL: 75.64432885655737
sigmaR: 33.60334045340828
widthL: 75.64432885655737
widthR: 33.60334045340828
x0: 1465.7240965744845
