alphaL: 1.207042061207746
alphaR: 2.370999464690908
event_sum: 0.9709369389623241
mean: 1455.383272653874
nL: 3.8899945814391037
nR: 1.9644594813164342
norm: 0.9709369389623241
sigma: 75.87222926094066
sigmaL: 59.24034621688213
sigmaR: 39.81825888276871
widthL: 59.24034621688213
widthR: 39.81825888276871
x0: 1455.383272653874
