alphaL: 1.568993472435986
alphaR: 2.17474206547969
event_sum: 28.4568956973358
mean: 1464.579133038738
nL: 4.501043277329232
nR: 2.869058201836301
norm: 28.4568956973358
sigma: 69.02181161008549
sigmaL: 69.88204369978477
sigmaR: 38.07992565418289
widthL: 69.88204369978477
widthR: 38.07992565418289
x0: 1464.579133038738
