alphaL: 1.5879260831179838
alphaR: 2.5318389793152276
event_sum: 18.3400399545285
mean: 1463.618896393968
nL: 4.9017164153463995
nR: 1.62008118555546
norm: 18.3400399545285
sigma: 69.02181161008549
sigmaL: 72.65928974164244
sigmaR: 35.05659188090789
widthL: 72.65928974164244
widthR: 35.05659188090789
x0: 1463.618896393968
