alphaL: 1.1086291237379537
alphaR: 2.2968728225013937
event_sum: 9.756288465770908
fraction: 0.9980826931344035
mean: 1455.6453198434153
nL: 10.0
nR: 1.9766355847628254
norm: 9.75018870657896
sigma: 75.86295709925241
sigmaL: 58.68356703831329
sigmaR: 39.51931514684665
widthL: 58.68356703831329
widthR: 39.51931514684665
x0: 1455.6453198434153
