alphaL: 1.233315030474038
alphaR: 2.009532054398048
event_sum: 11.035593119281186
fraction: 0.9970533900740767
mean: 1463.4747202557721
nL: 9.688410443586282
nR: 2.070791513806132
norm: 11.025918080184612
sigma: 75.86295709925241
sigmaL: 65.00924204729111
sigmaR: 40.63287535255434
widthL: 65.00924204729111
widthR: 40.63287535255434
x0: 1463.4747202557721
