alphaL: 1.2991508730954604
alphaR: 2.1800362035124388
event_sum: 0.974080016990345
mean: 1454.5269352818138
nL: 3.7616974792034585
nR: 4.401626908284083
norm: 0.974080016990345
sigma: 75.87222926094066
sigmaL: 59.675555611672245
sigmaR: 40.72703747599803
widthL: 59.675555611672245
widthR: 40.72703747599803
x0: 1454.5269352818138
