alphaL: 1.5321241104080516
alphaR: 2.1961451579809466
event_sum: 18.436087953991922
fraction: 0.9993849114874319
mean: 1464.2511805100678
nL: 9.965345520491363
nR: 3.15596007012019
norm: 18.431556586202813
sigma: 68.99219674921261
sigmaL: 73.23893340986129
sigmaR: 34.5001988330612
widthL: 73.23893340986129
widthR: 34.5001988330612
x0: 1464.2511805100678
