alphaL: 1.3646850429266026
alphaR: 2.1021985188679597
event_sum: 28.4879349372274
fraction: 0.9992168010588222
mean: 1463.3329663108302
nL: 9.99832312132941
nR: 3.4764295192216275
norm: 28.486321510332058
sigma: 68.99219674921261
sigmaL: 66.97351288151614
sigmaR: 38.56132390191976
widthL: 66.97351288151614
widthR: 38.56132390191976
x0: 1463.3329663108302
