alphaL: 1.3563104331299447
alphaR: 2.1926120109368603
event_sum: 28.350974486583144
mean: 1462.2001037239165
nL: 4.89161951660066
nR: 3.452937541066821
norm: 28.350974486583144
sigma: 69.02181161008549
sigmaL: 64.75097086478772
sigmaR: 39.260565017311
widthL: 64.75097086478772
widthR: 39.260565017311
x0: 1462.2001037239165
