alphaL: 1.474957216547626
alphaR: 1.9803720459073462
event_sum: 1.0972854668076863
mean: 1466.3943832052394
nL: 2.8387475861969746
nR: 2.068754656162526
norm: 1.0972854668076863
sigma: 75.87222926094066
sigmaL: 69.06536837832451
sigmaR: 39.064759845957205
widthL: 69.06536837832451
widthR: 39.064759845957205
x0: 1466.3943832052394
