alphaL: 1.0741499833710166
alphaR: 2.792224225763404
event_sum: 19.530238557914647
fraction: 0.9921610603811046
mean: 952.5653078991877
nL: 95.73163367454028
nR: 1.9299425823355163
norm: 19.45771217872976
sigma: 49.171747568489735
sigmaL: 44.72799346340714
sigmaR: 29.538365403566143
widthL: 44.72799346340714
widthR: 29.538365403566143
x0: 952.5653078991877
