alphaL: 1.1702493262252083
alphaR: 1.549810466202248
event_sum: 1.569846162192698
mean: 932.9284768926049
nL: 3.936119361053256
nR: 3.0752906327336778
norm: 1.569846162192698
sigma: 95.0
sigmaL: 89.69820034219183
sigmaR: 62.908608145913156
widthL: 89.69820034219183
widthR: 62.908608145913156
x0: 932.9284768926049
