alphaL: 1.2383994102681333
alphaR: 1.4246080437791482
event_sum: 1.5677218637781496
mean: 935.2985459118295
nL: 3.1776740451464573
nR: 3.030726769717133
norm: 1.5677218637781496
sigma: 95.0
sigmaL: 87.4639808290956
sigmaR: 58.99460012127475
widthL: 87.4639808290956
widthR: 58.99460012127475
x0: 935.2985459118295
