alphaL: 0.9974929674171463
alphaR: 1.4199474747889185
event_sum: 15.485991639880183
fraction: 0.9905955742792828
mean: 930.4263787324692
nL: 5.398299094010154
nR: 3.90176059085843
norm: 15.338518992731181
sigma: 95.0
sigmaL: 79.23269578011784
sigmaR: 62.55622320768992
widthL: 79.23269578011784
widthR: 62.55622320768992
x0: 930.4263787324692
