alphaL: 0.613865756910362
alphaR: 1.5065091328626223
event_sum: 3.037633681407031
mean: 939.551401213875
nL: 4.685824331723856
nR: 3.8394355569498764
norm: 3.037633681407031
sigma: 95.0
sigmaL: 86.11663859203222
sigmaR: 59.50965852693743
widthL: 86.11663859203222
widthR: 59.50965852693743
x0: 939.551401213875
