alphaL: 0.8879522344436981
alphaR: 1.4264319642851795
event_sum: 29.986626776365885
fraction: 0.9908679828998475
mean: 939.1224135991152
nL: 5.6869046029801105
nR: 3.789586109186599
norm: 29.771398388674797
sigma: 95.0
sigmaL: 81.12767337502011
sigmaR: 58.0010563302117
widthL: 81.12767337502011
widthR: 58.0010563302117
x0: 939.1224135991152
