alphaL: 0.9796585138375563
alphaR: 1.5334801735358765
event_sum: 3.03593880892504
mean: 937.5627185100902
nL: 3.079799657079365
nR: 3.086061895244491
norm: 3.03593880892504
sigma: 95.0
sigmaL: 86.47840534073575
sigmaR: 60.48884029295279
widthL: 86.47840534073575
widthR: 60.48884029295279
x0: 937.5627185100902
