alphaL: 1.3292302417284625
alphaR: 1.7628738200502123
event_sum: 1.2743790827225894
mean: 2200.589681600839
nL: 3.911198091727931
nR: 2.798317634307254
norm: 1.2743790827225894
sigma: 122.38954251610387
sigmaL: 91.86761872454379
sigmaR: 55.876763514619775
widthL: 91.86761872454379
widthR: 55.876763514619775
x0: 2200.589681600839
