alphaL: 0.9341848376005898
alphaR: 2.3145013546196256
event_sum: 21.322816787287593
fraction: 0.9943694352345622
mean: 2194.395501950304
nL: 117.72294014469885
nR: 2.3936138016803588
norm: 10.38083888712572
sigma: 101.06482541567429
sigmaL: 81.28846645018989
sigmaR: 54.73222739123598
widthL: 81.28846645018989
widthR: 54.73222739123598
x0: 2194.395501950304
