alphaL: 1.428248236488421
alphaR: 1.7706837311011119
event_sum: 1.989513823587913
mean: 2206.226388272829
nL: 4.483904656053666
nR: 2.412903949338083
norm: 1.989513823587913
sigma: 122.23355136270048
sigmaL: 101.10378259610839
sigmaR: 47.728820800043685
widthL: 101.10378259610839
widthR: 47.728820800043685
x0: 2206.226388272829
