alphaL: 1.3726455924129528
alphaR: 1.9872163531718765
event_sum: 8.896384957130067
mean: 2192.959736816827
nL: 3.9984424013729893
nR: 3.987841123722087
norm: 8.896384957130067
sigma: 99.30990625810726
sigmaL: 85.96960400899161
sigmaR: 55.934211878422005
widthL: 85.96960400899161
widthR: 55.934211878422005
x0: 2192.959736816827
