alphaL: 1.5115804166380313
alphaR: 1.944137790591088
event_sum: 10.402377684717067
mean: 2198.395488593642
nL: 4.498895643911118
nR: 3.7687376359200324
norm: 10.402377684717067
sigma: 99.30990625810726
sigmaL: 101.68565712344042
sigmaR: 49.768300954349414
widthL: 101.68565712344042
widthR: 49.768300954349414
x0: 2198.395488593642
