alphaL: 1.349104658559313
alphaR: 1.9636512924596305
event_sum: 8.896384957130067
mean: 2194.226559309695
nL: 4.498175453805719
nR: 3.922670906343294
norm: 8.896384957130067
sigma: 99.30990625810726
sigmaL: 87.27465536886335
sigmaR: 55.272832702175705
widthL: 87.27465536886335
widthR: 55.272832702175705
x0: 2194.226559309695
