alphaL: 0.9618657415569033
alphaR: 1.8809443071561016
event_sum: 12.7604093789123
fraction: 0.9976227609279854
mean: 2193.3919703852407
nL: 9.999990800383946
nR: 2.5907714103886534
norm: 12.737142156809568
sigma: 122.23355136270048
sigmaL: 76.57112530731096
sigmaR: 60.19560283762981
widthL: 76.57112530731096
widthR: 60.19560283762981
x0: 2193.3919703852407
