alphaL: 1.2051179816086666
alphaR: 2.0552474697363534
event_sum: 10.363607849052642
mean: 2193.444064661432
nL: 4.909390285936787
nR: 3.488955827345543
norm: 10.363607849052642
sigma: 99.30990625810726
sigmaL: 89.68227719703727
sigmaR: 52.430706026375304
widthL: 89.68227719703727
widthR: 52.430706026375304
x0: 2193.444064661432
