alphaL: 1.5068703513324626
alphaR: 1.9378461650178715
event_sum: 10.402377684717067
mean: 2198.4859032858044
nL: 4.499193786147962
nR: 3.9029298546340283
norm: 10.402377684717067
sigma: 99.30990625810726
sigmaL: 101.88183759227859
sigmaR: 50.13909149662596
widthL: 101.88183759227859
widthR: 50.13909149662596
x0: 2198.4859032858044
