alphaL: 1.7200232146893546
alphaR: 1.9895735944190032
event_sum: 10.413577859464567
mean: 2201.2383269682055
nL: 4.499937427039011
nR: 3.090097068988223
norm: 10.413577859464567
sigma: 99.31558849458949
sigmaL: 108.16615693148297
sigmaR: 48.51460203752801
widthL: 108.16615693148297
widthR: 48.51460203752801
x0: 2201.2383269682055
