alphaL: 1.490372963675103
alphaR: 1.757883313202102
event_sum: 19.944995175348595
mean: 2205.708954700192
nL: 4.4996264954388705
nR: 2.4436759256820477
norm: 19.944995175348595
sigma: 122.23355136270048
sigmaL: 101.87824120563542
sigmaR: 47.78560436684956
widthL: 101.87824120563542
widthR: 47.78560436684956
x0: 2205.708954700192
