alphaL: 1.464675944086287
alphaR: 1.7659543076421258
event_sum: 1.9906771847745404
mean: 2205.3135201544083
nL: 3.931277381735049
nR: 2.393104354937718
norm: 1.9906771847745404
sigma: 122.38954251610387
sigmaL: 99.17104400601772
sigmaR: 47.4271563139207
widthL: 99.17104400601772
widthR: 47.4271563139207
x0: 2205.3135201544083
