alphaL: 1.3684613780041965
alphaR: 1.7090338309685253
event_sum: 1.2717199714388698
mean: 2204.2716885827735
nL: 4.297861608375173
nR: 2.9580623622799656
norm: 1.2717199714388698
sigma: 122.23355136270048
sigmaL: 95.39191349636883
sigmaR: 53.54942930926472
widthL: 95.39191349636883
widthR: 53.54942930926472
x0: 2204.2716885827735
