alphaL: 1.1146794675465639
alphaR: 2.011846904931302
event_sum: 8.926539273757953
fraction: 0.9991745856660197
mean: 2190.280984826687
nL: 9.977228364872358
nR: 3.893490149693257
norm: 8.924816169950645
sigma: 99.31558849458949
sigmaL: 79.5176120549646
sigmaR: 57.344134597538236
widthL: 79.5176120549646
widthR: 57.344134597538236
x0: 2190.280984826687
