alphaL: 1.3508659254052344
alphaR: 1.7522329471540397
event_sum: 1.9833646287443116
mean: 2203.432257258662
nL: 3.884660993248448
nR: 2.4225728304849428
norm: 1.9833646287443116
sigma: 122.23355136270048
sigmaL: 96.49598653274508
sigmaR: 48.40844612733903
widthL: 96.49598653274508
widthR: 48.40844612733903
x0: 2203.432257258662
