alphaL: 1.4657555568882827
alphaR: 1.6531901472659518
event_sum: 12.7604093789123
mean: 2205.8961653332494
nL: 4.499604198542454
nR: 2.9465459024593486
norm: 12.7604093789123
sigma: 122.23355136270048
sigmaL: 99.75468064957262
sigmaR: 52.03159174863591
widthL: 99.75468064957262
widthR: 52.03159174863591
x0: 2205.8961653332494
