alphaL: 1.3440875529973169
alphaR: 2.0793529696997117
event_sum: 10.413577859464567
fraction: 0.9990256511705239
mean: 2196.0290893862066
nL: 9.898678260387458
nR: 2.9208623548767982
norm: 10.41185475565726
sigma: 99.31558849458949
sigmaL: 97.84600412669565
sigmaR: 51.06650383944875
widthL: 97.84600412669565
widthR: 51.06650383944875
x0: 2196.0290893862066
