alphaL: 1.5001178078386392
alphaR: 1.8564875519271624
event_sum: 8.926539273757953
mean: 2197.323763865605
nL: 4.499196409558303
nR: 4.359566327284276
norm: 8.926539273757953
sigma: 99.31558849458949
sigmaL: 91.83871834725129
sigmaR: 53.09178926389774
widthL: 91.83871834725129
widthR: 53.09178926389774
x0: 2197.323763865605
