alphaL: 1.1755628061504875
alphaR: 1.8240279053361963
event_sum: 1.2683960823342204
mean: 2196.108595377164
nL: 4.423425804423464
nR: 2.6605106268564085
norm: 1.2683960823342204
sigma: 122.23355136270048
sigmaL: 84.2045076839524
sigmaR: 58.74683057740947
widthL: 84.2045076839524
widthR: 58.74683057740947
x0: 2196.108595377164
