alphaL: 1.170106550840505
alphaR: 1.979875386601947
event_sum: 8.862784432887565
mean: 2190.366249321959
nL: 4.554015405528835
nR: 3.8224359313398812
norm: 8.862784432887565
sigma: 99.30990625810726
sigmaL: 79.10779935378898
sigmaR: 56.90622523818417
widthL: 79.10779935378898
widthR: 56.90622523818417
x0: 2190.366249321959
