alphaL: 1.3677014940901495
alphaR: 1.706288931677133
event_sum: 1.2717199714388698
mean: 2203.9362779954513
nL: 4.336580920993359
nR: 2.9907434812464375
norm: 1.2717199714388698
sigma: 122.23355136270048
sigmaL: 95.41765879891857
sigmaR: 53.87348686476425
widthL: 95.41765879891857
widthR: 53.87348686476425
x0: 2203.9362779954513
