alphaL: 1.4851841419891902
alphaR: 2.161373627624673
event_sum: 10.402377684717067
mean: 2195.3020924794127
nL: 3.973155935620343
nR: 2.795601661061289
norm: 10.402377684717067
sigma: 99.30990625810726
sigmaL: 98.5601885882405
sigmaR: 52.08108458937315
widthL: 98.5601885882405
widthR: 52.08108458937315
x0: 2195.3020924794127
