alphaL: 1.4150358438287007
alphaR: 1.8277237175223668
event_sum: 1.989513823587913
mean: 2204.493069379477
nL: 4.497097415265634
nR: 2.2529046722606596
norm: 1.989513823587913
sigma: 122.23355136270048
sigmaL: 99.409056909222
sigmaR: 49.025078926327616
widthL: 99.409056909222
widthR: 49.025078926327616
x0: 2204.493069379477
