alphaL: 1.359774575335479
alphaR: 1.951392373920391
event_sum: 8.896384957130067
mean: 2194.709189561218
nL: 4.499999726395299
nR: 3.921910946475536
norm: 8.896384957130067
sigma: 99.30990625810726
sigmaL: 87.79287405856023
sigmaR: 54.927698382080486
widthL: 87.79287405856023
widthR: 54.927698382080486
x0: 2194.709189561218
