alphaL: 1.1564871370284604
alphaR: 1.8348526139397274
event_sum: 19.944995175348595
fraction: 0.9976145481213419
mean: 2201.2210669737406
nL: 9.999408920662116
nR: 2.364763836345621
norm: 19.913418231066316
sigma: 122.23355136270048
sigmaL: 91.63347768535918
sigmaR: 50.34492603635403
widthL: 91.63347768535918
widthR: 50.34492603635403
x0: 2201.2210669737406
