alphaL: 1.0643718200703907
alphaR: 1.7849922969549081
event_sum: 1.1777467735123808
mean: 1276.8023259426207
nL: 0.8685920563732342
nR: 1.994308597526907
norm: 1.1777467735123808
sigma: 130.0
sigmaL: 121.16184354591446
sigmaR: 78.5705336654164
widthL: 121.16184354591446
widthR: 78.5705336654164
x0: 1276.8023259426207
