alphaL: 0.8770717657292643
alphaR: 1.3668945231669363
event_sum: 12.552227075187949
fraction: 0.8999052574395082
mean: 1281.4783757921173
nL: 1.712568626188847
nR: 4.5
norm: 11.170988635592764
sigma: 130.0
sigmaL: 112.40323903370434
sigmaR: 71.75814099452997
widthL: 112.40323903370434
widthR: 71.75814099452997
x0: 1281.4783757921173
