alphaL: 1.3771991128695826
alphaR: 1.289922140008717
event_sum: 0.8891420569778472
mean: 1285.142960283668
nL: 0.9368657160604594
nR: 3.2964426164148932
norm: 0.8891420569778472
sigma: 130.0
sigmaL: 136.44791278597532
sigmaR: 66.02843835597885
widthL: 136.44791278597532
widthR: 66.02843835597885
x0: 1285.142960283668
