alphaL: 1.0132654095579154
alphaR: 1.2622010342853711
event_sum: 1.2460671049781615
mean: 1296.1831162887502
nL: 0.5495465771444196
nR: 3.6949402287920856
norm: 1.2460671049781615
sigma: 130.0
sigmaL: 131.6576029501427
sigmaR: 58.856300464498574
widthL: 131.6576029501427
widthR: 58.856300464498574
x0: 1296.1831162887502
