alphaL: 1.2020929292490556
alphaR: 1.0480362758707404
event_sum: 9.269774500402901
fraction: 0.9393251965289802
mean: 1289.4341723266969
nL: 1.962584050770095
nR: 4.451300234393047
norm: 8.601984775717451
sigma: 130.0
sigmaL: 137.79701062196494
sigmaR: 57.53800268841615
widthL: 137.79701062196494
widthR: 57.53800268841615
x0: 1289.4341723266969
