alphaL: 1.4057280508187104
alphaR: 1.1959607827304215
event_sum: 0.9220540281583811
mean: 1287.4020743854135
nL: 0.6903965345363912
nR: 3.5223353416801255
norm: 0.9220540281583811
sigma: 130.0
sigmaL: 135.3876205230016
sigmaR: 61.97494991125209
widthL: 135.3876205230016
widthR: 61.97494991125209
x0: 1287.4020743854135
