alphaL: 1.4518588023589345
alphaR: 1.7888026975433684
event_sum: 9.989637363220965
fraction: 0.9992134253793648
mean: 1108.372143625868
nL: 9.59654103443866
nR: 4.141641730389599
norm: 9.987550187467342
sigma: 57.165961948396614
sigmaL: 54.60866365941375
sigmaR: 30.850948244290013
widthL: 54.60866365941375
widthR: 30.850948244290013
x0: 1108.372143625868
