alphaL: 1.4704448535153496
alphaR: 2.105333433406236
event_sum: 46.93550365912767
mean: 1104.9233307488464
nL: 5.0
nR: 4.181339081837749
norm: 46.93550365912767
sigma: 53.767172533426134
sigmaL: 53.949529856314236
sigmaR: 31.53510481237339
widthL: 53.949529856314236
widthR: 31.53510481237339
x0: 1104.9233307488464
