alphaL: 1.6357478902295932
alphaR: 2.0762986403005543
event_sum: 47.06409841592241
mean: 1106.460580448399
nL: 4.528351181177174
nR: 4.199418110049896
norm: 47.06409841592241
sigma: 53.767172533426134
sigmaL: 57.0493128606926
sigmaR: 30.68127266707506
widthL: 57.0493128606926
widthR: 30.68127266707506
x0: 1106.460580448399
