alphaL: 1.691745494762638
alphaR: 2.5460522357728026
event_sum: 20.301455957357916
fraction: 0.9992567187811731
mean: 1104.944116379516
nL: 6.513885324970343
nR: 3.223157736926461
norm: 20.30261071495747
sigma: 53.831568073415
sigmaL: 61.59923114381949
sigmaR: 29.36670793298743
widthL: 61.59923114381949
widthR: 29.36670793298743
x0: 1104.944116379516
