alphaL: 1.4599095496882781
alphaR: 2.368474400775639
event_sum: 5.983550671254873
fraction: 0.9983238403284979
mean: 1105.3890114442631
nL: 10.0
nR: 1.8342590031699746
norm: 5.97973796162381
sigma: 57.165961948396614
sigmaL: 58.51638279203183
sigmaR: 29.024346921812548
widthL: 58.51638279203183
widthR: 29.024346921812548
x0: 1105.3890114442631
