alphaL: 1.5115871547535897
alphaR: 2.5687728562668664
event_sum: 0.599001962657368
mean: 1101.890113751024
nL: 2.9715013574594136
nR: 2.0775629628634555
norm: 0.599001962657368
sigma: 57.25892102827743
sigmaL: 53.74446699314441
sigmaR: 31.292982058895916
widthL: 53.74446699314441
widthR: 31.292982058895916
x0: 1101.890113751024
