alphaL: 1.696913251180276
alphaR: 2.865026685950636
event_sum: 20.767737974402998
mean: 1105.7463655312745
nL: 4.6459239503737
nR: 1.6739711782970157
norm: 20.767737974402998
sigma: 53.767172533426134
sigmaL: 62.120922504163076
sigmaR: 28.7258119748126
widthL: 62.120922504163076
widthR: 28.7258119748126
x0: 1105.7463655312745
