alphaL: 1.4854017992342854
alphaR: 1.8475297898190037
event_sum: 1.0012385077107628
mean: 1107.1739732926567
nL: 3.555593479404236
nR: 3.754956528187879
norm: 1.0012385077107628
sigma: 57.25892102827743
sigmaL: 52.740857400147554
sigmaR: 31.483850068003857
widthL: 52.740857400147554
widthR: 31.483850068003857
x0: 1107.1739732926567
