alphaL: 1.2448652515531529
alphaR: 2.2032049343211675
event_sum: 0.601806981493083
mean: 1100.16460054806
nL: 3.976393749327602
nR: 3.82962298229208
norm: 0.601806981493083
sigma: 57.25892102827743
sigmaL: 50.329696951747735
sigmaR: 32.11744121688568
widthL: 50.329696951747735
widthR: 32.11744121688568
x0: 1100.16460054806
