alphaL: 1.7078688128132231
alphaR: 2.3668919623506617
event_sum: 20.906151399021578
mean: 1106.3045852891787
nL: 4.488961879180685
nR: 4.222258254733667
norm: 20.906151399021578
sigma: 53.767172533426134
sigmaL: 62.83548597304806
sigmaR: 28.37959688946211
widthL: 62.83548597304806
widthR: 28.37959688946211
x0: 1106.3045852891787
