alphaL: 1.6159512774971705
alphaR: 1.8737168198187597
event_sum: 1.0053664302663492
mean: 1109.9062414217294
nL: 4.083541135231405
nR: 3.9348397312121626
norm: 1.0053664302663492
sigma: 57.25892102827743
sigmaL: 56.644054310031436
sigmaR: 29.656306575274062
widthL: 56.644054310031436
widthR: 29.656306575274062
x0: 1109.9062414217294
