alphaL: 1.5190303060445152
alphaR: 2.0331741589086887
event_sum: 45.514266674885306
fraction: 0.9995791288291371
mean: 1105.3904966186572
nL: 9.967989462451632
nR: 4.5
norm: 45.507528413067625
sigma: 53.831568073415
sigmaL: 55.69635802830709
sigmaR: 31.273553399381353
widthL: 55.69635802830709
widthR: 31.273553399381353
x0: 1105.3904966186572
