alphaL: 0.4
alphaR: 1.2413550149652135
event_sum: 6.275230573511615
fraction: 0.5494442870833335
mean: 3426.8687725907434
nL: 0.4
nR: 3.40010403533239
norm: 0.5268258854341097
sigma: 340.0
sigmaL: 483.1762086808105
sigmaR: 85.73737814836458
widthL: 483.1762086808105
widthR: 85.73737814836458
x0: 3426.8687725907434
