alphaL: 0.9009863126260125
alphaR: 0.5131229019799564
event_sum: 4.331884748057335
fraction: 0.634678182524454
mean: 3380.594297527332
nL: 0.4
nR: 3.289750541599925
norm: 0.9247420379369569
sigma: 340.0
sigmaL: 500.34047991248684
sigmaR: 49.45132634354104
widthL: 500.34047991248684
widthR: 49.45132634354104
x0: 3380.594297527332
