alphaL: 0.915213847565661
alphaR: 1.5416446596890445
event_sum: 0.11185059137915038
mean: 3264.1917875319705
nL: 0.13038198792151745
nR: 2.156236042765321
norm: 0.11185059137915038
sigma: 340.0
sigmaL: 300.03433386006895
sigmaR: 162.92175842021553
widthL: 300.03433386006895
widthR: 162.92175842021553
x0: 3264.1917875319705
