alphaL: 0.29421686576555
alphaR: 0.9284774565815556
event_sum: 0.1393600095996898
mean: 3371.427028967936
nL: 0.9998899251612219
nR: 3.221196062334813
norm: 0.1393600095996898
sigma: 340.0
sigmaL: 641.6272366241737
sigmaR: 107.53703720125746
widthL: 641.6272366241737
widthR: 107.53703720125746
x0: 3371.427028967936
