alphaL: 0.540948143812335
alphaR: 1.0458782150152945
event_sum: 0.06410178865985904
mean: 3417.698283687755
nL: 0.1
nR: 2.289783383127657
norm: 0.06410178865985904
sigma: 340.0
sigmaL: 237.740965302373
sigmaR: 77.74083307807717
widthL: 237.740965302373
widthR: 77.74083307807717
x0: 3417.698283687755
