alphaL: 0.09501186457232304
alphaR: 1.145183313977359
event_sum: 0.08597062375276665
mean: 3444.641013072282
nL: 0.9998931297488171
nR: 2.906208862084346
norm: 0.08597062375276665
sigma: 340.0
sigmaL: 1014.1555631475204
sigmaR: 97.68783085791395
widthL: 1014.1555631475204
widthR: 97.68783085791395
x0: 3444.641013072282
