alphaL: 0.7349832642170668
alphaR: 1.0986245907374528
event_sum: 15.58498190318537
fraction: 0.6620960844055351
mean: 2600.0
nL: 0.40064474824944085
nR: 4.465457947896879
norm: 4.33606040530473
sigma: 265.0
sigmaL: 211.17985280264273
sigmaR: 114.23003011347224
widthL: 211.17985280264273
widthR: 114.23003011347224
x0: 2600.0
