alphaL: 1.059750470768555
alphaR: 1.021729550477609
event_sum: 13.9000525052147
fraction: 0.7089193045598428
mean: 2624.130174240715
nL: 0.4
nR: 4.218469927150874
norm: 7.022411223739993
sigma: 265.0
sigmaL: 295.33520925879805
sigmaR: 102.21443805110874
widthL: 295.33520925879805
widthR: 102.21443805110874
x0: 2624.130174240715
