alphaL: 0.2726521989681715
alphaR: 0.8375175971451984
event_sum: 0.6563342238668978
mean: 2697.9782045895204
nL: 1.0000333885409047
nR: 3.0611750245287244
norm: 0.6563342238668978
sigma: 265.0
sigmaL: 549.7890018699425
sigmaR: 63.279224178992884
widthL: 549.7890018699425
widthR: 63.279224178992884
x0: 2697.9782045895204
