alphaL: 1.2197957661609617
alphaR: 1.2551675978071406
event_sum: 0.8094633261304351
mean: 2611.5724561752454
nL: 0.14831414857006106
nR: 3.116081283949361
norm: 0.8094633261304351
sigma: 265.0
sigmaL: 301.61846573592334
sigmaR: 121.00769392020236
widthL: 301.61846573592334
widthR: 121.00769392020236
x0: 2611.5724561752454
