alphaL: 1.0419663888104418
alphaR: 1.8094572840856227
event_sum: 0.5249320103598792
mean: 2562.9375382119
nL: 0.10061571490236314
nR: 2.2493998510972752
norm: 0.5249320103598792
sigma: 265.0
sigmaL: 224.39953222682036
sigmaR: 165.27180115591557
widthL: 224.39953222682036
widthR: 165.27180115591557
x0: 2562.9375382119
