alphaL: 0.5712593672770865
alphaR: 0.7678593875849862
event_sum: 0.9313168579223676
mean: 2656.6822451402654
nL: 1.0077042729545342
nR: 3.6237514950542984
norm: 0.9313168579223676
sigma: 265.0
sigmaL: 292.85048765405975
sigmaR: 70.12160055821901
widthL: 292.85048765405975
widthR: 70.12160055821901
x0: 2656.6822451402654
