alphaL: 0.9855940918148762
alphaR: 1.4444275522647416
event_sum: 28.622547544697632
mean: 986.7761035939488
nL: 2.640859229356432
nR: 2.970757539413772
norm: 28.622547544697632
sigma: 69
sigmaL: 89.34998138541633
sigmaR: 59.819998167348764
widthL: 89.34998138541633
widthR: 59.819998167348764
x0: 986.7761035939488
