alphaL: 1.396671474074027
alphaR: 1.5157913266401797
event_sum: 3.516887594343827
mean: 995.0922627270413
nL: 0.22964394776726588
nR: 1.9852521565027612
norm: 3.516887594343827
sigma: 69.04609906092607
sigmaL: 104.45776370475649
sigmaR: 55.3805250107826
widthL: 104.45776370475649
widthR: 55.3805250107826
x0: 995.0922627270413
