alphaL: 0.9554522386262638
alphaR: 1.4350345331077636
event_sum: 23.25847149904444
mean: 991.313414367997
nL: 2.9445079028724774
nR: 2.995684766516699
norm: 23.25847149904444
sigma: 69.09854105928672
sigmaL: 91.88904639324424
sigmaR: 57.554629902058835
widthL: 91.88904639324424
widthR: 57.554629902058835
x0: 991.313414367997
