alphaL: 1.1865428336213624
alphaR: 1.460914864154445
event_sum: 12.751422907766877
mean: 983.5982849992434
nL: 1.3485285073379345
nR: 2.95610780693833
norm: 12.751422907766877
sigma: 69.02968104919115
sigmaL: 89.46007329164395
sigmaR: 62.30307155673098
widthL: 89.46007329164395
widthR: 62.30307155673098
x0: 983.5982849992434
