alphaL: 0.9252880543371053
alphaR: 1.7357970817536035
event_sum: 12.64030198223682
mean: 983.7785499449745
nL: 2.208783327915766
nR: 2.9999996277186742
norm: 12.64030198223682
sigma: 69
sigmaL: 79.6765131268667
sigmaR: 67.60842384293672
widthL: 79.6765131268667
widthR: 67.60842384293672
x0: 983.7785499449745
