alphaL: 1.3999884293826366
alphaR: 1.5378058588341639
event_sum: 3.516887594343827
mean: 994.974791319042
nL: 0.2165337115794112
nR: 1.8749223650615072
norm: 3.516887594343827
sigma: 69.04609906092607
sigmaL: 104.58756793095331
sigmaR: 55.66919278859981
widthL: 104.58756793095331
widthR: 55.66919278859981
x0: 994.974791319042
