alphaL: 1.1110636460576702
alphaR: 1.4651950239763758
event_sum: 12.753538974531828
mean: 982.4336018978216
nL: 1.7885650035329739
nR: 2.976365714073445
norm: 12.753538974531828
sigma: 69.09854105928672
sigmaL: 87.43887882619343
sigmaR: 63.31324902496847
widthL: 87.43887882619343
widthR: 63.31324902496847
x0: 982.4336018978216
