alphaL: 1.3374679055322336
alphaR: 1.4295251793653416
event_sum: 1.927080457057332
mean: 990.4010733953485
nL: 0.9456860518357273
nR: 1.8122959447441243
norm: 1.927080457057332
sigma: 69.04609906092607
sigmaL: 99.9119570039498
sigmaR: 56.781766747405825
widthL: 99.9119570039498
widthR: 56.781766747405825
x0: 990.4010733953485
