alphaL: 0.9693785377728599
alphaR: 1.6409310503987466
event_sum: 32.015881974103536
mean: 981.9721043079556
nL: 2.8617067542335595
nR: 2.998730735698088
norm: 32.015881974103536
sigma: 69
sigmaL: 84.47886153129534
sigmaR: 65.43702319089026
widthL: 84.47886153129534
widthR: 65.43702319089026
x0: 981.9721043079556
