alphaL: 1.2161613142038161
alphaR: 1.4729227712155988
event_sum: 1.927080457057332
mean: 983.5252760797199
nL: 1.2242414207659047
nR: 2.4624969136659756
norm: 1.927080457057332
sigma: 69.04609906092607
sigmaL: 89.20487196441823
sigmaR: 62.43185707643252
widthL: 89.20487196441823
widthR: 62.43185707643252
x0: 983.5252760797199
