alphaL: 0.9880839453565397
alphaR: 1.438164003130885
event_sum: 23.25218497578792
mean: 991.676462616644
nL: 2.2693039242881246
nR: 2.9775570683507344
norm: 23.25218497578792
sigma: 69.02968104919115
sigmaL: 92.60539721560268
sigmaR: 57.327892785171784
widthL: 92.60539721560268
widthR: 57.327892785171784
x0: 991.676462616644
