alphaL: 0.9684967598849509
alphaR: 1.5149029685807378
event_sum: 11.248151364653937
mean: 989.7340015048952
nL: 2.6262534890254186
nR: 2.566671404347443
norm: 11.248151364653937
sigma: 69
sigmaL: 87.41093012180164
sigmaR: 61.39132118254914
widthL: 87.41093012180164
widthR: 61.39132118254914
x0: 989.7340015048952
