alphaL: 1.352267486493078
alphaR: 1.4418020944408692
event_sum: 20.79571241444993
mean: 997.8665570138455
nL: 2.9997364388273726
nR: 2.977625223705319
norm: 20.79571241444993
sigma: 140
sigmaL: 112.65661848512264
sigmaR: 54.7626230597663
widthL: 112.65661848512264
widthR: 54.7626230597663
x0: 997.8665570138455
