alphaL: 1.3682216273496959
alphaR: 1.2769082123000193
event_sum: 1.6682278319494799
mean: 988.4703071216098
nL: 1.8689322735321374
nR: 3.5159033715386263
norm: 1.6682278319494799
sigma: 100.0
sigmaL: 97.20950522926586
sigmaR: 57.81638313553019
widthL: 97.20950522926586
widthR: 57.81638313553019
x0: 988.4703071216098
