alphaL: 0.9918722019613737
alphaR: 1.3827037573117178
event_sum: 30.044911078934092
fraction: 0.9938597251934099
mean: 992.4679905436695
nL: 2.5760933878589225
nR: 3.6134454206296356
norm: 29.932048904011026
sigma: 100.0
sigmaL: 93.15818526973699
sigmaR: 56.86489495289851
widthL: 93.15818526973699
widthR: 56.86489495289851
x0: 992.4679905436695
