alphaL: 1.1809297618463268
alphaR: 1.4052033288454155
event_sum: 1.6713566233520396
mean: 985.93205912325
nL: 3.2388113428554846
nR: 3.471886903324905
norm: 1.6713566233520396
sigma: 100.0
sigmaL: 93.4733364825747
sigmaR: 61.651893210574634
widthL: 93.4733364825747
widthR: 61.651893210574634
x0: 985.93205912325
