alphaL: 1.056194259299012
alphaR: 1.4103689207858938
event_sum: 2.4679921761344303
mean: 994.3126334930276
nL: 0.20029235999608988
nR: 1.994058414773478
norm: 2.4679921761344303
sigma: 51.6373052919934
sigmaL: 99.2836634595328
sigmaR: 55.406611405290974
widthL: 99.2836634595328
widthR: 55.406611405290974
x0: 994.3126334930276
