alphaL: 1.1821780204634786
alphaR: 1.2619984136381792
event_sum: 1.6757519277598476
mean: 986.8489015572277
nL: 3.0459828617143136
nR: 4.4136520590826915
norm: 1.6757519277598476
sigma: 100.0
sigmaL: 92.98954327181549
sigmaR: 58.55386025126143
widthL: 92.98954327181549
widthR: 58.55386025126143
x0: 986.8489015572277
