alphaL: 0.9674326268451722
alphaR: 1.375772316100702
event_sum: 16.45600022340659
fraction: 0.9932071159296398
mean: 980.177016416597
nL: 5.937433372301281
nR: 4.082002012055643
norm: 16.349048067990225
sigma: 100.0
sigmaL: 83.15495169663467
sigmaR: 64.31436386640719
widthL: 83.15495169663467
widthR: 64.31436386640719
x0: 980.177016416597
