alphaL: 1.105421895191669
alphaR: 1.3213341441388917
event_sum: 1.3848874175455421
mean: 989.360312433963
nL: 0.20022873604274635
nR: 2.0537361846070197
norm: 1.3848874175455421
sigma: 51.6373052919934
sigmaL: 98.53356506126497
sigmaR: 58.31502803202987
widthL: 98.53356506126497
widthR: 58.31502803202987
x0: 989.360312433963
