alphaL: 1.1389316632926685
alphaR: 1.3101110203594644
event_sum: 16.45600022340659
fraction: 0.9879164800996336
mean: 984.7452749007908
nL: 3.7330387636889113
nR: 4.3146464458918325
norm: 16.231983014848083
sigma: 100.0
sigmaL: 90.60116634704461
sigmaR: 61.177127853477174
widthL: 90.60116634704461
widthR: 61.177127853477174
x0: 984.7452749007908
