alphaL: 1.232069924616602
alphaR: 1.1972085979951408
event_sum: 1.6757519277598476
mean: 995.6988991303332
nL: 3.395242547132403
nR: 3.4883688099254866
norm: 1.6757519277598476
sigma: 100.0
sigmaL: 101.21630257921025
sigmaR: 52.60497300526866
widthL: 101.21630257921025
widthR: 52.60497300526866
x0: 995.6988991303332
