alphaL: 1.1828988996901588
alphaR: 1.3969110133333007
event_sum: 1.6713566233520396
mean: 986.3526291178895
nL: 3.2414614696638178
nR: 3.4825382063061463
norm: 1.6713566233520396
sigma: 100.0
sigmaL: 93.73044262569901
sigmaR: 61.271452250461856
widthL: 93.73044262569901
widthR: 61.271452250461856
x0: 986.3526291178895
