alphaL: 1.0279064545984768
alphaR: 1.3478450350665283
event_sum: 30.044911078934092
fraction: 0.9855720700435876
mean: 992.942914350519
nL: 2.3619837930499794
nR: 3.7018365933158344
norm: 29.661309586721472
sigma: 100.0
sigmaL: 94.17849587624362
sigmaR: 55.81029085670094
widthL: 94.17849587624362
widthR: 55.81029085670094
x0: 992.942914350519
