alphaL: 1.1315392245295754
alphaR: 1.2386964938336942
event_sum: 3.0587810373472166
mean: 996.5200612422086
nL: 1.7735394719236428
nR: 4.170545317049307
norm: 3.0587810373472166
sigma: 100.0
sigmaL: 99.26186584545587
sigmaR: 52.536330940320745
widthL: 99.26186584545587
widthR: 52.536330940320745
x0: 996.5200612422086
