alphaL: 0.976255538748858
alphaR: 1.5731410807462156
event_sum: 3.0546339143038495
mean: 992.1749009328155
nL: 4.497468941930221
nR: 3.3045677952554056
norm: 3.0546339143038495
sigma: 100.0
sigmaL: 99.49501660561528
sigmaR: 60.541005233491234
widthL: 99.49501660561528
widthR: 60.541005233491234
x0: 992.1749009328155
