alphaL: 0.9765931415643337
alphaR: 1.5752529129532749
event_sum: 3.0546339143038495
mean: 992.0798824148637
nL: 4.499988504925014
nR: 3.313735143333759
norm: 3.0546339143038495
sigma: 100.0
sigmaL: 99.08844777488666
sigmaR: 60.77251887569249
widthL: 99.08844777488666
widthR: 60.77251887569249
x0: 992.0798824148637
