alphaL: 1.037072396024744
alphaR: 1.4207047009996414
event_sum: 3.0510100466781296
mean: 993.2650536850972
nL: 2.393927885191273
nR: 3.0027182491390167
norm: 3.0510100466781296
sigma: 100.0
sigmaL: 95.13035125573231
sigmaR: 56.25928735137503
widthL: 95.13035125573231
widthR: 56.25928735137503
x0: 993.2650536850972
