alphaL: 1.0825973018137198
alphaR: 1.3871111837519896
event_sum: 3.0587810373472166
mean: 993.66928479446
nL: 2.0385557846140467
nR: 3.345207222751691
norm: 3.0587810373472166
sigma: 100.0
sigmaL: 96.82544975824942
sigmaR: 55.72151841502249
widthL: 96.82544975824942
widthR: 55.72151841502249
x0: 993.66928479446
