alphaL: 1.0262294626500668
alphaR: 1.352227504897407
event_sum: 30.044911078934092
fraction: 0.9942364418991865
mean: 992.5131545344615
nL: 2.195781886345256
nR: 3.8048193036445164
norm: 29.932048904011026
sigma: 100.0
sigmaL: 93.33699181237739
sigmaR: 56.29113748155396
widthL: 93.33699181237739
widthR: 56.29113748155396
x0: 992.5131545344615
