alphaL: 1.6610389841434414
alphaR: 2.7808617169905707
event_sum: 19.606390746310353
fraction: 0.9999942420005472
mean: 804.271359882751
nL: 7.595053851555669
nR: 4.477843017877734
norm: 19.606390746310353
sigma: 38.74825421181898
sigmaL: 47.1239152938974
sigmaR: 24.898750034259663
widthL: 47.1239152938974
widthR: 24.898750034259663
x0: 804.271359882751
