alphaL: 1.9767169375105538
alphaR: 2.2322428722111
event_sum: 61.4314907300286
mean: 807.1431430068305
nL: 4.441171671720908
nR: 4.499917422019795
norm: 61.4314907300286
sigma: 38.824624507472016
sigmaL: 45.408770108945156
sigmaR: 25.30349440064669
widthL: 45.408770108945156
widthR: 25.30349440064669
x0: 807.1431430068305
