alphaL: 1.7933937595802991
alphaR: 2.2212367442741616
event_sum: 60.32442068401724
fraction: 0.9999480582871296
mean: 806.8128983304766
nL: 9.912624523943018
nR: 4.498119149851312
norm: 60.321000409312546
sigma: 38.74825421181898
sigmaL: 44.73978985846116
sigmaR: 25.423101982005996
widthL: 44.73978985846116
widthR: 25.423101982005996
x0: 806.8128983304766
