alphaL: 2.0907486519907494
alphaR: 2.67237230672749
event_sum: 0.39118757685355376
mean: 804.2524065058693
nL: 2.2083231442863847
nR: 2.109505400321822
norm: 0.39118757685355376
sigma: 40.02442708188001
sigmaL: 45.35676087864784
sigmaR: 26.1369324336782
widthL: 45.35676087864784
widthR: 26.1369324336782
x0: 804.2524065058693
