alphaL: 1.458713387116431
alphaR: 2.331308942831489
event_sum: 8.415974647447001
fraction: 0.9997515092369694
mean: 806.7603149599702
nL: 9.46923193406821
nR: 3.0559921821450637
norm: 8.415372178307734
sigma: 39.968690016249546
sigmaL: 41.60839203834554
sigmaR: 26.402355641599357
widthL: 41.60839203834554
widthR: 26.402355641599357
x0: 806.7603149599702
