alphaL: 1.3589284656741458
alphaR: 2.3466256938028724
event_sum: 0.39056177175370976
mean: 802.2813765457375
nL: 4.195543413127882
nR: 3.8701465342262833
norm: 0.39056177175370976
sigma: 40.02417617232895
sigmaL: 41.216055880937645
sigmaR: 26.522779813208523
widthL: 41.216055880937645
widthR: 26.522779813208523
x0: 802.2813765457375
