alphaL: 1.3880661148516331
alphaR: 2.677510459490645
event_sum: 3.6510803863056935
fraction: 0.999986508200661
mean: 801.3835007518232
nL: 6.701899843376149
nR: 4.446253156279438
norm: 3.6510803863056935
sigma: 39.968690016249546
sigmaL: 41.555776291770876
sigmaR: 27.293336677775073
widthL: 41.555776291770876
widthR: 27.293336677775073
x0: 801.3835007518232
