alphaL: 2.5603018979597247
alphaR: 2.2008894871927493
event_sum: 61.51225072005764
mean: 808.6697207554005
nL: 3.989681595797697
nR: 3.9987796147977037
norm: 61.51225072005764
sigma: 38.824624507472016
sigmaL: 47.56007987983155
sigmaR: 24.410618252965637
widthL: 47.56007987983155
widthR: 24.410618252965637
x0: 808.6697207554005
