alphaL: 1.542220609488665
alphaR: 2.1468346042940674
event_sum: 0.8961197934804659
mean: 806.9398616885557
nL: 4.144926847004396
nR: 4.102280226658362
norm: 0.8961197934804659
sigma: 40.02417617232895
sigmaL: 42.40458068252243
sigmaR: 26.409591116766737
widthL: 42.40458068252243
widthR: 26.409591116766737
x0: 806.9398616885557
