alphaL: 4.001385024909412
alphaR: 3.676138062997826
event_sum: 20.029291388578713
mean: 806.0607446844958
nL: 3.3589970920870784
nR: 2.54816108830808
norm: 20.029291388578713
sigma: 38.824624507472016
sigmaL: 51.32256387933967
sigmaR: 24.424582509114252
widthL: 51.32256387933967
widthR: 24.424582509114252
x0: 806.0607446844958
