alphaL: 1.97614642732291
alphaR: 2.2349310648980203
event_sum: 61.4314907300286
mean: 807.1332920182693
nL: 4.438310236269049
nR: 4.499976856830041
norm: 61.4314907300286
sigma: 38.824624507472016
sigmaL: 45.41337385474085
sigmaR: 25.314074666845787
widthL: 45.41337385474085
widthR: 25.314074666845787
x0: 807.1332920182693
