alphaL: 1.1732624100455005
alphaR: 1.2541074244533459
event_sum: 7.2182178040384315
mean: 792.5569061532168
nL: 1.0053320890918567
nR: 4.45481179679509
norm: 7.2182178040384315
sigma: 87.17140761135755
sigmaL: 66.31324271674376
sigmaR: 46.84929833000526
widthL: 66.31324271674376
widthR: 46.84929833000526
x0: 792.5569061532168
