alphaL: 1.7798488721780752
alphaR: 2.5835666540060473
event_sum: 0.8955982258557924
mean: 805.6411020161679
nL: 2.1727818015432008
nR: 1.9388127956312828
norm: 0.8955982258557924
sigma: 40.02417617232895
sigmaL: 42.57831080768947
sigmaR: 27.24369953955936
widthL: 42.57831080768947
widthR: 27.24369953955936
x0: 805.6411020161679
