alphaL: 1.3578196545965615
alphaR: 2.3408990385088506
event_sum: 0.39056177175370976
mean: 802.2903453151471
nL: 4.192719894638938
nR: 3.8739939870681037
norm: 0.39056177175370976
sigma: 40.02417617232895
sigmaL: 41.21037251007798
sigmaR: 26.510227584103163
widthL: 41.21037251007798
widthR: 26.510227584103163
x0: 802.2903453151471
