alphaL: 1.5260213470422568
alphaR: 2.249854575158654
event_sum: 222.76565333316103
fraction: 0.9998785159060406
mean: 805.5794305373129
nL: 152.838320300835
nR: 9.903436836752263
norm: 60.30224485322833
sigma: 39.525947604009644
sigmaL: 42.699126909735654
sigmaR: 27.63101525693735
widthL: 42.699126909735654
widthR: 27.63101525693735
x0: 805.5794305373129
