alphaL: 1.541003286539567
alphaR: 2.146088346582577
event_sum: 0.8961197934804659
mean: 806.9347230052648
nL: 4.143397348853542
nR: 4.1014610261268745
norm: 0.8961197934804659
sigma: 40.02417617232895
sigmaL: 42.40483492702561
sigmaR: 26.41409229782432
widthL: 42.40483492702561
widthR: 26.41409229782432
x0: 806.9347230052648
