alphaL: 1.7593406014626354
alphaR: 2.998736030404925
event_sum: 19.99288178794086
mean: 804.3212616339246
nL: 4.498985453270689
nR: 2.308475086175535
norm: 19.99288178794086
sigma: 38.80569387711676
sigmaL: 47.22973095648253
sigmaR: 24.90329608039945
widthL: 47.22973095648253
widthR: 24.90329608039945
x0: 804.3212616339246
