alphaL: 3.30807188205057
alphaR: 1.43696066065109
event_sum: 3.1686911773867905
mean: 782.0896801243938
nL: 1.352391293842672
nR: 3.1613341017201266
norm: 3.1686911773867905
sigma: 87.17140761135755
sigmaL: 68.52844081041451
sigmaR: 55.896342400851275
widthL: 68.52844081041451
widthR: 55.896342400851275
x0: 782.0896801243938
