alphaL: 1.9782166759442823
alphaR: 2.1348220899652754
event_sum: 61.424098785966635
mean: 807.5418206828657
nL: 4.999991381862979
nR: 4.993968558433321
norm: 61.424098785966635
sigma: 38.824624507472016
sigmaL: 45.64892069162391
sigmaR: 24.933611967730407
widthL: 45.64892069162391
widthR: 24.933611967730407
x0: 807.5418206828657
