alphaL: 1.9953664597686158
alphaR: 2.1810626806222904
event_sum: 61.44627078715712
mean: 807.4875072619435
nL: 4.499979740575257
nR: 4.478290938587802
norm: 61.44627078715712
sigma: 38.80569387711676
sigmaL: 45.65726612954188
sigmaR: 25.005008045058574
widthL: 45.65726612954188
widthR: 25.005008045058574
x0: 807.4875072619435
