alphaL: 1.6204955364108093
alphaR: 2.2725419850520145
event_sum: 0.39056177175370976
mean: 803.0578862603459
nL: 2.0263982332079773
nR: 2.1416241476007727
norm: 0.39056177175370976
sigma: 40.02417617232895
sigmaL: 44.286659367480254
sigmaR: 26.097682954386972
widthL: 44.286659367480254
widthR: 26.097682954386972
x0: 803.0578862603459
