alphaL: 1.7993342688521803
alphaR: 2.8990198165347656
event_sum: 19.98946278821677
mean: 804.4832454416805
nL: 4.499993364159137
nR: 4.486499398978446
norm: 19.98946278821677
sigma: 38.824624507472016
sigmaL: 47.82467351977449
sigmaR: 25.001772990063934
widthL: 47.82467351977449
widthR: 25.001772990063934
x0: 804.4832454416805
