alphaL: 1.7987391231754433
alphaR: 2.899010176875322
event_sum: 19.98946278821677
mean: 804.4857156918797
nL: 4.499984600089439
nR: 4.486873769011846
norm: 19.98946278821677
sigma: 38.824624507472016
sigmaL: 47.82457627140703
sigmaR: 24.998647269413322
widthL: 47.82457627140703
widthR: 24.998647269413322
x0: 804.4857156918797
