alphaL: 2.279172539561702
alphaR: 2.4160331363829504
event_sum: 0.8939439513487741
mean: 810.743101329387
nL: 2.0876116876322737
nR: 2.184099110404223
norm: 0.8939439513487741
sigma: 40.02442708188001
sigmaL: 48.53530704007542
sigmaR: 25.034039045172385
widthL: 48.53530704007542
widthR: 25.034039045172385
x0: 810.743101329387
