alphaL: 1.7437959182660991
alphaR: 2.868951785352468
event_sum: 19.98946278821677
mean: 804.1296090399394
nL: 4.980478515941034
nR: 4.325464583900479
norm: 19.98946278821677
sigma: 38.824624507472016
sigmaL: 47.15499899561364
sigmaR: 25.04643352434279
widthL: 47.15499899561364
widthR: 25.04643352434279
x0: 804.1296090399394
