alphaL: 1.097787084760459
alphaR: 1.4921305480290912
event_sum: 1.4040666464598546
mean: 943.8516179703394
nL: 2.8609783372422455
nR: 4.05796433564062
norm: 1.4040666464598546
sigma: 53.199999999999996
sigmaL: 62.95987348064916
sigmaR: 46.90284359490262
widthL: 62.95987348064916
widthR: 46.90284359490262
x0: 943.8516179703394
