alphaL: 1.0767988233927919
alphaR: 1.4098821220959519
event_sum: 0.7651379439091196
mean: 943.2557989026669
nL: 3.7858262785930026
nR: 3.645280491873681
norm: 0.7651379439091196
sigma: 53.199999999999996
sigmaL: 62.79408160802662
sigmaR: 43.23992876459081
widthL: 62.79408160802662
widthR: 43.23992876459081
x0: 943.2557989026669
