alphaL: 1.1887858028927167
alphaR: 1.7043356804996885
event_sum: 1.3617888573194479
mean: 944.9545682061644
nL: 2.1142984170267702
nR: 2.2157682736645024
norm: 1.3617888573194479
sigma: 53.199999999999996
sigmaL: 65.49458750644656
sigmaR: 47.42855388584035
widthL: 65.49458750644656
widthR: 47.42855388584035
x0: 944.9545682061644
