alphaL: 1.2054949521700251
alphaR: 1.6394851364730572
event_sum: 0.7447526847812612
mean: 942.3680837989879
nL: 2.3872743993968295
nR: 2.026049038351279
norm: 0.7447526847812612
sigma: 53.199999999999996
sigmaL: 65.70621245920358
sigmaR: 44.77592994173035
widthL: 65.70621245920358
widthR: 44.77592994173035
x0: 942.3680837989879
