alphaL: 1.1816442656741517
alphaR: 1.408726023317985
event_sum: 7.743649963764317
fraction: 0.9956688589988236
mean: 942.8108548082205
nL: 3.967538982419762
nR: 3.854493904532167
norm: 7.7086235818536375
sigma: 53.199999999999996
sigmaL: 65.92720413624775
sigmaR: 42.838622516345254
widthL: 65.92720413624775
widthR: 42.838622516345254
x0: 942.8108548082205
