alphaL: 1.0933807984520962
alphaR: 1.566914701912789
event_sum: 14.229914602810558
fraction: 0.9955013378924842
mean: 941.7833710947167
nL: 2.262765888641757
nR: 3.9221218247724856
norm: 14.179924887493211
sigma: 53.199999999999996
sigmaL: 60.46748935639503
sigmaR: 49.14136538493699
widthL: 60.46748935639503
widthR: 49.14136538493699
x0: 941.7833710947167
