alphaL: 1.3525774813367537
alphaR: 1.640560024160178
event_sum: 2.559689959779125
mean: 3305.3025032090286
nL: 4.461263441294083
nR: 4.304588517218332
norm: 2.559689959779125
sigma: 148.96179456558278
sigmaL: 133.2504909779437
sigmaR: 68.86880766718816
widthL: 133.2504909779437
widthR: 68.86880766718816
x0: 3305.3025032090286
