alphaL: 1.1112642679164053
alphaR: 1.8998527371137646
event_sum: 2.5442297549734545
mean: 3297.391209026925
nL: 4.538675106917042
nR: 2.852905794303557
norm: 2.5442297549734545
sigma: 148.96179456558278
sigmaL: 117.22531028999143
sigmaR: 73.47648941574921
widthL: 117.22531028999143
widthR: 73.47648941574921
x0: 3297.391209026925
