alphaL: 1.2225591753121066
alphaR: 1.768240209942968
event_sum: 5.155502801122738
mean: 3302.785063289281
nL: 4.890808532674558
nR: 2.644270442239436
norm: 5.155502801122738
sigma: 287.41564573046736
sigmaL: 128.46734508154654
sigmaR: 70.50672134200013
widthL: 128.46734508154654
widthR: 70.50672134200013
x0: 3302.785063289281
