alphaL: 1.0044378008980805
alphaR: 1.7998136042314314
event_sum: 2.366214049485782
mean: 3291.900478826577
nL: 4.88136766390637
nR: 2.9783193665589134
norm: 2.366214049485782
sigma: 287.41564573046736
sigmaL: 109.40358855284661
sigmaR: 82.92780527756828
widthL: 109.40358855284661
widthR: 82.92780527756828
x0: 3291.900478826577
