alphaL: 1.3943311916317425
alphaR: 2.1497397520020867
event_sum: 3.8703593228473436
mean: 3302.4114237579975
nL: 4.497144686701335
nR: 2.7672512004429333
norm: 3.8703593228473436
sigma: 148.96179456558278
sigmaL: 140.2257327136563
sigmaR: 69.90867811621415
widthL: 140.2257327136563
widthR: 69.90867811621415
x0: 3302.4114237579975
