alphaL: 1.2906739644548533
alphaR: 2.0240960439860562
event_sum: 3.593718206826777
fraction: 0.9991393562843743
mean: 3302.398003576749
nL: 9.304746477230646
nR: 3.270552624312998
norm: 3.5926788573342474
sigma: 149.26994300287944
sigmaL: 138.82303680254682
sigmaR: 68.8736760178549
widthL: 138.82303680254682
widthR: 68.8736760178549
x0: 3302.398003576749
