alphaL: 1.0211289850846592
alphaR: 1.7562391573549847
event_sum: 2.376197742351486
mean: 3291.32004226092
nL: 4.515792081468538
nR: 2.6549495646275103
norm: 2.376197742351486
sigma: 287.41564573046736
sigmaL: 109.2112539362172
sigmaR: 82.27613947381641
widthL: 109.2112539362172
widthR: 82.27613947381641
x0: 3291.32004226092
