alphaL: 0.502594399978342
alphaR: 2.4373948849200544
event_sum: 3.8503453331870667
mean: 3278.8716446118465
nL: 4.586945270096515
nR: 2.4368558856599676
norm: 3.8503453331870667
sigma: 148.96179456558278
sigmaL: 70.96706038393611
sigmaR: 79.47787018124126
widthL: 70.96706038393611
widthR: 79.47787018124126
x0: 3278.8716446118465
