alphaL: 1.4051932821882598
alphaR: 1.6540303226264912
event_sum: 5.163641870383796
mean: 3309.409304967116
nL: 4.499204546000287
nR: 2.6813857311861757
norm: 5.163641870383796
sigma: 287.41564573046736
sigmaL: 142.0165814771033
sigmaR: 66.09988798357378
widthL: 142.0165814771033
widthR: 66.09988798357378
x0: 3309.409304967116
