alphaL: 0.6865934149685132
alphaR: 1.9012591028026318
event_sum: 22.876812130000086
fraction: 0.998550377667181
mean: 3284.5584794519277
nL: 10.0
nR: 2.310201905936739
norm: 22.451454912936768
sigma: 284.7117264592162
sigmaL: 87.09563355628724
sigmaR: 84.81399038174021
widthL: 87.09563355628724
widthR: 84.81399038174021
x0: 3284.5584794519277
