alphaL: 1.1593005093411441
alphaR: 1.8871009135120116
event_sum: 2.308770005605342
fraction: 0.9991596657101248
mean: 3301.09468314309
nL: 9.591084596919284
nR: 2.7706880870655537
norm: 2.306216206188272
sigma: 149.26994300287944
sigmaL: 123.97410280598008
sigmaR: 70.64397407730259
widthL: 123.97410280598008
widthR: 70.64397407730259
x0: 3301.09468314309
