alphaL: 0.9393612473147139
alphaR: 1.6912352023388357
event_sum: 49.241358300450834
fraction: 0.9994090630646056
mean: 3298.099919483673
nL: 9.96910524262134
nR: 3.3426228622696095
norm: 49.04668209123212
sigma: 284.7117264592162
sigmaL: 112.4602475970821
sigmaR: 72.02527623213145
widthL: 112.4602475970821
widthR: 72.02527623213145
x0: 3298.099919483673
