alphaL: 0.9689431977497129
alphaR: 1.9450211896636993
event_sum: 2.304629715623538
mean: 3292.6653990143404
nL: 13.853373402323141
nR: 3.23223627599063
norm_2016: 0.7171322325794011
norm_2017: 0.7143322639261241
norm_2018: 1.1038280342061053
norm_Run2: 2.5352925307116307
sigma: 146.79103598753613
sigmaL: 109.23024126157327
sigmaR: 76.38085958046982
widthL: 109.23024126157327
widthR: 76.38085958046982
x0: 3292.6653990143404
