alphaL: 0.8808374339368951
alphaR: 2.1820402838150175
event_sum: 3.590068554064847
mean: 3291.0709572904457
nL: 29.281785273586546
nR: 3.3146860024716127
norm_2016: 3.590068554064847
norm_2017: 3.590068554064847
norm_2018: 3.590068554064847
norm_Run2: 3.590068554064847
sigma: 146.79103598753613
sigmaL: 109.63547799453691
sigmaR: 74.79198899968506
widthL: 109.63547799453691
widthR: 74.79198899968506
x0: 3291.0709572904457
