alphaL: 1.0912337422158318
alphaR: 1.2069081430261615
event_sum: 1.9502525397124622
mean: 3244.0308415510544
nL: 0.5161477520152601
nR: 8.318930576282742
norm_2016: 0.41279441120730376
norm_2017: 0.6882855575344186
norm_2018: 0.8790334521456759
norm_Run2: 1.9502525397124622
sigma: 184.8
sigmaL: 218.27479962936022
sigmaR: 132.69566152788715
widthL: 218.27479962936022
widthR: 132.69566152788715
x0: 3244.0308415510544
