alphaL: 0.7629506893290684
alphaR: 1.32123478091452
event_sum: 1.7205941891254712
mean: 3240.7012720606467
nL: 0.10010251182707659
nR: 5.543917368998029
norm_2016: 0.5217095783543267
norm_2017: 0.5330638135185521
norm_2018: 0.6919989496300586
norm_Run2: 1.7205941891254712
sigma: 330.0
sigmaL: 310.42136360437064
sigmaR: 146.97947352651354
widthL: 310.42136360437064
widthR: 146.97947352651354
x0: 3240.7012720606467
