alphaL: 0.7264534153774818
alphaR: 1.6142501665367666
event_sum: 22.30868983400781
mean: 3295.0672555565275
nL: 20.93477522672749
nR: 3.1431467277326215
norm_2016: 6.010094464086595
norm_2017: 7.134669478702623
norm_2018: 9.772926547154984
norm_Run2: 22.30868983400781
sigma: 291.35071799965135
sigmaL: 95.98529085746533
sigmaR: 78.89925676073399
widthL: 95.98529085746533
widthR: 78.89925676073399
x0: 3295.0672555565275
