alphaL: 0.7861260215957513
alphaR: 1.4316210099125626
event_sum: 2.9573517874214468
mean: 3217.0366810510754
nL: 0.2800815041159579
nR: 4.983268316810898
norm_2016: 0.8083267969508863
norm_2017: 1.0259312547222534
norm_2018: 1.1497436113818813
norm_Run2: 2.9573517874214468
sigma: 330.0
sigmaL: 280.07961343712617
sigmaR: 160.24069702057307
widthL: 280.07961343712617
widthR: 160.24069702057307
x0: 3217.0366810510754
