alphaL: 0.6117836431793668
alphaR: 2.0942280820093115
event_sum: 48.889241681784355
mean: 3289.630975616569
nL: 121.07200195034466
nR: 1.7735533057048194
norm_2016: 11.448959794540135
norm_2017: 15.742902609543773
norm_2018: 22.97504402065783
norm_Run2: 48.889241681784355
sigma: 291.35071799965135
sigmaL: 85.68205197499901
sigmaR: 78.27318352443396
widthL: 85.68205197499901
widthR: 78.27318352443396
x0: 3289.630975616569
