alphaL: 0.7958703659267679
alphaR: 2.0923457246653454
event_sum: 4.472012198978003
mean: 3221.168445885843
nL: 1.197410302709533
nR: 1.716031566481126
norm_2016: 0.8583066805853102
norm_2017: 1.4167609561751175
norm_2018: 2.2617230396502586
norm_Run2: 4.472012198978003
sigma: 184.8
sigmaL: 141.4985082752051
sigmaR: 151.1380064814794
widthL: 141.4985082752051
widthR: 151.1380064814794
x0: 3221.168445885843
