alphaL: 0.9625795396202198
alphaR: 1.5695078966180527
event_sum: 15.63941604930381
mean: 1782.447862875553
nL: 1.9268796035430136
nR: 2.9640827702228676
norm: 15.63941604930381
sigma: 116
sigmaL: 117.96076264764966
sigmaR: 81.26388033074556
widthL: 117.96076264764966
widthR: 81.26388033074556
x0: 1782.447862875553
