alphaL: 1.0927183254316042
alphaR: 1.5133361047226226
event_sum: 2.6218446440625245
mean: 1781.6772199353716
nL: 2.2148172099573884
nR: 2.5824502187378284
norm: 2.6218446440625245
sigma: 116.80978634825561
sigmaL: 118.54142833469555
sigmaR: 76.35816150092025
widthL: 118.54142833469555
widthR: 76.35816150092025
x0: 1781.6772199353716
