alphaL: 0.9942442781925912
alphaR: 1.5438333111656624
event_sum: 17.34636426145588
mean: 1777.6597215086886
nL: 2.650829262622802
nR: 2.888371298125315
norm: 17.34636426145588
sigma: 116.89206737434267
sigmaL: 111.41234468171712
sigmaR: 79.61889025258552
widthL: 111.41234468171712
widthR: 79.61889025258552
x0: 1777.6597215086886
