alphaL: 1.7308320904643755
alphaR: 1.5519692008312134
event_sum: 37.54814803170028
mean: 1791.002456247494
nL: 0.2187331893823674
nR: 2.9997776779053282
norm: 37.54814803170028
sigma: 116
sigmaL: 143.69796674184212
sigmaR: 76.17534117042143
widthL: 143.69796674184212
widthR: 76.17534117042143
x0: 1791.002456247494
