alphaL: 0.9640534276806348
alphaR: 1.8146302633469449
event_sum: 2.3670652774671384
mean: 1780.5592663499488
nL: 3.6282265688092328
nR: 1.7160302773240657
norm: 2.3670652774671384
sigma: 116.80978634825561
sigmaL: 123.08626464246606
sigmaR: 85.15862316484825
widthL: 123.08626464246606
widthR: 85.15862316484825
x0: 1780.5592663499488
