alphaL: 1.523175859474198
alphaR: 1.5493007064922515
event_sum: 10.212706133572674
mean: 1786.3527428596217
nL: 0.20005223534094307
nR: 2.9997924714026456
norm: 10.212706133572674
sigma: 116
sigmaL: 135.76885277877489
sigmaR: 76.21180211644736
widthL: 135.76885277877489
widthR: 76.21180211644736
x0: 1786.3527428596217
