alphaL: 0.8987746732297043
alphaR: 1.6157329119202446
event_sum: 15.638619806531377
mean: 1779.1765444083048
nL: 2.2424692322005835
nR: 2.9262602463612044
norm: 15.638619806531377
sigma: 116.89206737434267
sigmaL: 111.65538797973878
sigmaR: 83.91936167991084
widthL: 111.65538797973878
widthR: 83.91936167991084
x0: 1779.1765444083048
