alphaL: 0.7343368071511305
alphaR: 1.4926846683036157
event_sum: 6.963078342811674
mean: 1776.9697997517444
nL: 2.998580172656717
nR: 2.843443159763703
norm: 6.963078342811674
sigma: 116
sigmaL: 94.87210550725565
sigmaR: 77.36908570115837
widthL: 94.87210550725565
widthR: 77.36908570115837
x0: 1776.9697997517444
