alphaL: 1.0386165590566028
alphaR: 1.6238900011138642
event_sum: 28.534892040444834
mean: 1778.7347517768196
nL: 1.8157832231929258
nR: 2.752493721761798
norm: 28.534892040444834
sigma: 116
sigmaL: 114.83295791663933
sigmaR: 82.87754197842114
widthL: 114.83295791663933
widthR: 82.87754197842114
x0: 1778.7347517768196
