alphaL: 0.8516755327469251
alphaR: 1.6627589409010326
event_sum: 15.63941604930381
mean: 1776.800429234666
nL: 2.408740515323268
nR: 2.7989173152805766
norm: 15.63941604930381
sigma: 116.98891727425419
sigmaL: 106.94432622906143
sigmaR: 86.12399530916126
widthL: 106.94432622906143
widthR: 86.12399530916126
x0: 1776.800429234666
