alphaL: 1.049168121822953
alphaR: 1.5867508483910793
event_sum: 17.349015561695637
mean: 1778.07273671536
nL: 2.091843277333678
nR: 2.4183980100320026
norm: 17.349015561695637
sigma: 116.98891727425419
sigmaL: 113.02088698773585
sigmaR: 79.6661883675971
widthL: 113.02088698773585
widthR: 79.6661883675971
x0: 1778.07273671536
