alphaL: 1.0268114904519268
alphaR: 1.5477642928788597
event_sum: 2.6218446440625245
mean: 1778.880116821648
nL: 2.5761425099337227
nR: 2.6607676094226904
norm: 2.6218446440625245
sigma: 116.80978634825561
sigmaL: 114.68815861586988
sigmaR: 78.61194555807161
widthL: 114.68815861586988
widthR: 78.61194555807161
x0: 1778.880116821648
