alphaL: 1.0788393487383168
alphaR: 1.5914736050808147
event_sum: 17.349015561695637
mean: 1779.6797636904332
nL: 2.0208713722860607
nR: 2.6496584505507026
norm: 17.349015561695637
sigma: 116
sigmaL: 115.92975679731921
sigmaR: 78.9279455725121
widthL: 115.92975679731921
widthR: 78.9279455725121
x0: 1779.6797636904332
