alphaL: 0.35680460644527934
alphaR: 1.746970683104489
event_sum: 18.07170616701683
mean: 1775.1245083414583
nL: 1.4666565345184595
nR: 2.994941670399502
norm: 18.07170616701683
sigma: 405
sigmaL: 50.27360022952085
sigmaR: 86.66874512696974
widthL: 50.27360022952085
widthR: 86.66874512696974
x0: 1775.1245083414583
