alphaL: 0.8765268040040621
alphaR: 1.8607293519970762
event_sum: 2.3670652774671384
mean: 1779.165556860356
nL: 2.6494664374700236
nR: 1.7065020116121223
norm: 2.3670652774671384
sigma: 116.80978634825561
sigmaL: 113.1937769201609
sigmaR: 86.06130066833556
widthL: 113.1937769201609
widthR: 86.06130066833556
x0: 1779.165556860356
