alphaL: 0.5397938786208191
alphaR: 1.7176898904387363
event_sum: 17.11193018312565
mean: 1765.006108622439
nL: 2.1938490853248847
nR: 2.9691016932468925
norm: 17.11193018312565
sigma: 405
sigmaL: 65.40708013389643
sigmaR: 88.65106409207235
widthL: 65.40708013389643
widthR: 88.65106409207235
x0: 1765.006108622439
