alphaL: 1.2121340140383925
alphaR: 1.3490385516296615
event_sum: 25.60920643492136
mean: 1783.2531705115398
nL: 1.3372549426417886
nR: 3.897885756172669
norm: 25.60920643492136
sigma: 100.8
sigmaL: 120.99053850348953
sigmaR: 74.28172204383249
widthL: 120.99053850348953
widthR: 74.28172204383249
x0: 1783.2531705115398
