alphaL: 0.8722974234732496
alphaR: 1.5565863899086974
event_sum: 2.196878080627357
mean: 1759.1273316785093
nL: 1.8655427922659082
nR: 4.45551682862453
norm: 2.196878080627357
sigma: 100.8
sigmaL: 84.58043452821428
sigmaR: 92.57454339369247
widthL: 84.58043452821428
widthR: 92.57454339369247
x0: 1759.1273316785093
