alphaL: 1.159403517456829
alphaR: 1.4463743010788308
event_sum: 26.141818673815578
mean: 1786.7634958141186
nL: 0.9786663142389505
nR: 3.850299549674225
norm: 26.141818673815578
sigma: 100.8
sigmaL: 123.99606398516411
sigmaR: 77.88409312574487
widthL: 123.99606398516411
widthR: 77.88409312574487
x0: 1786.7634958141186
