alphaL: 1.0873188902536546
alphaR: 1.5133406824640925
event_sum: 2.1165124524995917
mean: 1787.0694462897388
nL: 2.1125657346185087
nR: 2.2056829686009807
norm: 2.1165124524995917
sigma: 100.8
sigmaL: 124.10507323705407
sigmaR: 73.78263873056416
widthL: 124.10507323705407
widthR: 73.78263873056416
x0: 1787.0694462897388
