alphaL: 1.0109603880493805
alphaR: 1.6551245647817032
event_sum: 1.9557423312362516
mean: 1776.3940489673812
nL: 2.896376995314276
nR: 2.1429530068299756
norm: 1.9557423312362516
sigma: 95.19806702692475
sigmaL: 111.01741407288392
sigmaR: 81.70005150945998
widthL: 111.01741407288392
widthR: 81.70005150945998
x0: 1776.3940489673812
