alphaL: 1.1306000496956854
alphaR: 1.4737279924697095
event_sum: 25.63795578002464
fraction: 0.8901928522197441
mean: 1784.3611343927937
nL: 1.020135857753972
nR: 3.919690206069752
norm: 20.02498238196131
sigma: 100.8
sigmaL: 121.28223614924882
sigmaR: 79.72245745492431
widthL: 121.28223614924882
widthR: 79.72245745492431
x0: 1784.3611343927937
