alphaL: 1.2010889342857245
alphaR: 1.3488749056714717
event_sum: 25.60920643492136
mean: 1782.8891016313928
nL: 1.3781707372035903
nR: 3.9184381501391807
norm: 25.60920643492136
sigma: 100.8
sigmaL: 120.6447733196012
sigmaR: 74.57621332169047
widthL: 120.6447733196012
widthR: 74.57621332169047
x0: 1782.8891016313928
