alphaL: 1.1239215742768345
alphaR: 1.533103097796182
event_sum: 25.63795578002464
fraction: 0.889692883171293
mean: 1783.678593365787
nL: 1.0241553658594167
nR: 3.5234978404899464
norm: 20.02498238196131
sigma: 100.8
sigmaL: 121.11701688924232
sigmaR: 81.23158377853522
widthL: 121.11701688924232
widthR: 81.23158377853522
x0: 1783.678593365787
