alphaL: 1.0441883396772975
alphaR: 1.4850617620588302
event_sum: 21.96877966343891
mean: 1778.6360891922197
nL: 1.9729281530394778
nR: 3.2809598002843523
norm: 21.96877966343891
sigma: 100.8
sigmaL: 112.64538840277073
sigmaR: 78.95931817909128
widthL: 112.64538840277073
widthR: 78.95931817909128
x0: 1778.6360891922197
