alphaL: 1.1959790833374147
alphaR: 1.3619596138683154
event_sum: 25.126160497311503
fraction: 0.9245597309219746
mean: 1782.3146444015097
nL: 1.3706774054172386
nR: 3.9073653803838946
norm: 22.163588704541326
sigma: 100.8
sigmaL: 119.52912226064736
sigmaR: 75.03665948577596
widthL: 119.52912226064736
widthR: 75.03665948577596
x0: 1782.3146444015097
