alphaL: 0.8370901591803808
alphaR: 1.5156743442871339
event_sum: 1.7227781981127919
mean: 1781.9888852393929
nL: 3.0498394028908957
nR: 3.3042367376924773
norm: 1.7227781981127919
sigma: 95.19806702692475
sigmaL: 109.18897458367012
sigmaR: 81.02670404547746
widthL: 109.18897458367012
widthR: 81.02670404547746
x0: 1781.9888852393929
