alphaL: 1.1071764875843217
alphaR: 1.42106447402502
event_sum: 26.141818673815578
mean: 1785.0344686889687
nL: 1.0767486101664716
nR: 4.100528647158773
norm: 26.141818673815578
sigma: 100.8
sigmaL: 120.83285350056107
sigmaR: 79.02705957513552
widthL: 120.83285350056107
widthR: 79.02705957513552
x0: 1785.0344686889687
