alphaL: 0.9971615116008533
alphaR: 1.470890306800244
event_sum: 19.656900628935546
mean: 1783.3338782905369
nL: 1.4729973692546228
nR: 4.106270001575346
norm: 19.656900628935546
sigma: 100.8
sigmaL: 116.0441362936383
sigmaR: 80.49574797505299
widthL: 116.0441362936383
widthR: 80.49574797505299
x0: 1783.3338782905369
