alphaL: 1.2129940613690708
alphaR: 1.4289686967957282
event_sum: 25.126160497311503
fraction: 0.9235092424182396
mean: 1783.3504049147439
nL: 1.343169656779647
nR: 3.421955057186816
norm: 22.163588704541326
sigma: 100.8
sigmaL: 121.39206308344188
sigmaR: 75.52820578069952
widthL: 121.39206308344188
widthR: 75.52820578069952
x0: 1783.3504049147439
