alphaL: 0.9685654187378753
alphaR: 1.4988133113136448
event_sum: 1.9656901655253023
mean: 1783.2062580629902
nL: 1.6386686539608875
nR: 3.711895348889473
norm: 1.9656901655253023
sigma: 100.8
sigmaL: 116.03156966496302
sigmaR: 80.77435436472638
widthL: 116.03156966496302
widthR: 80.77435436472638
x0: 1783.2062580629902
