alphaL: 0.7975095392229332
alphaR: 1.662574035427546
event_sum: 1.8742069633954088
mean: 1775.2143511167612
nL: 2.571313242836572
nR: 2.979117842775441
norm: 1.8742069633954088
sigma: 100.8
sigmaL: 99.48399373921033
sigmaR: 87.34385080046576
widthL: 99.48399373921033
widthR: 87.34385080046576
x0: 1775.2143511167612
