alphaL: 0.861086183088381
alphaR: 1.354525121761809
event_sum: 1.9656901655253023
mean: 1790.431492347243
nL: 2.4580631966782605
nR: 3.794764876048773
norm: 1.9656901655253023
sigma: 100.8
sigmaL: 117.85372685053666
sigmaR: 72.97130917157719
widthL: 117.85372685053666
widthR: 72.97130917157719
x0: 1790.431492347243
