alphaL: 0.6939310570381284
alphaR: 1.6840840699512327
event_sum: 2.196878080627357
mean: 1761.2549188406638
nL: 2.744054203172315
nR: 2.918145993724554
norm: 2.196878080627357
sigma: 100.8
sigmaL: 77.15658987783961
sigmaR: 91.42367605247351
widthL: 77.15658987783961
widthR: 91.42367605247351
x0: 1761.2549188406638
