alphaL: 0.7968101846858435
alphaR: 0.9888375281113528
event_sum: 3.4312232834507643
mean: 2568.2741065258083
nL: 1.6525175106273415
nR: 2.9999574597647545
norm: 3.4312232834507643
sigma: 186.30998570579143
sigmaL: 276.11814574007946
sigmaR: 91.25035304127694
widthL: 276.11814574007946
widthR: 91.25035304127694
x0: 2568.2741065258083
