alphaL: 0.2441298558892807
alphaR: 1.4467847170887742
event_sum: 10.554495492057177
mean: 2563.9437108785323
nL: 2.9999935708782113
nR: 2.9998929202298568
norm: 10.554495492057177
sigma: 739
sigmaL: 228.16373678368268
sigmaR: 125.55737120935648
widthL: 228.16373678368268
widthR: 125.55737120935648
x0: 2563.9437108785323
