alphaL: 1.092246102794801
alphaR: 0.4534439593399664
event_sum: 0.5192947063583662
mean: 2602.360752108874
nL: 0.42842445966499765
nR: 2.8216246100333953
norm: 0.5192947063583662
sigma: 186.1019535756622
sigmaL: 327.56292038893747
sigmaR: 39.473868072633515
widthL: 327.56292038893747
widthR: 39.473868072633515
x0: 2602.360752108874
