alphaL: 1.1184024504578562
alphaR: 0.5763597879358736
event_sum: 0.8390848170419327
mean: 2611.2573883657915
nL: 1.0269684609507694
nR: 2.49500358679723
norm: 0.8390848170419327
sigma: 186.1019535756622
sigmaL: 337.8293949584684
sigmaR: 47.05340431934397
widthL: 337.8293949584684
widthR: 47.05340431934397
x0: 2611.2573883657915
