alphaL: 1.2518077773333867
alphaR: 0.9189641726571389
event_sum: 5.5493155138608685
mean: 2599.6778778261264
nL: 1.3235831921862886
nR: 2.0622762724770216
norm: 5.5493155138608685
sigma: 186.12963673153496
sigmaL: 338.8495885087501
sigmaR: 72.27444695547477
widthL: 338.8495885087501
widthR: 72.27444695547477
x0: 2599.6778778261264
