alphaL: 0.7174523182173214
alphaR: 0.7295912829733834
event_sum: 1.5211267706408915
mean: 2583.7466613809825
nL: 1.282043658051832
nR: 2.972655780751955
norm: 1.5211267706408915
sigma: 186
sigmaL: 229.39766101376316
sigmaR: 59.66226682332786
widthL: 229.39766101376316
widthR: 59.66226682332786
x0: 2583.7466613809825
