alphaL: 0.1000153749306466
alphaR: 0.3800062783160537
event_sum: 6.810506930218636
mean: 2608.5988199876447
nL: 0.20008769150695835
nR: 2.9874239358640424
norm: 6.810506930218636
sigma: 186
sigmaL: 930.6405925676003
sigmaR: 25.149767022440887
widthL: 930.6405925676003
widthR: 25.149767022440887
x0: 2608.5988199876447
