alphaL: 1.6076421305930395
alphaR: 1.0442283630828695
event_sum: 5.552723522376416
mean: 2580.031863120871
nL: 2.73321807983338
nR: 2.9993335181049536
norm: 5.552723522376416
sigma: 186.30998570579143
sigmaL: 337.52359172375685
sigmaR: 97.83326895859771
widthL: 337.52359172375685
widthR: 97.83326895859771
x0: 2580.031863120871
