alphaL: 1.0454012734146003
alphaR: 0.610585205605009
event_sum: 0.5192947063583662
mean: 2595.4123399449522
nL: 0.5540947739131163
nR: 2.286367260471895
norm: 0.5192947063583662
sigma: 186.1019535756622
sigmaL: 309.5081722886272
sigmaR: 48.85269584724499
widthL: 309.5081722886272
widthR: 48.85269584724499
x0: 2595.4123399449522
