alphaL: 1.1160137417446092
alphaR: 0.7575919987781673
event_sum: 3.4312232834507643
mean: 2588.4821541546794
nL: 2.9851517065582867
nR: 2.636882643266267
norm: 3.4312232834507643
sigma: 186.12963673153496
sigmaL: 336.10313923921876
sigmaR: 64.43693404397231
widthL: 336.10313923921876
widthR: 64.43693404397231
x0: 2588.4821541546794
