alphaL: 0.10000121823547045
alphaR: 1.1699149633598678
event_sum: 22.900105927934547
mean: 2611.597935254741
nL: 0.20000029754494414
nR: 2.9981527238602106
norm: 22.900105927934547
sigma: 186
sigmaL: 930.648158058779
sigmaR: 103.8223537945671
widthL: 930.648158058779
widthR: 103.8223537945671
x0: 2611.597935254741
