alphaL: 1.2985926022817096
alphaR: 0.9807788915124414
event_sum: 8.025230585559047
mean: 2583.183619665133
nL: 2.202080172625663
nR: 2.6629343222610777
norm: 8.025230585559047
sigma: 186
sigmaL: 340.5459120442672
sigmaR: 88.45863386886732
widthL: 340.5459120442672
widthR: 88.45863386886732
x0: 2583.183619665133
