alphaL: 1.0736789183969127
alphaR: 0.5901842046629002
event_sum: 0.8390848170419327
mean: 2614.8057556533363
nL: 1.0182177886877664
nR: 2.4788055039677626
norm: 0.8390848170419327
sigma: 186.1019535756622
sigmaL: 343.50577103680007
sigmaR: 46.969218576832
widthL: 343.50577103680007
widthR: 46.969218576832
x0: 2614.8057556533363
