alphaL: 2.3420324715239857
alphaR: 0.6869659408380708
event_sum: 12.999571469861001
mean: 2559.543679322521
nL: 2.1356627971327105
nR: 2.951944353273126
norm: 12.999571469861001
sigma: 739
sigmaL: 1622.3847825668024
sigmaR: 56.799622475197125
widthL: 1622.3847825668024
widthR: 56.799622475197125
x0: 2559.543679322521
