alphaL: 1.2495387938343385
alphaR: 1.3085362519466006
event_sum: 0.8606819138949504
mean: 2558.3943693348338
nL: 0.13804661088472558
nR: 3.050779347985161
norm: 0.8606819138949504
sigma: 260.0
sigmaL: 294.2463234819916
sigmaR: 123.98470069422541
widthL: 294.2463234819916
widthR: 123.98470069422541
x0: 2558.3943693348338
