alphaL: 0.8502278173469499
alphaR: 0.9792040406608185
event_sum: 1.5101491134337266
mean: 2598.6636601470823
nL: 1.0000137036710126
nR: 2.2277410404713245
norm: 1.5101491134337266
sigma: 260.0
sigmaL: 296.66611868626427
sigmaR: 74.12529602032026
widthL: 296.66611868626427
widthR: 74.12529602032026
x0: 2598.6636601470823
