alphaL: 1.1228699636904365
alphaR: 1.2182075052339012
event_sum: 14.21150904870592
fraction: 0.6989688699767803
mean: 2550.0005684360144
nL: 0.3002059364268718
nR: 4.716616548394424
norm: 7.408053268154617
sigma: 260.0
sigmaL: 276.249888184895
sigmaR: 126.37397670662482
widthL: 276.249888184895
widthR: 126.37397670662482
x0: 2550.0005684360144
