alphaL: 0.5810366408474259
alphaR: 0.8376712817880246
event_sum: 0.9840728142735315
mean: 2598.232936453693
nL: 1.0076180658459046
nR: 3.730930011632831
norm: 0.9840728142735315
sigma: 260.0
sigmaL: 274.4954243013773
sigmaR: 78.32652421650134
widthL: 274.4954243013773
widthR: 78.32652421650134
x0: 2598.232936453693
