alphaL: 0.9274718516840148
alphaR: 1.4337061696929352
event_sum: 0.6218818077104515
mean: 2573.146452070995
nL: 0.20028990842968367
nR: 1.1388345499600707
norm: 0.6218818077104515
sigma: 157.51653212637459
sigmaL: 262.32609653973026
sigmaR: 104.33747173741796
widthL: 262.32609653973026
widthR: 104.33747173741796
x0: 2573.146452070995
