alphaL: 0.29543775530467825
alphaR: 0.7783991666584238
event_sum: 0.7040787147416268
mean: 2646.93047964547
nL: 1.0000039685178543
nR: 3.1697449707030447
norm: 0.7040787147416268
sigma: 260.0
sigmaL: 515.7631616219667
sigmaR: 59.550717859354215
widthL: 515.7631616219667
widthR: 59.550717859354215
x0: 2646.93047964547
