alphaL: 0.8584591502823699
alphaR: 0.9758381414186025
event_sum: 0.3733201247523539
mean: 2564.5668463563284
nL: 0.20023802458325307
nR: 1.8819434513823297
norm: 0.3733201247523539
sigma: 157.51653212637459
sigmaL: 234.73631633756963
sigmaR: 87.02763269160828
widthL: 234.73631633756963
widthR: 87.02763269160828
x0: 2564.5668463563284
