alphaL: 0.7677897475397725
alphaR: 1.1280659882166686
event_sum: 15.858594933117274
fraction: 0.66873192585747
mean: 2550.437844938864
nL: 0.40000006295139895
nR: 4.4853292812945735
norm: 4.720035697799176
sigma: 260.0
sigmaL: 220.42648912147425
sigmaR: 115.35380274924941
widthL: 220.42648912147425
widthR: 115.35380274924941
x0: 2550.437844938864
