alphaL: 1.0579623677496999
alphaR: 1.5676844868846613
event_sum: 0.5684835691572516
mean: 2529.4064616402957
nL: 0.1000007213894453
nR: 2.4475507929937854
norm: 0.5684835691572516
sigma: 260.0
sigmaL: 243.99954948554307
sigmaR: 143.24273014883514
widthL: 243.99954948554307
widthR: 143.24273014883514
x0: 2529.4064616402957
