alphaL: 1.0317472298819244
alphaR: 0.8832137124811485
event_sum: 1.5101491134337266
mean: 2581.836773436133
nL: 0.500027258113876
nR: 4.255153485493132
norm: 1.5101491134337266
sigma: 260.0
sigmaL: 295.63457718447876
sigmaR: 87.53225677229932
widthL: 295.63457718447876
widthR: 87.53225677229932
x0: 2581.836773436133
