alphaL: 0.8960848153747739
alphaR: 1.3824576567900349
event_sum: 15.858594933117274
fraction: 0.6538065835009775
mean: 2550.0043038260055
nL: 0.3004063606557688
nR: 3.103145027734944
norm: 4.665381813829299
sigma: 260.0
sigmaL: 255.39158386520248
sigmaR: 126.93752634986495
widthL: 255.39158386520248
widthR: 126.93752634986495
x0: 2550.0043038260055
