alphaL: 0.2917912733439036
alphaR: 0.7787593063101597
event_sum: 0.7040787147416268
mean: 2640.8751116270923
nL: 1.000004006964091
nR: 3.201712406430674
norm: 0.7040787147416268
sigma: 260.0
sigmaL: 517.2584505977006
sigmaR: 59.67096940009211
widthL: 517.2584505977006
widthR: 59.67096940009211
x0: 2640.8751116270923
