alphaL: 0.8038278878297165
alphaR: 0.6297558316137438
event_sum: 1.6927813522997894
mean: 2586.102403914719
nL: 0.5000034891811416
nR: 4.168294641691257
norm: 1.6927813522997894
sigma: 260.0
sigmaL: 261.46403840259626
sigmaR: 60.873743120615835
widthL: 261.46403840259626
widthR: 60.873743120615835
x0: 2586.102403914719
