alphaL: 1.1083453547411246
alphaR: 1.2111391815794268
event_sum: 15.858594933117274
fraction: 0.6301575893317904
mean: 2550.000022459524
nL: 0.10162148767534183
nR: 4.099051664140143
norm: 4.823372468934394
sigma: 260.0
sigmaL: 271.07159259734146
sigmaR: 121.13121332760845
widthL: 271.07159259734146
widthR: 121.13121332760845
x0: 2550.000022459524
