alphaL: 1.0657200346162174
alphaR: 1.067556778549232
event_sum: 14.21150904870592
fraction: 0.7192569032100093
mean: 2571.91190756709
nL: 0.40532532831650564
nR: 4.262115278856343
norm: 7.471170118893497
sigma: 260.0
sigmaL: 287.8854487427068
sigmaR: 105.59707483670057
widthL: 287.8854487427068
widthR: 105.59707483670057
x0: 2571.91190756709
