alphaL: 0.5537702979900498
alphaR: 1.0225202023662507
event_sum: 0.9840728142735315
mean: 2577.2066749721744
nL: 1.0074106507113951
nR: 3.768089467585921
norm: 0.9840728142735315
sigma: 260.0
sigmaL: 250.64591849905713
sigmaR: 98.83755167729785
widthL: 250.64591849905713
widthR: 98.83755167729785
x0: 2577.2066749721744
