alphaL: 0.7274800715159925
alphaR: 0.906463978506788
event_sum: 1.6927813522997894
mean: 2597.7122854874206
nL: 1.0000023311977164
nR: 1.9956445511849814
norm: 1.6927813522997894
sigma: 260.0
sigmaL: 321.01934113933703
sigmaR: 64.76399496744988
widthL: 321.01934113933703
widthR: 64.76399496744988
x0: 2597.7122854874206
