alphaL: 1.2544157066186679
alphaR: 1.3766035040346005
event_sum: 1.5480949250767935
mean: 1864.6806269204255
nL: 0.15172732686077636
nR: 4.117055148685081
norm: 1.5480949250767935
sigma: 190.0
sigmaL: 192.43838433252685
sigmaR: 101.82229597286062
widthL: 192.43838433252685
widthR: 101.82229597286062
x0: 1864.6806269204255
