alphaL: 0.9191264914653215
alphaR: 1.5257285916710361
event_sum: 21.94714308009189
fraction: 0.769047810919232
mean: 1850.5172974529785
nL: 0.5093658900763215
nR: 4.45534433012246
norm: 13.862901235670765
sigma: 190.0
sigmaL: 158.10882969616253
sigmaR: 115.1026231005058
widthL: 158.10882969616253
widthR: 115.1026231005058
x0: 1850.5172974529785
