alphaL: 1.5525625896037456
alphaR: 1.355010214533122
event_sum: 1.674192065825739
mean: 1877.2456061259447
nL: 0.1
nR: 2.8796769578842345
norm: 1.674192065825739
sigma: 190.0
sigmaL: 204.24131642686487
sigmaR: 91.49823733305696
widthL: 204.24131642686487
widthR: 91.49823733305696
x0: 1877.2456061259447
