alphaL: 0.46799592439808024
alphaR: 1.442582946523215
event_sum: 1.7602762078637262
mean: 1865.4492270755866
nL: 1.0105076865873692
nR: 3.9737070725223234
norm: 1.7602762078637262
sigma: 190.0
sigmaL: 142.91349674392094
sigmaR: 104.48865702717944
widthL: 142.91349674392094
widthR: 104.48865702717944
x0: 1865.4492270755866
