alphaL: 0.8126777375850175
alphaR: 1.3427030206212491
event_sum: 1.807876313615533
mean: 1855.8507088043882
nL: 0.9979836160613594
nR: 4.045569856408821
norm: 1.807876313615533
sigma: 190.0
sigmaL: 140.9439033705508
sigmaR: 103.95868322689999
widthL: 140.9439033705508
widthR: 103.95868322689999
x0: 1855.8507088043882
