alphaL: 1.0861014462172125
alphaR: 1.332703866292086
event_sum: 19.71846730935227
fraction: 0.8357267825847299
mean: 1861.2125653570267
nL: 0.6880114102419258
nR: 4.2877855484524225
norm: 15.30945141561541
sigma: 190.0
sigmaL: 162.81173981856097
sigmaR: 101.94124361873597
widthL: 162.81173981856097
widthR: 101.94124361873597
x0: 1861.2125653570267
