alphaL: 1.106624129794552
alphaR: 2.8709263740054976
event_sum: 16.473473130955025
fraction: 0.9963878939357653
mean: 852.4258704746642
nL: 109.06143225997573
nR: 4.977136496066666
norm: 7.3907223736938885
sigma: 43.649539569828335
sigmaL: 41.4585179142686
sigmaR: 27.8609603391634
widthL: 41.4585179142686
widthR: 27.8609603391634
x0: 852.4258704746642
