alphaL: 1.5759593188734882
alphaR: 1.570071906490624
event_sum: 0.5924785051706838
mean: 839.183150931039
nL: 0.6045545837896815
nR: 1.6766039941169073
norm: 0.5924785051706838
sigma: 85.0
sigmaL: 79.67318875817055
sigmaR: 50.99640248873254
widthL: 79.67318875817055
widthR: 50.99640248873254
x0: 839.183150931039
