alphaL: 1.7918753021520006
alphaR: 1.1958881198278724
event_sum: 5.954788688825945
fraction: 0.9913976607712259
mean: 837.9839810210714
nL: 4.042449210667422
nR: 4.254214814895156
norm: 5.902796902026824
sigma: 85.0
sigmaL: 79.46412844643524
sigmaR: 49.14013496651708
widthL: 79.46412844643524
widthR: 49.14013496651708
x0: 837.9839810210714
