alphaL: 1.2192855352745728
alphaR: 1.4594802012622818
event_sum: 1.2419798477044448
mean: 838.8202502926956
nL: 1.809142453837251
nR: 3.5531377793453074
norm: 1.2419798477044448
sigma: 85.0
sigmaL: 70.79751787855295
sigmaR: 55.04474856785018
widthL: 70.79751787855295
widthR: 55.04474856785018
x0: 838.8202502926956
