alphaL: 1.3381319882969913
alphaR: 1.4953856827674281
event_sum: 0.5935966918426661
mean: 834.191522682754
nL: 4.16558855012445
nR: 3.2942951495891286
norm: 0.5935966918426661
sigma: 85.0
sigmaL: 78.51336531020996
sigmaR: 56.88410028786585
widthL: 78.51336531020996
widthR: 56.88410028786585
x0: 834.191522682754
