alphaL: 0.8862805244614522
alphaR: 1.5611230911622893
event_sum: 12.44116265750165
fraction: 0.9935526610333384
mean: 831.6879155172909
nL: 3.783114131079572
nR: 3.8844324516553406
norm: 12.366210089866774
sigma: 85.0
sigmaL: 58.02313423835248
sigmaR: 60.10274638433702
widthL: 58.02313423835248
widthR: 60.10274638433702
x0: 831.6879155172909
