alphaL: 1.1342160720064725
alphaR: 1.6736991209980452
event_sum: 1.2393757740076943
mean: 834.0741592464315
nL: 1.9686845808381914
nR: 2.7153515754645663
norm: 1.2393757740076943
sigma: 85.0
sigmaL: 66.13409155680506
sigmaR: 59.240239155116896
widthL: 66.13409155680506
widthR: 59.240239155116896
x0: 834.0741592464315
