alphaL: 0.8429288888932617
alphaR: 0.8694629083180851
event_sum: 0.4156893076724373
mean: 2413.680067190014
nL: 1.000026485156441
nR: 2.1724736039945687
norm: 0.4156893076724373
sigma: 240.0
sigmaL: 270.67946719145465
sigmaR: 55.93674963319325
widthL: 270.67946719145465
widthR: 55.93674963319325
x0: 2413.680067190014
