alphaL: 0.7534586112817651
alphaR: 0.9479690760151298
event_sum: 0.30687173653859645
mean: 2413.980664189662
nL: 1.0000000589930098
nR: 2.3917945046479407
norm: 0.30687173653859645
sigma: 240.0
sigmaL: 288.3676520809484
sigmaR: 64.53159229004412
widthL: 288.3676520809484
widthR: 64.53159229004412
x0: 2413.980664189662
