alphaL: 0.8753779183399208
alphaR: 1.2771399827180656
event_sum: 3.5979179970454425
fraction: 0.7439396495937896
mean: 2359.999705600864
nL: 0.5769581208337792
nR: 4.379144329630305
norm: 2.202784265158698
sigma: 240.0
sigmaL: 197.21363818263848
sigmaR: 116.29333511213159
widthL: 197.21363818263848
widthR: 116.29333511213159
x0: 2359.999705600864
