alphaL: 1.0338713925174245
alphaR: 1.1283088115829323
event_sum: 0.21423835982568562
mean: 2432.1928981451774
nL: 0.14459486642568423
nR: 1.6688962605281632
norm: 0.21423835982568562
sigma: 240.0
sigmaL: 359.23300184087174
sigmaR: 62.54627316512017
widthL: 359.23300184087174
widthR: 62.54627316512017
x0: 2432.1928981451774
