alphaL: 0.39713397656465466
alphaR: 0.95930389156058
event_sum: 0.25925793912028894
mean: 2432.2209128309596
nL: 1.00000016850394
nR: 2.912212040355061
norm: 0.25925793912028894
sigma: 240.0
sigmaL: 412.2924031155228
sigmaR: 65.83362653657126
widthL: 412.2924031155228
widthR: 65.83362653657126
x0: 2432.2209128309596
