alphaL: 0.9897254382358253
alphaR: 1.0805328830596594
event_sum: 0.20223248795082327
mean: 2370.4534495029247
nL: 0.20006879965105803
nR: 1.8299971535035384
norm: 0.20223248795082327
sigma: 143.58141337175124
sigmaL: 200.9182648585121
sigmaR: 85.43587931905692
widthL: 200.9182648585121
widthR: 85.43587931905692
x0: 2370.4534495029247
