alphaL: 0.9160664072508199
alphaR: 1.5591265551513056
event_sum: 0.14472580500296317
mean: 2353.461514344569
nL: 0.20012353388977966
nR: 1.936484336101065
norm: 0.14472580500296317
sigma: 143.58141337175124
sigmaL: 257.61436737637047
sigmaR: 121.25433266551187
widthL: 257.61436737637047
widthR: 121.25433266551187
x0: 2353.461514344569
