alphaL: 1.1111609639340907
alphaR: 1.1060777620836773
event_sum: 0.27568889257963747
mean: 2400.661469084589
nL: 0.3689556066862903
nR: 2.6247142470628693
norm: 0.27568889257963747
sigma: 240.0
sigmaL: 273.8783450187037
sigmaR: 78.30846637807353
widthL: 273.8783450187037
widthR: 78.30846637807353
x0: 2400.661469084589
