alphaL: 0.7534705101101343
alphaR: 0.9479513758524255
event_sum: 0.30687173653859645
mean: 2413.7999312324437
nL: 1.0000000592039773
nR: 2.3917592226787936
norm: 0.30687173653859645
sigma: 240.0
sigmaL: 288.36204433208496
sigmaR: 64.53307151760866
widthL: 288.36204433208496
widthR: 64.53307151760866
x0: 2413.7999312324437
