alphaL: 0.9462270671767989
alphaR: 1.2300666445953434
event_sum: 4.3474013288505375
fraction: 0.7034999616314077
mean: 2363.6836854313024
nL: 0.40000209211329346
nR: 4.397256974764958
norm: 1.6808551554568112
sigma: 240.0
sigmaL: 290.3833926636658
sigmaR: 114.72105630967172
widthL: 290.3833926636658
widthR: 114.72105630967172
x0: 2363.6836854313024
