alphaL: 0.3997778659817646
alphaR: 0.9583749786218824
event_sum: 0.25925793912028894
mean: 2434.747900383489
nL: 1.0000001894248214
nR: 2.886040132270242
norm: 0.25925793912028894
sigma: 240.0
sigmaL: 411.8950362192489
sigmaR: 65.44909727936451
widthL: 411.8950362192489
widthR: 65.44909727936451
x0: 2434.747900383489
