alphaL: 0.7370876397497022
alphaR: 0.9118422427779912
event_sum: 0.49828364967834204
mean: 2399.6953461772696
nL: 1.0000000000171
nR: 2.0466686360268866
norm: 0.49828364967834204
sigma: 240.0
sigmaL: 305.654318934649
sigmaR: 63.079244004687716
widthL: 305.654318934649
widthR: 63.079244004687716
x0: 2399.6953461772696
