alphaL: 0.8729012857507531
alphaR: 1.4178026610201941
event_sum: 0.03967212460702285
mean: 3440.1779453697227
nL: 1.00003714364408
nR: 3.1047153483923586
norm: 0.03967212460702285
sigma: 196.0
sigmaL: 226.79848616639302
sigmaR: 132.44506569810835
widthL: 226.79848616639302
widthR: 132.44506569810835
x0: 3440.1779453697227
