alphaL: 0.889999019811782
alphaR: 0.9253029993496399
event_sum: 0.07418854330899194
mean: 3495.7430832361533
nL: 1.0000050777096188
nR: 1.9034027919146577
norm: 0.07418854330899194
sigma: 196.0
sigmaL: 226.03465101212387
sigmaR: 51.48235873323612
widthL: 226.03465101212387
widthR: 51.48235873323612
x0: 3495.7430832361533
