alphaL: 1.1850750785819681
alphaR: 0.9474024572711279
event_sum: 0.03930624651547987
mean: 3497.265890802242
nL: 0.5160229707623206
nR: 2.2152913979302054
norm: 0.03930624651547987
sigma: 347.61900837526963
sigmaL: 230.28237807177518
sigmaR: 68.85259841054605
widthL: 230.28237807177518
widthR: 68.85259841054605
x0: 3497.265890802242
