alphaL: 0.889991806815838
alphaR: 0.9252980564226474
event_sum: 0.07418854330899194
mean: 3495.7477271963257
nL: 1.0000050745499462
nR: 1.9033963937235563
norm: 0.07418854330899194
sigma: 196.0
sigmaL: 226.03672811582308
sigmaR: 51.48256960595872
widthL: 226.03672811582308
widthR: 51.48256960595872
x0: 3495.7477271963257
