alphaL: 0.9432743046463395
alphaR: 2.111913949606336
event_sum: 11.074543436407112
fraction: 0.7370496215187504
mean: 3450.47781293925
nL: 0.6946477179313134
nR: 1.2801092917951908
norm: 0.7058001055265777
sigma: 196.0
sigmaL: 196.27911280067678
sigmaR: 138.86836635012105
widthL: 196.27911280067678
widthR: 138.86836635012105
x0: 3450.47781293925
