alphaL: 1.2041836541909
alphaR: 1.4037557259859617
event_sum: 0.07435173989506438
mean: 3464.79624740886
nL: 0.3355617540117581
nR: 2.106045841456129
norm: 0.07435173989506438
sigma: 347.61900837526963
sigmaL: 248.47729352840028
sigmaR: 109.24085378972451
widthL: 248.47729352840028
widthR: 109.24085378972451
x0: 3464.79624740886
