alphaL: 1.0332777735214673
alphaR: 0.9994332684409024
event_sum: 3.6211546360864304
fraction: 0.7742441290567401
mean: 3481.535042544242
nL: 0.7220252529334683
nR: 1.7311177431820564
norm: 0.395754519617185
sigma: 196.0
sigmaL: 208.88917755284558
sigmaR: 76.81154815460187
widthL: 208.88917755284558
widthR: 76.81154815460187
x0: 3481.535042544242
