alphaL: 0.9616394015682919
alphaR: 1.4383035257018986
event_sum: 0.03967212460702285
mean: 3450.6527515681246
nL: 1.000054060413028
nR: 3.0775876685526344
norm: 0.03967212460702285
sigma: 196.0
sigmaL: 217.74414932953
sigmaR: 129.19652683490474
widthL: 217.74414932953
widthR: 129.19652683490474
x0: 3450.6527515681246
