alphaL: 0.9176501794599065
alphaR: 0.9638999552015937
event_sum: 3.8101227647275664
mean: 3485.9075988088616
nL: 1.0000069846675934
nR: 1.5732169032114818
norm: 3.8101227647275664
sigma: 196.0
sigmaL: 215.4760572641334
sigmaR: 71.54421056669719
widthL: 215.4760572641334
widthR: 71.54421056669719
x0: 3485.9075988088616
