alphaL: 1.1988757624486295
alphaR: 0.9129486847969114
event_sum: 2.6260975663317367
fraction: 0.7146578347734731
mean: 3485.315225151473
nL: 0.43101201665287264
nR: 2.879871927444487
norm: 0.740733134385664
sigma: 196.0
sigmaL: 250.12978673627788
sigmaR: 70.06467695508903
widthL: 250.12978673627788
widthR: 70.06467695508903
x0: 3485.315225151473
