alphaL: 0.9898838396000531
alphaR: 1.0504566483094842
event_sum: 0.06785648281220347
mean: 3495.3179362960323
nL: 0.5927246503532161
nR: 1.1109972594540765
norm: 0.06785648281220347
sigma: 196.0
sigmaL: 207.65396210386405
sigmaR: 48.389755336671314
widthL: 207.65396210386405
widthR: 48.389755336671314
x0: 3495.3179362960323
