alphaL: 0.8429054366239404
alphaR: 0.9028721594176033
event_sum: 2.7774555334472097
mean: 3494.2207820002373
nL: 1.000014376897332
nR: 1.7616682230201832
norm: 2.7774555334472097
sigma: 196.0
sigmaL: 234.4560063118028
sigmaR: 54.97946884468435
widthL: 234.4560063118028
widthR: 54.97946884468435
x0: 3494.2207820002373
