alphaL: 0.9686788095002029
alphaR: 0.9753404780919086
event_sum: 0.03697343429666944
mean: 3498.271091250085
nL: 0.918111352322422
nR: 0.9908476278075815
norm: 0.03697343429666944
sigma: 196.0
sigmaL: 203.71861006137254
sigmaR: 47.44449428795887
widthL: 203.71861006137254
widthR: 47.44449428795887
x0: 3498.271091250085
