alphaL: 1.8143327883372593
alphaR: 1.8913337446922358
event_sum: 12.832036779047971
mean: 2608.3048850485347
nL: 2.999860729318714
nR: 2.9882974574838066
norm: 12.832036779047971
sigma: 162
sigmaL: 120.77491334139955
sigmaR: 56.51501397103874
widthL: 120.77491334139955
widthR: 56.51501397103874
x0: 2608.3048850485347
