alphaL: 0.8668682403995557
alphaR: 0.9581556948936696
event_sum: 0.3244180219159792
mean: 2937.869081751362
nL: 0.10040416045811838
nR: 2.256976137221602
norm: 0.3244180219159792
sigma: 295.0
sigmaL: 255.0560043337071
sigmaR: 83.6230788004242
widthL: 255.0560043337071
widthR: 83.6230788004242
x0: 2937.869081751362
