alphaL: 0.9880080060168622
alphaR: 1.0765340982389688
event_sum: 11.985855564985759
fraction: 0.6831445713428841
mean: 2912.3818134166177
nL: 0.4
nR: 4.207420936279923
norm: 4.69817608109775
sigma: 295.0
sigmaL: 322.16442116154144
sigmaR: 112.31531017006182
widthL: 322.16442116154144
widthR: 112.31531017006182
x0: 2912.3818134166177
