alphaL: 0.5398340899927537
alphaR: 0.927499985335901
event_sum: 14.906499641306143
fraction: 0.6205726277275354
mean: 2918.0325166329058
nL: 0.4004186010758578
nR: 4.1589886380497445
norm: 2.678586133681375
sigma: 295.0
sigmaL: 218.0072373514418
sigmaR: 102.89801879748354
widthL: 218.0072373514418
widthR: 102.89801879748354
x0: 2918.0325166329058
