alphaL: 0.5400429781048486
alphaR: 0.8980253620862564
event_sum: 0.6301024266149348
mean: 2974.619799278067
nL: 1.0014962579947708
nR: 2.8575905693135435
norm: 0.6301024266149348
sigma: 295.0
sigmaL: 415.46734845533797
sigmaR: 68.18907955591385
widthL: 415.46734845533797
widthR: 68.18907955591385
x0: 2974.619799278067
