alphaL: 1.1215021964728547
alphaR: 1.383964214260801
event_sum: 0.5378913829812847
mean: 2906.295351978925
nL: 0.15384655481118872
nR: 2.529559002385807
norm: 0.5378913829812847
sigma: 295.0
sigmaL: 328.0907472242826
sigmaR: 130.47913571456888
widthL: 328.0907472242826
widthR: 130.47913571456888
x0: 2906.295351978925
