alphaL: 0.16173424546636767
alphaR: 1.1244801000657116
event_sum: 0.422995874574505
mean: 2985.6274577140634
nL: 1.0000218245948216
nR: 3.061883085432625
norm: 0.422995874574505
sigma: 295.0
sigmaL: 686.3906648867577
sigmaR: 85.95763598300297
widthL: 686.3906648867577
widthR: 85.95763598300297
x0: 2985.6274577140634
