alphaL: 1.086096675481889
alphaR: 3.0939109225340644
event_sum: 44.95439867768437
mean: 701.971878995717
nL: 67.53736057200459
nR: 3.189473504188614
norm_2016: 11.791988205164671
norm_2017: 14.011960864067078
norm_2018: 20.068988378159702
norm_Run2: 44.95439867768437
sigma: 35.978064682222005
sigmaL: 38.71822953161968
sigmaR: 25.9503261661512
widthL: 38.71822953161968
widthR: 25.9503261661512
x0: 701.971878995717
