alphaL: 1.118974603313087
alphaR: 2.044397195061895
event_sum: 26.048891417041887
mean: 706.2135982764817
nL: 11.63945315415031
nR: 5.500998773107968
norm_2016: 6.807555443781894
norm_2017: 8.284016554651316
norm_2018: 11.319170965871308
norm_Run2: 26.048891417041887
sigma: 34.41848132076964
sigmaL: 33.55959783134103
sigmaR: 24.974902837938643
widthL: 33.55959783134103
widthR: 24.974902837938643
x0: 706.2135982764817
