alphaL: 1.1041945210278747
alphaR: 1.2768082242586563
event_sum: 18.20489952270873
mean: 693.684206184219
nL: 0.5949664853224192
nR: 5.18430964240426
norm_2016: 4.605719823855907
norm_2017: 5.893846873310395
norm_2018: 7.900883709953632
norm_Run2: 18.20489952270873
sigma: 70.0
sigmaL: 52.92063345220396
sigmaR: 46.387266513745004
widthL: 52.92063345220396
widthR: 46.387266513745004
x0: 693.684206184219
