event_sum: 23.0
norm: 23.0
p1:
  dijet2: -4.552455882086422
  dijet3: -4.664907933064571
  expow1: -4.595178293668407
  expow2: -0.0036886700990838572
  invpow2: 0.2862927292865102
  invpow3: 1.0205180244548517
p2:
  dijet2: -3.3472425576636153
  dijet3: -3.566983041645078
  expow2: -4.391205884788705
  invpow2: -19.924967760390025
  invpow3: -1.9812410445111068
p3:
  dijet3: 0.631752078275099
  invpow3: -2.738337170822003
