event_sum: 574.0
norm: 574.0
p1:
  dijet2: -5.345617794692093
  dijet3: -5.432664880082916
  expow1: -5.309176823760153
  expow2: -3.294162596122609
  invpow2: 1.239399629744706
  invpow3: 0.4601700423025759
p2:
  dijet2: -1.1796367429087573
  dijet3: -1.2939469875369403
  expow2: -1.9713239064819346
  invpow2: -9.68038897331489
  invpow3: -20.05704471156067
p3:
  dijet3: 0.40671122621247724
  invpow3: 1.3181591389245522
