event_sum: 466.0
norm: 466.0
p1:
  dijet2: -5.061238628459569
  dijet3: -5.02115467036275
  expow1: -4.944684784788004
  expow2: -1.0608934562519878e-05
  invpow2: 0.32609484090826424
  invpow3: 0.5590696186190581
p2:
  dijet2: -3.1244599448953263
  dijet3: -3.1053759597972066
  expow2: -4.884471995755103
  invpow2: -19.999998046114314
  invpow3: -6.927617960737468
p3:
  dijet3: -0.2523941154584481
  invpow3: -2.9395520506286155
