event_sum: 57.0
norm: 57.0
p1:
  dijet2: -4.74538847165353
  dijet3: -4.090080506333014
  expow1: -4.772258293985668
  expow2: -4.12601114831595
  invpow2: 9.70546128594788
  invpow3: 9.893462206784067
p2:
  dijet2: -0.17506176736741705
  dijet3: -3.956350280842798e-06
  expow2: -0.5874525208140597
  invpow2: -5.256575711201953
  invpow3: -4.851533381348656
p3:
  dijet3: -3.068808174308671
  invpow3: -0.09228652912651852
