event_sum: 466.0
norm: 466.0
p1:
  dijet2: -5.3959802057637445e-05
  dijet3: -0.0003261652706106231
  expow1: -4.94460505199904
  expow2: -0.0017060244963820323
  invpow2: 0.019581562212756212
  invpow3: 0.013010945838212858
p2:
  dijet2: -1.0764389674636172
  dijet3: -0.7278294664071403
  expow2: -0.4884226605457377
  invpow2: -29.999999374457953
  invpow3: -29.99836373298221
p3:
  dijet3: -0.09997114309245816
  invpow3: -0.5858457683452675
