event_sum: 61.0
norm: 61.0
p1:
  DiJet2: -1.0673753547685294e-14
  DiJet3: -3.744305039632412e-11
  ExPow1: -4.101937421341761
  ExPow2: -2.5776274344135874e-11
  InvPow2: 0.014388318909624548
  InvPow3: 0.013741663712920264
p2:
  DiJet2: -0.8636271159631282
  DiJet3: -0.49967064986089543
  ExPow2: -0.3697895379976044
  InvPow2: -29.9997644922968
  InvPow3: -29.999759712947522
p3:
  DiJet3: -0.09999999999998796
  InvPow3: -0.04999997605026659
