event_sum: 57.0
norm: 57.0
p1:
  DiJet2: -3.716494872516925
  DiJet3: -4.101675775922419
  ExPow1: -4.782948981742369
  ExPow2: -4.0884134869406195
  InvPow2: 1.160974513658548
  InvPow3: 1.533925796708245
p2:
  DiJet2: -0.22597298876145686
  DiJet3: -0.027417926103833732
  ExPow2: -0.06279757351114132
  InvPow2: -5.1850013788971925
  InvPow3: -4.502199501543034
p3:
  DiJet3: -0.03316322704041467
  InvPow3: -0.01276900239560238
