event_sum: 57.0
norm: 57.0
p1:
  dijet2: -3.716494872516925
  dijet3: -4.101675775922419
  expow1: -4.782948981742369
  expow2: -4.0884134869406195
  invpow2: 1.160974513658548
  invpow3: 1.533925796708245
p2:
  dijet2: -0.22597298876145686
  dijet3: -0.027417926103833732
  expow2: -0.06279757351114132
  invpow2: -5.1850013788971925
  invpow3: -4.502199501543034
p3:
  dijet3: -0.03316322704041467
  invpow3: -0.01276900239560238
