event_sum: 57.0
norm: 57.0
p1:
  dijet2: -3.718639397352235
  dijet3: -4.078487920120397
  expow1: -4.778027637171783
  expow2: -4.0883882897510215
  invpow2: 1.158369267263814
  invpow3: 0.024649577807559664
p2:
  dijet2: -0.22655700823096087
  dijet3: -0.04755825769690742
  expow2: -0.06268571635306174
  invpow2: -5.181197594641484
  invpow3: -29.99752998430498
p3:
  dijet3: -0.028623305238288002
  invpow3: 0.2846624849911995
