event_sum: 23.0
norm: 23.0
p1:
  DiJet2: -1.2285664516969996e-09
  DiJet3: -1.0810477998348354e-05
  ExPow1: -4.605143094827316
  ExPow2: -2.0824833366767104e-07
  InvPow2: 0.01738688477853014
  InvPow3: 0.01666098453993841
p2:
  DiJet2: -0.9891357674494247
  DiJet3: -0.6336052438197631
  ExPow2: -0.4401247870690021
  InvPow2: -29.99839292823847
  InvPow3: -29.931903899366898
p3:
  DiJet3: -0.09999999987964416
  InvPow3: -0.0499746474610396
