event_sum: 792.0
norm: 792.0
p1:
  DiJet2: -1.1062910319596664e-08
  DiJet3: -1.910660189820279e-07
  ExPow1: -4.56179814453822
  ExPow2: -1.460924609957485
  InvPow2: 0.036202671085560544
  InvPow3: 0.019181474853261
p2:
  DiJet2: -0.9714013945052773
  DiJet3: -0.6151202396104187
  ExPow2: -0.286139459774845
  InvPow2: -16.482027768748466
  InvPow3: -29.999992267528118
p3:
  DiJet3: -0.0999999876519773
  InvPow3: 0.12762093474863906
