event_sum: 61.0
norm: 61.0
p1:
  dijet2: -1.0673753547685294e-14
  dijet3: -3.744305039632412e-11
  expow1: -4.101937421341761
  expow2: -2.5776274344135874e-11
  invpow2: 0.014388318909624548
  invpow3: 0.013741663712920264
p2:
  dijet2: -0.8636271159631282
  dijet3: -0.49967064986089543
  expow2: -0.3697895379976044
  invpow2: -29.9997644922968
  invpow3: -29.999759712947522
p3:
  dijet3: -0.09999999999998796
  invpow3: -0.04999997605026659
