event_sum: 23.0
norm: 23.0
p1:
  dijet2: -0.006596241342014619
  dijet3: -0.0005392140306892008
  expow1: -4.595128017989254
  expow2: -0.00041564971429250246
  invpow2: 0.017525905120428037
  invpow3: 0.011200203627759848
p2:
  dijet2: -0.9866655654618518
  dijet3: -0.635508692484185
  expow2: -0.44149073931015825
  invpow2: -29.69135712604857
  invpow3: -29.996151530905447
p3:
  dijet3: -0.09999944445936176
  invpow3: -0.6378826243881675
