event_sum: 574.0
norm: 574.0
p1:
  dijet2: -0.09998931317641419
  dijet3: -0.44667943269359045
  expow1: -5.316848647890701
  expow2: -3.283064855630531
  invpow2: 0.12172676754259466
  invpow3: 0.028398073671142627
p2:
  dijet2: -1.1391879833758778
  dijet3: -0.9631557036198387
  expow2: -0.19810266157809606
  invpow2: -9.754619745465137
  invpow3: -29.998744728495254
p3:
  dijet3: -0.028922260722445046
  invpow3: 0.25691830561402723
