event_sum: 466.0
norm: 466.0
p1:
  dijet2: -2.625158649394166e-05
  dijet3: -3.187069452792457e-08
  expow1: -4.956364933640275
  expow2: -2.8851979150701368e-05
  invpow2: 0.01957003437233429
  invpow3: 0.01302545422864565
p2:
  dijet2: -1.0774048637156977
  dijet3: -0.7272117392346535
  expow2: -0.48803408295710554
  invpow2: -29.999958074469735
  invpow3: -29.997717697817734
p3:
  dijet3: -0.09999999689245809
  invpow3: -0.5834186916450215
