event_sum: 23.0
norm: 23.0
p1:
  dijet2: -1.2285664516969996e-09
  dijet3: -1.0810477998348354e-05
  expow1: -4.605143094827316
  expow2: -2.0824833366767104e-07
  invpow2: 0.01738688477853014
  invpow3: 0.01666098453993841
p2:
  dijet2: -0.9891357674494247
  dijet3: -0.6336052438197631
  expow2: -0.4401247870690021
  invpow2: -29.99839292823847
  invpow3: -29.931903899366898
p3:
  dijet3: -0.09999999987964416
  invpow3: -0.0499746474610396
