event_sum: 466.0
norm: 466.0
p1:
  DiJet2: -1.0920427843258418e-10
  DiJet3: -5.813300361923179e-12
  ExPow1: -4.956412478809436
  ExPow2: -2.336933557257892e-09
  InvPow2: 0.019582049106180298
  InvPow3: 0.013049583217195574
p2:
  DiJet2: -1.0769874851971561
  DiJet3: -0.7272708816605331
  ExPow2: -0.4881690222274319
  InvPow2: -29.99807380305426
  InvPow3: -29.996797789627216
p3:
  DiJet3: -0.09999999999999946
  InvPow3: -0.5807532960694469
