event_sum: 57.0
norm: 57.0
p1:
  dijet2: -3.816154209316725
  dijet3: -4.17421364427021
  expow1: -4.782792761255515
  expow2: -4.088388342924868
  invpow2: 1.1583727024032686
  invpow3: 1.4179726338772896
p2:
  dijet2: -0.20609260568250676
  dijet3: -0.002527270616178079
  expow2: -0.06268571136200929
  invpow2: -5.181196466991217
  invpow3: -4.6016049592059645
p3:
  dijet3: -0.03532912164091977
  invpow3: -0.011390526192268102
