event_sum: 23.0
norm: 23.0
p1:
  dijet2: -0.00011931819402921824
  dijet3: -0.002232424338895712
  expow1: -4.605083984421425
  expow2: -0.0006021868756506338
  invpow2: 0.017431976522172068
  invpow3: 0.011200271688189706
p2:
  dijet2: -0.988853137729685
  dijet3: -0.6361397000647895
  expow2: -0.4407175828645333
  invpow2: -29.8631163902856
  invpow3: -29.996162985946334
p3:
  dijet3: -0.09999293558813388
  invpow3: -0.6378653356133068
