event_sum: 466.0
norm: 466.0
p1:
  dijet2: -1.0920427843258418e-10
  dijet3: -5.813300361923179e-12
  expow1: -4.956412478809436
  expow2: -2.336933557257892e-09
  invpow2: 0.019582049106180298
  invpow3: 0.013049583217195574
p2:
  dijet2: -1.0769874851971561
  dijet3: -0.7272708816605331
  expow2: -0.4881690222274319
  invpow2: -29.99807380305426
  invpow3: -29.996797789627216
p3:
  dijet3: -0.09999999999999946
  invpow3: -0.5807532960694469
