event_sum: 574.0
norm: 574.0
p1:
  dijet2: -0.07624774674727441
  dijet3: -0.45933211333684026
  expow1: -5.309043042415905
  expow2: -3.2827354801636734
  invpow2: 0.12246486924119994
  invpow3: 0.02864459347594382
p2:
  dijet2: -1.1449066821771683
  dijet3: -0.9642987533037093
  expow2: -0.19816587376577233
  invpow2: -9.732600914309788
  invpow3: -29.998384165839326
p3:
  dijet3: -0.027734356284839338
  invpow3: 0.26409423629062895
