event_sum: 574.0
norm: 574.0
p1:
  dijet2: -0.09885719563166466
  dijet3: -0.44610608156060505
  expow1: -5.316866312387426
  expow2: -3.2842726975508243
  invpow2: 0.12181521571739139
  invpow3: 0.0283966404059063
p2:
  dijet2: -1.139128631509056
  dijet3: -0.9630624558246598
  expow2: -0.1982409755045691
  invpow2: -9.758022283863129
  invpow3: -29.999464878955994
p3:
  dijet3: -0.02889341913105598
  invpow3: 0.2568295821563292
