event_sum: 466.0
norm: 466.0
p1:
  dijet2: -0.00017196739331435708
  dijet3: -3.371746120603078e-06
  expow1: -4.9553283658311935
  expow2: -6.611899389605096e-05
  invpow2: 0.01955694896338079
  invpow3: 0.013010629231040701
p2:
  dijet2: -1.0769894831943496
  dijet3: -0.7270434124096031
  expow2: -0.488143671803909
  invpow2: -29.982100789436647
  invpow3: -29.998329498225743
p3:
  dijet3: -0.09999999234885779
  invpow3: -0.5858925538173654
