event_sum: 792.0
norm: 792.0
p1:
  dijet2: -1.1062910319596664e-08
  dijet3: -1.910660189820279e-07
  expow1: -4.56179814453822
  expow2: -1.460924609957485
  invpow2: 0.036202671085560544
  invpow3: 0.019190541945624147
p2:
  dijet2: -0.9714013945052773
  dijet3: -0.6151202396104187
  expow2: -0.286139459774845
  invpow2: -16.482027768748466
  invpow3: -29.999887397634605
p3:
  dijet3: -0.0999999876519773
  invpow3: 0.1281425942153005
