event_sum: 574.0
norm: 574.0
p1:
  DiJet2: -0.09885719563166466
  DiJet3: -0.44610608156060505
  ExPow1: -5.316866312387426
  ExPow2: -3.2842726975508243
  InvPow2: 0.12181521571739139
  InvPow3: 0.0283966404059063
p2:
  DiJet2: -1.139128631509056
  DiJet3: -0.9630624558246598
  ExPow2: -0.1982409755045691
  InvPow2: -9.758022283863129
  InvPow3: -29.999464878955994
p3:
  DiJet3: -0.02889341913105598
  InvPow3: 0.2568295821563292
