event_sum: 574.0
norm: 574.0
p1:
  dijet2: -0.0065124679098502725
  dijet3: -0.4466795963917427
  expow1: -5.316848652589451
  expow2: -3.273628233596031
  invpow2: 0.12108456537496648
  invpow3: 0.028398073784740574
p2:
  dijet2: -1.1605712184016692
  dijet3: -0.963155653704689
  expow2: -0.19927967114221368
  invpow2: -9.7843225262908
  invpow3: -29.998744761958058
p3:
  dijet3: -0.028922265298961455
  invpow3: 0.25691830590383957
