event_sum: 23.0
norm: 23.0
p1:
  dijet2: -0.0001193181750593908
  dijet3: -0.00037364424546382224
  expow1: -4.605083983598074
  expow2: -0.0006021846926245189
  invpow2: 0.01742535857086558
  invpow3: 0.009436084120046928
p2:
  dijet2: -0.9888531377567791
  dijet3: -0.6341136302641157
  expow2: -0.4407175761146928
  invpow2: -29.960271114703612
  invpow3: -29.990350539651434
p3:
  dijet3: -0.09999401588840737
  invpow3: -0.9682156670966764
