event_sum: 57.0
norm: 57.0
p1:
  dijet2: -3.9682519575690276
  dijet3: -4.166733887527542
  expow1: -4.7721899788825155
  expow2: -4.146950977188036
  invpow2: 1.0464720443807984
  invpow3: 0.025328615760712464
p2:
  dijet2: -0.1712107973643208
  dijet3: -0.0458878949715113
  expow2: -0.056667767090339854
  invpow2: -5.2041164399856115
  invpow3: -29.998698282946023
p3:
  dijet3: -0.02389461655223373
  invpow3: 0.3019633080493822
