norm: 23.0
p1:
  dijet2: -4.552455882086422
  dijet3: -1.0
  expow1: -4.595178293668407
  expow2: -1.0
  invpow2: 1.0
p2:
  dijet2: -3.3472425576636153
  dijet3: -1.0
  expow2: -1.0
  invpow2: -1.0
p3:
  dijet3: 1.0
region_num: 23.0
