CR_num: 65.0
norm: 65.0
p1:
  dijet2: 43.285945546489806
  dijet3: 3.994754708340796
  expow1: -4.005231582061134
  expow2: -2.5032469265938093e-06
  invpow2: -8.445987330573769e-05
  invpow3: -2.387191117787259e-06
p2:
  dijet2: -3.3999593678402875
  dijet3: 2.183614946855704
  expow2: -0.0036737502713404813
  invpow2: 39.02631815451601
  invpow3: 1313.7023118300694
p3:
  dijet3: -0.26422330008659
  invpow3: 0.09329261957904944
