norm: 65.0
p1:
  dijet2: 34.7858308976133
  dijet3: 15.352755269222678
  expow1: -4.1656577644299535
  expow2: 0.6030907125464828
  invpow2: 6.161259796998487e-06
  invpow3: 6.3953866884051145e-06
p2:
  dijet2: -2.8048601158037747
  dijet3: -0.06799473760571818
  expow2: -0.004430384084773441
  invpow2: -633.0620835199212
  invpow3: -658.0725463197565
p3:
  dijet3: -0.12822590306241372
  invpow3: 0.020791031380075087
region_num: 65.0
