CR_num: 0.0
norm: 0.0
p1:
  dijet2: 1.0000000000000016
  dijet3: 1.0
  expow1: -0.09999999999999996
  expow2: -0.009999999999999986
  invpow2: -1.0000000000000027e-06
  invpow3: -1.0000000000000027e-06
p2:
  dijet2: -1.0
  dijet3: -1.0
  expow2: -0.0009999999999999996
  invpow2: 9.999999999999988
  invpow3: 9.999999999999988
p3:
  dijet3: -0.1
  invpow3: -0.09999999999999988
