CR_num: 138.58065986294923
norm: 2127.0
p1:
  dijet2: 17.00431984178925
  dijet3: 1.8714370319461093
  expow1: -4.172977455162289
  expow2: -1.5624281077727042
  invpow2: -6.179486712783392e-06
  invpow3: -4.0265845370713225e-06
p2:
  dijet2: -1.5223047491926225
  dijet3: 0.6179420348091447
  expow2: -0.0023822974140286514
  invpow2: 608.0756666399845
  invpow3: 1242.387051082078
p3:
  dijet3: -0.10069110301395215
  invpow3: -0.12399978785779246
