norm: 610.0
p1:
  dijet2: 9.432331035367703
  dijet3: 2.7501951390432784
  expow1: -5.1522882478434875
  expow2: -1.66874783007974
  invpow2: 0.001338595256722775
  invpow3: 1.3467143855066394e-05
p2:
  dijet2: -1.0736498483594927
  dijet3: -0.09942587687675182
  expow2: -0.00363815169335824
  invpow2: -9.461405652264544
  invpow3: -566.7610343761584
p3:
  dijet3: -0.047278872077827556
  invpow3: 0.07594222717684031
region_num: 610.0
