CR_num: 521.97000252989
norm: 1698.0
p1:
  dijet2: 39.13533031029336
  dijet3: 4.559858005570149
  expow1: -4.892192565038455
  expow2: -8.27497525978868e-08
  invpow2: -4.410861612575632e-05
  invpow3: -3.060125394431749e-06
p2:
  dijet2: -3.21047575487461
  dijet3: 1.7562965925382625
  expow2: -0.005025061184299222
  invpow2: 108.59554633346436
  invpow3: 1576.3610280895955
p3:
  dijet3: -0.2375465528146641
  invpow3: 0.029102480069966255
