norm: 574.0
p1:
  dijet2: -5.345617794692093
  dijet3: -1.0
  expow1: -5.309176823760153
  expow2: -1.0
  invpow2: 1.0
p2:
  dijet2: -1.1796367429087573
  dijet3: -1.0
  expow2: -1.0
  invpow2: -1.0
p3:
  dijet3: 1.0
region_num: 574.0
