norm: 836.0
p1:
  dijet2: 19.404587187559958
  dijet3: 8.216513378215996
  expow1: -4.448749017733871
  expow2: -1.3562648743286014
  invpow2: 0.00032018041543924555
  invpow3: 1.3679453456842444e-05
p2:
  dijet2: -1.724176092242872
  dijet3: -0.09022622413858417
  expow2: -0.002947081473199013
  invpow2: -17.967467703467285
  invpow3: -395.09184788409135
p3:
  dijet3: -0.07941111787816156
  invpow3: 0.03474039425789737
region_num: 836.0
