CR_num: 36.181378346666364
norm: 241.0
p1:
  dijet2: 47.7745014143252
  dijet3: -8.800898191830246
  expow1: -3.0586442766107282
  expow2: -0.0002363104817315405
  invpow2: -0.00031211582267761333
  invpow3: -2.659853179496965e-07
p2:
  dijet2: -3.595837263914244
  dijet3: 4.5686550149249765
  expow2: -0.0025068347416378543
  invpow2: 4.836450588779606
  invpow3: 0.42451407103360594
p3:
  dijet3: -0.39206706853749324
  invpow3: 3.714116583743195
