CR_num: 143.0
norm: 143.0
p1:
  dijet2: 45.96446872860731
  dijet3: 3.0902585034427106
  expow1: -4.139434848601684
  expow2: -0.0002976724724496581
  invpow2: -0.00018106927223586323
  invpow3: -1.6162583679269865e-06
p2:
  dijet2: -3.6118093108394125
  dijet3: 2.5340396376434975
  expow2: -0.0038752897339036168
  invpow2: 16.881939301214715
  invpow3: 1363.43725492432
p3:
  dijet3: -0.29330038108473405
  invpow3: 0.4571038317896138
