CR_num: 134835.0
norm: 134835.0
p1:
  dijet2: 7.956276002319791
  dijet3: -2.399222438641943
  expow1: -4.475808369865131
  expow2: -2.1505911678100396
  invpow2: -2.097702752460237e-06
  invpow3: -2.967944623448779e-06
p2:
  dijet2: -0.9002588812597361
  dijet3: 0.5774478871266486
  expow2: -0.0021592402666042276
  invpow2: 1999.9973180998652
  invpow3: 1999.987730245791
p3:
  dijet3: -0.07015225698209172
  invpow3: -0.24670554937484696
