norm: 836.0
p1:
  dijet2: 19.404587187559958
  dijet3: 0.9101283510716783
  expow1: -4.448749017733871
  expow2: -1.3606964278600078
  invpow2: -0.001000000000000003
  invpow3: -0.00017346640083925415
p2:
  dijet2: -1.724176092242872
  dijet3: 0.9479047985749497
  expow2: -0.0029457271322655834
  invpow2: 10.000000000000028
  invpow3: 30.253887656909114
p3:
  dijet3: -0.12848780967753268
  invpow3: -0.004869656191003726
region_num: 836.0
