CR_num: 808.0
norm: 808.0
p1:
  dijet2: 20.97289780746948
  dijet3: 1.997449789482747
  expow1: -4.468323218055612
  expow2: -1.2493494967110292
  invpow2: -3.177324920387002e-06
  invpow3: -4.572196762529575e-06
p2:
  dijet2: -1.839578481860611
  dijet3: 0.8579803333412984
  expow2: -0.0030803653835641868
  invpow2: 1337.340610954243
  invpow3: 1186.8343104958265
p3:
  dijet3: -0.1276114243586119
  invpow3: -0.11197708631153311
