CR_num: 404.0
norm: 404.0
p1:
  dijet2: 36.872399773050915
  dijet3: 3.0879422903281317
  expow1: -4.324547062114627
  expow2: -3.368579901599951e-05
  invpow2: -0.00014678137937940624
  invpow3: -2.380641743720842e-06
p2:
  dijet2: -2.975718157932688
  dijet3: 1.9061620117817986
  expow2: -0.00412134459282057
  invpow2: 23.400169805722708
  invpow3: 1343.4297115461404
p3:
  dijet3: -0.23486704116341892
  invpow3: 0.17179155506037155
