CR_num: 36.181378346666364
norm: 241.0
p1:
  dijet2: 47.77450138481754
  dijet3: -7.879057248012774
  expow1: -3.0586442766107282
  expow2: -0.00023631048178988966
  invpow2: -0.00031211582270886746
  invpow3: -2.659853177319745e-07
p2:
  dijet2: -3.5958372618321763
  dijet3: 4.4681808865708925
  expow2: -0.002506834741636969
  invpow2: 4.836450587328659
  invpow3: 0.4245140200671969
p3:
  dijet3: -0.3887739565221252
  invpow3: 3.714116587631339
