norm: 57.0
p1:
  dijet2: -4.74538847165353
  dijet3: -1.0
  expow1: -4.772258293985668
  expow2: -1.0
  invpow2: 1.0
p2:
  dijet2: -0.17506176736741705
  dijet3: -1.0
  expow2: -1.0
  invpow2: -1.0
p3:
  dijet3: 1.0
region_num: 57.0
