norm: 24.0
p1:
  dijet2: 26.492830973392067
  dijet3: 1.0
  expow1: -4.194581985730269
  expow2: 2.0
  invpow2: 1.0e-05
  invpow3: 0.0001
p2:
  dijet2: -2.2094838202536895
  dijet3: -0.1
  expow2: -0.1
  invpow2: -100.0
  invpow3: -100.0
p3:
  dijet3: -0.1
  invpow3: -0.01
region_num: 24.0
