norm: 59.0
p1:
  dijet2: 0.8657455777041346
  dijet3: -0.9855548871484027
  expow1: -4.5202199651308455
  expow2: -1.714044924486569
  invpow2: 6.388564736722122e-06
  invpow3: 6.689694151129524e-06
p2:
  dijet2: -0.3930363536667592
  dijet3: -0.011431723429729625
  expow2: -0.00260205683491783
  invpow2: -661.7486059050104
  invpow3: -928.0693838683192
p3:
  dijet3: -0.0235284990813388
  invpow3: 0.12186582575112423
region_num: 59.0
