norm: 836.0
p1:
  dijet2: 19.40457396828016
  dijet3: 0.917532119447813
  expow1: -4.4487490170293045
  expow2: -1.3344493025881041
  invpow2: -7.017146001153662e-06
  invpow3: 0.09999961294521387
p2:
  dijet2: -1.7241705636835256
  dijet3: 0.9468807231634138
  expow2: -0.002970042007116702
  invpow2: 598.3375237073124
  invpow3: 4.8723897139169026e-06
p3:
  dijet3: -0.12844527908336723
  invpow3: -0.0007438786607713022
region_num: 836.0
