norm: 65.0
p1:
  dijet2: 34.68362966626884
  dijet3: 3.4021795929041687
  expow1: -4.166941947418122
  expow2: -0.00019177350546240035
  invpow2: -1.3339029539483072e-05
  invpow3: -2.205469235549984e-05
p2:
  dijet2: -2.797859041304676
  dijet3: 1.6187175477548958
  expow2: -0.0038694901016549377
  invpow2: 285.09834991746254
  invpow3: 191.17102816478103
p3:
  dijet3: -0.20748760681959588
  invpow3: -0.008722971506955779
region_num: 65.0
