norm: 491.0
p1:
  dijet2: 41.461439165282265
  dijet3: 1.0
  expow1: -4.82114269542904
  expow2: 2.0
  invpow2: 1.0e-05
  invpow3: 0.0001
p2:
  dijet2: -3.3717451948186716
  dijet3: -0.1
  expow2: -0.1
  invpow2: -100.0
  invpow3: -100.0
p3:
  dijet3: -0.1
  invpow3: -0.01
region_num: 491.0
