CR_num: 1042.0
norm: 1042.0
p1:
  dijet2: -0.009087428381854851
  dijet3: 1.2718140943376994
  expow1: -4.519613092476211
  expow2: -2.079622297607875
  invpow2: -2.2885893089418847e-06
  invpow3: -5.105356417572758e-06
p2:
  dijet2: -0.31431966964768976
  dijet3: 0.09494384556188973
  expow2: -0.002283835529004206
  invpow2: 1864.555157621764
  invpow3: 1182.7528174602821
p3:
  dijet3: -0.049656857674247226
  invpow3: -0.14779657412288694
