norm: 466.0
p1:
  dijet2: -5.061238628459569
  dijet3: -1.0
  expow1: -4.944684784788004
  expow2: -1.0
  invpow2: 1.0
p2:
  dijet2: -3.1244599448953263
  dijet3: -1.0
  expow2: -1.0
  invpow2: -1.0
p3:
  dijet3: 1.0
region_num: 466.0
