norm: 65.0
p1:
  dijet2: 34.7858308976133
  dijet3: 3.41496137350184
  expow1: -4.1656577644299535
  expow2: -0.004697169691685564
  invpow2: -0.001000000000000003
  invpow3: -2.7259104049581577e-05
p2:
  dijet2: -2.8048601158037747
  dijet3: 1.6186246699595572
  expow2: -0.003862881401893748
  invpow2: 10.000000000000028
  invpow3: 155.62366723912442
p3:
  dijet3: -0.20756106264599328
  invpow3: -0.007908289334966003
region_num: 65.0
