CR_num: 799.7639302296647
norm: 5890.0
p1:
  dijet2: 12.225010456457204
  dijet3: 1.050811911592264
  expow1: -5.005304802967164
  expow2: -1.6819266474298344
  invpow2: -0.0002773479916274399
  invpow3: -7.178332584867314e-06
p2:
  dijet2: -1.2614007305907702
  dijet3: 0.3300292000586667
  expow2: -0.0033726218650964633
  invpow2: 12.775297853474658
  invpow3: 988.666601178723
p3:
  dijet3: -0.07543547422413995
  invpow3: -0.12994375282323858
