alphaL: 0.960533229352654
alphaR: 2.2531433304693365
event_sum: 29.88772283680737
mean: 1401.3192613648573
nL: 62.380556955305224
nR: 2.261982421368804
norm_2016: 7.808273395872675
norm_2017: 9.32839061692357
norm_2018: 13.46673576417379
norm_Run2: 29.88772283680737
sigma: 72.74967816520562
sigmaL: 56.176072044348366
sigmaR: 37.58282505865502
widthL: 56.176072044348366
widthR: 37.58282505865502
x0: 1401.3192613648573
