alphaL: 1.0188810998188258
alphaR: 1.0850865503542
event_sum: 19.253484730841592
mean: 1381.0064725115703
nL: 1.98351734942977
nR: 5.770568135158173
norm_2016: 4.888389536528848
norm_2017: 6.015751903527416
norm_2018: 8.685321622062474
norm_Run2: 19.253484730841592
sigma: 140.0
sigmaL: 128.77972691780525
sigmaR: 68.68196167528087
widthL: 128.77972691780525
widthR: 68.68196167528087
x0: 1381.0064725115703
