alphaL: 1.0005101437109432
alphaR: 1.2308311542940615
event_sum: 0.7956061135046184
mean: 702.2237790495204
nL: 2.0
nR: 2.981412950885006
norm: 0.7956061135046184
sigma: 70.0
sigmaL: 70.59376317414207
sigmaR: 37.87712524453341
widthL: 70.59376317414207
widthR: 37.87712524453341
x0: 702.2237790495204
