alphaL: 1.001920166812581
alphaR: 1.5631987085704742
event_sum: 0.7926810910284985
mean: 696.4325534493554
nL: 1.0
nR: 2.108538189269406
norm: 0.7926810910284985
sigma: 70.0
sigmaL: 83.06950927402495
sigmaR: 46.26866534589128
widthL: 83.06950927402495
widthR: 46.26866534589128
x0: 696.4325534493554
