alphaL: 1.0000001637580234
alphaR: 1.1338794942711
event_sum: 0.3160353829880478
mean: 697.7533945668841
nL: 2.0
nR: 2.4215203663924125
norm: 0.3160353829880478
sigma: 70.0
sigmaL: 74.42953782482513
sigmaR: 37.67368558140513
widthL: 74.42953782482513
widthR: 37.67368558140513
x0: 697.7533945668841
