alphaL: 0.10057156372252914
alphaR: 0.11352837217093703
event_sum: 0.49047303333645687
mean: 849.74914194911
nL: 2.420696447334422
nR: 0.200081225002306
norm: 0.49047303333645687
sigma: 46.681442075630585
sigmaL: 5.292531933493811
sigmaR: 113.54610592286318
widthL: 5.292531933493811
widthR: 113.54610592286318
x0: 849.74914194911
