alphaL: 1.000001847381309
alphaR: 1.390703327240597
event_sum: 7.98996393015841
fraction: 0.9797962898622665
mean: 694.715407535197
nL: 2.0
nR: 3.1189467592932316
norm: 7.887588154699188
sigma: 70.0
sigmaL: 72.72020519714314
sigmaR: 45.43678360996349
widthL: 72.72020519714314
widthR: 45.43678360996349
x0: 694.715407535197
