alphaL: 1.0005665125226828
alphaR: 1.2060809695388934
event_sum: 0.7989964804655756
mean: 700.8399193372293
nL: 2.0
nR: 3.019633455337857
norm: 0.7989964804655756
sigma: 70.0
sigmaL: 70.55854021570893
sigmaR: 38.52873531322044
widthL: 70.55854021570893
widthR: 38.52873531322044
x0: 700.8399193372293
