alphaL: 0.9999995343305547
alphaR: 1.2179310146702447
event_sum: 3.160353483981453
fraction: 0.9696363802636583
mean: 697.186857779788
nL: 2.0
nR: 2.8266404533806706
norm: 3.107836040726397
sigma: 70.0
sigmaL: 73.26985908438024
sigmaR: 40.47450360372834
widthL: 73.26985908438024
widthR: 40.47450360372834
x0: 697.186857779788
