alphaL: 1.0
alphaR: 1.168817394084592
event_sum: 0.3140410494816024
mean: 699.491252703145
nL: 2.0
nR: 2.6994499930014326
norm: 0.3140410494816024
sigma: 70.0
sigmaL: 71.56104172746409
sigmaR: 35.69558774991282
widthL: 71.56104172746409
widthR: 35.69558774991282
x0: 699.491252703145
