alphaL: 1.0000957581808279
alphaR: 1.6367238678350855
event_sum: 0.3125785382435424
mean: 692.6771625279569
nL: 1.0
nR: 1.5908595386735311
norm: 0.3125785382435424
sigma: 70.0
sigmaL: 78.40395630382152
sigmaR: 47.778786161364614
widthL: 78.40395630382152
widthR: 47.778786161364614
x0: 692.6771625279569
