alphaL: 1.0
alphaR: 1.1676286201292363
event_sum: 0.3140410494816024
mean: 699.4529647710959
nL: 2.0
nR: 2.6948140141885406
norm: 0.3140410494816024
sigma: 70.0
sigmaL: 71.52428114726848
sigmaR: 35.67074730112019
widthL: 71.52428114726848
widthR: 35.67074730112019
x0: 699.4529647710959
