alphaL: 1.000504188494935
alphaR: 1.2312066161135897
event_sum: 0.7956061135046184
mean: 702.2274252308811
nL: 2.0
nR: 2.9822335319146926
norm: 0.7956061135046184
sigma: 70.0
sigmaL: 70.62554756530014
sigmaR: 37.880115176036874
widthL: 70.62554756530014
widthR: 37.880115176036874
x0: 702.2274252308811
