alphaL: 0.8400515081657968
alphaR: 0.9998883859202152
event_sum: 0.246898461075034
mean: 794.9778626543017
nL: 0.8745306206076687
nR: 0.20007032098291838
norm: 0.246898461075034
sigma: 46.681442075630585
sigmaL: 20.798452852094524
sigmaR: 233.40517251040671
widthL: 20.798452852094524
widthR: 233.40517251040671
x0: 794.9778626543017
