alphaL: 1.0131512247620853
alphaR: 2.053425570016638
event_sum: 0.36275832443016764
mean: 2295.6444621759692
nL: 3.361760591961213
nR: 2.4628507386139873
norm: 0.36275832443016764
sigma: 131.6
sigmaL: 149.88926894513276
sigmaR: 122.64967855337436
widthL: 149.88926894513276
widthR: 122.64967855337436
x0: 2295.6444621759692
