alphaL: 0.747174022415823
alphaR: 1.5447634343409953
event_sum: 4.928397535594115
fraction: 0.8952471390385904
mean: 2305.7280527339253
nL: 1.6747405573392296
nR: 3.457008790091414
norm: 3.6758259701168803
sigma: 131.6
sigmaL: 109.78303084765842
sigmaR: 101.81397135393352
widthL: 109.78303084765842
widthR: 101.81397135393352
x0: 2305.7280527339253
