alphaL: 1.0237902106071082
alphaR: 1.2631693220981668
event_sum: 0.3803057506561959
mean: 2333.996738292307
nL: 1.2240656199623436
nR: 3.0094900298408933
norm: 0.3803057506561959
sigma: 131.6
sigmaL: 141.29574831956876
sigmaR: 79.44026018206853
widthL: 141.29574831956876
widthR: 79.44026018206853
x0: 2333.996738292307
