alphaL: 0.6432136017157275
alphaR: 1.9478297204593402
event_sum: 0.25899782214797556
mean: 2295.406435694593
nL: 2.9863350817445284
nR: 2.208832034515556
norm: 0.25899782214797556
sigma: 131.6
sigmaL: 103.38291067770636
sigmaR: 120.30617709644474
widthL: 103.38291067770636
widthR: 120.30617709644474
x0: 2295.406435694593
