alphaL: 1.2660955414960686
alphaR: 1.6117991441733146
event_sum: 5.1300429379281915
fraction: 0.7830240284717007
mean: 2308.0858144658105
nL: 0.40984383665639157
nR: 3.432063528294274
norm: 2.7336930973393962
sigma: 131.6
sigmaL: 138.2442204002892
sigmaR: 109.32639047087609
widthL: 138.2442204002892
widthR: 109.32639047087609
x0: 2308.0858144658105
