alphaL: 1.1148217948548282
alphaR: 1.9294159310706698
event_sum: 0.2763736404005989
mean: 2299.340640770447
nL: 0.9988273158220001
nR: 3.838829243497634
norm: 0.2763736404005989
sigma: 131.6
sigmaL: 142.90297224376297
sigmaR: 120.25683943596093
widthL: 142.90297224376297
widthR: 120.25683943596093
x0: 2299.340640770447
