alphaL: 1.267409837345964
alphaR: 1.359139592511232
event_sum: 15.148814945645002
fraction: 0.8231103405878408
mean: 2814.5209541126846
nL: 0.632310641168309
nR: 3.8877726438874944
norm: 8.519990741730354
sigma: 159.6
sigmaL: 212.0697852695083
sigmaR: 114.677310840784
widthL: 212.0697852695083
widthR: 114.677310840784
x0: 2814.5209541126846
