alphaL: 1.390320281983388
alphaR: 1.2202594868142331
event_sum: 15.94185814678856
fraction: 0.7251009390502338
mean: 2826.9980629555857
nL: 0.4
nR: 3.979317333077002
norm: 4.896131188810197
sigma: 159.6
sigmaL: 223.28814638999472
sigmaR: 103.63043058175339
widthL: 223.28814638999472
widthR: 103.63043058175339
x0: 2826.9980629555857
