alphaL: 0.7069536741941539
alphaR: 1.5747817832620192
event_sum: 0.8015752652059022
mean: 2790.5810959277314
nL: 1.6363010536957792
nR: 2.8586386772730075
norm: 0.8015752652059022
sigma: 159.6
sigmaL: 135.12854044715445
sigmaR: 127.61583670191249
widthL: 135.12854044715445
widthR: 127.61583670191249
x0: 2790.5810959277314
