alphaL: 1.082682281624696
alphaR: 1.3842566399564193
event_sum: 0.4443820181345216
mean: 2804.130427506187
nL: 0.1
nR: 3.8640501756306875
norm: 0.4443820181345216
sigma: 159.6
sigmaL: 173.1218244019351
sigmaR: 119.24189064215064
widthL: 173.1218244019351
widthR: 119.24189064215064
x0: 2804.130427506187
