alphaL: 1.2182494051245727
alphaR: 0.967448770536111
event_sum: 0.8465853417757951
mean: 2845.7354049795103
nL: 1.0805701600450193
nR: 3.0672989062288
norm: 0.8465853417757951
sigma: 159.6
sigmaL: 235.92338773851904
sigmaR: 73.4356711560771
widthL: 235.92338773851904
widthR: 73.4356711560771
x0: 2845.7354049795103
