alphaL: 0.9960964440306284
alphaR: 1.3141007174440482
event_sum: 0.47504410617077925
mean: 2827.25762955527
nL: 1.0101412734028437
nR: 2.9257937372099287
norm: 0.47504410617077925
sigma: 159.6
sigmaL: 194.03618463696935
sigmaR: 101.81700508569989
widthL: 194.03618463696935
widthR: 101.81700508569989
x0: 2827.25762955527
