alphaL: 1.264732065080694
alphaR: 2.240396074916836
event_sum: 21.763998948547567
mean: 1746.1599022722976
nL: 4.955753180971441
nR: 2.6128892682147624
norm: 21.763998948547567
sigma: 81.59321175947336
sigmaL: 69.9115262241738
sigmaR: 48.55096977583125
widthL: 69.9115262241738
widthR: 48.55096977583125
x0: 1746.1599022722976
