alphaL: 1.6181672540945995
alphaR: 2.3417415426154773
event_sum: 18.974755391868218
mean: 1750.4067204191358
nL: 4.497970522242632
nR: 2.127705892135532
norm: 18.974755391868218
sigma: 81.59321175947336
sigmaL: 84.11755465149194
sigmaR: 42.22187019300838
widthL: 84.11755465149194
widthR: 42.22187019300838
x0: 1750.4067204191358
