alphaL: 1.2329048270134593
alphaR: 2.157093241940559
event_sum: 21.9347099403634
fraction: 0.9990872277868929
mean: 1746.4544686599106
nL: 10.0
nR: 3.174507786171814
norm: 21.931555858413336
sigma: 81.90166890233475
sigmaL: 71.02112296435791
sigmaR: 48.71445897572822
widthL: 71.02112296435791
widthR: 48.71445897572822
x0: 1746.4544686599106
