alphaL: 1.345147526858137
alphaR: 1.9734056203359935
event_sum: 1.6593598158570853
mean: 1750.8293487314147
nL: 4.371586689613976
nR: 2.3292318286102662
norm: 1.6593598158570853
sigma: 92.0870233325885
sigmaL: 77.12053785426532
sigmaR: 42.507669345834884
widthL: 77.12053785426532
widthR: 42.507669345834884
x0: 1750.8293487314147
