alphaL: 1.4014888955984786
alphaR: 2.3876608978939053
event_sum: 19.005008258153914
fraction: 0.998767680103107
mean: 1748.787564850922
nL: 10.0
nR: 2.0752324704946696
norm: 18.997340618069256
sigma: 81.90166890233475
sigmaL: 80.5419212229958
sigmaR: 43.29612581853813
widthL: 80.5419212229958
widthR: 43.29612581853813
x0: 1748.787564850922
