alphaL: 1.1376801694649894
alphaR: 2.101370672553058
event_sum: 16.627315973605597
fraction: 0.9972583383214426
mean: 1748.4950437361579
nL: 9.939291386070702
nR: 2.087835648115737
norm: 16.61183120756445
sigma: 92.00745215611568
sigmaL: 72.28286137795075
sigmaR: 43.905099173320075
widthL: 72.28286137795075
widthR: 43.905099173320075
x0: 1748.4950437361579
