alphaL: 1.2422743050872662
alphaR: 1.9583173441353112
event_sum: 1.4251369896101642
mean: 1748.4653745162166
nL: 4.256955981875243
nR: 2.87764023433884
norm: 1.4251369896101642
sigma: 92.0870233325885
sigmaL: 68.08226102839248
sigmaR: 48.339820752959
widthL: 68.08226102839248
widthR: 48.339820752959
x0: 1748.4653745162166
