alphaL: 0.9553044037934618
alphaR: 2.0195127934481607
event_sum: 14.290499124614621
fraction: 0.997862536221949
mean: 1745.7340238839658
nL: 9.998922336260877
nR: 2.4661032909283405
norm: 14.270253234915579
sigma: 92.00745215611568
sigmaL: 59.74633817826231
sigmaR: 49.13086945094256
widthL: 59.74633817826231
widthR: 49.13086945094256
x0: 1745.7340238839658
