alphaL: 1.45964548306272
alphaR: 2.414197861563541
event_sum: 18.88047414819889
mean: 1748.8412468684749
nL: 4.978818904058531
nR: 1.9072259077005507
norm: 18.88047414819889
sigma: 81.59321175947336
sigmaL: 80.39104876398854
sigmaR: 42.85127907499184
widthL: 80.39104876398854
widthR: 42.85127907499184
x0: 1748.8412468684749
