alphaL: 0.9786335142513977
alphaR: 2.070685805938987
event_sum: 1.4202888491477834
mean: 1743.3016268267322
nL: 4.8587041991736974
nR: 2.455031152307831
norm: 1.4202888491477834
sigma: 92.0870233325885
sigmaL: 57.06976742440742
sigmaR: 50.45476200339388
widthL: 57.06976742440742
widthR: 50.45476200339388
x0: 1743.3016268267322
