alphaL: 1.443865067411413
alphaR: 1.9553758596089532
event_sum: 21.854974650323406
mean: 1748.655778139904
nL: 4.464503906601824
nR: 4.485064415755969
norm: 21.854974650323406
sigma: 81.59321175947336
sigmaL: 75.06705200968709
sigmaR: 46.982683061737106
widthL: 75.06705200968709
widthR: 46.982683061737106
x0: 1748.655778139904
