alphaL: 1.208667658077228
alphaR: 2.1722220988727585
event_sum: 1.6523524042005138
mean: 1748.8884392445773
nL: 4.318870845021084
nR: 1.8392714580772496
norm: 1.6523524042005138
sigma: 92.0870233325885
sigmaL: 74.12640336902454
sigmaR: 44.0058197248154
widthL: 74.12640336902454
widthR: 44.0058197248154
x0: 1748.8884392445773
