alphaL: 1.1608820891263032
alphaR: 1.9963768781476574
event_sum: 0.870908345810855
mean: 2455.4726201639214
nL: 4.088146023532505
nR: 1.9870536642246366
norm: 0.870908345810855
sigma: 142.62087602241317
sigmaL: 88.63401776535578
sigmaR: 64.94542567569947
widthL: 88.63401776535578
widthR: 64.94542567569947
x0: 2455.4726201639214
