alphaL: 0.9720232699620084
alphaR: 2.0372430085348965
event_sum: 8.777056486385856
fraction: 0.9970888410666328
mean: 2453.7117202375107
nL: 10.0
nR: 1.8975081690733548
norm: 8.74557377094234
sigma: 142.62623401546998
sigmaL: 82.40834879909062
sigmaR: 66.29380193502445
widthL: 82.40834879909062
widthR: 66.29380193502445
x0: 2453.7117202375107
