alphaL: 1.2447221885974036
alphaR: 1.852996840876348
event_sum: 0.8736292499539171
mean: 2457.885040235294
nL: 4.409117191808904
nR: 2.337843726386838
norm: 0.8736292499539171
sigma: 142.62087602241317
sigmaL: 92.49845325867265
sigmaR: 62.85650786823412
widthL: 92.49845325867265
widthR: 62.85650786823412
x0: 2457.885040235294
