alphaL: 1.4390827763430094
alphaR: 2.2283181950124367
event_sum: 5.036041532278566
mean: 2462.042703425262
nL: 4.502536696006235
nR: 2.1784155577654314
norm: 5.036041532278566
sigma: 111.10625253771812
sigmaL: 107.81723250522924
sigmaR: 52.80873096321653
widthL: 107.81723250522924
widthR: 52.80873096321653
x0: 2462.042703425262
