alphaL: 1.1009164456164753
alphaR: 2.07047515464422
event_sum: 3.9869120668797065
fraction: 0.9991387650296334
mean: 2453.8792350612516
nL: 9.904049296309013
nR: 3.2530575334318814
norm: 3.9863567678593177
sigma: 111.24866903145889
sigmaL: 88.2461206309796
sigmaR: 62.66312865823613
widthL: 88.2461206309796
widthR: 62.66312865823613
x0: 2453.8792350612516
