alphaL: 1.2176567746112212
alphaR: 2.0600032278307827
event_sum: 1.439362805205997
mean: 2457.180386592362
nL: 4.4756072614157265
nR: 1.7776063948096934
norm: 1.439362805205997
sigma: 142.62087602241317
sigmaL: 96.30752304670477
sigmaR: 61.02992995340224
widthL: 96.30752304670477
widthR: 61.02992995340224
x0: 2457.180386592362
