alphaL: 1.150166302345337
alphaR: 2.033498535910173
event_sum: 3.963552701335761
mean: 2453.9410178361763
nL: 4.55277410138254
nR: 3.7973914893132896
norm: 3.963552701335761
sigma: 111.10625253771812
sigmaL: 87.58841168287434
sigmaR: 62.67775317759259
widthL: 87.58841168287434
widthR: 62.67775317759259
x0: 2453.9410178361763
