alphaL: 1.2647467914096888
alphaR: 2.003741561144447
event_sum: 5.044141721255041
fraction: 0.9990532035123795
mean: 2461.87797491121
nL: 9.9664145742682
nR: 3.1006023748555904
norm: 5.043849384176845
sigma: 111.24866903145889
sigmaL: 104.27217437165237
sigmaR: 52.085559527688396
widthL: 104.27217437165237
widthR: 52.085559527688396
x0: 2461.87797491121
