alphaL: 1.0156119980998368
alphaR: 2.091441180283698
event_sum: 14.4202925293172
fraction: 0.9971348557667297
mean: 2456.1313266415104
nL: 10.0
nR: 1.828040067847323
norm: 14.404096213008321
sigma: 142.62623401546998
sigmaL: 89.49497172160712
sigmaR: 61.039562175452794
widthL: 89.49497172160712
widthR: 61.039562175452794
x0: 2456.1313266415104
