alphaL: 1.3320233427674946
alphaR: 1.9970449075267538
event_sum: 3.980014450693968
mean: 2456.2451500548427
nL: 4.196478391196763
nR: 3.8420198151947265
norm: 3.980014450693968
sigma: 111.10625253771812
sigmaL: 94.70711894408129
sigmaR: 61.62722465727776
widthL: 94.70711894408129
widthR: 61.62722465727776
x0: 2456.2451500548427
