alphaL: 0.9595463439111004
alphaR: 2.2223301500142387
event_sum: 1.4361047934889397
mean: 2452.1878478161334
nL: 4.4948007017498295
nR: 1.3533767122468172
norm: 1.4361047934889397
sigma: 142.62087602241317
sigmaL: 76.45104053180272
sigmaR: 63.304781867186314
widthL: 76.45104053180272
widthR: 63.304781867186314
x0: 2452.1878478161334
