alphaL: 1.213490876769067
alphaR: 2.146031325000989
event_sum: 5.013177575720285
mean: 2456.4717195406392
nL: 4.615630597359916
nR: 2.772912646491919
norm: 5.013177575720285
sigma: 111.10625253771812
sigmaL: 97.08968065737989
sigmaR: 55.82260307689472
widthL: 97.08968065737989
widthR: 55.82260307689472
x0: 2456.4717195406392
