alphaL: 1.2729387183489456
alphaR: 1.674725020122209
event_sum: 1.469890424926028
mean: 845.3328979511689
nL: 2.400786927754258
nR: 2.0593006859567793
norm: 1.469890424926028
sigma: 47.6
sigmaL: 62.539096199768935
sigmaR: 42.83321930413272
widthL: 62.539096199768935
widthR: 42.83321930413272
x0: 845.3328979511689
