alphaL: 1.2989217860422242
alphaR: 1.7714972158315763
event_sum: 3.1121787254858213
mean: 848.015003744768
nL: 2.042825909825158
nR: 1.9499631454174684
norm: 3.1121787254858213
sigma: 47.6
sigmaL: 59.96998962637601
sigmaR: 44.48834138272921
widthL: 59.96998962637601
widthR: 44.48834138272921
x0: 848.015003744768
