alphaL: 1.1487548351358932
alphaR: 1.445911963586998
event_sum: 1.492687303241598
mean: 845.4202390334921
nL: 4.446409996233445
nR: 3.6653451863122344
norm: 1.492687303241598
sigma: 47.6
sigmaL: 58.50891859577354
sigmaR: 40.71935955731094
widthL: 58.50891859577354
widthR: 40.71935955731094
x0: 845.4202390334921
