alphaL: 1.3865825274010564
alphaR: 1.4118294373293863
event_sum: 14.784822961008352
fraction: 0.9946525131523809
mean: 849.5516120799957
nL: 3.1967446242087885
nR: 3.313709517006258
norm: 14.72010732962547
sigma: 47.6
sigmaL: 64.84850728584561
sigmaR: 38.466958822629536
widthL: 64.84850728584561
widthR: 38.466958822629536
x0: 849.5516120799957
