alphaL: 1.1618369363052545
alphaR: 1.490927519391539
event_sum: 31.194211263831082
fraction: 0.9962189633610492
mean: 848.4244716932308
nL: 5.733536458867263
nR: 3.755195350570003
norm: 31.106605106698833
sigma: 47.6
sigmaL: 59.00771317629603
sigmaR: 42.33087000611109
widthL: 59.00771317629603
widthR: 42.33087000611109
x0: 848.4244716932308
