alphaL: 1.183744757753487
alphaR: 1.5341229931260711
event_sum: 3.160187120681758
mean: 848.4228105783532
nL: 4.151060975970319
nR: 3.898999804190373
norm: 3.160187120681758
sigma: 47.6
sigmaL: 58.7753105265581
sigmaR: 42.95130045735316
widthL: 58.7753105265581
widthR: 42.95130045735316
x0: 848.4228105783532
