alphaL: 0.5146666008553166
alphaR: 1.3205109309838128
event_sum: 7.010176867828704
mean: 2551.9724388197487
nL: 1.259359735915193
nR: 6.197474255490855
norm_2016: 1.8590569966472685
norm_2017: 2.1396765533136204
norm_2018: 3.097864428535104
norm_Run2: 7.010176867828704
sigma: 145.6
sigmaL: 87.24306102711765
sigmaR: 112.00470341929143
widthL: 87.24306102711765
widthR: 112.00470341929143
x0: 2551.9724388197487
