alphaL: 0.832350550461967
alphaR: 1.7212091057964498
event_sum: 26.374136142490897
mean: 2601.420223874937
nL: 27.586166350855756
nR: 2.8720608170176476
norm_2016: 7.2405238537467085
norm_2017: 8.188842899515294
norm_2018: 11.636934940237552
norm_Run2: 26.374136142490897
sigma: 157.89859941050076
sigmaL: 89.36565480842702
sigmaR: 65.52993302243901
widthL: 89.36565480842702
widthR: 65.52993302243901
x0: 2601.420223874937
