alphaL: 1.2008411768229346
alphaR: 1.2308870257790199
event_sum: 12.11348154838197
mean: 2163.8374749728328
nL: 0.40613471915022875
nR: 5.879743588394609
norm_2016: 2.885452331858687
norm_2017: 3.779288688674569
norm_2018: 5.638977471040562
norm_Run2: 12.11348154838197
sigma: 220.0
sigmaL: 240.22766050504308
sigmaR: 113.17158777120243
widthL: 240.22766050504308
widthR: 113.17158777120243
x0: 2163.8374749728328
