alphaL: 0.6184016154486232
alphaR: 0.9225026645391614
event_sum: 0.14192468276347114
mean: 3223.6297577521264
nL: 0.9996683646804123
nR: 1.969176782140276
norm: 0.14192468276347114
sigma: 320.0
sigmaL: 497.0227285198339
sigmaR: 75.61959780432228
widthL: 497.0227285198339
widthR: 75.61959780432228
x0: 3223.6297577521264
