alphaL: 0.10365453570871368
alphaR: 0.3288654621976361
event_sum: 0.08721490814495428
mean: 3231.219552222408
nL: 1.007537365381106
nR: 2.480137918076493
norm: 0.08721490814495428
sigma: 320.0
sigmaL: 812.5202817070009
sigmaR: 33.39641749193941
widthL: 812.5202817070009
widthR: 33.39641749193941
x0: 3231.219552222408
