alphaL: 1.399682287711446
alphaR: 1.4712750087473907
event_sum: 0.12223100559061262
mean: 3205.9082164448196
nL: 0.1
nR: 1.076482676955881
norm: 0.12223100559061262
sigma: 320.0
sigmaL: 457.0593823036405
sigmaR: 102.7139651893613
widthL: 457.0593823036405
widthR: 102.7139651893613
x0: 3205.9082164448196
