alphaL: 0.7580373174808128
alphaR: 1.0026625719810596
event_sum: 0.06795763210353786
mean: 3298.6265638480027
nL: 0.13560239891651826
nR: 0.1
norm: 0.06795763210353786
sigma: 320.0
sigmaL: 311.16722918815174
sigmaR: 5.0
widthL: 311.16722918815174
widthR: 5.0
x0: 3298.6265638480027
