alphaL: 0.4547478651086313
alphaR: 0.4488688999424355
event_sum: 4.402188150842362
fraction: 0.5823615115074944
mean: 3243.841551645587
nL: 0.4
nR: 3.045789846356346
norm: 0.5580891034080196
sigma: 320.0
sigmaL: 316.45382781949525
sigmaR: 45.29192697969234
widthL: 316.45382781949525
widthR: 45.29192697969234
x0: 3243.841551645587
