alphaL: 0.9212652368689627
alphaR: 0.6526203978432462
event_sum: 3.340881796026236
fraction: 0.6913630595524446
mean: 3223.6700084294034
nL: 0.5940272840039685
nR: 3.7204835470694344
norm: 1.1090111376968346
sigma: 320.0
sigmaL: 413.294017856467
sigmaR: 62.361314159811926
widthL: 413.294017856467
widthR: 62.361314159811926
x0: 3223.6700084294034
