alphaL: 0.9680335925158357
alphaR: 1.2368405906177458
event_sum: 0.09390019831943375
mean: 3312.631235565455
nL: 0.864130025720951
nR: 2.536353368228589
norm: 0.09390019831943375
sigma: 187.60000000000002
sigmaL: 214.20515260555106
sigmaR: 95.1666576191452
widthL: 214.20515260555106
widthR: 95.1666576191452
x0: 3312.631235565455
