alphaL: 0.967339243712827
alphaR: 1.1323747653396292
event_sum: 3.4980048168313105
fraction: 0.7180275458613091
mean: 3324.4042483163435
nL: 0.5561811161198463
nR: 2.3454621805086937
norm: 0.4185373576277997
sigma: 187.60000000000002
sigmaL: 182.94034441928625
sigmaR: 91.24156120859561
widthL: 182.94034441928625
widthR: 91.24156120859561
x0: 3324.4042483163435
