alphaL: 0.7383503425513185
alphaR: 1.2803716797900182
event_sum: 0.04424251245237702
mean: 3308.358733620765
nL: 1.005410180071324
nR: 3.737584106074774
norm: 0.04424251245237702
sigma: 187.60000000000002
sigmaL: 184.71923097580708
sigmaR: 107.43418803314786
widthL: 184.71923097580708
widthR: 107.43418803314786
x0: 3308.358733620765
