alphaL: 1.3292622613150824
alphaR: 1.2243231539450898
event_sum: 0.039473718697658644
mean: 3352.392558140577
nL: 0.1
nR: 1.7706347114939018
norm: 0.039473718697658644
sigma: 187.60000000000002
sigmaL: 250.81190246309075
sigmaR: 66.59505571710508
widthL: 250.81190246309075
widthR: 66.59505571710508
x0: 3352.392558140577
