alphaL: 1.6363210364038268
alphaR: 0.658870865228167
event_sum: 0.0881377938778273
mean: 3353.8944674490785
nL: 1.012336046327838
nR: 1.3889190866650563
norm: 0.0881377938778273
sigma: 187.60000000000002
sigmaL: 290.4921355792451
sigmaR: 53.49528473073864
widthL: 290.4921355792451
widthR: 53.49528473073864
x0: 3353.8944674490785
