alphaL: 0.8745972539198982
alphaR: 1.438122644418481
event_sum: 2.6323866931401576
fraction: 0.7643402871009266
mean: 3306.3449889220747
nL: 1.1084957490870466
nR: 1.2664319374038748
norm: 0.8529377942657824
sigma: 187.60000000000002
sigmaL: 229.60228080334542
sigmaR: 108.60137960161568
widthL: 229.60228080334542
widthR: 108.60137960161568
x0: 3306.3449889220747
