{
 "cells": [
  {
   "cell_type": "code",
   "execution_count": 2,
   "metadata": {},
   "outputs": [
    {
     "name": "stdout",
     "output_type": "stream",
     "text": [
      "Welcome to JupyROOT 6.24/07\n"
     ]
    }
   ],
   "source": [
    "import ROOT, yaml\n",
    "import numpy as np"
   ]
  },
  {
   "cell_type": "code",
   "execution_count": 7,
   "metadata": {},
   "outputs": [],
   "source": [
    "def fit_signal(signal_mass=1000, remap={'mass_Zprime': 'mass_Zprime', 'weight': 'weight'}, SR='SR1'):\n",
    "    f = ROOT.TFile(f'input/Run2/mc_signal_Hbb_{signal_mass}.root')\n",
    "    tree = f.Get('Events')\n",
    "    mass_Zprime = ROOT.RooRealVar(remap['mass_Zprime'], \"mass_Zprime\", signal_mass, 650, 4000)\n",
    "    weight = ROOT.RooRealVar(remap['weight'], \"weight\", 0, -10, 10)\n",
    "    mass_Higgs = ROOT.RooRealVar(\"mass_Higgs\", \"mass_Higgs\", 125, 0, 999)\n",
    "    tagger_Hbb = ROOT.RooRealVar(\"tagger_Hbb\", \"tagger_Hbb\", 0, 0, 2)\n",
    "    tagger_down, tagger_up = {'SR1': 0.7, 'SR2': 0.9}, {'SR1': 0.9, 'SR2': 2}\n",
    "    SR_cut = f\"(mass_Higgs>110) & (mass_Higgs<145) & (tagger_Hbb>{tagger_down[SR]}) & (tagger_Hbb<{tagger_up[SR]})\"\n",
    "    mc = ROOT.RooDataSet(\"signal_Hbb\", \"signal_Hbb\", tree, ROOT.RooArgSet(mass_Zprime, weight, mass_Higgs, tagger_Hbb), SR_cut, remap['weight'])\n",
    "    \n",
    "    x0 = ROOT.RooRealVar(\"x0\", \"x0\", signal_mass, signal_mass - 200, signal_mass + 200)\n",
    "    sigmaL = ROOT.RooRealVar(\"sigmaL\", \"sigmaL\", 50, 1e-8, 200)\n",
    "    sigmaR = ROOT.RooRealVar(\"sigmaR\", \"sigmaR\", 50, 1e-8, 200)\n",
    "    alphaL = ROOT.RooRealVar(\"alphaL\", \"alphaL\", 2, 1e-8, 6)\n",
    "    alphaR = ROOT.RooRealVar(\"alphaR\", \"alphaR\", 2, 1e-8, 6)\n",
    "    nL = ROOT.RooRealVar(\"nL\", \"nL\", 1, 1e-8, 50)\n",
    "    nR = ROOT.RooRealVar(\"nR\", \"nR\", 1, 1e-8, 50)\n",
    "\n",
    "    model_signal = ROOT.RooCrystalBall(\"model_signal\", \"model_signal\", mass_Zprime, x0, sigmaL, sigmaR, alphaL, nL, alphaR, nR)\n",
    "    model_signal.fitTo(mc, ROOT.RooFit.SumW2Error(True))\n",
    "\n",
    "    \"\"\"\n",
    "    print(\"x0:\", x0.getVal())\n",
    "    print(\"sigmaL:\", sigmaL.getVal())\n",
    "    print(\"sigmaR:\", sigmaR.getVal())\n",
    "    print(\"alphaL:\", alphaL.getVal())\n",
    "    print(\"alphaR:\", alphaR.getVal())\n",
    "    print(\"nL:\", nL.getVal())\n",
    "    print(\"nR:\", nR.getVal())\n",
    "    \"\"\"\n",
    "    return x0.getVal(), sigmaL.getVal(), sigmaR.getVal()"
   ]
  },
  {
   "cell_type": "code",
   "execution_count": 8,
   "metadata": {},
   "outputs": [
    {
     "name": "stdout",
     "output_type": "stream",
     "text": [
      "[#1] INFO:DataHandling -- RooAbsReal::attachToTree(mass_Zprime) TTree Float_t branch mass_Zprime will be converted to double precision.\n",
      "[#1] INFO:DataHandling -- RooAbsReal::attachToTree(mass_Higgs) TTree Float_t branch mass_Higgs will be converted to double precision.\n",
      "[#1] INFO:DataHandling -- RooAbsReal::attachToTree(tagger_Hbb) TTree Float_t branch tagger_Hbb will be converted to double precision.\n",
      "[#1] INFO:DataHandling -- RooTreeDataStore::loadValues(signal_Hbb) Skipping event #3 because mass_Zprime cannot accommodate the value 623.065\n",
      "[#1] INFO:DataHandling -- RooTreeDataStore::loadValues(signal_Hbb) Skipping event #8 because mass_Zprime cannot accommodate the value 647.765\n",
      "[#1] INFO:DataHandling -- RooTreeDataStore::loadValues(signal_Hbb) Skipping event #11 because mass_Zprime cannot accommodate the value 636.481\n",
      "[#1] INFO:DataHandling -- RooTreeDataStore::loadValues(signal_Hbb) Skipping event #17 because mass_Zprime cannot accommodate the value 603.349\n",
      "[#1] INFO:DataHandling -- RooTreeDataStore::loadValues(signal_Hbb) Skipping ...\n",
      "[#0] WARNING:DataHandling -- RooTreeDataStore::loadValues(signal_Hbb) Ignored 20157 out-of-range events\n",
      "[#1] INFO:Minization -- RooMinimizer::optimizeConst: activating const optimization\n",
      " **********\n",
      " ** 2369 **SET PRINT           1\n",
      " **********\n",
      " **********\n",
      " ** 2370 **SET NOGRAD\n",
      " **********\n",
      " PARAMETER DEFINITIONS:\n",
      "    NO.   NAME         VALUE      STEP SIZE      LIMITS\n",
      "     1 alphaL       2.00000e+00  6.00000e-01    1.00000e-08  6.00000e+00\n",
      "     2 alphaR       2.00000e+00  6.00000e-01    1.00000e-08  6.00000e+00\n",
      "     3 nL           1.00000e+00  5.00000e-01    1.00000e-08  5.00000e+01\n",
      "     4 nR           1.00000e+00  5.00000e-01    1.00000e-08  5.00000e+01\n",
      "     5 sigmaL       5.00000e+01  2.00000e+01    1.00000e-08  2.00000e+02\n",
      "     6 sigmaR       5.00000e+01  2.00000e+01    1.00000e-08  2.00000e+02\n",
      "     7 x0           7.00000e+02  4.00000e+01    5.00000e+02  9.00000e+02\n",
      " **********\n",
      " ** 2371 **SET ERR         0.5\n",
      " **********\n",
      " **********\n",
      " ** 2372 **SET PRINT           1\n",
      " **********\n",
      " **********\n",
      " ** 2373 **SET STR           1\n",
      " **********\n",
      " NOW USING STRATEGY  1: TRY TO BALANCE SPEED AGAINST RELIABILITY\n",
      " **********\n",
      " ** 2374 **MIGRAD        3500           1\n",
      " **********\n",
      " FIRST CALL TO USER FUNCTION AT NEW START POINT, WITH IFLAG=4.\n",
      " START MIGRAD MINIMIZATION.  STRATEGY  1.  CONVERGENCE WHEN EDM .LT. 1.00e-03\n",
      " FCN=237.462 FROM MIGRAD    STATUS=INITIATE      136 CALLS         137 TOTAL\n",
      "                     EDM= unknown      STRATEGY= 1      NO ERROR MATRIX       \n",
      "  EXT PARAMETER               CURRENT GUESS       STEP         FIRST   \n",
      "  NO.   NAME      VALUE            ERROR          SIZE      DERIVATIVE \n",
      "   1  alphaL       5.43809e-04   6.00000e-01   0.00000e+00  -8.82247e-02\n",
      "   2  alphaR       2.00000e+00   6.00000e-01   0.00000e+00  -1.63212e+01\n",
      "   3  nL           1.00000e+00   5.00000e-01   0.00000e+00   1.62351e-07\n",
      "   4  nR           1.00000e+00   5.00000e-01   0.00000e+00  -5.96483e+01\n",
      "   5  sigmaL       5.00000e+01   2.00000e+01   0.00000e+00  -1.53085e-03\n",
      "   6  sigmaR       1.42953e+01   2.00000e+01  -5.05913e-01   3.50032e+00\n",
      "   7  x0           7.00000e+02   4.00000e+01   0.00000e+00  -3.38487e-01\n",
      "                               ERR DEF= 0.5\n",
      "RooMinimizerFcn: Minimized function has error status.\n",
      "Returning maximum FCN so far (325.343) to force MIGRAD to back out of this region. Error log follows.\n",
      "Parameter values: \talphaL=1.07604e-08\talphaR=2.38534\tnL=44.1302\tnR=1.3218\tsigmaL=82.6278\tsigmaR=13.6467\tx0=700.051\n",
      "RooCrystalBall::model_signal[ x=mass_Zprime x0=x0 sigmaL=sigmaL sigmaR=sigmaR alphaL=alphaL nL=nL alphaR=alphaR nR=nR ]\n",
      "     getLogVal() top-level p.d.f evaluates to NaN @ x=mass_Zprime=713.863, x0=x0=700.051, sigmaL=sigmaL=82.6278, sigmaR=sigmaR=13.6467, alphaL=alphaL=1.07604e-08, nL=nL=44.1302, alphaR=alphaR=2.38534, nR=nR=1.3218\n",
      "     p.d.f value is Not-a-Number @ x=mass_Zprime=665.892, x0=x0=700.051, sigmaL=sigmaL=82.6278, sigmaR=sigmaR=13.6467, alphaL=alphaL=1.07604e-08, nL=nL=44.1302, alphaR=alphaR=2.38534, nR=nR=1.3218\n",
      "     getLogVal() top-level p.d.f evaluates to NaN @ x=mass_Zprime=665.892, x0=x0=700.051, sigmaL=sigmaL=82.6278, sigmaR=sigmaR=13.6467, alphaL=alphaL=1.07604e-08, nL=nL=44.1302, alphaR=alphaR=2.38534, nR=nR=1.3218\n",
      "     p.d.f value is Not-a-Number @ x=mass_Zprime=657.332, x0=x0=700.051, sigmaL=sigmaL=82.6278, sigmaR=sigmaR=13.6467, alphaL=alphaL=1.07604e-08, nL=nL=44.1302, alphaR=alphaR=2.38534, nR=nR=1.3218\n",
      "     getLogVal() top-level p.d.f evaluates to NaN @ x=mass_Zprime=657.332, x0=x0=700.051, sigmaL=sigmaL=82.6278, sigmaR=sigmaR=13.6467, alphaL=alphaL=1.07604e-08, nL=nL=44.1302, alphaR=alphaR=2.38534, nR=nR=1.3218\n",
      "     p.d.f value is Not-a-Number @ x=mass_Zprime=653.006, x0=x0=700.051, sigmaL=sigmaL=82.6278, sigmaR=sigmaR=13.6467, alphaL=alphaL=1.07604e-08, nL=nL=44.1302, alphaR=alphaR=2.38534, nR=nR=1.3218\n",
      "     getLogVal() top-level p.d.f evaluates to NaN @ x=mass_Zprime=653.006, x0=x0=700.051, sigmaL=sigmaL=82.6278, sigmaR=sigmaR=13.6467, alphaL=alphaL=1.07604e-08, nL=nL=44.1302, alphaR=alphaR=2.38534, nR=nR=1.3218\n",
      "     getLogVal() top-level p.d.f evaluates to NaN @ x=mass_Zprime=723.597, x0=x0=700.051, sigmaL=sigmaL=82.6278, sigmaR=sigmaR=13.6467, alphaL=alphaL=1.07604e-08, nL=nL=44.1302, alphaR=alphaR=2.38534, nR=nR=1.3218\n",
      "     p.d.f value is Not-a-Number @ x=mass_Zprime=677.41, x0=x0=700.051, sigmaL=sigmaL=82.6278, sigmaR=sigmaR=13.6467, alphaL=alphaL=1.07604e-08, nL=nL=44.1302, alphaR=alphaR=2.38534, nR=nR=1.3218\n",
      "     getLogVal() top-level p.d.f evaluates to NaN @ x=mass_Zprime=677.41, x0=x0=700.051, sigmaL=sigmaL=82.6278, sigmaR=sigmaR=13.6467, alphaL=alphaL=1.07604e-08, nL=nL=44.1302, alphaR=alphaR=2.38534, nR=nR=1.3218\n",
      "     getLogVal() top-level p.d.f evaluates to NaN @ x=mass_Zprime=713.944, x0=x0=700.051, sigmaL=sigmaL=82.6278, sigmaR=sigmaR=13.6467, alphaL=alphaL=1.07604e-08, nL=nL=44.1302, alphaR=alphaR=2.38534, nR=nR=1.3218\n",
      "     p.d.f value is Not-a-Number @ x=mass_Zprime=657.562, x0=x0=700.051, sigmaL=sigmaL=82.6278, sigmaR=sigmaR=13.6467, alphaL=alphaL=1.07604e-08, nL=nL=44.1302, alphaR=alphaR=2.38534, nR=nR=1.3218\n",
      "    ... (remaining 2038 messages suppressed)\n",
      "RooRealIntegral::model_signal_Int[mass_Zprime][ Int model_signald[Ana](mass_Zprime) ]\n",
      "     function value is NAN @ !sumList=(), !intList=(), !anaList=(mass_Zprime = 683.125), !jacList=(), !facList=(), !func=model_signal=-nan/72.9575, !sumCat=()\n",
      "RooNLLVar::nll_model_signal_signal_Hbb[ paramSet=(alphaL,alphaR,nL,nR,sigmaL,sigmaR,x0) ]\n",
      "     function value is NAN @ paramSet=(alphaL = 1.07604e-08,alphaR = 2.38534,nL = 44.1302,nR = 1.3218,sigmaL = 82.6278,sigmaR = 13.6467,x0 = 700.051)\n",
      "\n",
      " EIGENVALUES OF SECOND-DERIVATIVE MATRIX:\n",
      "        -3.0197e-01  8.5827e-02  1.4465e-01  4.2580e-01  9.3577e-01  2.1265e+00  3.5834e+00\n",
      " MINUIT WARNING IN MIGRAD  \n",
      " ============== MATRIX FORCED POS-DEF BY ADDING 0.305551 TO DIAGONAL.\n",
      " MIGRAD MINIMIZATION HAS CONVERGED.\n",
      " MIGRAD WILL VERIFY CONVERGENCE AND ERROR MATRIX.\n",
      " EIGENVALUES OF SECOND-DERIVATIVE MATRIX:\n",
      "        -2.4630e-02  8.4815e-02  1.9462e-01  9.4402e-01  1.0815e+00  1.8146e+00  2.9051e+00\n",
      " MINUIT WARNING IN HESSE   \n",
      " ============== MATRIX FORCED POS-DEF BY ADDING 0.027535 TO DIAGONAL.\n",
      " FCN=234.227 FROM MIGRAD    STATUS=CONVERGED     632 CALLS         633 TOTAL\n",
      "                     EDM=0.00036059    STRATEGY= 1      ERR MATRIX NOT POS-DEF\n",
      "  EXT PARAMETER                APPROXIMATE        STEP         FIRST   \n",
      "  NO.   NAME      VALUE            ERROR          SIZE      DERIVATIVE \n",
      "   1  alphaL       2.71799e-01   5.48264e+00   4.22774e-03  -3.80605e-05\n",
      "   2  alphaR       2.75397e+00   1.62470e+00   3.31630e-03  -7.43866e-03\n",
      "   3  nL           1.96045e+01   3.09163e+01   5.00000e-01  -1.13746e-04\n",
      "   4  nR           2.39005e+00   4.68798e+00   2.94933e-03  -1.40894e-02\n",
      "   5  sigmaL       1.88350e+01   1.09238e+02   4.69525e-03   4.44642e-03\n",
      "   6  sigmaR       2.87915e+01   1.31579e+01   5.15692e-04  -5.51707e-03\n",
      "   7  x0           6.75605e+02   3.08326e+01   2.90080e-04   4.18642e-02\n",
      "                               ERR DEF= 0.5\n",
      " EXTERNAL ERROR MATRIX.    NDIM=  25    NPAR=  7    ERR DEF=0.5\n",
      "  2.878e+01 -3.276e+00  9.733e+01  2.382e+00 -1.736e+03 -5.861e+01  1.481e+02 \n",
      " -3.276e+00  2.950e+00 -2.066e+01 -6.324e+00  2.051e+02  1.068e+01 -2.214e+01 \n",
      "  9.733e+01 -2.066e+01  1.638e+06  1.461e+01 -1.041e+04 -3.707e+02  9.478e+02 \n",
      "  2.382e+00 -6.324e+00  1.461e+01  2.356e+01 -1.486e+02 -9.855e+00  1.736e+01 \n",
      " -1.736e+03  2.051e+02 -1.041e+04 -1.486e+02  1.060e+05  3.671e+03 -9.295e+03 \n",
      " -5.861e+01  1.068e+01 -3.707e+02 -9.855e+00  3.671e+03  1.752e+02 -3.923e+02 \n",
      "  1.481e+02 -2.214e+01  9.478e+02  1.736e+01 -9.295e+03 -3.923e+02  9.584e+02 \n",
      "ERR MATRIX NOT POS-DEF\n",
      " PARAMETER  CORRELATION COEFFICIENTS  \n",
      "       NO.  GLOBAL      1      2      3      4      5      6      7\n",
      "        1  0.99616   1.000 -0.355  0.014  0.091 -0.994 -0.825  0.892\n",
      "        2  0.84010  -0.355  1.000 -0.009 -0.759  0.367  0.470 -0.416\n",
      "        3  0.12152   0.014 -0.009  1.000  0.002 -0.025 -0.022  0.024\n",
      "        4  0.79287   0.091 -0.759  0.002  1.000 -0.094 -0.153  0.116\n",
      "        5  0.99728  -0.994  0.367 -0.025 -0.094  1.000  0.852 -0.922\n",
      "        6  0.96685  -0.825  0.470 -0.022 -0.153  0.852  1.000 -0.957\n",
      "        7  0.98495   0.892 -0.416  0.024  0.116 -0.922 -0.957  1.000\n",
      " ERR MATRIX NOT POS-DEF\n",
      " **********\n",
      " ** 2375 **HESSE        3500\n",
      " **********\n",
      " COVARIANCE MATRIX CALCULATED SUCCESSFULLY\n",
      " FCN=234.227 FROM HESSE     STATUS=OK             54 CALLS         687 TOTAL\n",
      "                     EDM=0.000122096    STRATEGY= 1      ERROR MATRIX ACCURATE \n",
      "  EXT PARAMETER                                INTERNAL      INTERNAL  \n",
      "  NO.   NAME      VALUE            ERROR       STEP SIZE       VALUE   \n",
      "   1  alphaL       2.71799e-01   4.33186e+00   1.69109e-04  -1.14184e+00\n",
      "   2  alphaR       2.75397e+00   1.77946e+00   6.63260e-04  -8.21030e-02\n",
      "   3  nL           1.96045e+01   2.69936e+01   5.00000e-01   5.63311e+01\n",
      "   4  nR           2.39005e+00   5.28362e+00   5.89867e-04  -1.12997e+00\n",
      "   5  sigmaL       1.88350e+01   1.90246e+02   1.87810e-04   4.08856e+00\n",
      "   6  sigmaR       2.87915e+01   1.07643e+01   1.03138e-04  -7.92464e-01\n",
      "   7  x0           6.75605e+02   2.17723e+01   5.80161e-05  -1.22281e-01\n",
      "                               ERR DEF= 0.5\n",
      " EXTERNAL ERROR MATRIX.    NDIM=  25    NPAR=  7    ERR DEF=0.5\n",
      "  6.093e+00 -1.046e+00 -5.944e+01  1.267e+00 -3.669e+02 -1.499e+01  3.463e+01 \n",
      " -1.046e+00  3.633e+00 -5.075e+00 -8.677e+00  7.752e+01  9.240e+00 -1.563e+01 \n",
      " -5.944e+01 -5.075e+00  1.682e+06  5.758e+00 -1.094e+03 -7.386e+01  1.805e+02 \n",
      "  1.267e+00 -8.677e+00  5.758e+00  3.056e+01 -9.330e+01 -1.326e+01  2.024e+01 \n",
      " -3.669e+02  7.752e+01 -1.094e+03 -9.330e+01  2.367e+04  1.113e+03 -2.586e+03 \n",
      " -1.499e+01  9.240e+00 -7.386e+01 -1.326e+01  1.113e+03  1.168e+02 -2.203e+02 \n",
      "  3.463e+01 -1.563e+01  1.805e+02  2.024e+01 -2.586e+03 -2.203e+02  4.759e+02 \n",
      " PARAMETER  CORRELATION COEFFICIENTS  \n",
      "       NO.  GLOBAL      1      2      3      4      5      6      7\n",
      "        1  0.98116   1.000 -0.222 -0.019  0.093 -0.966 -0.562  0.643\n",
      "        2  0.86860  -0.222  1.000 -0.002 -0.824  0.264  0.449 -0.376\n",
      "        3  0.11952  -0.019 -0.002  1.000  0.001 -0.005 -0.005  0.006\n",
      "        4  0.84007   0.093 -0.824  0.001  1.000 -0.110 -0.222  0.168\n",
      "        5  0.98737  -0.966  0.264 -0.005 -0.110  1.000  0.669 -0.770\n",
      "        6  0.94842  -0.562  0.449 -0.005 -0.222  0.669  1.000 -0.934\n",
      "        7  0.96857   0.643 -0.376  0.006  0.168 -0.770 -0.934  1.000\n",
      " **********\n",
      " ** 2376 **SET ERR         0.5\n",
      " **********\n",
      " **********\n",
      " ** 2377 **SET PRINT           1\n",
      " **********\n",
      " **********\n",
      " ** 2378 **HESSE        3500\n",
      " **********\n",
      " COVARIANCE MATRIX CALCULATED SUCCESSFULLY\n",
      " FCN=234.227 FROM HESSE     STATUS=OK             54 CALLS         741 TOTAL\n",
      "                     EDM=0.000122481    STRATEGY= 1      ERROR MATRIX ACCURATE \n",
      "  EXT PARAMETER                                INTERNAL      INTERNAL  \n",
      "  NO.   NAME      VALUE            ERROR       STEP SIZE       VALUE   \n",
      "   1  alphaL       2.71799e-01   4.32451e+00   3.38219e-05  -1.14184e+00\n",
      "   2  alphaR       2.75397e+00   1.79958e+00   1.32652e-04  -8.21030e-02\n",
      "   3  nL           1.96045e+01   2.69886e+01   5.00000e-01   5.63311e+01\n",
      "   4  nR           2.39005e+00   5.35074e+00   1.17973e-04  -1.12997e+00\n",
      "   5  sigmaL       1.88350e+01   1.90324e+02   3.75620e-05   4.08856e+00\n",
      "   6  sigmaR       2.87915e+01   1.07245e+01   2.06277e-05  -7.92464e-01\n",
      "   7  x0           6.75605e+02   2.16268e+01   1.16032e-05  -1.22281e-01\n",
      "                               ERR DEF= 0.5\n",
      " EXTERNAL ERROR MATRIX.    NDIM=  25    NPAR=  7    ERR DEF=0.5\n",
      "  6.063e+00 -1.042e+00 -6.215e+01  1.299e+00 -3.639e+02 -1.466e+01  3.386e+01 \n",
      " -1.042e+00  3.729e+00 -4.769e+00 -8.973e+00  7.739e+01  9.351e+00 -1.575e+01 \n",
      " -6.215e+01 -4.769e+00  1.682e+06  5.595e+00 -9.267e+02 -6.813e+01  1.663e+02 \n",
      "  1.299e+00 -8.973e+00  5.595e+00  3.142e+01 -9.597e+01 -1.375e+01  2.098e+01 \n",
      " -3.639e+02  7.739e+01 -9.267e+02 -9.597e+01  2.341e+04  1.091e+03 -2.534e+03 \n",
      " -1.466e+01  9.351e+00 -6.813e+01 -1.375e+01  1.091e+03  1.159e+02 -2.178e+02 \n",
      "  3.386e+01 -1.575e+01  1.663e+02  2.098e+01 -2.534e+03 -2.178e+02  4.696e+02 \n",
      " PARAMETER  CORRELATION COEFFICIENTS  \n",
      "       NO.  GLOBAL      1      2      3      4      5      6      7\n",
      "        1  0.98104   1.000 -0.219 -0.019  0.094 -0.966 -0.553  0.635\n",
      "        2  0.87224  -0.219  1.000 -0.002 -0.829  0.262  0.450 -0.376\n",
      "        3  0.11946  -0.019 -0.002  1.000  0.001 -0.005 -0.005  0.006\n",
      "        4  0.84486   0.094 -0.829  0.001  1.000 -0.112 -0.228  0.173\n",
      "        5  0.98723  -0.966  0.262 -0.005 -0.112  1.000  0.662 -0.764\n",
      "        6  0.94802  -0.553  0.450 -0.005 -0.228  0.662  1.000 -0.934\n",
      "        7  0.96812   0.635 -0.376  0.006  0.173 -0.764 -0.934  1.000\n",
      "[#1] INFO:Fitting -- RooAbsPdf::fitTo(model_signal) Calculating sum-of-weights-squared correction matrix for covariance matrix\n",
      " **********\n",
      " ** 2379 **SET ERR         0.5\n",
      " **********\n",
      " **********\n",
      " ** 2380 **SET PRINT           1\n",
      " **********\n",
      " **********\n",
      " ** 2381 **HESSE        3500\n",
      " **********\n",
      " MINUIT WARNING IN HESSE   \n",
      " ============== Negative diagonal element 5 in Error Matrix\n",
      " MINUIT WARNING IN HESSE   \n",
      " ============== 1.27696 added to diagonal of error matrix\n",
      " EIGENVALUES OF SECOND-DERIVATIVE MATRIX:\n",
      "        -3.4597e-02  8.2810e-01  8.8830e-01  1.0000e+00  1.1114e+00  1.1989e+00  2.0079e+00\n",
      " MINUIT WARNING IN HESSE   \n",
      " ============== MATRIX FORCED POS-DEF BY ADDING 0.036605 TO DIAGONAL.\n",
      " FCN=3.97909 FROM HESSE     STATUS=NOT POSDEF     66 CALLS         807 TOTAL\n",
      "                     EDM=15.1637    STRATEGY= 1      ERR MATRIX NOT POS-DEF\n",
      "  EXT PARAMETER                APPROXIMATE     INTERNAL      INTERNAL  \n",
      "  NO.   NAME      VALUE            ERROR       STEP SIZE       VALUE   \n",
      "   1  alphaL       2.71799e-01   5.22368e+00   6.89966e-04  -1.14184e+00\n",
      "   2  alphaR       2.75397e+00   2.30942e+00   2.70610e-03  -8.21030e-02\n",
      "   3  nL           1.96045e+01   1.86435e+01   5.00000e-01   5.63311e+01\n",
      "   4  nR           2.39005e+00   7.91558e+00   2.40666e-03  -1.12997e+00\n",
      "   5  sigmaL       1.88350e+01   1.86288e+02   7.66265e-04   4.08856e+00\n",
      "   6  sigmaR       2.87915e+01   1.60097e+02   4.20805e-04  -7.92464e-01\n",
      "   7  x0           6.75605e+02   2.07379e+02   2.36706e-04  -1.22281e-01\n",
      "                               ERR DEF= 0.5\n",
      " EXTERNAL ERROR MATRIX.    NDIM=  25    NPAR=  7    ERR DEF=0.5\n",
      "  1.061e+01 -3.218e+00  3.446e-01 -7.348e+00  5.086e+02 -1.077e+03  1.817e+03 \n",
      " -3.218e+00  6.964e+00 -1.149e-01  2.696e-01 -1.682e+02  3.667e+02 -6.167e+02 \n",
      "  3.446e-01 -1.149e-01  4.501e+02 -2.624e-01  1.824e+01 -3.841e+01  6.484e+01 \n",
      " -7.348e+00  2.696e-01 -2.624e-01  7.955e+01 -3.841e+02  8.366e+02 -1.409e+03 \n",
      "  5.086e+02 -1.682e+02  1.824e+01 -3.841e+02  2.940e+04 -5.632e+04  9.500e+04 \n",
      " -1.077e+03  3.667e+02 -3.841e+01  8.366e+02 -5.632e+04  1.222e+05 -2.057e+05 \n",
      "  1.817e+03 -6.167e+02  6.484e+01 -1.409e+03  9.500e+04 -2.057e+05  3.478e+05 \n",
      "ERR MATRIX NOT POS-DEF\n",
      " PARAMETER  CORRELATION COEFFICIENTS  \n",
      "       NO.  GLOBAL      1      2      3      4      5      6      7\n",
      "        1  0.94830   1.000 -0.374  0.005 -0.253  0.911 -0.946  0.946\n",
      "        2  0.40967  -0.374  1.000 -0.002  0.011 -0.372  0.397 -0.396\n",
      "        3  0.00520   0.005 -0.002  1.000 -0.001  0.005 -0.005  0.005\n",
      "        4  0.28774  -0.253  0.011 -0.001  1.000 -0.251  0.268 -0.268\n",
      "        5  0.94235   0.911 -0.372  0.005 -0.251  1.000 -0.940  0.939\n",
      "        6  0.99800  -0.946  0.397 -0.005  0.268 -0.940  1.000 -0.998\n",
      "        7  0.99799   0.946 -0.396  0.005 -0.268  0.939 -0.998  1.000\n",
      " ERR MATRIX NOT POS-DEF\n",
      "[#1] INFO:Minization -- RooMinimizer::optimizeConst: deactivating const optimization\n",
      "[#1] INFO:DataHandling -- RooAbsReal::attachToTree(mass_Zprime_JES_up) TTree Float_t branch mass_Zprime_JES_up will be converted to double precision.\n",
      "[#1] INFO:DataHandling -- RooAbsReal::attachToTree(mass_Higgs) TTree Float_t branch mass_Higgs will be converted to double precision.\n",
      "[#1] INFO:DataHandling -- RooAbsReal::attachToTree(tagger_Hbb) TTree Float_t branch tagger_Hbb will be converted to double precision.\n",
      "[#1] INFO:DataHandling -- RooTreeDataStore::loadValues(signal_Hbb) Skipping event #3 because mass_Zprime_JES_up cannot accommodate the value 625.423\n",
      "[#1] INFO:DataHandling -- RooTreeDataStore::loadValues(signal_Hbb) Skipping event #11 because mass_Zprime_JES_up cannot accommodate the value 638.815\n",
      "[#1] INFO:DataHandling -- RooTreeDataStore::loadValues(signal_Hbb) Skipping event #17 because mass_Zprime_JES_up cannot accommodate the value 605.759\n",
      "[#1] INFO:DataHandling -- RooTreeDataStore::loadValues(signal_Hbb) Skipping event #24 because mass_Zprime_JES_up cannot accommodate the value 648.92\n",
      "[#1] INFO:DataHandling -- RooTreeDataStore::loadValues(signal_Hbb) Skipping ...\n",
      "[#0] WARNING:DataHandling -- RooTreeDataStore::loadValues(signal_Hbb) Ignored 18543 out-of-range events\n",
      "[#1] INFO:Minization -- RooMinimizer::optimizeConst: activating const optimization\n",
      " **********\n",
      " ** 2382 **SET PRINT           1\n",
      " **********\n",
      " **********\n",
      " ** 2383 **SET NOGRAD\n",
      " **********\n",
      " PARAMETER DEFINITIONS:\n",
      "    NO.   NAME         VALUE      STEP SIZE      LIMITS\n",
      "     1 alphaL       2.00000e+00  6.00000e-01    1.00000e-08  6.00000e+00\n",
      "     2 alphaR       2.00000e+00  6.00000e-01    1.00000e-08  6.00000e+00\n",
      "     3 nL           1.00000e+00  5.00000e-01    1.00000e-08  5.00000e+01\n",
      "     4 nR           1.00000e+00  5.00000e-01    1.00000e-08  5.00000e+01\n",
      "     5 sigmaL       5.00000e+01  2.00000e+01    1.00000e-08  2.00000e+02\n",
      "     6 sigmaR       5.00000e+01  2.00000e+01    1.00000e-08  2.00000e+02\n",
      "     7 x0           7.00000e+02  4.00000e+01    5.00000e+02  9.00000e+02\n",
      " **********\n",
      " ** 2384 **SET ERR         0.5\n",
      " **********\n",
      " **********\n",
      " ** 2385 **SET PRINT           1\n",
      " **********\n",
      " **********\n",
      " ** 2386 **SET STR           1\n",
      " **********\n",
      " NOW USING STRATEGY  1: TRY TO BALANCE SPEED AGAINST RELIABILITY\n",
      " **********\n",
      " ** 2387 **MIGRAD        3500           1\n",
      " **********\n",
      " FIRST CALL TO USER FUNCTION AT NEW START POINT, WITH IFLAG=4.\n",
      " START MIGRAD MINIMIZATION.  STRATEGY  1.  CONVERGENCE WHEN EDM .LT. 1.00e-03\n",
      " FCN=247.359 FROM MIGRAD    STATUS=INITIATE      138 CALLS         139 TOTAL\n",
      "                     EDM= unknown      STRATEGY= 1      NO ERROR MATRIX       \n",
      "  EXT PARAMETER               CURRENT GUESS       STEP         FIRST   \n",
      "  NO.   NAME      VALUE            ERROR          SIZE      DERIVATIVE \n",
      "   1  alphaL       5.43809e-04   6.00000e-01   0.00000e+00  -4.98442e-02\n",
      "   2  alphaR       2.00000e+00   6.00000e-01   0.00000e+00  -1.72737e+01\n",
      "   3  nL           1.00000e+00   5.00000e-01   0.00000e+00   3.74015e-08\n",
      "   4  nR           1.00000e+00   5.00000e-01   0.00000e+00  -6.27411e+01\n",
      "   5  sigmaL       5.00000e+01   2.00000e+01   0.00000e+00  -9.03175e-04\n",
      "   6  sigmaR       1.50110e+01   2.00000e+01  -4.92179e-01   4.74000e-02\n",
      "   7  x0           7.00000e+02   4.00000e+01   0.00000e+00  -1.16352e+01\n",
      "                               ERR DEF= 0.5\n",
      "RooMinimizerFcn: Minimized function has error status.\n",
      "Returning maximum FCN so far (268.488) to force MIGRAD to back out of this region. Error log follows.\n",
      "Parameter values: \talphaL=1.774e-08\talphaR=2.38862\tnL=43.362\tnR=1.3262\tsigmaL=82.8373\tsigmaR=15.0027\tx0=701.645\n",
      "RooRealIntegral::model_signal_Int[mass_Zprime_JES_up][ Int model_signald[Ana](mass_Zprime_JES_up) ]\n",
      "     function value is NAN @ !sumList=(), !intList=(), !anaList=(mass_Zprime_JES_up = 685.637), !jacList=(), !facList=(), !func=model_signal=-nan/74.0611, !sumCat=()\n",
      "RooCrystalBall::model_signal[ x=mass_Zprime_JES_up x0=x0 sigmaL=sigmaL sigmaR=sigmaR alphaL=alphaL nL=nL alphaR=alphaR nR=nR ]\n",
      "     p.d.f value is Not-a-Number @ x=mass_Zprime_JES_up=661.008, x0=x0=701.645, sigmaL=sigmaL=82.8373, sigmaR=sigmaR=15.0027, alphaL=alphaL=1.774e-08, nL=nL=43.362, alphaR=alphaR=2.38862, nR=nR=1.3262\n",
      "     getLogVal() top-level p.d.f evaluates to NaN @ x=mass_Zprime_JES_up=661.008, x0=x0=701.645, sigmaL=sigmaL=82.8373, sigmaR=sigmaR=15.0027, alphaL=alphaL=1.774e-08, nL=nL=43.362, alphaR=alphaR=2.38862, nR=nR=1.3262\n",
      "     p.d.f value is Not-a-Number @ x=mass_Zprime_JES_up=677.532, x0=x0=701.645, sigmaL=sigmaL=82.8373, sigmaR=sigmaR=15.0027, alphaL=alphaL=1.774e-08, nL=nL=43.362, alphaR=alphaR=2.38862, nR=nR=1.3262\n",
      "     getLogVal() top-level p.d.f evaluates to NaN @ x=mass_Zprime_JES_up=677.532, x0=x0=701.645, sigmaL=sigmaL=82.8373, sigmaR=sigmaR=15.0027, alphaL=alphaL=1.774e-08, nL=nL=43.362, alphaR=alphaR=2.38862, nR=nR=1.3262\n",
      "     p.d.f value is Not-a-Number @ x=mass_Zprime_JES_up=662.341, x0=x0=701.645, sigmaL=sigmaL=82.8373, sigmaR=sigmaR=15.0027, alphaL=alphaL=1.774e-08, nL=nL=43.362, alphaR=alphaR=2.38862, nR=nR=1.3262\n",
      "     getLogVal() top-level p.d.f evaluates to NaN @ x=mass_Zprime_JES_up=662.341, x0=x0=701.645, sigmaL=sigmaL=82.8373, sigmaR=sigmaR=15.0027, alphaL=alphaL=1.774e-08, nL=nL=43.362, alphaR=alphaR=2.38862, nR=nR=1.3262\n",
      "     getLogVal() top-level p.d.f evaluates to NaN @ x=mass_Zprime_JES_up=704.297, x0=x0=701.645, sigmaL=sigmaL=82.8373, sigmaR=sigmaR=15.0027, alphaL=alphaL=1.774e-08, nL=nL=43.362, alphaR=alphaR=2.38862, nR=nR=1.3262\n",
      "     getLogVal() top-level p.d.f evaluates to NaN @ x=mass_Zprime_JES_up=714.991, x0=x0=701.645, sigmaL=sigmaL=82.8373, sigmaR=sigmaR=15.0027, alphaL=alphaL=1.774e-08, nL=nL=43.362, alphaR=alphaR=2.38862, nR=nR=1.3262\n",
      "     p.d.f value is Not-a-Number @ x=mass_Zprime_JES_up=668.993, x0=x0=701.645, sigmaL=sigmaL=82.8373, sigmaR=sigmaR=15.0027, alphaL=alphaL=1.774e-08, nL=nL=43.362, alphaR=alphaR=2.38862, nR=nR=1.3262\n",
      "     getLogVal() top-level p.d.f evaluates to NaN @ x=mass_Zprime_JES_up=668.993, x0=x0=701.645, sigmaL=sigmaL=82.8373, sigmaR=sigmaR=15.0027, alphaL=alphaL=1.774e-08, nL=nL=43.362, alphaR=alphaR=2.38862, nR=nR=1.3262\n",
      "     p.d.f value is Not-a-Number @ x=mass_Zprime_JES_up=670.348, x0=x0=701.645, sigmaL=sigmaL=82.8373, sigmaR=sigmaR=15.0027, alphaL=alphaL=1.774e-08, nL=nL=43.362, alphaR=alphaR=2.38862, nR=nR=1.3262\n",
      "     getLogVal() top-level p.d.f evaluates to NaN @ x=mass_Zprime_JES_up=670.348, x0=x0=701.645, sigmaL=sigmaL=82.8373, sigmaR=sigmaR=15.0027, alphaL=alphaL=1.774e-08, nL=nL=43.362, alphaR=alphaR=2.38862, nR=nR=1.3262\n",
      "    ... (remaining 2038 messages suppressed)\n",
      "RooNLLVar::nll_model_signal_signal_Hbb[ paramSet=(alphaL,alphaR,nL,nR,sigmaL,sigmaR,x0) ]\n",
      "     function value is NAN @ paramSet=(alphaL = 1.774e-08,alphaR = 2.38862,nL = 43.362,nR = 1.3262,sigmaL = 82.8373,sigmaR = 15.0027,x0 = 701.645)\n",
      "\n",
      " MINUIT WARNING IN MIGRAD  \n",
      " ============== Negative diagonal element 3 in Error Matrix\n",
      " MINUIT WARNING IN MIGRAD  \n",
      " ============== 93915.8 added to diagonal of error matrix\n",
      " EIGENVALUES OF SECOND-DERIVATIVE MATRIX:\n",
      "        -9.0211e-01  9.9999e-01  1.0000e+00  1.0000e+00  1.0000e+00  1.0000e+00  2.9021e+00\n",
      " MINUIT WARNING IN MIGRAD  \n",
      " ============== MATRIX FORCED POS-DEF BY ADDING 0.905012 TO DIAGONAL.\n",
      " MIGRAD FAILS TO FIND IMPROVEMENT\n",
      " EIGENVALUES OF SECOND-DERIVATIVE MATRIX:\n",
      "        -4.5878e-02  3.1353e-02  1.1015e-01  1.8820e-01  1.1381e+00  1.8521e+00  3.7259e+00\n",
      " MINUIT WARNING IN HESSE   \n",
      " ============== MATRIX FORCED POS-DEF BY ADDING 0.049604 TO DIAGONAL.\n",
      " FCN=244.036 FROM HESSE     STATUS=NOT POSDEF     52 CALLS         484 TOTAL\n",
      "                     EDM=0.0294939    STRATEGY= 1      ERR MATRIX NOT POS-DEF\n",
      "  EXT PARAMETER                APPROXIMATE        STEP         FIRST   \n",
      "  NO.   NAME      VALUE            ERROR          SIZE      DERIVATIVE \n",
      "   1  alphaL       6.07485e-02   4.75315e+00   1.71478e-03   2.32214e-01\n",
      "   2  alphaR       2.90313e+00   1.68956e+00   3.99745e-03   3.20481e-01\n",
      "   3  nL           1.82984e+00   2.75336e+01   5.00000e-02   2.39297e-03\n",
      "   4  nR           2.21840e+00   4.84358e+00   3.06361e-03   2.63095e-01\n",
      "   5  sigmaL       5.68459e+00   1.97137e+02   2.76774e-03   1.47749e-01\n",
      "   6  sigmaR       2.81655e+01   7.00049e+00   5.11066e-04   1.89944e+00\n",
      "   7  x0           6.80453e+02   1.36799e+01   2.95544e-04   5.83071e+00\n",
      "                               ERR DEF= 0.5\n",
      " MIGRAD MINIMIZATION HAS CONVERGED.\n",
      " MIGRAD WILL VERIFY CONVERGENCE AND ERROR MATRIX.\n",
      " EIGENVALUES OF SECOND-DERIVATIVE MATRIX:\n",
      "        -4.3041e-02  5.2569e-02  2.0113e-01  2.6054e-01  1.1691e+00  1.8270e+00  3.5327e+00\n",
      " MINUIT WARNING IN HESSE   \n",
      " ============== MATRIX FORCED POS-DEF BY ADDING 0.046574 TO DIAGONAL.\n",
      " FCN=244.007 FROM MIGRAD    STATUS=CONVERGED     626 CALLS         627 TOTAL\n",
      "                     EDM=0.000275374    STRATEGY= 1      ERR MATRIX NOT POS-DEF\n",
      "  EXT PARAMETER                APPROXIMATE        STEP         FIRST   \n",
      "  NO.   NAME      VALUE            ERROR          SIZE      DERIVATIVE \n",
      "   1  alphaL       4.15106e-02   3.86941e+00   1.27785e-03   2.39903e-02\n",
      "   2  alphaR       2.76621e+00   1.41249e+00   3.40966e-03   3.54491e-03\n",
      "   3  nL           6.74718e+00   3.15628e+01   1.36118e-01   4.92829e-04\n",
      "   4  nR           2.39039e+00   4.44822e+00   3.06573e-03   8.70356e-03\n",
      "   5  sigmaL       3.21474e+00   1.81889e+02   1.98192e-03   1.54825e-02\n",
      "   6  sigmaR       2.88663e+01   7.00890e+00   5.22074e-04  -2.88032e-02\n",
      "   7  x0           6.78023e+02   1.32270e+01   2.96787e-04   7.08419e-03\n",
      "                               ERR DEF= 0.5\n",
      " EXTERNAL ERROR MATRIX.    NDIM=  25    NPAR=  7    ERR DEF=0.5\n",
      "  4.301e-01 -1.417e-02 -1.584e+01  4.305e-03 -3.339e+01 -3.073e-01  8.252e-01 \n",
      " -1.417e-02  2.164e+00  1.424e+01 -5.065e+00  2.080e+00  2.861e+00 -3.741e+00 \n",
      " -1.584e+01  1.424e+01  1.934e+05 -3.463e+00  3.823e+03  3.100e+02 -8.606e+02 \n",
      "  4.305e-03 -5.065e+00 -3.463e+00  2.105e+01 -5.395e-01 -2.729e+00  2.320e+00 \n",
      " -3.339e+01  2.080e+00  3.823e+03 -5.395e-01  2.660e+03  4.522e+01 -1.244e+02 \n",
      " -3.073e-01  2.861e+00  3.100e+02 -2.729e+00  4.522e+01  4.929e+01 -7.963e+01 \n",
      "  8.252e-01 -3.741e+00 -8.606e+02  2.320e+00 -1.244e+02 -7.963e+01  1.752e+02 \n",
      "ERR MATRIX NOT POS-DEF\n",
      " PARAMETER  CORRELATION COEFFICIENTS  \n",
      "       NO.  GLOBAL      1      2      3      4      5      6      7\n",
      "        1  0.99656   1.000 -0.015 -0.055  0.001 -0.987 -0.067  0.095\n",
      "        2  0.78183  -0.015  1.000  0.022 -0.750  0.027  0.277 -0.192\n",
      "        3  0.78756  -0.055  0.022  1.000 -0.002  0.169  0.100 -0.148\n",
      "        4  0.76150   0.001 -0.750 -0.002  1.000 -0.002 -0.085  0.038\n",
      "        5  0.99672  -0.987  0.027  0.169 -0.002  1.000  0.125 -0.182\n",
      "        6  0.88144  -0.067  0.277  0.100 -0.085  0.125  1.000 -0.857\n",
      "        7  0.91439   0.095 -0.192 -0.148  0.038 -0.182 -0.857  1.000\n",
      " ERR MATRIX NOT POS-DEF\n",
      " **********\n",
      " ** 2388 **HESSE        3500\n",
      " **********\n",
      " EIGENVALUES OF SECOND-DERIVATIVE MATRIX:\n",
      "        -8.4855e-03  5.2775e-02  8.3310e-02  1.8496e-01  1.1099e+00  1.8413e+00  3.7362e+00\n",
      " MINUIT WARNING IN HESSE   \n",
      " ============== MATRIX FORCED POS-DEF BY ADDING 0.012222 TO DIAGONAL.\n",
      " FCN=244.007 FROM HESSE     STATUS=NOT POSDEF     54 CALLS         681 TOTAL\n",
      "                     EDM=0.000266243    STRATEGY= 1      ERR MATRIX NOT POS-DEF\n",
      "  EXT PARAMETER                APPROXIMATE     INTERNAL      INTERNAL  \n",
      "  NO.   NAME      VALUE            ERROR       STEP SIZE       VALUE   \n",
      "   1  alphaL       4.15106e-02   3.86007e+00   2.55571e-04  -1.40425e+00\n",
      "   2  alphaR       2.76621e+00   1.58478e+00   6.81932e-04  -7.80097e-02\n",
      "   3  nL           6.74718e+00   2.79267e+01   5.00000e-01  -8.40045e+01\n",
      "   4  nR           2.39039e+00   4.95595e+00   6.13146e-04  -1.12993e+00\n",
      "   5  sigmaL       3.21474e+00   1.78733e+02   3.96383e-04   1.07413e+01\n",
      "   6  sigmaR       2.88663e+01   8.47744e+00   1.04415e-04  -7.91398e-01\n",
      "   7  x0           6.78023e+02   1.59371e+01   1.18715e-05  -1.10105e-01\n",
      "                               ERR DEF= 0.5\n",
      " EXTERNAL ERROR MATRIX.    NDIM=  25    NPAR=  7    ERR DEF=0.5\n",
      "  4.257e-01  6.952e-04  3.873e+01 -5.112e-03 -3.129e+01  6.320e-03  1.223e-01 \n",
      "  6.952e-04  2.790e+00  7.556e+00 -6.863e+00  1.830e+00  4.749e+00 -6.901e+00 \n",
      "  3.873e+01  7.556e+00  9.843e+04 -1.888e+01  3.888e+02  1.183e+02  9.589e+01 \n",
      " -5.112e-03 -6.863e+00 -1.888e+01  2.657e+01 -1.546e+00 -5.878e+00  7.074e+00 \n",
      " -3.129e+01  1.830e+00  3.888e+02 -1.546e+00  2.452e+03  3.273e+01 -7.858e+01 \n",
      "  6.320e-03  4.749e+00  1.183e+02 -5.878e+00  3.273e+01  7.222e+01 -1.217e+02 \n",
      "  1.223e-01 -6.901e+00  9.589e+01  7.074e+00 -7.858e+01 -1.217e+02  2.545e+02 \n",
      "ERR MATRIX NOT POS-DEF\n",
      " PARAMETER  CORRELATION COEFFICIENTS  \n",
      "       NO.  GLOBAL      1      2      3      4      5      6      7\n",
      "        1  0.99640   1.000  0.001  0.189 -0.002 -0.969  0.001  0.012\n",
      "        2  0.83075   0.001  1.000  0.014 -0.797  0.022  0.335 -0.259\n",
      "        3  0.93327   0.189  0.014  1.000 -0.012  0.025  0.044  0.019\n",
      "        4  0.80972  -0.002 -0.797 -0.012  1.000 -0.006 -0.134  0.086\n",
      "        5  0.99631  -0.969  0.022  0.025 -0.006  1.000  0.078 -0.099\n",
      "        6  0.91793   0.001  0.335  0.044 -0.134  0.078  1.000 -0.898\n",
      "        7  0.93983   0.012 -0.259  0.019  0.086 -0.099 -0.898  1.000\n",
      " ERR MATRIX NOT POS-DEF\n",
      " **********\n",
      " ** 2389 **SET ERR         0.5\n",
      " **********\n",
      " **********\n",
      " ** 2390 **SET PRINT           1\n",
      " **********\n",
      " **********\n",
      " ** 2391 **HESSE        3500\n",
      " **********\n",
      " EIGENVALUES OF SECOND-DERIVATIVE MATRIX:\n",
      "        -1.7186e-03  5.3965e-02  8.7715e-02  1.8052e-01  1.1084e+00  1.8452e+00  3.7259e+00\n",
      " MINUIT WARNING IN HESSE   \n",
      " ============== MATRIX FORCED POS-DEF BY ADDING 0.005445 TO DIAGONAL.\n",
      " FCN=244.007 FROM HESSE     STATUS=NOT POSDEF     54 CALLS         735 TOTAL\n",
      "                     EDM=0.00027444    STRATEGY= 1      ERR MATRIX NOT POS-DEF\n",
      "  EXT PARAMETER                APPROXIMATE     INTERNAL      INTERNAL  \n",
      "  NO.   NAME      VALUE            ERROR       STEP SIZE       VALUE   \n",
      "   1  alphaL       4.15106e-02   3.87103e+00   5.11142e-05  -1.40425e+00\n",
      "   2  alphaR       2.76621e+00   1.63267e+00   1.36386e-04  -7.80097e-02\n",
      "   3  nL           6.74718e+00   2.67564e+01   5.00000e-01  -8.40045e+01\n",
      "   4  nR           2.39039e+00   5.09205e+00   1.22629e-04  -1.12993e+00\n",
      "   5  sigmaL       3.21474e+00   1.78468e+02   7.92766e-05   1.07413e+01\n",
      "   6  sigmaR       2.88663e+01   8.86179e+00   2.08830e-05  -7.91398e-01\n",
      "   7  x0           6.78023e+02   1.66602e+01   2.37429e-06  -1.10105e-01\n",
      "                               ERR DEF= 0.5\n",
      " EXTERNAL ERROR MATRIX.    NDIM=  25    NPAR=  7    ERR DEF=0.5\n",
      "  4.309e-01  2.398e-03  4.795e+01 -7.354e-03 -3.135e+01  3.392e-02  7.152e-02 \n",
      "  2.398e-03  2.983e+00  7.598e+00 -7.405e+00  1.978e+00  5.374e+00 -7.970e+00 \n",
      "  4.795e+01  7.598e+00  1.011e+05 -2.013e+01 -2.340e+02  1.119e+02  1.214e+02 \n",
      " -7.354e-03 -7.405e+00 -2.013e+01  2.818e+01 -1.863e+00 -7.015e+00  8.884e+00 \n",
      " -3.135e+01  1.978e+00 -2.340e+02 -1.863e+00  2.435e+03  3.381e+01 -8.040e+01 \n",
      "  3.392e-02  5.374e+00  1.119e+02 -7.015e+00  3.381e+01  7.895e+01 -1.343e+02 \n",
      "  7.152e-02 -7.970e+00  1.214e+02  8.884e+00 -8.040e+01 -1.343e+02  2.782e+02 \n",
      "ERR MATRIX NOT POS-DEF\n",
      " PARAMETER  CORRELATION COEFFICIENTS  \n",
      "       NO.  GLOBAL      1      2      3      4      5      6      7\n",
      "        1  0.99642   1.000  0.002  0.230 -0.002 -0.968  0.006  0.007\n",
      "        2  0.84157   0.002  1.000  0.014 -0.808  0.023  0.350 -0.277\n",
      "        3  0.93463   0.230  0.014  1.000 -0.012 -0.015  0.040  0.023\n",
      "        4  0.82047  -0.002 -0.808 -0.012  1.000 -0.007 -0.149  0.100\n",
      "        5  0.99626  -0.968  0.023 -0.015 -0.007  1.000  0.077 -0.098\n",
      "        6  0.92469   0.006  0.350  0.040 -0.149  0.077  1.000 -0.906\n",
      "        7  0.94482   0.007 -0.277  0.023  0.100 -0.098 -0.906  1.000\n",
      " ERR MATRIX NOT POS-DEF\n",
