alphaL: 1.0241773973773296
alphaR: 1.5586271615767047
event_sum: 1.33873617125797
mean: 1045.714077337186
nL: 2.0502676639806476
nR: 2.1211968841019915
norm: 1.33873617125797
sigma: 58.800000000000004
sigmaL: 71.01887538486478
sigmaR: 49.46760966733786
widthL: 71.01887538486478
widthR: 49.46760966733786
x0: 1045.714077337186
