alphaL: 1.0130589861525556
alphaR: 1.4502931580735865
event_sum: 8.49984114845438
fraction: 0.9901646990416797
mean: 1038.48356383621
nL: 4.9042945672258575
nR: 3.6388774464922533
norm: 8.39439651280609
sigma: 58.800000000000004
sigmaL: 68.11475909027264
sigmaR: 49.17058599604496
widthL: 68.11475909027264
widthR: 49.17058599604496
x0: 1038.48356383621
