alphaL: 1.089947513694487
alphaR: 1.5627648001921828
event_sum: 0.800770410996123
mean: 1043.293751358381
nL: 2.3228259719067976
nR: 1.850081433882167
norm: 0.800770410996123
sigma: 58.800000000000004
sigmaL: 73.74296214277008
sigmaR: 46.92135999549678
widthL: 73.74296214277008
widthR: 46.92135999549678
x0: 1043.293751358381
