alphaL: 0.9142450865048446
alphaR: 1.4117163106487138
event_sum: 1.385456202287644
mean: 1044.962521109115
nL: 3.7750702491377903
nR: 3.767263771214239
norm: 1.385456202287644
sigma: 58.800000000000004
sigmaL: 68.0947090317726
sigmaR: 49.129932652961834
widthL: 68.0947090317726
widthR: 49.129932652961834
x0: 1044.962521109115
