alphaL: 0.9758483453248202
alphaR: 1.3643044161528795
event_sum: 0.8241742758013075
mean: 1042.8260945436773
nL: 3.807005029860865
nR: 3.372412872472827
norm: 0.8241742758013075
sigma: 58.800000000000004
sigmaL: 69.26112541327798
sigmaR: 45.87535400300527
widthL: 69.26112541327798
widthR: 45.87535400300527
x0: 1042.8260945436773
