alphaL: 0.899661211874724
alphaR: 1.5527941322831862
event_sum: 14.383463613898364
fraction: 0.9883205499472684
mean: 1040.0054886181535
nL: 3.186666345295097
nR: 3.95965466551909
norm: 14.194788660251156
sigma: 58.800000000000004
sigmaL: 63.28849444703964
sigmaR: 54.06890708164183
widthL: 63.28849444703964
widthR: 54.06890708164183
x0: 1040.0054886181535
