alphaL: 2.2951032159852605
alphaR: 1.664836336876278
event_sum: 1.5796793555080846
mean: 3446.199574828588
nL: 4.497196172009079
nR: 2.3052447426486937
norm: 1.5796793555080846
sigma: 320.3571725331146
sigmaL: 225.16304677987466
sigmaR: 56.417177938141926
widthL: 225.16304677987466
widthR: 56.417177938141926
x0: 3446.199574828588
