alphaL: 1.231422612153503
alphaR: 1.875268798930906
event_sum: 0.7029936376928196
mean: 3398.7220007327533
nL: 4.502738515612404
nR: 2.2740255372803606
norm: 0.7029936376928196
sigma: 320.3571725331146
sigmaL: 121.26452638267321
sigmaR: 85.6211100607516
widthL: 121.26452638267321
widthR: 85.6211100607516
x0: 3398.7220007327533
