alphaL: 0.5759179315360926
alphaR: 2.0867235903356267
event_sum: 49.186330952592776
fraction: 0.9922141837895482
mean: 3388.08522598043
nL: 129.8142757266582
nR: 1.8584302192380246
norm: 15.716569988576529
sigma: 316.0892424627246
sigmaL: 83.89409341028711
sigmaR: 80.62687881679886
widthL: 83.89409341028711
widthR: 80.62687881679886
x0: 3388.08522598043
