alphaL: 1.162958082911643
alphaR: 1.8528050017878634
event_sum: 0.7066729062904469
mean: 3400.8106763183887
nL: 4.782313026475766
nR: 2.220292416280217
norm: 0.7066729062904469
sigma: 320.3571725331146
sigmaL: 120.6511551258606
sigmaR: 82.80117513510753
widthL: 120.6511551258606
widthR: 82.80117513510753
x0: 3400.8106763183887
