alphaL: 1.127187087199346
alphaR: 1.2191343758023918
event_sum: 7.178449869741216
fraction: 0.998875468870439
mean: 3414.18129714557
nL: 9.048185092095778
nR: 4.5
norm: 7.029826664943815
sigma: 315.924026307805
sigmaL: 128.23161968761445
sigmaR: 67.00796570037865
widthL: 128.23161968761445
widthR: 67.00796570037865
x0: 3414.18129714557
