alphaL: 1.3796206270900244
alphaR: 2.4505232321301262
event_sum: 1.0370764170706899
mean: 3406.0568833029024
nL: 4.488437361737042
nR: 1.4701491977943224
norm: 1.0370764170706899
sigma: 149.30243857443716
sigmaL: 137.6099935926789
sigmaR: 71.81771303433064
widthL: 137.6099935926789
widthR: 71.81771303433064
x0: 3406.0568833029024
