alphaL: 1.410291578247744
alphaR: 2.17353998070309
event_sum: 1.5844994445911074
mean: 3411.8583295760213
nL: 4.645742935159117
nR: 1.4675500147528875
norm: 1.5844994445911074
sigma: 320.3571725331146
sigmaL: 146.09691662389346
sigmaR: 76.12606068999622
widthL: 146.09691662389346
widthR: 76.12606068999622
x0: 3411.8583295760213
