alphaL: 1.492383814930641
alphaR: 1.4067052934402215
event_sum: 0.5749183626835427
mean: 3416.568733737718
nL: 4.047474146220955
nR: 3.6398485947854895
norm: 0.5749183626835427
sigma: 149.30243857443716
sigmaL: 139.6516338161415
sigmaR: 62.63433975950272
widthL: 139.6516338161415
widthR: 62.63433975950272
x0: 3416.568733737718
