alphaL: 2.5194187553923086
alphaR: 2.0566162684917546
event_sum: 0.5759811960723202
fraction: 0.9978995177085046
mean: 3424.418684167777
nL: 5.869470345578111
nR: 2.637352449143579
norm: 0.5756463990090565
sigma: 148.9918537469194
sigmaL: 166.5203646079393
sigmaR: 67.22946974113819
widthL: 166.5203646079393
widthR: 67.22946974113819
x0: 3424.418684167777
