alphaL: 1.3361231120524746
alphaR: 2.227739192818304
event_sum: 1.0375165853605035
fraction: 0.9990486502767634
mean: 3409.440143734778
nL: 8.295930825484152
nR: 2.530057730970124
norm: 1.037588666374849
sigma: 148.9918537469194
sigmaL: 143.0255989702178
sigmaR: 70.94059516146636
widthL: 143.0255989702178
widthR: 70.94059516146636
x0: 3409.440143734778
