alphaL: 0.9609254489176537
alphaR: 1.9944531081386674
event_sum: 15.861806000246087
fraction: 0.9989047506421792
mean: 3403.36924295405
nL: 9.993757874812076
nR: 2.585019544694727
norm: 15.781753076951281
sigma: 315.924026307805
sigmaL: 118.34857964015318
sigmaR: 78.44763665143786
widthL: 118.34857964015318
widthR: 78.44763665143786
x0: 3403.36924295405
