alphaL: 1.3988838513103086
alphaR: 0.6713518007028445
event_sum: 0.5725529012104181
mean: 3438.830720366348
nL: 4.29216062699678
nR: 4.026496480324844
norm: 0.5725529012104181
sigma: 149.30243857443716
sigmaL: 151.10932825426892
sigmaR: 32.650700391029964
widthL: 151.10932825426892
widthR: 32.650700391029964
x0: 3438.830720366348
