alphaL: 1.6967289173158138
alphaR: 0.6815663537974463
event_sum: 1.0325025569424147
mean: 3444.6304612126787
nL: 3.9121868404304
nR: 4.077239788411977
norm: 1.0325025569424147
sigma: 149.30243857443716
sigmaL: 171.30734406934934
sigmaR: 27.244601346464222
widthL: 171.30734406934934
widthR: 27.244601346464222
x0: 3444.6304612126787
