alphaL: 1.283923550377629
alphaR: 1.3918492258648174
event_sum: 0.913486180026326
mean: 2503.562851150507
nL: 0.12524281831370426
nR: 2.927717267993567
norm: 0.913486180026326
sigma: 255.0
sigmaL: 285.21629581384855
sigmaR: 128.86207567157456
widthL: 285.21629581384855
widthR: 128.86207567157456
x0: 2503.562851150507
