alphaL: 0.7992475160994387
alphaR: 1.1551096060173376
event_sum: 16.195636866515425
fraction: 0.6751813870061818
mean: 2502.4429894885543
nL: 0.4
nR: 4.495343970709426
norm: 5.1414560226447374
sigma: 255.0
sigmaL: 231.91843801734723
sigmaR: 116.03720548347489
widthL: 231.91843801734723
widthR: 116.03720548347489
x0: 2502.4429894885543
