alphaL: 1.0686006950288953
alphaR: 1.1833032491704047
event_sum: 0.6153622081551775
mean: 2506.6058066354794
nL: 0.1
nR: 2.716715199432106
norm: 0.6153622081551775
sigma: 255.0
sigmaL: 271.93895323273716
sigmaR: 107.9479550913984
widthL: 271.93895323273716
widthR: 107.9479550913984
x0: 2506.6058066354794
