alphaL: 1.0709226843158617
alphaR: 1.1324756085001484
event_sum: 14.519706200985244
fraction: 0.731881823338873
mean: 2518.189992665606
nL: 0.4420274365686309
nR: 4.319860855585042
norm: 7.938999360180073
sigma: 255.0
sigmaL: 279.5209320985897
sigmaR: 110.70414672866264
widthL: 279.5209320985897
widthR: 110.70414672866264
x0: 2518.189992665606
