alphaL: 0.31907801182094764
alphaR: 0.7188914900576528
event_sum: 0.7547060463247834
mean: 2594.5349750301425
nL: 0.999968173370415
nR: 3.316738547953033
norm: 0.7547060463247834
sigma: 255.0
sigmaL: 477.43343192645324
sigmaR: 56.12025670196656
widthL: 477.43343192645324
widthR: 56.12025670196656
x0: 2594.5349750301425
