alphaL: 0.593710860763913
alphaR: 0.9413946802615594
event_sum: 1.0370823589371163
mean: 2537.921013790963
nL: 1.0070561615702014
nR: 3.8227144617412545
norm: 1.0370823589371163
sigma: 255.0
sigmaL: 256.6570585518537
sigmaR: 89.19689943436354
widthL: 256.6570585518537
widthR: 89.19689943436354
x0: 2537.921013790963
