alphaL: 1.1346132988392286
alphaR: 1.7444007236926833
event_sum: 0.6832628911877545
mean: 3146.174125253788
nL: 4.4948103957083605
nR: 3.146085414541837
norm: 0.6832628911877545
sigma: 261.02808473727686
sigmaL: 114.88517916520713
sigmaR: 75.31823904485258
widthL: 114.88517916520713
widthR: 75.31823904485258
x0: 3146.174125253788
