alphaL: 0.9508278281864331
alphaR: 1.7857101859188294
event_sum: 11.724090983205274
fraction: 0.9995414903989669
mean: 3143.9147971930656
nL: 9.98361054181926
nR: 2.617409205687637
norm: 11.674905708106309
sigma: 259.41963327940425
sigmaL: 108.11792439662514
sigmaR: 71.22099528248336
widthL: 108.11792439662514
widthR: 71.22099528248336
x0: 3143.9147971930656
