alphaL: 0.997139632630273
alphaR: 2.319002854815336
event_sum: 0.9674803307257147
mean: 3136.185944088112
nL: 4.273907131154048
nR: 1.6663715415098153
norm: 0.9674803307257147
sigma: 149.43354098441094
sigmaL: 97.37300093558962
sigmaR: 75.8835305343523
widthL: 97.37300093558962
widthR: 75.8835305343523
x0: 3136.185944088112
