alphaL: 1.3091188227593222
alphaR: 1.4576905477713673
event_sum: 1.2331073921880946
mean: 3153.285949996515
nL: 4.4822067005978
nR: 5.0
norm: 1.2331073921880946
sigma: 149.43354098441094
sigmaL: 133.81662016234026
sigmaR: 60.27409874761613
widthL: 133.81662016234026
widthR: 60.27409874761613
x0: 3153.285949996515
