alphaL: 1.0382937115506095
alphaR: 2.251303147865884
event_sum: 1.2280626817960505
mean: 3136.7980131292884
nL: 4.255272232265965
nR: 2.409467345471772
norm: 1.2280626817960505
sigma: 149.43354098441094
sigmaL: 113.056671784566
sigmaR: 72.85413890622748
widthL: 113.056671784566
widthR: 72.85413890622748
x0: 3136.7980131292884
