alphaL: 0.8588930057062526
alphaR: 2.0447801612984895
event_sum: 0.9703559212958615
mean: 3130.6471575712585
nL: 5.0
nR: 2.744468500609537
norm: 0.9703559212958615
sigma: 149.43354098441094
sigmaL: 87.00603853234229
sigmaR: 77.55927113793544
widthL: 87.00603853234229
widthR: 77.55927113793544
x0: 3130.6471575712585
