alphaL: 1.0695673532623478
alphaR: 1.911190484014178
event_sum: 1.2026834330347411
fraction: 0.998828331262673
mean: 3143.993109498819
nL: 9.540829596292692
nR: 3.596793309259447
norm: 1.2022691637224772
sigma: 148.2895930806506
sigmaL: 120.59744315162314
sigmaR: 67.25572125748133
widthL: 120.59744315162314
widthR: 67.25572125748133
x0: 3143.993109498819
