alphaL: 0.7100587686447385
alphaR: 1.7112467610811353
event_sum: 6.4145575819719935
fraction: 0.9981618049060874
mean: 3146.8395079713996
nL: 9.923187638285947
nR: 3.0461306619524584
norm: 6.320949946830078
sigma: 259.41963327940425
sigmaL: 92.41385832301576
sigmaR: 72.95867927094162
widthL: 92.41385832301576
widthR: 72.95867927094162
x0: 3146.8395079713996
