alphaL: 1.4708285800044263
alphaR: 1.5203650623714067
event_sum: 1.259708036643137
mean: 3159.990096592438
nL: 4.482462652651728
nR: 2.9081097854972944
norm: 1.259708036643137
sigma: 261.02808473727686
sigmaL: 143.02178844312436
sigmaR: 61.76774504896163
widthL: 143.02178844312436
widthR: 61.76774504896163
x0: 3159.990096592438
