alphaL: 0.9491121860115997
alphaR: 1.8988611464080687
event_sum: 0.9357017318254442
fraction: 0.99904530588141
mean: 3139.1418192417627
nL: 9.703993353163835
nR: 3.932664283865714
norm: 0.9351575978178649
sigma: 148.2895930806506
sigmaL: 102.17324514765956
sigmaR: 72.93221112208278
widthL: 102.17324514765956
widthR: 72.93221112208278
x0: 3139.1418192417627
