alphaL: 1.4289181568537355
alphaR: 1.7007695038623158
event_sum: 1.2591566079663594
mean: 3155.834053669915
nL: 4.792043183063167
nR: 2.656071647076171
norm: 1.2591566079663594
sigma: 261.02808473727686
sigmaL: 139.75874108286152
sigmaR: 65.34558011721333
widthL: 139.75874108286152
widthR: 65.34558011721333
x0: 3155.834053669915
