alphaL: 1.4458180422271147
alphaR: 0.15792233241553702
event_sum: 0.6825364148092261
mean: 3201.3093858118555
nL: 5.0
nR: 5.0
norm: 0.6825364148092261
sigma: 261.02808473727686
sigmaL: 162.95429614337598
sigmaR: 9.618346909094498
widthL: 162.95429614337598
widthR: 9.618346909094498
x0: 3201.3093858118555
