alphaL: 0.8715522878528961
alphaR: 1.510902455176367
event_sum: 15.746566262320167
mean: 1976.148852357028
nL: 2.771934943944694
nR: 2.8125654739633577
norm: 15.746566262320167
sigma: 131
sigmaL: 119.91539350221183
sigmaR: 84.62206646557554
widthL: 119.91539350221183
widthR: 84.62206646557554
x0: 1976.148852357028
