alphaL: 1.3756730958918104
alphaR: 2.7206006924647226
event_sum: 24.44001922465444
fraction: 0.9988633257027016
mean: 1157.9001466396082
nL: 10.0
nR: 2.128347704349575
norm: 24.437214141275785
sigma: 56.916978471222755
sigmaL: 57.455679763539365
sigmaR: 33.12430255531681
widthL: 57.455679763539365
widthR: 33.12430255531681
x0: 1157.9001466396082
