alphaL: 1.4771686640480308
alphaR: 1.9885172710416368
event_sum: 1.1334670138134955
mean: 1161.3941752096437
nL: 4.129062655820788
nR: 4.027121291242377
norm: 1.1334670138134955
sigma: 60.02095151455806
sigmaL: 54.658896806795745
sigmaR: 34.72144105468238
widthL: 54.658896806795745
widthR: 34.72144105468238
x0: 1161.3941752096437
