alphaL: 1.3953009964181047
alphaR: 2.749805989123073
event_sum: 24.34333875523672
mean: 1157.6848554366404
nL: 4.96962706859554
nR: 1.6196649373499037
norm: 24.34333875523672
sigma: 56.8236481660955
sigmaL: 56.532985012666
sigmaR: 33.161431892240174
widthL: 56.532985012666
widthR: 33.161431892240174
x0: 1157.6848554366404
