alphaL: 1.2477068020103284
alphaR: 1.8463420295600907
event_sum: 11.3576240966798
fraction: 0.9992761417057093
mean: 1160.8384468112513
nL: 9.92551241972492
nR: 4.5
norm: 11.352289668003014
sigma: 60.01840475528817
sigmaL: 51.837180831473475
sigmaR: 34.77187565938686
widthL: 51.837180831473475
widthR: 34.77187565938686
x0: 1160.8384468112513
