alphaL: 1.0810662646530893
alphaR: 2.4999920036064456
event_sum: 74.36568197812151
fraction: 0.9935371631581594
mean: 1150.9403538044396
nL: 118.47304474860873
nR: 4.022129447878578
norm: 24.312296147423016
sigma: 56.54356364781936
sigmaL: 52.62862537209824
sigmaR: 34.32341558538981
widthL: 52.62862537209824
widthR: 34.32341558538981
x0: 1150.9403538044396
