alphaL: 1.8018084908994494
alphaR: 2.488299751461077
event_sum: 0.7502043091799888
mean: 1161.6752874186534
nL: 1.97811205809867
nR: 2.151453437602476
norm: 0.7502043091799888
sigma: 60.02095151455806
sigmaL: 61.66744360046323
sigmaR: 32.347787781743065
widthL: 61.66744360046323
widthR: 32.347787781743065
x0: 1161.6752874186534
