alphaL: 1.57191673523785
alphaR: 2.3986433161170355
event_sum: 24.443748553475142
mean: 1158.9075342876424
nL: 4.348173649432813
nR: 4.3043300340566
norm: 24.443748553475142
sigma: 56.8236481660955
sigmaL: 59.605070480750506
sigmaR: 32.64628907258058
widthL: 59.605070480750506
widthR: 32.64628907258058
x0: 1158.9075342876424
