alphaL: 1.0715204201553234
alphaR: 2.2349892591506886
event_sum: 151.38094947700475
fraction: 0.9956317028283743
mean: 1152.1886642169347
nL: 142.8593603884226
nR: 4.782869416359992
norm: 48.81185930552311
sigma: 56.54356364781936
sigmaL: 48.86560330031173
sigmaR: 36.06469036285107
widthL: 48.86560330031173
widthR: 36.06469036285107
x0: 1152.1886642169347
