alphaL: 1.3881010227598267
alphaR: 1.9718229795885531
event_sum: 1.1301348706694845
mean: 1160.7418998609726
nL: 3.343139540052757
nR: 3.339520547709758
norm: 1.1301348706694845
sigma: 60.02095151455806
sigmaL: 52.92952327247384
sigmaR: 35.243977160311935
widthL: 52.92952327247384
widthR: 35.243977160311935
x0: 1160.7418998609726
