alphaL: 1.383839386271871
alphaR: 2.3295953102295006
event_sum: 48.98034175856124
fraction: 0.999324143292715
mean: 1160.1907383571506
nL: 10.0
nR: 3.6852908019085904
norm: 48.974091374859704
sigma: 56.916978471222755
sigmaL: 54.99127623773501
sigmaR: 35.48802626372358
widthL: 54.99127623773501
widthR: 35.48802626372358
x0: 1160.1907383571506
