alphaL: 1.3914599072250315
alphaR: 2.4872796718630026
event_sum: 48.78937288066546
mean: 1159.5097296193608
nL: 5.0
nR: 2.334303302294032
norm: 48.78937288066546
sigma: 56.8236481660955
sigmaL: 53.66164159458302
sigmaR: 35.984626184272834
widthL: 53.66164159458302
widthR: 35.984626184272834
x0: 1159.5097296193608
