alphaL: 1.520148887731831
alphaR: 2.3307040498929847
event_sum: 48.95380185437334
mean: 1160.9026539775361
nL: 4.507674392233315
nR: 3.549880753567594
norm: 48.95380185437334
sigma: 56.8236481660955
sigmaL: 56.2088983913161
sigmaR: 35.17236202355272
widthL: 56.2088983913161
widthR: 35.17236202355272
x0: 1160.9026539775361
