alphaL: 1.7537457134179333
alphaR: 2.0398511288528685
event_sum: 7.534577258159378
fraction: 0.9988870459340099
mean: 1163.670871408682
nL: 4.5569803313566215
nR: 4.255372966828056
norm: 7.534002914649824
sigma: 60.01840475528817
sigmaL: 64.0682550697393
sigmaR: 30.83825350892217
widthL: 64.0682550697393
widthR: 30.83825350892217
x0: 1163.670871408682
