alphaL: 1.625590139747585
alphaR: 2.470985148871122
event_sum: 0.7526520214836806
mean: 1162.2883397012936
nL: 4.410392490205957
nR: 1.9110701577152391
norm: 0.7526520214836806
sigma: 60.02095151455806
sigmaL: 60.991281283088135
sigmaR: 31.496237118240597
widthL: 60.991281283088135
widthR: 31.496237118240597
x0: 1162.2883397012936
