alphaL: 1.2383252861986946
alphaR: 1.152698323093669
event_sum: 0.03706960460192138
mean: 3400.5390342013284
nL: 0.1
nR: 1.5860522947692985
norm: 0.03706960460192138
sigma: 190.40000000000003
sigmaL: 237.18425892844263
sigmaR: 60.96764091098791
widthL: 237.18425892844263
widthR: 60.96764091098791
x0: 3400.5390342013284
