alphaL: 0.949315611045709
alphaR: 1.1520196120167678
event_sum: 0.08647646911341744
mean: 3371.168626868335
nL: 0.8895742221985228
nR: 2.3601607484180525
norm: 0.08647646911341744
sigma: 190.40000000000003
sigmaL: 217.9562885666881
sigmaR: 83.30511306042149
widthL: 217.9562885666881
widthR: 83.30511306042149
x0: 3371.168626868335
