alphaL: 0.7698352834910088
alphaR: 1.3017521921473336
event_sum: 0.04130718889719876
mean: 3354.2205264991353
nL: 1.004130259644031
nR: 3.568754254270505
norm: 0.04130718889719876
sigma: 190.40000000000003
sigmaL: 195.4326699984544
sigmaR: 112.63352161994575
widthL: 195.4326699984544
widthR: 112.63352161994575
x0: 3354.2205264991353
