alphaL: 0.925884943195838
alphaR: 1.3087962309659509
event_sum: 2.610249209445322
fraction: 0.752200203454182
mean: 3363.2953467502684
nL: 0.9840091084081524
nR: 1.5903601079245866
norm: 0.8011214633684212
sigma: 190.40000000000003
sigmaL: 232.7123250564925
sigmaR: 98.32410613122804
widthL: 232.7123250564925
widthR: 98.32410613122804
x0: 3363.2953467502684
