alphaL: 0.9752946335814555
alphaR: 1.0814769344136004
event_sum: 3.5220916993234663
fraction: 0.7314545675492554
mean: 3376.4832322172415
nL: 0.6031842283117348
nR: 2.153388933023229
norm: 0.3966291719851039
sigma: 190.40000000000003
sigmaL: 188.3774209517984
sigmaR: 86.5760396782999
widthL: 188.3774209517984
widthR: 86.5760396782999
x0: 3376.4832322172415
