alphaL: 1.4820012934444367
alphaR: 0.717118906180485
event_sum: 0.08074226572532142
mean: 3403.5607449007407
nL: 0.9701092303996361
nR: 1.273658246663921
norm: 0.08074226572532142
sigma: 190.40000000000003
sigmaL: 271.4498021946861
sigmaR: 49.301903801303894
widthL: 271.4498021946861
widthR: 49.301903801303894
x0: 3403.5607449007407
