alphaL: 1.4037877813023067
alphaR: 1.1049864564724465
event_sum: 11.626622230180256
fraction: 0.7357709360959678
mean: 3395.500354424207
nL: 0.4
nR: 4.5
norm: 4.005413294553644
sigma: 190.40000000000003
sigmaL: 286.4969299902624
sigmaR: 92.9001143558279
widthL: 286.4969299902624
widthR: 92.9001143558279
x0: 3395.500354424207
