alphaL: 1.1496690370360023
alphaR: 1.1349756652316358
event_sum: 0.3966954528402396
mean: 3397.432115895638
nL: 0.894373049043012
nR: 2.5786881020350902
norm: 0.3966954528402396
sigma: 190.40000000000003
sigmaL: 265.39612018393274
sigmaR: 77.66961438677743
widthL: 265.39612018393274
widthR: 77.66961438677743
x0: 3397.432115895638
