alphaL: 0.8953385761219955
alphaR: 2.27902014743304
event_sum: 0.17580993176614856
mean: 3270.510426187174
nL: 0.9867525480511388
nR: 4.119582795121678
norm: 0.17580993176614856
sigma: 190.40000000000003
sigmaL: 219.81548840074345
sigmaR: 216.80582661356573
widthL: 219.81548840074345
widthR: 216.80582661356573
x0: 3270.510426187174
