alphaL: 0.9001397008112725
alphaR: 1.306636744454094
event_sum: 14.103300871054797
fraction: 0.7341647347873282
mean: 3350.0
nL: 0.6544565338176687
nR: 3.777077050967339
norm: 1.8072084369396073
sigma: 190.40000000000003
sigmaL: 202.57298431267958
sigmaR: 127.78971221011699
widthL: 202.57298431267958
widthR: 127.78971221011699
x0: 3350.0
