alphaL: 0.9420967150148437
alphaR: 1.0296442092341076
event_sum: 0.16027378447935053
mean: 3369.860331123481
nL: 2.9250100504852634
nR: 2.9758428551328433
norm: 0.16027378447935053
sigma: 190.40000000000003
sigmaL: 252.59647817732085
sigmaR: 97.40175483075643
widthL: 252.59647817732085
widthR: 97.40175483075643
x0: 3369.860331123481
