alphaL: 0.7093685924458785
alphaR: 1.9481013335439665
event_sum: 0.3715358589166177
mean: 3332.85667507504
nL: 2.6448301300987302
nR: 1.4272032975746693
norm: 0.3715358589166177
sigma: 190.40000000000003
sigmaL: 164.37402091458142
sigmaR: 146.31318009581082
widthL: 164.37402091458142
widthR: 146.31318009581082
x0: 3332.85667507504
