alphaL: 0.6837502212003572
alphaR: 1.3004932160080005
event_sum: 0.7933355963710388
mean: 1494.4159047910475
nL: 0.9662912229609615
nR: 3.608193821888218
norm: 0.7933355963710388
sigma: 150.0
sigmaL: 124.62899438915512
sigmaR: 76.30205974826723
widthL: 124.62899438915512
widthR: 76.30205974826723
x0: 1494.4159047910475
