alphaL: 0.9714551839091474
alphaR: 1.2523276922090019
event_sum: 0.606831239658502
mean: 1485.2167004477485
nL: 1.5667581209322128
nR: 3.0465342909020956
norm: 0.606831239658502
sigma: 150.0
sigmaL: 127.02761249365564
sigmaR: 73.47830973728294
widthL: 127.02761249365564
widthR: 73.47830973728294
x0: 1485.2167004477485
