alphaL: 0.90659517733151
alphaR: 1.340678341686465
event_sum: 8.349155072002098
fraction: 0.8551805640265528
mean: 1486.0326823735927
nL: 0.8507246871930789
nR: 3.7834054137713475
norm: 6.781441920363348
sigma: 150.0
sigmaL: 129.13930013992425
sigmaR: 80.31710923601302
widthL: 129.13930013992425
widthR: 80.31710923601302
x0: 1486.0326823735927
