alphaL: 1.037741390423983
alphaR: 1.2579533109806598
event_sum: 0.6406486600830612
mean: 1492.4305405021141
nL: 1.3002361951297587
nR: 3.2396523005645697
norm: 0.6406486600830612
sigma: 150.0
sigmaL: 138.00620696289852
sigmaR: 70.86937054346502
widthL: 138.00620696289852
widthR: 70.86937054346502
x0: 1492.4305405021141
