alphaL: 0.9974138201912207
alphaR: 1.6067287353863469
event_sum: 0.7221455537483287
mean: 1476.7933863931432
nL: 0.6368811646909502
nR: 2.9377579295941314
norm: 0.7221455537483287
sigma: 150.0
sigmaL: 127.88859106124404
sigmaR: 88.70871607167688
widthL: 127.88859106124404
widthR: 88.70871607167688
x0: 1476.7933863931432
