alphaL: 0.9413385278105085
alphaR: 1.2304283011509494
event_sum: 6.5950107631759725
fraction: 0.9233762239282974
mean: 1486.45040173712
nL: 2.0629401636789897
nR: 3.3791394930604404
norm: 5.848710539447326
sigma: 150.0
sigmaL: 128.8196647927864
sigmaR: 73.96541159827581
widthL: 128.8196647927864
widthR: 73.96541159827581
x0: 1486.45040173712
