alphaL: 0.7557899921561941
alphaR: 1.3709870907860815
event_sum: 7.996407021419145
mean: 696.8808163260136
nL: 0.2665298336531549
nR: 4.346187256965329
norm_2016: 1.8991695378208533
norm_2017: 2.5422630085377023
norm_2018: 3.6582720282603987
norm_Run2: 7.996407021419145
sigma: 39.2
sigmaL: 46.89728890226856
sigmaR: 36.037991118745396
widthL: 46.89728890226856
widthR: 36.037991118745396
x0: 696.8808163260136
