alphaL: 1.2782687460740148
alphaR: 1.3595603599370267
event_sum: 1.8416003012671753
mean: 1721.693951527555
nL: 0.5208905184069768
nR: 3.392310958292519
norm: 1.8416003012671753
sigma: 175.0
sigmaL: 170.30583301190543
sigmaR: 90.58125696061555
widthL: 170.30583301190543
widthR: 90.58125696061555
x0: 1721.693951527555
