alphaL: 1.230098119364604
alphaR: 1.3922280890168217
event_sum: 1.8449441895220224
mean: 1718.8227819848098
nL: 0.23478526519647597
nR: 3.437174088401659
norm: 1.8449441895220224
sigma: 175.0
sigmaL: 175.08284201608635
sigmaR: 94.34739085909469
widthL: 175.08284201608635
widthR: 94.34739085909469
x0: 1718.8227819848098
