alphaL: 1.0263274922629884
alphaR: 1.3791881114434876
event_sum: 24.01882129179412
fraction: 0.7980199070812842
mean: 1713.9925994009404
nL: 0.48891857345850576
nR: 4.490723878812734
norm: 16.873444248911042
sigma: 175.0
sigmaL: 158.2497649446677
sigmaR: 97.0996240725512
widthL: 158.2497649446677
widthR: 97.0996240725512
x0: 1713.9925994009404
