alphaL: 0.6032882508889954
alphaR: 1.3127756002793356
event_sum: 2.0751828230889884
mean: 1732.36141054943
nL: 0.9860416518064835
nR: 3.6028412530834095
norm: 2.0751828230889884
sigma: 175.0
sigmaL: 151.85588604641418
sigmaR: 84.34787761522782
widthL: 151.85588604641418
widthR: 84.34787761522782
x0: 1732.36141054943
