alphaL: 0.9212532656463778
alphaR: 1.3033037871417024
event_sum: 1.9766534152767408
mean: 1717.8364399039879
nL: 1.0042178254034373
nR: 4.199512628055374
norm: 1.9766534152767408
sigma: 175.0
sigmaL: 149.96506529264778
sigmaR: 92.55299839333486
widthL: 149.96506529264778
widthR: 92.55299839333486
x0: 1717.8364399039879
