alphaL: 1.016115436186722
alphaR: 1.367082972209551
event_sum: 21.05684460495116
fraction: 0.8623194709091686
mean: 1710.4211660267881
nL: 1.0748811316074252
nR: 4.5
norm: 17.1698706151643
sigma: 175.0
sigmaL: 148.90196740544934
sigmaR: 99.10251157617085
widthL: 148.90196740544934
widthR: 99.10251157617085
x0: 1710.4211660267881
