alphaL: 1.360979006649909
alphaR: 1.3125573880436523
event_sum: 10.42547348508671
mean: 791.6754227747437
nL: 2.7965207107362695
nR: 2.734664979191665
norm: 10.42547348508671
sigma: 60
sigmaL: 73.44781279856547
sigmaR: 48.491838764761475
widthL: 73.44781279856547
widthR: 48.491838764761475
x0: 791.6754227747437
