alphaL: 1.1952936781976902
alphaR: 1.2314664200334549
event_sum: 0.7598010202157991
mean: 2663.0871400036135
nL: 0.1553416689442425
nR: 3.121882420305285
norm: 0.7598010202157991
sigma: 270.0
sigmaL: 307.47218042832856
sigmaR: 119.92560090190382
widthL: 307.47218042832856
widthR: 119.92560090190382
x0: 2663.0871400036135
