alphaL: 1.0207396302522525
alphaR: 1.905816714376591
event_sum: 0.48458050852119233
mean: 2607.3340083613716
nL: 0.1009933401968132
nR: 2.126172005399065
norm: 0.48458050852119233
sigma: 270.0
sigmaL: 213.60077385007096
sigmaR: 173.8367014353884
widthL: 213.60077385007096
widthR: 173.8367014353884
x0: 2607.3340083613716
