alphaL: 1.0523745166805527
alphaR: 0.9956633253631709
event_sum: 13.582524319626291
fraction: 0.7008978092229506
mean: 2674.7961556454984
nL: 0.4
nR: 4.189191165578157
norm: 6.591178405334595
sigma: 270.0
sigmaL: 301.7480874333967
sigmaR: 100.64198162326181
widthL: 301.7480874333967
widthR: 100.64198162326181
x0: 2674.7961556454984
