alphaL: 0.701204860057996
alphaR: 1.0681807576220572
event_sum: 15.370496950534578
fraction: 0.6552725532929599
mean: 2650.3558351931692
nL: 0.4010403200854021
nR: 4.43563025664545
norm: 3.9873944373229055
sigma: 270.0
sigmaL: 204.66570085825526
sigmaR: 112.78255395104419
widthL: 204.66570085825526
widthR: 112.78255395104419
x0: 2650.3558351931692
