alphaL: 0.563984529683568
alphaR: 0.7317532826501753
event_sum: 0.8787926065452419
mean: 2713.167589847925
nL: 1.0073518898305078
nR: 3.5040161487691415
norm: 0.8787926065452419
sigma: 270.0
sigmaL: 311.6367273989426
sigmaR: 64.68023298471209
widthL: 311.6367273989426
widthR: 64.68023298471209
x0: 2713.167589847925
