alphaL: 0.25100795018025635
alphaR: 0.8936209079631415
event_sum: 0.6112764527164468
mean: 2747.8467709054294
nL: 1.0000513417914842
nR: 2.9919979618627686
norm: 0.6112764527164468
sigma: 270.0
sigmaL: 579.6640703218621
sigmaR: 67.11116693663597
widthL: 579.6640703218621
widthR: 67.11116693663597
x0: 2747.8467709054294
