alphaL: 0.9639828021331911
alphaR: 1.3883627668885643
event_sum: 0.3832240825682384
mean: 2802.6035302759688
nL: 0.9668553147582869
nR: 3.0172345064015493
norm: 0.3832240825682384
sigma: 159.6
sigmaL: 174.79273433025057
sigmaR: 113.57707525567346
widthL: 174.79273433025057
widthR: 113.57707525567346
x0: 2802.6035302759688
