alphaL: 1.0573493264618359
alphaR: 1.8208483309810095
event_sum: 0.20707644488031582
mean: 2774.886606492677
nL: 1.005099870454011
nR: 3.768759361296184
norm: 0.20707644488031582
sigma: 159.6
sigmaL: 189.1241500677412
sigmaR: 142.20415989616794
widthL: 189.1241500677412
widthR: 142.20415989616794
x0: 2774.886606492677
