alphaL: 1.1069062711969642
alphaR: 1.4259577852788432
event_sum: 0.36384560459128024
mean: 2784.9682665395367
nL: 0.1
nR: 2.7019213889446285
norm: 0.36384560459128024
sigma: 159.6
sigmaL: 165.70722588363776
sigmaR: 135.0338888068972
widthL: 165.70722588363776
widthR: 135.0338888068972
x0: 2784.9682665395367
