alphaL: 1.3595369881686716
alphaR: 1.1316611582583762
event_sum: 7.2035477710211975
fraction: 0.715223532615247
mean: 2800.0
nL: 0.4
nR: 3.4038215750183025
norm: 2.228037601249304
sigma: 159.6
sigmaL: 183.27832033726307
sigmaR: 99.28615735616539
widthL: 183.27832033726307
widthR: 99.28615735616539
x0: 2800.0
