alphaL: 0.704050360194804
alphaR: 1.1302723353577233
event_sum: 0.19328179528274098
mean: 2816.270212875019
nL: 3.093732299491518
nR: 2.9792242883194184
norm: 0.19328179528274098
sigma: 159.6
sigmaL: 170.39650130426253
sigmaR: 87.09495054783606
widthL: 170.39650130426253
widthR: 87.09495054783606
x0: 2816.270212875019
