alphaL: 1.1954280137963667
alphaR: 1.455549851605281
event_sum: 7.016719934901179
fraction: 0.8244441992167104
mean: 2803.661219842939
nL: 0.7757112932288602
nR: 3.7703069738806243
norm: 3.9971292481070813
sigma: 159.6
sigmaL: 204.64988375227807
sigmaR: 117.77562174602933
widthL: 204.64988375227807
widthR: 117.77562174602933
x0: 2803.661219842939
