alphaL: 1.0837067900953754
alphaR: 1.454602914992273
event_sum: 1.0147498385694917
mean: 3153.963902299907
nL: 4.629389566073163
nR: 2.80426919808246
norm: 1.0147498385694917
sigma: 237.00139519196
sigmaL: 115.67779802466006
sigmaR: 65.0580915412051
widthL: 115.67779802466006
widthR: 65.0580915412051
x0: 3153.963902299907
