alphaL: 0.6298466457056354
alphaR: 1.7417559841840347
event_sum: 10.293706859319501
fraction: 0.9984335203504373
mean: 3131.648480499494
nL: 9.988216565623615
nR: 2.618748190459306
norm: 10.1382095233461
sigma: 236.15907781018876
sigmaL: 76.81982033954324
sigmaR: 80.60629405275243
widthL: 76.81982033954324
widthR: 80.60629405275243
x0: 3131.648480499494
