alphaL: 1.296391851932366
alphaR: 2.1909029738474564
event_sum: 2.2301822896192847
fraction: 0.9992138179699539
mean: 3147.26408401181
nL: 9.66321123361532
nR: 2.731173527541105
norm: 2.22929025288127
sigma: 141.31571837318808
sigmaL: 132.46695005039427
sigmaR: 68.76542257724083
widthL: 132.46695005039427
widthR: 68.76542257724083
x0: 3147.26408401181
