alphaL: 1.1348799606850808
alphaR: 1.5195981466249446
event_sum: 2.28334556008987
mean: 3151.8374688396466
nL: 5.0
nR: 3.215233508231461
norm: 2.28334556008987
sigma: 237.00139519196
sigmaL: 118.86391703996377
sigmaR: 62.69468904347982
widthL: 118.86391703996377
widthR: 62.69468904347982
x0: 3151.8374688396466
