alphaL: 1.2519755576540514
alphaR: 2.2324345904380154
event_sum: 2.2208444913193803
mean: 3146.492604860034
nL: 4.7086704941122814
nR: 3.1069878585443123
norm: 2.2208444913193803
sigma: 140.09702956834647
sigmaL: 125.57291588316679
sigmaR: 68.65897659486123
widthL: 125.57291588316679
widthR: 68.65897659486123
x0: 3146.492604860034
