alphaL: 1.2168388121460367
alphaR: 1.9544463740589684
event_sum: 1.4232001296956738
mean: 3145.766862087781
nL: 4.079036405426325
nR: 2.819500640400167
norm: 1.4232001296956738
sigma: 140.09702956834647
sigmaL: 114.54667729941826
sigmaR: 71.28263136918528
widthL: 114.54667729941826
widthR: 71.28263136918528
x0: 3145.766862087781
