alphaL: 0.8637744335705921
alphaR: 1.6840727752615108
event_sum: 1.01072747797539
mean: 3134.019901349537
nL: 4.721938500167714
nR: 2.928396617318782
norm: 1.01072747797539
sigma: 237.00139519196
sigmaL: 90.38819081454905
sigmaR: 78.96122776856787
widthL: 90.38819081454905
widthR: 78.96122776856787
x0: 3134.019901349537
