alphaL: 1.3966073648154465
alphaR: 1.5130329517917496
event_sum: 2.2854360162896685
mean: 3161.053565844102
nL: 4.409249286880755
nR: 3.080632060079113
norm: 2.2854360162896685
sigma: 237.00139519196
sigmaL: 137.9828704021611
sigmaR: 58.34898618239895
widthL: 137.9828704021611
widthR: 58.34898618239895
x0: 3161.053565844102
