alphaL: 0.9343512143864937
alphaR: 1.9897721394211425
event_sum: 3.0574782210915417
fraction: 0.9930469719668645
mean: 3143.1414121521357
nL: 15.663829002373006
nR: 2.999963819325534
norm: 1.4246306043977544
sigma: 141.0622473265777
sigmaL: 102.88785626543205
sigmaR: 73.5738058902011
widthL: 102.88785626543205
widthR: 73.5738058902011
x0: 3143.1414121521357
