alphaL: 1.2387537266518756
alphaR: 2.1019456749129093
event_sum: 1.413824027683237
mean: 3141.8781567890624
nL: 3.1003922090199114
nR: 2.0790018632525964
norm: 1.413824027683237
sigma: 140.09702956834647
sigmaL: 110.32981839055556
sigmaR: 73.84080836644789
widthL: 110.32981839055556
widthR: 73.84080836644789
x0: 3141.8781567890624
