alphaL: 1.120782285471604
alphaR: 1.9229193800648345
event_sum: 1.4295329832836576
fraction: 0.9989077383306377
mean: 3145.7338182258695
nL: 8.533835960224293
nR: 3.125075464683362
norm: 1.4289606272565618
sigma: 141.31571837318808
sigmaL: 117.2382447581088
sigmaR: 71.12735472996867
widthL: 117.2382447581088
widthR: 71.12735472996867
x0: 3145.7338182258695
