alphaL: 0.8520132538320805
alphaR: 1.859663271361705
event_sum: 22.899658386394066
fraction: 0.9991204416717218
mean: 3142.4670153807187
nL: 9.998833255955844
nR: 2.345590978448484
norm: 22.840081666225785
sigma: 236.15907781018876
sigmaL: 99.03125257593766
sigmaR: 69.72545672065361
widthL: 99.03125257593766
widthR: 69.72545672065361
x0: 3142.4670153807187
