alphaL: 1.5272189763364468
alphaR: 2.180713876674968
event_sum: 2.2317824105617015
mean: 3154.481703897754
nL: 4.428165136501454
nR: 2.491836461849298
norm: 2.2317824105617015
sigma: 140.09702956834647
sigmaL: 143.6457053226145
sigmaR: 64.98131689283983
widthL: 143.6457053226145
widthR: 64.98131689283983
x0: 3154.481703897754
