alphaL: 0.7237974051246632
alphaR: 1.7245750513098759
event_sum: 23.50924502443669
fraction: 0.9894941843995086
mean: 3142.441283587672
nL: 17.736251520991942
nR: 2.8125189596409497
norm: 6.281147046769159
sigma: 254.2429313050415
sigmaL: 90.15846028000482
sigmaR: 78.97464017497738
widthL: 90.15846028000482
widthR: 78.97464017497738
x0: 3142.441283587672
