alphaL: 1.4516659533505551
alphaR: 1.4248632143210591
event_sum: 0.06231709211133302
mean: 3161.251142382648
nL: 0.1
nR: 1.9590196649662186
norm: 0.06231709211133302
sigma: 176.4
sigmaL: 283.52569235690385
sigmaR: 83.2259504059197
widthL: 283.52569235690385
widthR: 83.2259504059197
x0: 3161.251142382648
