alphaL: 1.0585320235520155
alphaR: 1.6122656233667212
event_sum: 2.882495340598603
fraction: 0.7818978323226619
mean: 3100.0
nL: 0.9075097800578056
nR: 1.5356661333015473
norm: 1.1833996430223683
sigma: 176.4
sigmaL: 240.51071086704147
sigmaR: 129.18034444059384
widthL: 240.51071086704147
widthR: 129.18034444059384
x0: 3100.0
