alphaL: 0.7188486384907278
alphaR: 1.3755431709217132
event_sum: 0.0682018665058549
mean: 3110.7187465878305
nL: 1.0066092197606646
nR: 4.074107104832894
norm: 0.0682018665058549
sigma: 176.4
sigmaL: 166.8305252272129
sigmaR: 109.37993784116813
widthL: 166.8305252272129
widthR: 109.37993784116813
x0: 3110.7187465878305
