alphaL: 1.7801458610025478
alphaR: 0.9615295632282111
event_sum: 0.12391102106597121
mean: 3137.0634757990956
nL: 0.5864951621477663
nR: 1.96572109004738
norm: 0.12391102106597121
sigma: 176.4
sigmaL: 300.72498966250697
sigmaR: 86.99999018121196
widthL: 300.72498966250697
widthR: 86.99999018121196
x0: 3137.0634757990956
