alphaL: 1.0361567348579233
alphaR: 1.374263529323391
event_sum: 3.548375541435354
fraction: 0.705219811569242
mean: 3118.135643257906
nL: 0.43654632690535594
nR: 2.9854774591198128
norm: 0.6313993526963706
sigma: 176.4
sigmaL: 183.12675945182127
sigmaR: 107.957819649914
widthL: 183.12675945182127
widthR: 107.957819649914
x0: 3118.135643257906
