alphaL: 0.9905827528277632
alphaR: 1.4184712862859559
event_sum: 0.13143414393705147
mean: 3098.62583961312
nL: 0.9004166179655795
nR: 2.951954974101799
norm: 0.13143414393705147
sigma: 176.4
sigmaL: 200.54345829665664
sigmaR: 120.09056499412597
widthL: 200.54345829665664
widthR: 120.09056499412597
x0: 3098.62583961312
