alphaL: 1.033727179697722
alphaR: 2.448031803922457
event_sum: 44.26495615320416
mean: 1649.419330343202
nL: 102.77085535811145
nR: 2.0456304028201404
norm_2016: 11.701598150727504
norm_2017: 14.672281535056081
norm_2018: 21.21445923611929
norm_Run2: 44.26495615320416
sigma: 78.29733239963164
sigmaL: 67.52779112852443
sigmaR: 42.71250531363887
widthL: 67.52779112852443
widthR: 42.71250531363887
x0: 1649.419330343202
