alphaL: 1.1264287052552582
alphaR: 1.500199597381519
event_sum: 22.9333972834007
mean: 1633.8551541643171
nL: 1.8201811157098289
nR: 3.2966916990145534
norm_2016: 5.878065024704138
norm_2017: 7.158752041562214
norm_2018: 10.365361397062344
norm_Run2: 22.9333972834007
sigma: 92.4
sigmaL: 108.59924447880141
sigmaR: 72.42125713774413
widthL: 108.59924447880141
widthR: 72.42125713774413
x0: 1633.8551541643171
