alphaL: 0.547266729411481
alphaR: 0.8447169707223111
event_sum: 0.09956001358408927
mean: 3266.865261459249
nL: 1.000086642448367
nR: 2.227658365056172
norm: 0.09956001358408927
sigma: 325.0
sigmaL: 533.5035142894069
sigmaR: 67.77122803343921
widthL: 533.5035142894069
widthR: 67.77122803343921
x0: 3266.865261459249
