alphaL: 0.6516626842869524
alphaR: 0.7377147436286928
event_sum: 2.6651472182156284
fraction: 0.670058222192685
mean: 3238.3044778022104
nL: 0.6698268468021964
nR: 4.5
norm: 0.8257126591085775
sigma: 325.0
sigmaL: 379.40933804853773
sigmaR: 77.39921321915993
widthL: 379.40933804853773
widthR: 77.39921321915993
x0: 3238.3044778022104
