alphaL: 0.03077679824805477
alphaR: 0.8023783199118428
event_sum: 0.07551072665093118
mean: 3356.9503115268403
nL: 1.0005434122820664
nR: 4.128330653795948
norm: 0.07551072665093118
sigma: 325.0
sigmaL: 1000.1595000815242
sigmaR: 77.24130014412047
widthL: 1000.1595000815242
widthR: 77.24130014412047
x0: 3356.9503115268403
