alphaL: 0.7027580481517204
alphaR: 1.2548854102429814
event_sum: 0.08646550401725427
mean: 3263.9108482910788
nL: 0.5324317855183595
nR: 1.139383490857084
norm: 0.08646550401725427
sigma: 325.0
sigmaL: 350.71889210703995
sigmaR: 68.6910423637234
widthL: 350.71889210703995
widthR: 68.6910423637234
x0: 3263.9108482910788
