alphaL: 0.7307913208001413
alphaR: 1.5603449324876464
event_sum: 3.8971109361267637
fraction: 0.6345237208145856
mean: 3224.8749106759064
nL: 0.4
nR: 4.5
norm: 0.5196041752553529
sigma: 325.0
sigmaL: 468.2516913911272
sigmaR: 168.91002600580504
widthL: 468.2516913911272
widthR: 168.91002600580504
x0: 3224.8749106759064
