alphaL: 0.6029370048953446
alphaR: 2.105864303311897
event_sum: 49.225820445441144
fraction: 0.9916032128858189
mean: 3239.560614715155
nL: 130.54035773071087
nR: 1.764391112618691
norm: 11.523327711105692
sigma: 278.98145576811476
sigmaL: 83.2853962725143
sigmaR: 77.49757300278657
widthL: 83.2853962725143
widthR: 77.49757300278657
x0: 3239.560614715155
