alphaL: 0.7357189800329804
alphaR: 0.8259291257283334
event_sum: 0.05312939614039692
mean: 3314.4205939446347
nL: 0.14709748530761702
nR: 1.4716336506747487
norm: 0.05312939614039692
sigma: 325.0
sigmaL: 416.96974452049886
sigmaR: 52.870486183506735
widthL: 416.96974452049886
widthR: 52.870486183506735
x0: 3314.4205939446347
