alphaL: 1.0447399435011868
alphaR: 2.007977447928339
event_sum: 9.702393602054663
fraction: 0.9980019336672378
mean: 1909.9070960987908
nL: 9.763874270218091
nR: 2.6372471133965116
norm: 9.68767343502117
sigma: 101.46125342395393
sigmaL: 71.28039379472966
sigmaR: 53.25532765521739
widthL: 71.28039379472966
widthR: 53.25532765521739
x0: 1909.9070960987908
