alphaL: 1.6253499306410661
alphaR: 2.088472817999055
event_sum: 10.823313564516823
mean: 1915.588122847882
nL: 4.4962256207247195
nR: 3.0091562274799846
norm: 10.823313564516823
sigma: 88.5123173289498
sigmaL: 94.58051433170374
sigmaR: 42.51153941971585
widthL: 94.58051433170374
widthR: 42.51153941971585
x0: 1915.588122847882
