alphaL: 1.2894585693590759
alphaR: 1.924048165147526
event_sum: 11.50500086380917
mean: 1910.2522457462253
nL: 4.926246524941603
nR: 4.28799833953502
norm: 11.50500086380917
sigma: 88.5123173289498
sigmaL: 78.35803999578359
sigmaR: 47.55466354685442
widthL: 78.35803999578359
widthR: 47.55466354685442
x0: 1910.2522457462253
