alphaL: 1.432525086215188
alphaR: 2.1291855753105744
event_sum: 10.838894027651412
fraction: 0.9990242387184837
mean: 1914.3645236678124
nL: 9.697505355040782
nR: 2.6643939562908305
norm: 10.838681828630483
sigma: 88.08829497688487
sigmaL: 91.01063250958019
sigmaR: 42.858616306040425
widthL: 91.01063250958019
widthR: 42.858616306040425
x0: 1914.3645236678124
