alphaL: 1.2291495957114407
alphaR: 2.0714365190759723
event_sum: 11.573218620586276
fraction: 0.9990914132340689
mean: 1908.978811544663
nL: 9.89732695111874
nR: 3.2260198813512813
norm: 11.571687683700729
sigma: 88.08829497688487
sigmaL: 77.76450132564915
sigmaR: 48.759186148772365
widthL: 77.76450132564915
widthR: 48.759186148772365
x0: 1908.978811544663
