alphaL: 0.8217173244017527
alphaR: 1.9291122530138027
event_sum: 31.551923760342987
fraction: 0.9882407209515418
mean: 1900.3450814302485
nL: 21.132140843021155
nR: 2.6414548437314567
norm: 9.618579707620773
sigma: 101.74541645350581
sigmaL: 62.94597479577013
sigmaR: 52.40540215513008
widthL: 62.94597479577013
widthR: 52.40540215513008
x0: 1900.3450814302485
