alphaL: 1.2901473042224776
alphaR: 2.0044837196379413
event_sum: 1.218543794275199
mean: 1908.7370682426545
nL: 3.2667513731444955
nR: 1.8699002596774226
norm: 1.218543794275199
sigma: 101.76092373536875
sigmaL: 79.5381007434147
sigmaR: 47.36435219166356
widthL: 79.5381007434147
widthR: 47.36435219166356
x0: 1908.7370682426545
