alphaL: 1.4172419989306815
alphaR: 1.9555412230633846
event_sum: 1.222230182601591
mean: 1906.5099342663757
nL: 4.01291721513309
nR: 3.037871423608434
norm: 1.222230182601591
sigma: 101.76092373536875
sigmaL: 81.2837526263812
sigmaR: 49.143382479824886
widthL: 81.2837526263812
widthR: 49.143382479824886
x0: 1906.5099342663757
