alphaL: 1.2602462601883788
alphaR: 1.9207339520786189
event_sum: 0.9679729054700112
mean: 1911.292921384286
nL: 4.309072111778408
nR: 2.9224112787331467
norm: 0.9679729054700112
sigma: 101.76092373536875
sigmaL: 76.28514228994871
sigmaR: 52.23948537119927
widthL: 76.28514228994871
widthR: 52.23948537119927
x0: 1911.292921384286
