alphaL: 1.4309020067719838
alphaR: 1.9253412453584096
event_sum: 11.555141266598383
mean: 1912.334989184312
nL: 4.484288994836049
nR: 3.785965787092512
norm: 11.555141266598383
sigma: 88.5123173289498
sigmaL: 82.8640256422954
sigmaR: 46.366773381375815
widthL: 82.8640256422954
widthR: 46.366773381375815
x0: 1912.334989184312
