alphaL: 1.163717715178074
alphaR: 2.020076076863463
event_sum: 12.24707868107404
fraction: 0.9966297173857775
mean: 1909.6961407171516
nL: 9.878208863585364
nR: 1.9073720699885235
norm: 12.23886860590157
sigma: 101.46125342395393
sigmaL: 79.4222697425167
sigmaR: 46.63117691770439
widthL: 79.4222697425167
widthR: 46.63117691770439
x0: 1909.6961407171516
