alphaL: 1.3929253745774786
alphaR: 2.1455864365345287
event_sum: 10.786093168322985
mean: 1913.1795808449338
nL: 4.873928909007783
nR: 2.814210853664691
norm: 10.786093168322985
sigma: 88.5123173289498
sigmaL: 88.02877000084382
sigmaR: 43.41756906119832
widthL: 88.02877000084382
widthR: 43.41756906119832
x0: 1913.1795808449338
