alphaL: 1.2131178821041568
alphaR: 2.008401694772995
event_sum: 0.9644967108902909
mean: 1909.5233529798893
nL: 3.237499874794662
nR: 2.55038706677407
norm: 0.9644967108902909
sigma: 101.76092373536875
sigmaL: 73.50273739819849
sigmaR: 53.47515273250007
widthL: 73.50273739819849
widthR: 53.47515273250007
x0: 1909.5233529798893
