alphaL: 1.0004199143202834
alphaR: 2.282796817543737
event_sum: 32.417793529603856
fraction: 0.9930450915302713
mean: 1899.8130124026948
nL: 126.14080429101895
nR: 2.490783765296629
norm: 10.801915605141593
sigma: 88.93793231832454
sigmaL: 76.36382459244456
sigmaR: 47.22383960654852
widthL: 76.36382459244456
widthR: 47.22383960654852
x0: 1899.8130124026948
