alphaL: 0.01
alphaR: 2.454614370370947
event_sum: 1.500532671320985
mean: 2669.4648237133492
nL: 5.0
nR: 1.480300797829927
norm: 1.500532671320985
sigma: 167.39019529635453
sigmaL: 5.0
sigmaR: 82.28735300208984
widthL: 5.0
widthR: 82.28735300208984
x0: 2669.4648237133492
