alphaL: 1.4998988564558915
alphaR: 1.3579551103477514
event_sum: 0.7984594796452062
mean: 2722.0164682236777
nL: 3.9504334517449653
nR: 3.7251860839088873
norm: 0.7984594796452062
sigma: 167.39019529635453
sigmaL: 124.08739124462976
sigmaR: 58.81497790269539
widthL: 124.08739124462976
widthR: 58.81497790269539
x0: 2722.0164682236777
