alphaL: 1.2229237491624323
alphaR: 1.8974538493815238
event_sum: 3.3363067919905216
mean: 2708.9595083172167
nL: 4.665412711877943
nR: 2.948899877451635
norm: 3.3363067919905216
sigma: 120.0399894645802
sigmaL: 106.61842061622428
sigmaR: 55.42405144519987
widthL: 106.61842061622428
widthR: 55.42405144519987
x0: 2708.9595083172167
