alphaL: 1.1943098470702003
alphaR: 2.1598608262596817
event_sum: 2.4201375617653835
mean: 2703.0985679326154
nL: 4.6090445028594305
nR: 3.4866611447956135
norm: 2.4201375617653835
sigma: 120.0399894645802
sigmaL: 98.34355885657227
sigmaR: 66.81625980957982
widthL: 98.34355885657227
widthR: 66.81625980957982
x0: 2703.0985679326154
