alphaL: 1.4277351830077296
alphaR: 2.247337539116343
event_sum: 2.4358447231066296
fraction: 0.999198328616421
mean: 2709.0803090625786
nL: 9.170543000233877
nR: 2.1790306748509876
norm: 2.4355582613044615
sigma: 120.18792554537941
sigmaL: 108.82285602416081
sigmaR: 63.71551533501058
widthL: 108.82285602416081
widthR: 63.71551533501058
x0: 2709.0803090625786
