alphaL: 1.1616341046103393
alphaR: 1.9150790803404882
event_sum: 3.3561943627699207
fraction: 0.9992431732199101
mean: 2704.496098577778
nL: 10.0
nR: 4.5
norm: 3.3554567171382548
sigma: 120.18792554537941
sigmaL: 103.75896700906492
sigmaR: 62.24752461494816
widthL: 103.75896700906492
widthR: 62.24752461494816
x0: 2704.496098577778
