alphaL: 1.0794881802826644
alphaR: 2.0314916661105022
event_sum: 15.07795364487913
fraction: 0.998258694267476
mean: 2706.457393398459
nL: 9.984748839662752
nR: 1.969215979674734
norm: 15.045508305212753
sigma: 167.160419536778
sigmaL: 102.7770108279162
sigmaR: 63.10227826903751
widthL: 102.7770108279162
widthR: 63.10227826903751
x0: 2706.457393398459
