alphaL: 0.8924337427907993
alphaR: 2.095906863263932
event_sum: 7.248981124362173
fraction: 0.9926602557083734
mean: 2692.2776618930448
nL: 19.56632376553904
nR: 3.037810466384678
norm: 2.4253593110525524
sigma: 121.56505476108227
sigmaL: 86.92634830327847
sigmaR: 67.69185383755723
widthL: 86.92634830327847
widthR: 67.69185383755723
x0: 2692.2776618930448
