alphaL: 1.1100657598385784
alphaR: 1.787889214323331
event_sum: 0.7971323831101599
mean: 2709.457927672482
nL: 4.7266194104515025
nR: 2.4476979993693404
norm: 0.7971323831101599
sigma: 167.39019529635453
sigmaL: 100.31173029451347
sigmaR: 70.02157538118155
widthL: 100.31173029451347
widthR: 70.02157538118155
x0: 2709.457927672482
