alphaL: 0.9905638968189113
alphaR: 1.7038752079129087
event_sum: 8.050151219338764
fraction: 0.9981176131341305
mean: 2707.2171933807294
nL: 9.802105658039471
nR: 2.8904638822531608
norm: 7.991435409730341
sigma: 167.160419536778
sigmaL: 97.36086199440948
sigmaR: 70.82188192742818
widthL: 97.36086199440948
widthR: 70.82188192742818
x0: 2707.2171933807294
