alphaL: 1.5029718687088294
alphaR: 1.5427156248225848
event_sum: 1.50375988386228
mean: 2718.367298185992
nL: 4.287418564365444
nR: 3.0106806701076496
norm: 1.50375988386228
sigma: 167.39019529635453
sigmaL: 124.4232574459183
sigmaR: 54.37159594299755
widthL: 124.4232574459183
widthR: 54.37159594299755
x0: 2718.367298185992
