alphaL: 1.3808330462413303
alphaR: 1.922792811053819
event_sum: 3.3502050435986757
mean: 2707.8987819935314
nL: 4.495201702788982
nR: 3.7692986948070524
norm: 3.3502050435986757
sigma: 120.0399894645802
sigmaL: 112.60125261528565
sigmaR: 61.370302630396104
widthL: 112.60125261528565
widthR: 61.370302630396104
x0: 2707.8987819935314
