alphaL: 1.3022357080113407
alphaR: 2.106424539657172
event_sum: 2.4317362153410573
mean: 2699.8055594067164
nL: 3.418532544757727
nR: 3.976427328711611
norm: 2.4317362153410573
sigma: 120.0399894645802
sigmaL: 97.26803830454125
sigmaR: 68.18051256608462
widthL: 97.26803830454125
widthR: 68.18051256608462
x0: 2699.8055594067164
