alphaL: 0.8483523746596582
alphaR: 1.2464475189087556
event_sum: 19.027506260410977
mean: 1276.1172463882901
nL: 3.3724612915144743
nR: 5.166277665943538
norm_2016: 4.779726290654123
norm_2017: 5.931600304252057
norm_2018: 8.651746461115215
norm_Run2: 19.027506260410977
sigma: 130.0
sigmaL: 103.60744932473145
sigmaR: 71.82794273929719
widthL: 103.60744932473145
widthR: 71.82794273929719
x0: 1276.1172463882901
