alphaL: 0.9487049087171
alphaR: 2.4309770771480026
event_sum: 27.782052811382858
mean: 1301.1110196981094
nL: 67.19745832308618
nR: 2.0638617124496887
norm_2016: 7.2695138185227295
norm_2017: 8.594094770401368
norm_2018: 12.56632318756449
norm_Run2: 27.782052811382858
sigma: 67.60915188501207
sigmaL: 52.49491632036836
sigmaR: 36.45950099776215
widthL: 52.49491632036836
widthR: 36.45950099776215
x0: 1301.1110196981094
