alphaL: 1.1048859172776062
alphaR: 2.310350980905965
event_sum: 8.969121234508057
fraction: 0.9988131352462875
mean: 1946.4765353461694
nL: 9.939869623776035
nR: 2.5183960818067637
norm: 8.967352810123588
sigma: 91.52688476363208
sigmaL: 71.97880785078091
sigmaR: 51.75256072227946
widthL: 71.97880785078091
widthR: 51.75256072227946
x0: 1946.4765353461694
