alphaL: 1.3728925365891038
alphaR: 1.9267379692853885
event_sum: 8.344700699768245
mean: 1951.8492393233055
nL: 4.655692881033868
nR: 3.658274211364938
norm: 8.344700699768245
sigma: 92.11114766128352
sigmaL: 90.2574077061327
sigmaR: 45.149249730724705
widthL: 90.2574077061327
widthR: 45.149249730724705
x0: 1951.8492393233055
