alphaL: 1.338789004554317
alphaR: 2.088986923437112
event_sum: 9.467238663257135
mean: 1949.7289362315069
nL: 4.505671317787562
nR: 3.1954004276883765
norm: 9.467238663257135
sigma: 92.11114766128352
sigmaL: 78.62698823311646
sigmaR: 49.56549117789137
widthL: 78.62698823311646
widthR: 49.56549117789137
x0: 1949.7289362315069
