alphaL: 1.0833964676553294
alphaR: 1.6012696963006323
event_sum: 8.498293545799603
fraction: 0.998107521907538
mean: 1957.7510590010368
nL: 9.97705645161769
nR: 3.4243790517377573
norm: 8.489453362736684
sigma: 103.65307499757216
sigmaL: 79.43942581552791
sigmaR: 44.7788475140072
widthL: 79.43942581552791
widthR: 44.7788475140072
x0: 1957.7510590010368
