alphaL: 1.4126055780243205
alphaR: 2.0103393011082487
event_sum: 7.94931319892513
fraction: 0.9988340335856144
mean: 1953.4861765176797
nL: 9.431285343674572
nR: 2.8429342216728006
norm: 7.94618947085685
sigma: 91.52688476363208
sigmaL: 94.36495535032823
sigmaR: 44.42957417026892
widthL: 94.36495535032823
widthR: 44.42957417026892
x0: 1953.4861765176797
