alphaL: 1.5728249561252463
alphaR: 1.9439136869836322
event_sum: 8.380225853286285
mean: 1954.1487101283167
nL: 4.499747631678113
nR: 3.2951982751251356
norm: 8.380225853286285
sigma: 92.11114766128352
sigmaL: 95.96782660891375
sigmaR: 44.06735029891111
widthL: 95.96782660891375
widthR: 44.06735029891111
x0: 1954.1487101283167
