alphaL: 1.1587378589141162
alphaR: 2.157302484549823
event_sum: 9.429884931792234
mean: 1947.0293265697032
nL: 4.881331310318901
nR: 3.3248259693872995
norm: 9.429884931792234
sigma: 92.11114766128352
sigmaL: 72.64268333579736
sigmaR: 51.07199254747481
widthL: 72.64268333579736
widthR: 51.07199254747481
x0: 1947.0293265697032
