alphaL: 1.2534846204888195
alphaR: 2.129910051076675
event_sum: 1.0262397528405856
mean: 1951.4982390633327
nL: 3.3952898900656563
nR: 1.8610042625103331
norm: 1.0262397528405856
sigma: 103.52586309147762
sigmaL: 82.45813989271086
sigmaR: 46.14079609763736
widthL: 82.45813989271086
widthR: 46.14079609763736
x0: 1951.4982390633327
