alphaL: 0.916279913108526
alphaR: 2.1075118862783158
event_sum: 9.91612774235862
fraction: 0.9971604369925035
mean: 1948.1715136014216
nL: 10.0
nR: 1.9925103187693267
norm: 9.907824831409922
sigma: 103.65307499757216
sigmaL: 72.83165789699083
sigmaR: 47.2927679340077
widthL: 72.83165789699083
widthR: 47.2927679340077
x0: 1948.1715136014216
