alphaL: 1.1537567540597329
alphaR: 1.5442853385177615
event_sum: 0.8822627115155545
mean: 1958.4466535846138
nL: 4.7905635577313355
nR: 3.8728125791695085
norm: 0.8822627115155545
sigma: 103.52586309147762
sigmaL: 79.54447333200041
sigmaR: 44.40512942148318
widthL: 79.54447333200041
widthR: 44.40512942148318
x0: 1958.4466535846138
