alphaL: 1.1889195664058532
alphaR: 2.064881963240135
event_sum: 1.0307101796968927
mean: 1948.049587105737
nL: 4.238085424166723
nR: 2.5165167449343944
norm: 1.0307101796968927
sigma: 103.52586309147762
sigmaL: 76.82593427235625
sigmaR: 47.93666436444303
widthL: 76.82593427235625
widthR: 47.93666436444303
x0: 1948.049587105737
