alphaL: 1.2122375523503517
alphaR: 1.608144859454155
event_sum: 0.8851453341208748
mean: 1956.6685210348967
nL: 4.5125807231857715
nR: 3.451743969484
norm: 0.8851453341208748
sigma: 103.52586309147762
sigmaL: 80.3915860241242
sigmaR: 46.12439748801009
widthL: 80.3915860241242
widthR: 46.12439748801009
x0: 1956.6685210348967
