alphaL: 1.2125576927934134
alphaR: 1.6147327546666408
event_sum: 0.9527190108995004
mean: 1523.478592435091
nL: 0.37140117009683254
nR: 2.2133581190994986
norm: 0.9527190108995004
sigma: 155.0
sigmaL: 161.30153867937815
sigmaR: 87.35323067424127
widthL: 161.30153867937815
widthR: 87.35323067424127
x0: 1523.478592435091
