alphaL: 1.1537261919776485
alphaR: 1.323721528779878
event_sum: 11.344596227340382
fraction: 0.8430068334200235
mean: 1526.6587557113355
nL: 0.47480773588583214
nR: 4.446302135119646
norm: 8.938528560187423
sigma: 155.0
sigmaL: 161.48487684280886
sigmaR: 82.59160640130375
widthL: 161.48487684280886
widthR: 82.59160640130375
x0: 1526.6587557113355
