alphaL: 0.9121897144857563
alphaR: 1.28615518729372
event_sum: 9.733685505162773
fraction: 0.9047711374996725
mean: 1512.7970224489875
nL: 1.7539192161384862
nR: 4.498329889626327
norm: 8.457172116096912
sigma: 155.0
sigmaL: 125.54622490692911
sigmaR: 85.1351496891393
widthL: 125.54622490692911
widthR: 85.1351496891393
x0: 1512.7970224489875
