alphaL: 1.0817779981388451
alphaR: 1.534205382363327
event_sum: 0.8846294252738792
mean: 1505.111397364756
nL: 0.9518803075480501
nR: 3.272197148381729
norm: 0.8846294252738792
sigma: 155.0
sigmaL: 124.52732634778394
sigmaR: 95.56391052963978
widthL: 124.52732634778394
widthR: 95.56391052963978
x0: 1505.111397364756
