alphaL: 1.166618615976737
alphaR: 0.9751097769532093
event_sum: 0.9377060337865456
mean: 1541.1561594309514
nL: 1.056098432235133
nR: 3.595578402599789
norm: 0.9377060337865456
sigma: 155.0
sigmaL: 164.18442603291425
sigmaR: 57.94419352581572
widthL: 164.18442603291425
widthR: 57.94419352581572
x0: 1541.1561594309514
