alphaL: 0.7156953873592508
alphaR: 1.4516250570513822
event_sum: 1.051410503469775
mean: 1519.583160277123
nL: 1.0645568915212682
nR: 3.678279935626321
norm: 1.051410503469775
sigma: 155.0
sigmaL: 128.46365951399127
sigmaR: 90.2601231604041
widthL: 128.46365951399127
widthR: 90.2601231604041
x0: 1519.583160277123
