alphaL: 1.2615982251128115
alphaR: 1.6198500460915533
event_sum: 0.6560614412254562
mean: 845.0524736352696
nL: 2.2914292687864934
nR: 2.0578410911405665
norm: 0.6560614412254562
sigma: 47.6
sigmaL: 59.77228177961866
sigmaR: 40.52770800980426
widthL: 59.77228177961866
widthR: 40.52770800980426
x0: 845.0524736352696
