alphaL: 1.292574927333333
alphaR: 1.5783525264709413
event_sum: 1.3597621079285502
mean: 845.4923535604823
nL: 3.4413384622462972
nR: 4.224102014635977
norm: 1.3597621079285502
sigma: 47.6
sigmaL: 59.453213406965126
sigmaR: 44.12225358934508
widthL: 59.453213406965126
widthR: 44.12225358934508
x0: 845.4923535604823
