alphaL: 1.097509752706629
alphaR: 1.4153057546765073
event_sum: 0.6662025595127798
mean: 845.2410885668127
nL: 4.352506098224896
nR: 3.614607595280063
norm: 0.6662025595127798
sigma: 47.6
sigmaL: 55.010825391614944
sigmaR: 39.10065368161943
widthL: 55.010825391614944
widthR: 39.10065368161943
x0: 845.2410885668127
