alphaL: 1.2018313637193416
alphaR: 1.7044597281237808
event_sum: 1.3402703653902412
mean: 846.5463376413861
nL: 2.2220901912738342
nR: 2.137693096502606
norm: 1.3402703653902412
sigma: 47.6
sigmaL: 59.0520928856748
sigmaR: 42.664690056379854
widthL: 59.0520928856748
widthR: 42.664690056379854
x0: 846.5463376413861
