alphaL: 1.2894566183264946
alphaR: 1.5403842732008783
event_sum: 13.643104468010971
fraction: 0.9969035699746174
mean: 845.6018424670274
nL: 4.426382964660142
nR: 3.8783853554795344
norm: 13.599575642101907
sigma: 47.6
sigmaL: 59.94890123317559
sigmaR: 43.3982316991649
widthL: 59.94890123317559
widthR: 43.3982316991649
x0: 845.6018424670274
