alphaL: 1.2870347288877373
alphaR: 1.443928667995593
event_sum: 6.68995398794927
fraction: 0.9961026333191614
mean: 844.4423250674588
nL: 2.9422137408930973
nR: 3.6713435489926884
norm: 6.661794224454342
sigma: 47.6
sigmaL: 58.949766253419746
sigmaR: 40.19751446638699
widthL: 58.949766253419746
widthR: 40.19751446638699
x0: 844.4423250674588
