alphaL: 0.9470812941179091
alphaR: 2.292752022862115
event_sum: 85.25483508499859
mean: 1450.1552286395572
nL: 121.66002750213177
nR: 2.785197640330693
norm_2016: 23.51575346658223
norm_2017: 28.383790214847465
norm_2018: 39.572038026459644
norm_Run2: 85.25483508499859
sigma: 69.81001634482544
sigmaL: 54.53462351806958
sigmaR: 42.42770295537029
widthL: 54.53462351806958
widthR: 42.42770295537029
x0: 1450.1552286395572
