alphaL: 1.0197888685458263
alphaR: 1.4834127648398812
event_sum: 26.238857719804326
mean: 1436.2292859359948
nL: 1.7531926336495176
nR: 3.8552969471003835
norm_2016: 7.143519936306159
norm_2017: 8.162765733476723
norm_2018: 11.424624165002705
norm_Run2: 26.238857719804326
sigma: 81.2
sigmaL: 92.08593074696323
sigmaR: 68.08493187002283
widthL: 92.08593074696323
widthR: 68.08493187002283
x0: 1436.2292859359948
