alphaL: 1.008427919689646
alphaR: 1.3772132658847396
event_sum: 22.533242913164436
mean: 1435.9147540919575
nL: 4.094692355002631
nR: 4.934624517097463
norm_2016: 5.703285736401386
norm_2017: 7.127636000994679
norm_2018: 10.144727526904036
norm_Run2: 22.533242913164436
sigma: 81.2
sigmaL: 94.37078659298156
sigmaR: 64.3958026654087
widthL: 94.37078659298156
widthR: 64.3958026654087
x0: 1435.9147540919575
