alphaL: 0.9232618769922865
alphaR: 2.3167931733655562
event_sum: 30.909635868637693
mean: 1450.3291834934912
nL: 62.727887646258914
nR: 1.9946679602598971
norm_2016: 8.019795509086949
norm_2017: 9.709363087573076
norm_2018: 13.933496515884611
norm_Run2: 30.909635868637693
sigma: 75.74238779877436
sigmaL: 56.108421874797344
sigmaR: 39.302814729439625
widthL: 56.108421874797344
widthR: 39.302814729439625
x0: 1450.3291834934912
