alphaL: 1.4179704580288592
alphaR: 1.9509766342985626
event_sum: 35.03323967956467
mean: 1953.4216283921924
nL: 4.499977099810779
nR: 3.9979055291139263
norm: 35.03323967956467
sigma: 91.14150338739455
sigmaL: 82.92006762755379
sigmaR: 48.33801529103329
widthL: 82.92006762755379
widthR: 48.33801529103329
x0: 1953.4216283921924
