alphaL: 1.0588906154949866
alphaR: 2.1174273209322525
event_sum: 3.20151965420884
mean: 1948.4654384453136
nL: 4.811501285202084
nR: 2.242231668127338
norm: 3.20151965420884
sigma: 104.63609834159134
sigmaL: 69.974798764497
sigmaR: 58.68497814636063
widthL: 69.974798764497
widthR: 58.68497814636063
x0: 1948.4654384453136
