alphaL: 1.2721890704167587
alphaR: 1.8112564130459232
event_sum: 3.212775912146907
mean: 1955.8075866756399
nL: 4.4485625095885295
nR: 2.693257488494818
norm: 3.212775912146907
sigma: 104.63609834159134
sigmaL: 80.27813150015265
sigmaR: 50.34706153818604
widthL: 80.27813150015265
widthR: 50.34706153818604
x0: 1955.8075866756399
