alphaL: 1.0941287889336755
alphaR: 2.052840021755978
event_sum: 39.85673154188637
fraction: 0.9969640227044299
mean: 1951.701149900614
nL: 10.0
nR: 1.9976406775979245
norm: 39.827837849438005
sigma: 104.74923087920743
sigmaL: 78.29934238999856
sigmaR: 48.03821613065672
widthL: 78.29934238999856
widthR: 48.03821613065672
x0: 1951.701149900614
