alphaL: 1.5735537943579359
alphaR: 2.094135423766074
event_sum: 33.26897914584891
mean: 1955.3668487281168
nL: 4.498241142913111
nR: 2.719810957064508
norm: 33.26897914584891
sigma: 91.14150338739455
sigmaL: 93.41114659053557
sigmaR: 44.8757842325909
widthL: 93.41114659053557
widthR: 44.8757842325909
x0: 1955.3668487281168
