alphaL: 1.1442432422163193
alphaR: 2.115101603442043
event_sum: 4.109593226320918
mean: 1950.8861112800619
nL: 4.828988549002217
nR: 1.97471235610143
norm: 4.109593226320918
sigma: 104.63609834159134
sigmaL: 78.33059425495996
sigmaR: 49.639762117515
widthL: 78.33059425495996
widthR: 49.639762117515
x0: 1950.8861112800619
