alphaL: 1.3629985469798616
alphaR: 2.1149481139012316
event_sum: 33.11307192358659
mean: 1952.3532501967777
nL: 4.987858554773267
nR: 2.9637365122567982
norm: 33.11307192358659
sigma: 91.14150338739455
sigmaL: 86.21881867149935
sigmaR: 46.42042258390474
widthL: 86.21881867149935
widthR: 46.42042258390474
x0: 1952.3532501967777
