alphaL: 1.262874478258434
alphaR: 2.022959827536196
event_sum: 34.89389837961063
mean: 1951.1730358572752
nL: 4.998347053216312
nR: 3.8862946913399585
norm: 34.89389837961063
sigma: 91.14150338739455
sigmaL: 78.32154306132516
sigmaR: 49.645576820427536
widthL: 78.32154306132516
widthR: 49.645576820427536
x0: 1951.1730358572752
