alphaL: 1.3751761474626565
alphaR: 2.1640709394260202
event_sum: 30.364405964644078
fraction: 0.9988452993531051
mean: 1953.9264792936278
nL: 9.954215659353505
nR: 2.5387916374079578
norm: 30.35575288434756
sigma: 90.99904695072091
sigmaL: 89.99846084497042
sigmaR: 45.97205978175831
widthL: 89.99846084497042
widthR: 45.97205978175831
x0: 1953.9264792936278
