alphaL: 1.025906365284566
alphaR: 1.8704067999145697
event_sum: 31.087914469484808
fraction: 0.9976291231357993
mean: 1952.5745683695488
nL: 9.994921534411088
nR: 2.5960438686505762
norm: 31.042895569422857
sigma: 104.74923087920743
sigmaL: 72.52736109266573
sigmaR: 52.01424467859896
widthL: 72.52736109266573
widthR: 52.01424467859896
x0: 1952.5745683695488
