alphaL: 1.2354697162210437
alphaR: 2.069173492649556
event_sum: 32.07194527287458
fraction: 0.9991114438409703
mean: 1951.3535458011495
nL: 10.0
nR: 3.3636131027794205
norm: 32.06811176555887
sigma: 90.99904695072091
sigmaL: 79.26379966304147
sigmaR: 50.19137213284582
widthL: 79.26379966304147
widthR: 50.19137213284582
x0: 1951.3535458011495
