alphaL: 1.327432626494305
alphaR: 1.9862860929708968
event_sum: 4.1246393985111505
mean: 1954.2439184311677
nL: 4.4999399370510575
nR: 2.0755714462884454
norm: 4.1246393985111505
sigma: 104.63609834159134
sigmaL: 84.49295712542322
sigmaR: 46.739365947144485
widthL: 84.49295712542322
widthR: 46.739365947144485
x0: 1954.2439184311677
