alphaL: 0.9264484416176691
alphaR: 2.0791427307704993
event_sum: 31.94997697016764
mean: 1948.5685886630208
nL: 63.47305150848959
nR: 4.015492069688693
norm_2016: 31.94997697016764
norm_2017: 31.94997697016764
norm_2018: 31.94997697016764
norm_Run2: 31.94997697016764
sigma: 90.91711602986585
sigmaL: 69.62260994398278
sigmaR: 51.244122093001295
widthL: 69.62260994398278
widthR: 51.244122093001295
x0: 1948.5685886630208
