alphaL: 1.0320806808384257
alphaR: 2.2071152600067934
event_sum: 30.211932702139094
mean: 1950.324033260869
nL: 128.65956166230762
nR: 2.6473197042458003
norm_2016: 7.911235072514645
norm_2017: 10.113486306844766
norm_2018: 14.65636333707371
norm_Run2: 32.68108471643312
sigma: 90.91711602986585
sigmaL: 79.91186824828446
sigmaR: 47.70638499154421
widthL: 79.91186824828446
widthR: 47.70638499154421
x0: 1950.324033260869
