alphaL: 0.8203013139203983
alphaR: 1.9215054821488533
event_sum: 30.821628108185863
mean: 1949.7060263028475
nL: 18.35863739701645
nR: 2.649800541101774
norm_2016: 30.821628108185863
norm_2017: 30.821628108185863
norm_2018: 30.821628108185863
norm_Run2: 30.821628108185863
sigma: 104.97246446602861
sigmaL: 63.91127408945148
sigmaR: 53.87702713766064
widthL: 63.91127408945148
widthR: 53.87702713766064
x0: 1949.7060263028475
