alphaL: 0.8203013139203983
alphaR: 1.9215054821488533
event_sum: 30.821628108185863
mean: 1949.7060263028475
nL: 18.35863739701645
nR: 2.649800541101774
norm_2016: 8.437640999472107
norm_2017: 9.509086740274961
norm_2018: 13.630275294371206
norm_Run2: 31.577003034118274
sigma: 104.97246446602861
sigmaL: 63.91127408945148
sigmaR: 53.87702713766064
widthL: 63.91127408945148
widthR: 53.87702713766064
x0: 1949.7060263028475
