alphaL: 0.9825496240871644
alphaR: 1.313240897715195
event_sum: 16.57671024883218
mean: 1930.9324179817747
nL: 1.3540166652074879
nR: 5.044742040110465
norm_2016: 4.322592143189439
norm_2017: 5.2822085276565955
norm_2018: 7.262044205454358
norm_Run2: 16.86684487630039
sigma: 109.2
sigmaL: 126.00962343926335
sigmaR: 83.45219716214437
widthL: 126.00962343926335
widthR: 83.45219716214437
x0: 1930.9324179817747
