alphaL: 1.0083773748703344
alphaR: 1.385794801397977
event_sum: 13.229372401421234
mean: 1896.2505051173773
nL: 0.36986933039985304
nR: 7.542306244926288
norm_2016: 3.410685462199161
norm_2017: 4.235660416523951
norm_2018: 5.795553187790136
norm_Run2: 13.229372401421234
sigma: 195.0
sigmaL: 166.99678923943483
sigmaR: 117.2363290368275
widthL: 166.99678923943483
widthR: 117.2363290368275
x0: 1896.2505051173773
