alphaL: 1.071539049253157
alphaR: 1.4603390228087016
event_sum: 14.960516959224702
mean: 1902.0495296481354
nL: 0.6365511678677722
nR: 3.705530200845133
norm_2016: 3.547989618246317
norm_2017: 4.7689865643070055
norm_2018: 6.873368047081583
norm_Run2: 14.960516959224702
sigma: 195.0
sigmaL: 159.49732792433718
sigmaR: 111.25640005334711
widthL: 159.49732792433718
widthR: 111.25640005334711
x0: 1902.0495296481354
