alphaL: 0.766360193962091
alphaR: 2.1254673732089917
event_sum: 39.536630734246984
mean: 1947.784788012239
nL: 89.13609048067713
nR: 1.9431003572204029
norm_2016: 9.832347890310265
norm_2017: 12.424224917887729
norm_2018: 18.33804668806748
norm_Run2: 39.536630734246984
sigma: 104.97246446602861
sigmaL: 64.34631614448956
sigmaR: 50.13069730992419
widthL: 64.34631614448956
widthR: 50.13069730992419
x0: 1947.784788012239
