alphaL: 1.0787645717259564
alphaR: 1.40785914773451
event_sum: 14.960516959224702
mean: 1905.2595383892015
nL: 0.639000193587636
nR: 3.870173528470736
norm_2016: 3.547989618246317
norm_2017: 4.7689865643070055
norm_2018: 6.873368047081583
norm_Run2: 14.960516959224702
sigma: 195.0
sigmaL: 162.53592100650621
sigmaR: 108.34706786591418
widthL: 162.53592100650621
widthR: 108.34706786591418
x0: 1905.2595383892015
