alphaL: 0.9082315683732691
alphaR: 1.391326960251522
event_sum: 19.87900169021004
mean: 1925.2932614365116
nL: 2.2859763023963584
nR: 4.281489963377485
norm_2016: 4.755862675189613
norm_2017: 6.293995334752196
norm_2018: 9.223143167959952
norm_Run2: 19.87900169021004
sigma: 109.2
sigmaL: 112.84369041290516
sigmaR: 83.056699126935
widthL: 112.84369041290516
widthR: 83.056699126935
x0: 1925.2932614365116
