alphaL: 0.9328304244242971
alphaR: 1.37831306680283
event_sum: 19.87900169021004
mean: 1926.344516098858
nL: 2.230243027871561
nR: 4.30297703636424
norm_2016: 19.87900169021004
norm_2017: 19.87900169021004
norm_2018: 19.87900169021004
norm_Run2: 19.87900169021004
sigma: 109.2
sigmaL: 116.06593563786085
sigmaR: 82.29929703422076
widthL: 116.06593563786085
widthR: 82.29929703422076
x0: 1926.344516098858
