alphaL: 0.9786672183670073
alphaR: 1.5116175496220903
event_sum: 2.0198816610648604
mean: 1881.5425663500685
nL: 2.736968408541773
nR: 2.5465919967802115
norm: 2.0198816610648604
sigma: 106.39999999999999
sigmaL: 122.16296467082306
sigmaR: 79.64427269392944
widthL: 122.16296467082306
widthR: 79.64427269392944
x0: 1881.5425663500685
