alphaL: 0.8633162094079722
alphaR: 1.5868129341897932
event_sum: 1.6969681365662033
mean: 1880.9301715039373
nL: 2.386081828822105
nR: 2.6063937782309914
norm: 1.6969681365662033
sigma: 106.39999999999999
sigmaL: 121.91715456467789
sigmaR: 85.89178776588459
widthL: 121.91715456467789
widthR: 85.89178776588459
x0: 1880.9301715039373
