alphaL: 0.7406151874650777
alphaR: 1.520396218301487
event_sum: 24.2967839315326
fraction: 0.9315436422759178
mean: 1864.7395776448432
nL: 2.169956668891786
nR: 3.814834203909125
norm: 20.928531190980703
sigma: 106.39999999999999
sigmaL: 77.75196887429891
sigmaR: 88.66647187166281
widthL: 77.75196887429891
widthR: 88.66647187166281
x0: 1864.7395776448432
