alphaL: 1.0776827970153586
alphaR: 1.4219052239364585
event_sum: 24.109747673721873
fraction: 0.8887351793260229
mean: 1881.8233832131314
nL: 1.0876025143555565
nR: 3.9362596413115094
norm: 17.944738733775363
sigma: 106.39999999999999
sigmaL: 126.35868375048743
sigmaR: 83.39807590221491
widthL: 126.35868375048743
widthR: 83.39807590221491
x0: 1881.8233832131314
