alphaL: 0.9698191252994793
alphaR: 1.3236140065164301
event_sum: 1.7832744587011924
mean: 1886.6385891263205
nL: 1.8333947313202952
nR: 3.794090514907619
norm: 1.7832744587011924
sigma: 106.39999999999999
sigmaL: 126.87789542176698
sigmaR: 77.72537108367771
widthL: 126.87789542176698
widthR: 77.72537108367771
x0: 1886.6385891263205
