alphaL: 0.8649936611477886
alphaR: 1.591885282032146
event_sum: 2.1017466643443736
mean: 1862.074466912055
nL: 2.1057943732444184
nR: 3.910007328337828
norm: 2.1017466643443736
sigma: 106.39999999999999
sigmaL: 96.40047374836108
sigmaR: 93.63519184398417
widthL: 96.40047374836108
widthR: 93.63519184398417
x0: 1862.074466912055
