alphaL: 2.4416263965600713
alphaR: 1.5218575834132861
event_sum: 2.897917060649267
mean: 833.9171526279725
nL: 2.551663115118365
nR: 4.043952399936902
norm: 2.897917060649267
sigma: 85.0
sigmaL: 68.3665530363526
sigmaR: 59.997577160428385
widthL: 68.3665530363526
widthR: 59.997577160428385
x0: 833.9171526279725
