alphaL: 0.888486589675851
alphaR: 1.50048212734631
event_sum: 28.26093370438277
fraction: 0.9941427407507288
mean: 834.387705702429
nL: 5.79536777628984
nR: 4.350671357193855
norm: 28.094012026932248
sigma: 85.0
sigmaL: 62.59035238802198
sigmaR: 59.25673796099542
widthL: 62.59035238802198
widthR: 59.25673796099542
x0: 834.387705702429
