alphaL: 1.1553041826415806
alphaR: 2.17555945517229
event_sum: 34.57948134645358
fraction: 0.9977502092859503
mean: 855.7527601009593
nL: 94.68518310294058
nR: 3.6840517855291988
norm: 34.53818660439912
sigma: 43.649539569828335
sigmaL: 39.69666032976449
sigmaR: 28.892874843152047
widthL: 39.69666032976449
widthR: 28.892874843152047
x0: 855.7527601009593
