alphaL: 1.0830180578516313
alphaR: 1.2840634811941125
event_sum: 1.3538168252551865
mean: 844.5455297177491
nL: 4.629519767315352
nR: 2.91151070981085
norm: 1.3538168252551865
sigma: 85.0
sigmaL: 65.06827872418779
sigmaR: 50.97807316751227
widthL: 65.06827872418779
widthR: 50.97807316751227
x0: 844.5455297177491
