alphaL: 0.9786587053715623
alphaR: 1.4905906206390493
event_sum: 2.892018767642639
mean: 841.914876863765
nL: 3.597835070371824
nR: 3.3825492290474477
norm: 2.892018767642639
sigma: 85.0
sigmaL: 59.29876225450718
sigmaR: 54.92217863897397
widthL: 59.29876225450718
widthR: 54.92217863897397
x0: 841.914876863765
