alphaL: 1.159269407472793
alphaR: 1.4176434061518715
event_sum: 13.205090319925091
fraction: 0.9866115127247962
mean: 835.6041608257759
nL: 7.2366090011204065
nR: 3.052335191065589
norm: 13.084910470107403
sigma: 85.0
sigmaL: 70.87233992335292
sigmaR: 54.73750249018274
widthL: 70.87233992335292
widthR: 54.73750249018274
x0: 835.6041608257759
