alphaL: 1.0965826565252392
alphaR: 1.4793049596868026
event_sum: 1.3500024722365385
mean: 835.1914098694535
nL: 4.758685737010505
nR: 2.784822989333574
norm: 1.3500024722365385
sigma: 85.0
sigmaL: 71.46128009325082
sigmaR: 55.31110096250989
widthL: 71.46128009325082
widthR: 55.31110096250989
x0: 835.1914098694535
