alphaL: 0.9434261855151479
alphaR: 1.4820234764349725
event_sum: 1.080222188796768
mean: 2265.331996752709
nL: 1.047205965303671
nR: 3.74720965419465
norm: 1.080222188796768
sigma: 128.8
sigmaL: 129.56687918627975
sigmaR: 101.40960246965611
widthL: 129.56687918627975
widthR: 101.40960246965611
x0: 2265.331996752709
