alphaL: 1.1105180921278588
alphaR: 1.3026482310693295
event_sum: 21.01874229364621
fraction: 0.8903585740640255
mean: 2273.8312243758674
nL: 1.1662176521417005
nR: 4.5
norm: 15.986632497282821
sigma: 128.8
sigmaL: 150.8224663237784
sigmaR: 92.69820075960904
widthL: 150.8224663237784
widthR: 92.69820075960904
x0: 2273.8312243758674
