alphaL: 1.0415041168019388
alphaR: 1.3447979102293313
event_sum: 1.5936143392308335
mean: 2271.573450296856
nL: 1.5338575887964254
nR: 3.897083021333048
norm: 1.5936143392308335
sigma: 128.8
sigmaL: 146.1184536494263
sigmaR: 94.40565974779801
widthL: 146.1184536494263
widthR: 94.40565974779801
x0: 2271.573450296856
