alphaL: 1.0426863719943518
alphaR: 1.5301038444851058
event_sum: 20.186807169174887
fraction: 0.8270748923436275
mean: 2265.5996032407393
nL: 0.7224249765515574
nR: 3.906742431002121
norm: 10.99100724299737
sigma: 128.8
sigmaL: 126.73157287873418
sigmaR: 103.11663677415949
widthL: 126.73157287873418
widthR: 103.11663677415949
x0: 2265.5996032407393
