alphaL: 0.7979983638426019
alphaR: 1.5543091875673
event_sum: 1.5217548319026106
mean: 2269.9781760298133
nL: 3.054780638569565
nR: 2.432349433483393
norm: 1.5217548319026106
sigma: 128.8
sigmaL: 127.85695993600824
sigmaR: 96.80388724568476
widthL: 127.85695993600824
widthR: 96.80388724568476
x0: 2269.9781760298133
