alphaL: 0.8656820326201372
alphaR: 1.8148071284880847
event_sum: 1.0180869838166156
mean: 2267.835644932952
nL: 3.004041403544403
nR: 1.7394749357528903
norm: 1.0180869838166156
sigma: 128.8
sigmaL: 137.91275423749292
sigmaR: 105.86161510762535
widthL: 137.91275423749292
widthR: 105.86161510762535
x0: 2267.835644932952
