alphaL: 1.4840457502117754
alphaR: 0.7635256988444579
event_sum: 2.405070117864868
mean: 2939.77605690205
nL: 4.781487494676559
nR: 3.9750563917884048
norm: 2.405070117864868
sigma: 127.73762442550941
sigmaL: 140.70487973561677
sigmaR: 22.606614910966957
widthL: 140.70487973561677
widthR: 22.606614910966957
x0: 2939.77605690205
