alphaL: 0.7278633890863094
alphaR: 2.384556714572701
event_sum: 1.5418029959492476
mean: 2891.4862536079236
nL: 4.911655913628213
nR: 1.3141750656258757
norm: 1.5418029959492476
sigma: 199.31736157453616
sigmaL: 70.25512433488876
sigmaR: 76.4230009282967
widthL: 70.25512433488876
widthR: 76.4230009282967
x0: 2891.4862536079236
