alphaL: 0.9876053208930249
alphaR: 2.1815567331993155
event_sum: 15.472845772303383
fraction: 0.9987437475945476
mean: 2901.062181333723
nL: 9.984258517330325
nR: 1.6496155163749322
norm: 15.437412027400887
sigma: 198.09121911119774
sigmaL: 100.4278741601639
sigmaR: 70.78295177374612
widthL: 100.4278741601639
widthR: 70.78295177374612
x0: 2901.062181333723
