alphaL: 1.1573750434043595
alphaR: 1.330988011878612
event_sum: 7.700961326385356
fraction: 0.9987487475939012
mean: 2915.1189787689314
nL: 9.085710551601611
nR: 4.00343569764235
norm: 7.6262753596916175
sigma: 198.09121911119774
sigmaL: 117.3944654663356
sigmaR: 63.575350294150724
widthL: 117.3944654663356
widthR: 63.575350294150724
x0: 2915.1189787689314
