alphaL: 1.1791244505116825
alphaR: 2.1059087898967572
event_sum: 2.418383576756795
fraction: 0.9993085051013562
mean: 2904.6991618594707
nL: 10.0
nR: 3.5684095341036324
norm: 2.417775287514493
sigma: 127.70936180694953
sigmaL: 111.95655989842273
sigmaR: 65.60108164182931
widthL: 111.95655989842273
widthR: 65.60108164182931
x0: 2904.6991618594707
