alphaL: 2.419474524901128
alphaR: 2.237385981632733
event_sum: 1.6243387453286042
fraction: 0.9997715353974824
mean: 2931.0260083824182
nL: 9.152474684458905
nR: 1.288913478305206
norm: 1.6239722863528019
sigma: 127.70936180694953
sigmaL: 153.29808267240062
sigmaR: 55.931419289385474
widthL: 153.29808267240062
widthR: 55.931419289385474
x0: 2931.0260083824182
