alphaL: 1.4151171894948775
alphaR: 1.796211969623041
event_sum: 1.6209716705139317
mean: 2909.0819021700327
nL: 3.7189952356087694
nR: 3.9975183566110633
norm: 1.6209716705139317
sigma: 127.73762442550941
sigmaL: 116.40379853193005
sigmaR: 63.089977662168565
widthL: 116.40379853193005
widthR: 63.089977662168565
x0: 2909.0819021700327
