alphaL: 1.4841383261026293
alphaR: 1.7852577252919235
event_sum: 1.5435109479765576
mean: 2915.3664073914733
nL: 4.398280134843514
nR: 2.430363707600256
norm: 1.5435109479765576
sigma: 199.31736157453616
sigmaL: 129.60082095181122
sigmaR: 61.542942323074406
widthL: 129.60082095181122
widthR: 61.542942323074406
x0: 2915.3664073914733
