alphaL: 1.1485996003484833
alphaR: 1.8524940227140707
event_sum: 0.7615147659143475
mean: 2901.3417723498023
nL: 4.6749533593068415
nR: 2.2313357362812956
norm: 0.7615147659143475
sigma: 199.31736157453616
sigmaL: 103.35840960024052
sigmaR: 77.74360858077883
widthL: 103.35840960024052
widthR: 77.74360858077883
x0: 2901.3417723498023
