alphaL: 1.3603909663410578
alphaR: 2.1519840569316147
event_sum: 2.4142958313916476
mean: 2906.9440810506226
nL: 4.485467072428217
nR: 2.8768491676161325
norm: 2.4142958313916476
sigma: 127.73762442550941
sigmaL: 118.17953334629243
sigmaR: 64.81148251810114
widthL: 118.17953334629243
widthR: 64.81148251810114
x0: 2906.9440810506226
