alphaL: 1.3759347671232047
alphaR: 1.594161595489406
event_sum: 0.7623641401733728
mean: 2910.606513467552
nL: 4.185889053441181
nR: 3.0022384336016144
norm: 0.7623641401733728
sigma: 199.31736157453616
sigmaL: 118.82091248143223
sigmaR: 70.12326816867188
widthL: 118.82091248143223
widthR: 70.12326816867188
x0: 2910.606513467552
