alphaL: 1.1980432403662526
alphaR: 1.9584902963258735
event_sum: 1.6131984523037977
mean: 2904.062265269918
nL: 4.470728152038388
nR: 3.921939090753847
norm: 1.6131984523037977
sigma: 127.73762442550941
sigmaL: 105.84170786724276
sigmaR: 68.62878635080716
widthL: 105.84170786724276
widthR: 68.62878635080716
x0: 2904.062265269918
