alphaL: 0.9800710953325087
alphaR: 1.3361414281873367
event_sum: 0.7010119717160705
mean: 1394.203287400343
nL: 3.207864592281925
nR: 3.5665983716029093
norm: 0.7010119717160705
sigma: 78.4
sigmaL: 89.07583898868457
sigmaR: 59.03109111366142
widthL: 89.07583898868457
widthR: 59.03109111366142
x0: 1394.203287400343
