alphaL: 1.1212071860701405
alphaR: 1.6012873079523846
event_sum: 0.67877408372442
mean: 1392.1936153354075
nL: 2.172377789250012
nR: 2.1710024725946666
norm: 0.67877408372442
sigma: 78.4
sigmaL: 95.91130708014718
sigmaR: 61.50523070348515
widthL: 95.91130708014718
widthR: 61.50523070348515
x0: 1392.1936153354075
