alphaL: 1.011691135201159
alphaR: 1.58097355841375
event_sum: 9.493158385972492
fraction: 0.9396032146982203
mean: 1392.8965534068138
nL: 1.6111549224801411
nR: 3.610982068063181
norm: 8.637057320214808
sigma: 78.4
sigmaL: 88.98551646491725
sigmaR: 68.13192864106007
widthL: 88.98551646491725
widthR: 68.13192864106007
x0: 1392.8965534068138
