alphaL: 0.5172360022259619
alphaR: 1.776349335733676
event_sum: 0.8378959661931731
mean: 1378.5081089198222
nL: 3.567818047546489
nR: 3.0075941982307124
norm: 0.8378959661931731
sigma: 78.4
sigmaL: 51.37341885607344
sigmaR: 77.40332466788666
widthL: 51.37341885607344
widthR: 77.40332466788666
x0: 1378.5081089198222
