alphaL: 0.7759001697145065
alphaR: 1.8559571244031892
event_sum: 0.7451420810466516
mean: 1386.260432248141
nL: 2.4924483940428535
nR: 1.3228384546106315
norm: 0.7451420810466516
sigma: 73.08145300759077
sigmaL: 74.49928649752385
sigmaR: 72.5086134931368
widthL: 74.49928649752385
widthR: 72.5086134931368
x0: 1386.260432248141
