alphaL: 0.9817768069161331
alphaR: 1.3490410030922215
event_sum: 0.7010119717160705
mean: 1394.1638472275392
nL: 3.241441151753605
nR: 3.632199356652244
norm: 0.7010119717160705
sigma: 78.4
sigmaL: 89.45607008774105
sigmaR: 59.53798912807251
widthL: 89.45607008774105
widthR: 59.53798912807251
x0: 1394.1638472275392
