alphaL: 0.9806237277097932
alphaR: 1.6995772493334123
event_sum: 0.8044815230969107
mean: 1395.8901415138264
nL: 2.019625256180663
nR: 2.125120890168989
norm: 0.8044815230969107
sigma: 78.4
sigmaL: 93.700645847272
sigmaR: 66.96192175216889
widthL: 93.700645847272
widthR: 66.96192175216889
x0: 1395.8901415138264
