alphaL: 0.9790168246031276
alphaR: 1.5200575840599209
event_sum: 0.6333765300005325
mean: 1389.9608340986451
nL: 2.393875153655051
nR: 2.056462760844683
norm: 0.6333765300005325
sigma: 73.08145300759077
sigmaL: 89.55827705197534
sigmaR: 61.4891949828406
widthL: 89.55827705197534
widthR: 61.4891949828406
x0: 1389.9608340986451
