alphaL: 0.8969734798647588
alphaR: 1.7277731661673394
event_sum: 9.493158385972492
mean: 1385.7177552006553
nL: 1.7348659956427575
nR: 3.101495542546691
norm: 9.493158385972492
sigma: 78.4
sigmaL: 76.60865958554699
sigmaR: 72.9960345653052
widthL: 76.60865958554699
widthR: 72.9960345653052
x0: 1385.7177552006553
