alphaL: 1.1772837440653992
alphaR: 1.4410009073830239
event_sum: 7.552816266543232
fraction: 0.9607849343755193
mean: 1391.6770302859304
nL: 2.1692659880868344
nR: 3.511586174002361
norm: 7.157604065258056
sigma: 78.4
sigmaL: 97.10405470487565
sigmaR: 61.82824874485146
widthL: 97.10405470487565
widthR: 61.82824874485146
x0: 1391.6770302859304
