alphaL: 0.5522950665394307
alphaR: 1.7036391423624824
event_sum: 0.8378959661931731
mean: 1379.641373468751
nL: 3.2398801652290166
nR: 3.233698265850764
norm: 0.8378959661931731
sigma: 78.4
sigmaL: 53.671421458418564
sigmaR: 76.22922587084446
widthL: 53.671421458418564
widthR: 76.22922587084446
x0: 1379.641373468751
