alphaL: 1.1394264264826504
alphaR: 1.5102761462105099
event_sum: 7.552816266543232
mean: 1388.2397085938403
nL: 2.3360015580504934
nR: 3.4430294163620427
norm: 7.552816266543232
sigma: 78.4
sigmaL: 94.13434541368579
sigmaR: 65.45113026197434
widthL: 94.13434541368579
widthR: 65.45113026197434
x0: 1388.2397085938403
