alphaL: 0.8411790476024539
alphaR: 2.380108985819686
event_sum: 46.96366947642176
mean: 1746.1439505200742
nL: 132.14989485563387
nR: 2.284211647992565
norm_2016: 13.120131048009956
norm_2017: 15.553337899703209
norm_2018: 21.827981471369718
norm_Run2: 46.96366947642176
sigma: 82.75215406337183
sigmaL: 58.27423737773286
sigmaR: 50.336025549826225
widthL: 58.27423737773286
widthR: 50.336025549826225
x0: 1746.1439505200742
