alphaL: 1.0051821355292543
alphaR: 1.589213678176321
event_sum: 0.8076466867645395
mean: 1145.4119782331413
nL: 2.154781367801538
nR: 2.058367615333521
norm: 0.8076466867645395
sigma: 64.4
sigmaL: 76.7582888291402
sigmaR: 51.25141512666094
widthL: 76.7582888291402
widthR: 51.25141512666094
x0: 1145.4119782331413
