alphaL: 1.1613096172863084
alphaR: 1.3470939487242974
event_sum: 5.4650423152849825
fraction: 0.98612268923828
mean: 1144.2621508305965
nL: 3.79498988960141
nR: 4.103665904724189
norm: 5.337265305609593
sigma: 64.4
sigmaL: 82.06841833031942
sigmaR: 47.256177557482445
widthL: 82.06841833031942
widthR: 47.256177557482445
x0: 1144.2621508305965
