alphaL: 1.131117497839857
alphaR: 1.4410710704056184
event_sum: 0.5281577447266989
mean: 1142.8793107081642
nL: 3.7262061790130896
nR: 3.3188264945759585
norm: 0.5281577447266989
sigma: 64.4
sigmaL: 78.207294722551
sigmaR: 48.25177323700867
widthL: 78.207294722551
widthR: 48.25177323700867
x0: 1142.8793107081642
