alphaL: 1.1525710590757683
alphaR: 1.546576698341613
event_sum: 0.515441183569819
mean: 1144.8922815697035
nL: 2.2131956344556905
nR: 2.1059769546915152
norm: 0.515441183569819
sigma: 64.4
sigmaL: 81.33308426688802
sigmaR: 48.965002857102135
widthL: 81.33308426688802
widthR: 48.965002857102135
x0: 1144.8922815697035
