alphaL: 0.815618135990527
alphaR: 1.5415989747759458
event_sum: 8.825185233067671
fraction: 0.9773698696645315
mean: 1138.7956067191822
nL: 3.067633982441956
nR: 3.683736888235915
norm: 8.543033892862475
sigma: 64.4
sigmaL: 62.26218047790279
sigmaR: 56.13850539861078
widthL: 62.26218047790279
widthR: 56.13850539861078
x0: 1138.7956067191822
