alphaL: 0.9683431315845832
alphaR: 2.537614542559311
event_sum: 24.59713787577479
fraction: 0.9919919020885302
mean: 1151.4484745083828
nL: 68.6598357405546
nR: 2.180786654846669
norm: 6.277006175614622
sigma: 59.75980198467559
sigmaL: 48.186686139197356
sigmaR: 33.99543115215108
widthL: 48.186686139197356
widthR: 33.99543115215108
x0: 1151.4484745083828
