alphaL: 0.7881534504050209
alphaR: 1.5096378948774585
event_sum: 0.8366294526935067
mean: 1140.6722815273658
nL: 3.1011876006411105
nR: 3.5461430159716314
norm: 0.8366294526935067
sigma: 64.4
sigmaL: 61.04063050355394
sigmaR: 54.47663949500584
widthL: 61.04063050355394
widthR: 54.47663949500584
x0: 1140.6722815273658
