alphaL: 1.349846261399422
alphaR: 1.164408002228208
event_sum: 9.640598956918785
fraction: 0.8739558867264012
mean: 2282.7909372955596
nL: 0.8868474152726986
nR: 4.409919235444389
norm: 7.335059601103004
sigma: 128.8
sigmaL: 176.0262265503478
sigmaR: 81.14126621559986
widthL: 176.0262265503478
widthR: 81.14126621559986
x0: 2282.7909372955596
