alphaL: 1.073286928012264
alphaR: 1.7304656200070752
event_sum: 0.4280579339656938
mean: 2267.214001146046
nL: 0.38250836905376356
nR: 1.9461658934283619
norm: 0.4280579339656938
sigma: 128.8
sigmaL: 139.1721981793201
sigmaR: 104.84171144504062
widthL: 139.1721981793201
widthR: 104.84171144504062
x0: 2267.214001146046
