alphaL: 1.1530945204711762
alphaR: 1.8122620242546554
event_sum: 0.7083387171035435
mean: 2244.307801787336
nL: 0.816283359090623
nR: 3.891182486645706
norm: 0.7083387171035435
sigma: 128.8
sigmaL: 139.8628018150596
sigmaR: 123.04690084763395
widthL: 139.8628018150596
widthR: 123.04690084763395
x0: 2244.307801787336
