alphaL: 0.8930115208245087
alphaR: 1.7433698290740085
event_sum: 8.759360175213457
fraction: 0.850520341314473
mean: 2254.48005733913
nL: 1.0186648372536165
nR: 4.055644499893127
norm: 4.739819818543475
sigma: 128.8
sigmaL: 117.21965623470959
sigmaR: 113.64771503890722
widthL: 117.21965623470959
widthR: 113.64771503890722
x0: 2254.48005733913
