alphaL: 0.9846254619448102
alphaR: 1.565937721847329
event_sum: 0.45495646536945145
mean: 2275.164023274154
nL: 1.0237543051275177
nR: 3.2086930899702955
norm: 0.45495646536945145
sigma: 128.8
sigmaL: 136.334007241376
sigmaR: 93.42216822614935
widthL: 136.334007241376
widthR: 93.42216822614935
x0: 2275.164023274154
