alphaL: 0.8185147487837654
alphaR: 2.2742789781718
event_sum: 0.6772619811384321
mean: 2240.3266610189585
nL: 2.9828331465316844
nR: 1.916933213831489
norm: 0.6772619811384321
sigma: 128.8
sigmaL: 132.64354609882324
sigmaR: 126.6141347940041
widthL: 132.64354609882324
widthR: 126.6141347940041
x0: 2240.3266610189585
