alphaL: 1.326557843155283
alphaR: 2.184055977306492
event_sum: 58.05033424714766
fraction: 0.9991852775850808
mean: 1249.5896433910475
nL: 10.0
nR: 3.832634486119005
norm: 58.0486706170395
sigma: 60.13001778388267
sigmaL: 54.963702759857185
sigmaR: 37.026120073429794
widthL: 54.963702759857185
widthR: 37.026120073429794
x0: 1249.5896433910475
