alphaL: 1.5434071609458522
alphaR: 2.354990417043934
event_sum: 1.2113029336369818
mean: 1253.0539528468485
nL: 3.764900570570098
nR: 2.1382537236766015
norm: 1.2113029336369818
sigma: 64.75881205720202
sigmaL: 63.38056829255327
sigmaR: 33.70298023830382
widthL: 63.38056829255327
widthR: 33.70298023830382
x0: 1253.0539528468485
