alphaL: 1.3785032764684388
alphaR: 2.069305849661134
event_sum: 1.5852227261192382
mean: 1254.934780127931
nL: 3.0542767072279537
nR: 2.174314579908607
norm: 1.5852227261192382
sigma: 64.75881205720202
sigmaL: 57.781880229362095
sigmaR: 36.08431995881495
widthL: 57.781880229362095
widthR: 36.08431995881495
x0: 1254.934780127931
