alphaL: 1.4952663153752686
alphaR: 2.537589045130087
event_sum: 32.63719904878766
fraction: 0.9987270181842424
mean: 1249.2811278372576
nL: 10.0
nR: 1.9458715485609563
norm: 32.63224769245595
sigma: 60.13001778388267
sigmaL: 61.749151483125466
sigmaR: 35.672644712749424
widthL: 61.749151483125466
widthR: 35.672644712749424
x0: 1249.2811278372576
