alphaL: 1.1919755895032427
alphaR: 1.8558601512199604
event_sum: 15.937938469442917
fraction: 0.99842641849169
mean: 1254.894607666409
nL: 9.955020121210978
nR: 3.2671368956888793
norm: 15.929359891099455
sigma: 64.68786290148064
sigmaL: 56.206411921137175
sigmaR: 35.494606768875805
widthL: 56.206411921137175
widthR: 35.494606768875805
x0: 1254.894607666409
