alphaL: 1.4486556638283377
alphaR: 1.7876571857861232
event_sum: 1.5907154524134368
mean: 1256.765220684043
nL: 4.567629860604515
nR: 3.5379873446489154
norm: 1.5907154524134368
sigma: 64.75881205720202
sigmaL: 60.32211971341072
sigmaR: 34.50144309847768
widthL: 60.32211971341072
widthR: 34.50144309847768
x0: 1256.765220684043
