alphaL: 1.4619226376247911
alphaR: 2.476926253588254
event_sum: 32.49652299401657
mean: 1248.5848982550447
nL: 4.8898413445548945
nR: 4.259739267182014
norm: 32.49652299401657
sigma: 60.0723166993666
sigmaL: 60.45074934467426
sigmaR: 36.01136638709265
widthL: 60.45074934467426
widthR: 36.01136638709265
x0: 1248.5848982550447
