alphaL: 1.5381101287713197
alphaR: 2.1153363719158405
event_sum: 57.91190343725928
mean: 1251.2453475030914
nL: 4.500029212354087
nR: 3.9244070343005646
norm: 57.91190343725928
sigma: 60.0723166993666
sigmaL: 57.65432899138852
sigmaR: 36.11084182246936
widthL: 57.65432899138852
widthR: 36.11084182246936
x0: 1251.2453475030914
