alphaL: 1.3581753683567912
alphaR: 2.1202737216490917
event_sum: 57.720907894665075
mean: 1249.8465763160689
nL: 4.9897415678121915
nR: 4.363481226455282
norm: 57.720907894665075
sigma: 60.0723166993666
sigmaL: 54.44958096691909
sigmaR: 36.759281121253025
widthL: 54.44958096691909
widthR: 36.759281121253025
x0: 1249.8465763160689
