alphaL: 1.5811895532304912
alphaR: 2.0091877173858377
event_sum: 1.215641349732222
mean: 1253.3140387608023
nL: 4.243118532029762
nR: 3.9995513765477053
norm: 1.215641349732222
sigma: 64.75881205720202
sigmaL: 62.842144559906885
sigmaR: 32.870403493450645
widthL: 62.842144559906885
widthR: 32.870403493450645
x0: 1253.3140387608023
