alphaL: 1.6752570830847568
alphaR: 2.3801937634070978
event_sum: 32.630813580570795
mean: 1250.1243587424149
nL: 4.468248062821843
nR: 3.871947767306482
norm: 32.630813580570795
sigma: 60.0723166993666
sigmaL: 63.760837566638976
sigmaR: 35.28979242702367
widthL: 63.760837566638976
widthR: 35.28979242702367
x0: 1250.1243587424149
