alphaL: 1.4093716270869292
alphaR: 2.4999602242520766
event_sum: 12.173955542602517
fraction: 0.9981873011217509
mean: 1251.3673778245363
nL: 9.572608712695896
nR: 1.6915713687793268
norm: 12.171111762315816
sigma: 64.68786290148064
sigmaL: 60.583676735001404
sigmaR: 34.38190634883968
widthL: 60.583676735001404
widthR: 34.38190634883968
x0: 1251.3673778245363
