alphaL: 0.7095078935219136
alphaR: 0.9127016254199172
event_sum: 0.2560760559513537
mean: 2555.2063898640204
nL: 1.0000410620754383
nR: 2.0680600838211487
norm: 0.2560760559513537
sigma: 255.0
sigmaL: 329.00746021102884
sigmaR: 64.7128328864453
widthL: 329.00746021102884
widthR: 64.7128328864453
x0: 2555.2063898640204
