alphaL: 1.0845351236396097
alphaR: 0.970479800518494
event_sum: 3.1620593389344047
fraction: 0.7400602310794963
mean: 2530.895369179404
nL: 0.4709810502934627
nR: 3.4736177093748584
norm: 1.6991448203319548
sigma: 255.0
sigmaL: 284.48298810044093
sigmaR: 89.28371037928669
widthL: 284.48298810044093
widthR: 89.28371037928669
x0: 2530.895369179404
