alphaL: 0.7572072580604226
alphaR: 0.8436043619223295
event_sum: 3.879600358717647
fraction: 0.6583776820179063
mean: 2528.824375677008
nL: 0.4
nR: 3.6639916852881695
norm: 1.2442407250164107
sigma: 255.0
sigmaL: 261.7810806896774
sigmaR: 76.9913434784687
widthL: 261.7810806896774
widthR: 76.9913434784687
x0: 2528.824375677008
