alphaL: 1.0518151810909668
alphaR: 1.032889648545588
event_sum: 0.17031569123052673
mean: 2583.6345360992304
nL: 0.11495175874484491
nR: 1.4520702755349681
norm: 0.17031569123052673
sigma: 255.0
sigmaL: 346.38186695315227
sigmaR: 48.86230741879395
widthL: 346.38186695315227
widthR: 48.86230741879395
x0: 2583.6345360992304
