alphaL: 1.26810114200228
alphaR: 0.887607491339011
event_sum: 0.2248759631091561
mean: 2543.515419431534
nL: 0.18866901854467846
nR: 2.5393357417612354
norm: 0.2248759631091561
sigma: 255.0
sigmaL: 306.5576209227686
sigmaR: 73.2341736309965
widthL: 306.5576209227686
widthR: 73.2341736309965
x0: 2543.515419431534
