alphaL: 0.3379439740366018
alphaR: 0.8659058973396714
event_sum: 0.2083781767453413
mean: 2586.5997687957397
nL: 0.9998843132398083
nR: 2.8682223288866147
norm: 0.2083781767453413
sigma: 255.0
sigmaL: 493.9293169428592
sigmaR: 63.182903135133635
widthL: 493.9293169428592
widthR: 63.182903135133635
x0: 2586.5997687957397
