alphaL: 1.3862191634208965
alphaR: 2.1716593797674104
event_sum: 4.240662628421191
mean: 3251.8284088626788
nL: 4.497771809127201
nR: 2.6649828411197083
norm: 4.240662628421191
sigma: 147.0657423345402
sigmaL: 137.27125952808396
sigmaR: 69.28978280013698
widthL: 137.27125952808396
widthR: 69.28978280013698
x0: 3251.8284088626788
