alphaL: 1.0106138101547943
alphaR: 1.7901519899959424
event_sum: 2.394228600310779
mean: 3240.320984606107
nL: 4.516005722808081
nR: 2.5765386983130676
norm: 2.394228600310779
sigma: 274.45983279252476
sigmaL: 106.26617949372083
sigmaR: 82.40118926000228
widthL: 106.26617949372083
widthR: 82.40118926000228
x0: 3240.320984606107
