alphaL: 1.4070775117715046
alphaR: 1.6656652305564756
event_sum: 5.1516715131715785
mean: 3259.3664902010833
nL: 4.498871577034917
nR: 2.6411097651408566
norm: 5.1516715131715785
sigma: 274.45983279252476
sigmaL: 139.89152004873236
sigmaR: 65.43274289292249
widthL: 139.89152004873236
widthR: 65.43274289292249
x0: 3259.3664902010833
