alphaL: 0.5146276958994462
alphaR: 2.4215394564568946
event_sum: 4.219872779452236
mean: 3229.84010626549
nL: 4.611016035516152
nR: 2.4641504317699643
norm: 4.219872779452236
sigma: 147.0657423345402
sigmaL: 70.3241659850738
sigmaR: 77.92527457633689
widthL: 70.3241659850738
widthR: 77.92527457633689
x0: 3229.84010626549
