alphaL: 1.2141331477606654
alphaR: 1.7859644202774008
event_sum: 5.145799230224567
mean: 3252.5633308442543
nL: 4.892398040316841
nR: 2.5941732164976763
norm: 5.145799230224567
sigma: 274.45983279252476
sigmaL: 125.672140155735
sigmaR: 69.85095048880271
widthL: 125.672140155735
widthR: 69.85095048880271
x0: 3252.5633308442543
