alphaL: 1.106733921670523
alphaR: 1.8934983152015494
event_sum: 2.7972708011529703
mean: 3247.699843868013
nL: 4.509622111471474
nR: 2.926816125303968
norm: 2.7972708011529703
sigma: 147.0657423345402
sigmaL: 115.33989230592643
sigmaR: 72.4776288401974
widthL: 115.33989230592643
widthR: 72.4776288401974
x0: 3247.699843868013
