alphaL: 1.35297765738263
alphaR: 1.632469449200519
event_sum: 2.813876777174781
mean: 3255.743253481805
nL: 4.466391433880784
nR: 4.370397966640607
norm: 2.813876777174781
sigma: 147.0657423345402
sigmaL: 131.82908330321342
sigmaR: 67.94013876835595
widthL: 131.82908330321342
widthR: 67.94013876835595
x0: 3255.743253481805
