alphaL: 0.9387649651929838
alphaR: 1.727458425064358
event_sum: 49.225820445441144
fraction: 0.9994134922801454
mean: 3248.0176724589305
nL: 9.97732278875808
nR: 3.097218077337364
norm: 49.0496801797906
sigma: 272.06728299025883
sigmaL: 110.51585818035217
sigmaR: 71.46693530047826
widthL: 110.51585818035217
widthR: 71.46693530047826
x0: 3248.0176724589305
