alphaL: 1.1538054287693251
alphaR: 1.8906848213241485
event_sum: 2.5430249502975357
fraction: 0.999142133758738
mean: 3251.0822619022856
nL: 9.532511639495677
nR: 2.8061485760926437
norm: 2.5404870042384657
sigma: 147.3174002000904
sigmaL: 121.84499564077605
sigmaR: 69.84850530033528
widthL: 121.84499564077605
widthR: 69.84850530033528
x0: 3251.0822619022856
