alphaL: 0.6728545544747199
alphaR: 1.9435042743225242
event_sum: 23.072199179247885
fraction: 0.9985490651071391
mean: 3233.2874085745893
nL: 10.0
nR: 2.1595317973915193
norm: 22.67844805055947
sigma: 272.06728299025883
sigmaL: 83.80091648043089
sigmaR: 85.08396961771169
widthL: 83.80091648043089
widthR: 85.08396961771169
x0: 3233.2874085745893
