alphaL: 1.269046910999829
alphaR: 2.043230792285596
event_sum: 3.9320186313394374
fraction: 0.9991480991291296
mean: 3251.8947204237284
nL: 9.50804492475627
nR: 3.131308489994111
norm: 3.930908667409719
sigma: 147.3174002000904
sigmaL: 135.37096049946763
sigmaR: 68.2646525971504
widthL: 135.37096049946763
widthR: 68.2646525971504
x0: 3251.8947204237284
