alphaL: 0.9862864697774393
alphaR: 1.815558644071824
event_sum: 2.385507864574188
mean: 3241.0639413449194
nL: 4.897612725986297
nR: 2.987719936813458
norm: 2.385507864574188
sigma: 274.45983279252476
sigmaL: 106.22020807979116
sigmaR: 82.75154559459234
widthL: 106.22020807979116
widthR: 82.75154559459234
x0: 3241.0639413449194
