alphaL: 0.951359347542873
alphaR: 1.9651773904288037
event_sum: 2.5378003547561767
mean: 3242.5754672086528
nL: 14.7150675189122
nR: 3.159552230660473
norm_2016: 0.787516620309715
norm_2017: 0.7922168015920524
norm_2018: 1.2067181389316104
norm_Run2: 2.786451560833378
sigma: 144.88143976721665
sigmaL: 106.63910220495428
sigmaR: 75.66916616776709
widthL: 106.63910220495428
widthR: 75.66916616776709
x0: 3242.5754672086528
