alphaL: 0.951359347542873
alphaR: 1.9651773904288037
event_sum: 2.5378003547561767
mean: 3242.5754672086528
nL: 14.7150675189122
nR: 3.159552230660473
norm_2016: 2.5378003547561767
norm_2017: 2.5378003547561767
norm_2018: 2.5378003547561767
norm_Run2: 2.5378003547561767
sigma: 144.88143976721665
sigmaL: 106.63910220495428
sigmaR: 75.66916616776709
widthL: 106.63910220495428
widthR: 75.66916616776709
x0: 3242.5754672086528
