alphaL: 0.8695915372771448
alphaR: 2.203921182642916
event_sum: 3.92693557123939
mean: 3241.2302929011335
nL: 32.624964084395586
nR: 3.1482037278019854
norm_2016: 3.92693557123939
norm_2017: 3.92693557123939
norm_2018: 3.92693557123939
norm_Run2: 3.92693557123939
sigma: 144.88143976721665
sigmaL: 107.55886831738732
sigmaR: 73.838507226513
widthL: 107.55886831738732
widthR: 73.838507226513
x0: 3241.2302929011335
