alphaL: 1.1608214646867667
alphaR: 1.1459500459277803
event_sum: 2.1564698565632168
mean: 3200.813659446785
nL: 0.441978926062255
nR: 8.039374064726665
norm_2016: 0.4595301732308829
norm_2017: 0.7514043426146151
norm_2018: 0.9781451904695289
norm_Run2: 2.1564698565632168
sigma: 182.0
sigmaL: 219.1672709093807
sigmaR: 124.07628470451135
widthL: 219.1672709093807
widthR: 124.07628470451135
x0: 3200.813659446785
