alphaL: 1.1110124709507678
alphaR: 1.2063363442356607
event_sum: 2.1564698565632168
mean: 3195.670550815634
nL: 0.5024363869839418
nR: 7.904894037756373
norm_2016: 2.1564698565632168
norm_2017: 2.1564698565632168
norm_2018: 2.1564698565632168
norm_Run2: 2.1564698565632168
sigma: 182.0
sigmaL: 214.53804205873084
sigmaR: 130.00019012840644
widthL: 214.53804205873084
widthR: 130.00019012840644
x0: 3195.670550815634
