alphaL: 0.772691444805956
alphaR: 1.2649935154761338
event_sum: 1.8631494212599395
mean: 3191.1438588544265
nL: 0.10011128042617011
nR: 5.892586733360977
norm_2016: 1.8631494212599395
norm_2017: 1.8631494212599395
norm_2018: 1.8631494212599395
norm_Run2: 1.8631494212599395
sigma: 325.0
sigmaL: 289.80358647060797
sigmaR: 143.212454806302
widthL: 289.80358647060797
widthR: 143.212454806302
x0: 3191.1438588544265
