alphaL: 0.7251448810057164
alphaR: 1.6498840619731865
event_sum: 22.524370239765474
mean: 3244.2105563205528
nL: 20.011210199788707
nR: 3.0354744795656945
norm_2016: 22.524370239765474
norm_2017: 22.524370239765474
norm_2018: 22.524370239765474
norm_Run2: 22.524370239765474
sigma: 278.98145576811476
sigmaL: 94.0020065367383
sigmaR: 78.86547272575785
widthL: 94.0020065367383
widthR: 78.86547272575785
x0: 3244.2105563205528
