alphaL: 0.8214373915152395
alphaR: 1.3807767961492132
event_sum: 3.1811461740711535
mean: 3171.0493049551587
nL: 0.28731740103834613
nR: 5.274787284836114
norm_2016: 3.1811461740711535
norm_2017: 3.1811461740711535
norm_2018: 3.1811461740711535
norm_Run2: 3.1811461740711535
sigma: 325.0
sigmaL: 284.2736688888325
sigmaR: 155.39017411158846
widthL: 284.2736688888325
widthR: 155.39017411158846
x0: 3171.0493049551587
