alphaL: 0.771969516212361
alphaR: 1.9924679937881664
event_sum: 4.837767715250477
mean: 3174.8632292412503
nL: 1.3493378068769537
nR: 2.0196471199608172
norm_2016: 4.837767715250477
norm_2017: 4.837767715250477
norm_2018: 4.837767715250477
norm_Run2: 4.837767715250477
sigma: 182.0
sigmaL: 142.8431985290353
sigmaR: 147.35732582440014
widthL: 142.8431985290353
widthR: 147.35732582440014
x0: 3174.8632292412503
