alphaL: 0.6201920978837375
alphaR: 2.0954529457532765
event_sum: 48.880682757906925
mean: 3240.2015004257273
nL: 120.26313109325311
nR: 1.7591003587184901
norm_2016: 11.523327711105692
norm_2017: 15.732993141623561
norm_2018: 22.898644968836948
norm_Run2: 50.15496582156619
sigma: 278.98145576811476
sigmaL: 85.38392955064609
sigmaR: 77.1560313430422
widthL: 85.38392955064609
widthR: 77.1560313430422
x0: 3240.2015004257273
