alphaL: 0.771969516212361
alphaR: 1.9924679937881664
event_sum: 4.837767715250477
mean: 3174.8632292412503
nL: 1.3493378068769537
nR: 2.0196471199608172
norm_2016: 0.9352552391223722
norm_2017: 1.5280418716559827
norm_2018: 2.441845879824167
norm_Run2: 4.905142990602522
sigma: 182.0
sigmaL: 142.8431985290353
sigmaR: 147.35732582440014
widthL: 142.8431985290353
widthR: 147.35732582440014
x0: 3174.8632292412503
