alphaL: 1.7379645745104813
alphaR: 1.2655644353879967
event_sum: 6.166597891431251
fraction: 0.7493680618786471
mean: 3171.061520237994
nL: 0.4
nR: 2.797945899062282
norm: 2.7389620406536004
sigma: 179.20000000000002
sigmaL: 286.21900992960065
sigmaR: 101.20456119264502
widthL: 286.21900992960065
widthR: 101.20456119264502
x0: 3171.061520237994
