alphaL: 0.5247704533894535
alphaR: 2.465670324288563
event_sum: 0.24876721273449318
mean: 3092.7198027828863
nL: 2.7801981656765045
nR: 1.0764154516926396
norm: 0.24876721273449318
sigma: 179.20000000000002
sigmaL: 149.06831627972986
sigmaR: 178.60611978647324
widthL: 149.06831627972986
widthR: 178.60611978647324
x0: 3092.7198027828863
