alphaL: 0.9782006534314318
alphaR: 1.3840838915275007
event_sum: 0.26329109726460076
mean: 3152.2422786297557
nL: 1.0509872162919138
nR: 2.929028401055413
norm: 0.26329109726460076
sigma: 179.20000000000002
sigmaL: 203.8933904962739
sigmaR: 107.11148130792611
widthL: 203.8933904962739
widthR: 107.11148130792611
x0: 3152.2422786297557
