alphaL: 1.7498242180834014
alphaR: 2.505068543892923
event_sum: 0.10468053949460317
mean: 3102.512617546815
nL: 0.1
nR: 0.2082647506962908
norm: 0.10468053949460317
sigma: 179.20000000000002
sigmaL: 261.09651451051667
sigmaR: 175.95801967343107
widthL: 261.09651451051667
widthR: 175.95801967343107
x0: 3102.512617546815
