alphaL: 1.0389853932025024
alphaR: 1.08030344287803
event_sum: 6.522595729047953
fraction: 0.7744974005535988
mean: 3163.810616866353
nL: 0.8154620117315644
nR: 4.5
norm: 1.2007133618328782
sigma: 179.20000000000002
sigmaL: 217.0654793232492
sigmaR: 103.65669824615766
widthL: 217.0654793232492
widthR: 103.65669824615766
x0: 3163.810616866353
