alphaL: 0.6119433626817621
alphaR: 2.1122445409706536
event_sum: 49.18182973730289
fraction: 0.9913995559179091
mean: 3190.0524109600638
nL: 130.78238506539512
nR: 1.7330447437455798
norm: 22.81643238790891
sigma: 266.6121935365781
sigmaL: 83.08249722659005
sigmaR: 76.45447106478245
widthL: 83.08249722659005
widthR: 76.45447106478245
x0: 3190.0524109600638
