alphaL: 1.150753076161687
alphaR: 1.8607818584427478
event_sum: 0.11131100822899669
mean: 3116.1168757135024
nL: 0.9924717124937602
nR: 3.9734787567464442
norm: 0.11131100822899669
sigma: 179.20000000000002
sigmaL: 193.47223585504665
sigmaR: 150.6264482611467
widthL: 193.47223585504665
widthR: 150.6264482611467
x0: 3116.1168757135024
