alphaL: 0.8953065955737393
alphaR: 1.5502581421637398
event_sum: 0.0691284360471878
mean: 3373.8915135826655
nL: 0.9960193646143664
nR: 3.3438277572716784
norm: 0.0691284360471878
sigma: 193.2
sigmaL: 226.67107695722544
sigmaR: 150.4922872454664
widthL: 226.67107695722544
widthR: 150.4922872454664
x0: 3373.8915135826655
