alphaL: 1.3555270258797463
alphaR: 1.1299352051318234
event_sum: 5.334545812873376
fraction: 0.728283793737458
mean: 3428.92197608879
nL: 0.4
nR: 3.9291616351867864
norm: 1.7694906717157197
sigma: 193.2
sigmaL: 235.64767061807123
sigmaR: 93.26789890134893
widthL: 235.64767061807123
widthR: 93.26789890134893
x0: 3428.92197608879
