alphaL: 1.462873655568503
alphaR: 2.7474817551903583
event_sum: 0.0640197933674664
mean: 3352.2215499082026
nL: 0.1
nR: 1.4356837387299
norm: 0.0640197933674664
sigma: 193.2
sigmaL: 255.10239271393044
sigmaR: 195.49456009823228
widthL: 255.10239271393044
widthR: 195.49456009823228
x0: 3352.2215499082026
