alphaL: 0.7844989946755668
alphaR: 1.567780932595816
event_sum: 0.15641012073464872
mean: 3424.8646745725164
nL: 1.8727427661807017
nR: 1.2992839638838336
norm: 0.15641012073464872
sigma: 193.2
sigmaL: 192.47208840047327
sigmaR: 96.13954392671964
widthL: 192.47208840047327
widthR: 96.13954392671964
x0: 3424.8646745725164
