alphaL: 1.0029729184827205
alphaR: 1.0703891626898432
event_sum: 6.104866736669894
fraction: 0.715745122635661
mean: 3434.3764962515593
nL: 0.62020610587352
nR: 4.5
norm: 0.7421687596277815
sigma: 193.2
sigmaL: 286.08462589787433
sigmaR: 100.11901784205251
widthL: 286.08462589787433
widthR: 100.11901784205251
x0: 3434.3764962515593
