alphaL: 0.9687307057234051
alphaR: 1.1370681224307417
event_sum: 0.16842633661763146
mean: 3434.8800502865784
nL: 1.0273158667889646
nR: 2.4021120915751957
norm: 0.16842633661763146
sigma: 193.2
sigmaL: 209.11165883474894
sigmaR: 71.5874066025512
widthL: 209.11165883474894
widthR: 71.5874066025512
x0: 3434.8800502865784
