alphaL: 1.310748312941388
alphaR: 1.4461468337853027
event_sum: 5.44089125692443
fraction: 0.8132199822536409
mean: 2228.0297066776566
nL: 0.4981408845682295
nR: 3.316194718363658
norm: 3.1367142478598224
sigma: 126.0
sigmaL: 165.65528227717274
sigmaR: 92.57481438381133
widthL: 165.65528227717274
widthR: 92.57481438381133
x0: 2228.0297066776566
