alphaL: 0.9375299726501669
alphaR: 1.3778725118616728
event_sum: 0.4228847937584974
mean: 2226.6817216345657
nL: 1.7464703829042278
nR: 3.378636827932195
norm: 0.4228847937584974
sigma: 126.0
sigmaL: 133.93096697212792
sigmaR: 86.35927178409918
widthL: 133.93096697212792
widthR: 86.35927178409918
x0: 2226.6817216345657
