alphaL: 0.7464678996885801
alphaR: 1.9382230276241392
event_sum: 28.541721571185498
fraction: 0.9902795077734914
mean: 2245.987515730667
nL: 35.80528010904273
nR: 2.416002486573383
norm: 7.488589370067051
sigma: 127.2043729694451
sigmaL: 69.05045822788956
sigmaR: 62.00694525314008
widthL: 69.05045822788956
widthR: 62.00694525314008
x0: 2245.987515730667
