alphaL: 1.0576588919378966
alphaR: 1.2874912792825817
event_sum: 5.3489091945740395
fraction: 0.8834611632446788
mean: 2222.6268696517322
nL: 1.1607927907447357
nR: 4.281261435488567
norm: 4.145455888512979
sigma: 126.0
sigmaL: 133.50052016542315
sigmaR: 85.46862314860705
widthL: 133.50052016542315
widthR: 85.46862314860705
x0: 2222.6268696517322
