alphaL: 0.7629576145048779
alphaR: 1.840212908866204
event_sum: 0.2985330313045142
mean: 2203.0831849337164
nL: 3.7234585481370686
nR: 1.746655491481057
norm: 0.2985330313045142
sigma: 126.0
sigmaL: 134.110701443197
sigmaR: 110.82224428804496
widthL: 134.110701443197
widthR: 110.82224428804496
x0: 2203.0831849337164
