alphaL: 1.1488421739077783
alphaR: 1.976777941336748
event_sum: 0.31615077487845217
mean: 2190.117846476624
nL: 0.9978657621455499
nR: 3.8899776710543934
norm: 0.31615077487845217
sigma: 126.0
sigmaL: 145.41527479477023
sigmaR: 129.59523388738336
widthL: 145.41527479477023
widthR: 129.59523388738336
x0: 2190.117846476624
