alphaL: 1.0168132825103802
alphaR: 1.6941493970895054
event_sum: 0.4040385325298606
mean: 2201.654700849161
nL: 1.805287393287287
nR: 3.209909395244705
norm: 0.4040385325298606
sigma: 126.0
sigmaL: 122.48306426048033
sigmaR: 108.41664771520865
widthL: 122.48306426048033
widthR: 108.41664771520865
x0: 2201.654700849161
