alphaL: 1.312501858564672
alphaR: 1.9754929733398203
event_sum: 12.76372911576965
mean: 1859.6047651262677
nL: 4.962175922570563
nR: 4.183876500506046
norm: 12.76372911576965
sigma: 86.06734702728428
sigmaL: 76.48024240418987
sigmaR: 47.770093843847896
widthL: 76.48024240418987
widthR: 47.770093843847896
x0: 1859.6047651262677
