alphaL: 1.3712989324780072
alphaR: 2.2664972122838303
event_sum: 11.505678324959764
mean: 1862.422598536286
nL: 4.865708886219316
nR: 2.6306003861672353
norm: 11.505678324959764
sigma: 86.06734702728428
sigmaL: 85.08132057028013
sigmaR: 43.356585536468494
widthL: 85.08132057028013
widthR: 43.356585536468494
x0: 1862.422598536286
