alphaL: 1.45674940234676
alphaR: 1.9534592790694814
event_sum: 12.820811230739709
mean: 1861.9330376545486
nL: 4.485209200826957
nR: 3.8334314940656506
norm: 12.820811230739709
sigma: 86.06734702728428
sigmaL: 80.98705504800108
sigmaR: 46.29035891043928
widthL: 80.98705504800108
widthR: 46.29035891043928
x0: 1861.9330376545486
