alphaL: 1.18693732604493
alphaR: 1.9375088588744425
event_sum: 0.9777793706371823
mean: 1859.499758118432
nL: 3.247825399621597
nR: 2.5509866409231345
norm: 0.9777793706371823
sigma: 98.91384609241007
sigmaL: 70.56315409630238
sigmaR: 51.72030440573912
widthL: 70.56315409630238
widthR: 51.72030440573912
x0: 1859.499758118432
