alphaL: 1.2376625050458951
alphaR: 2.099405467291947
event_sum: 1.1907203544812965
mean: 1856.5076024009509
nL: 3.3621220460634427
nR: 1.6794803955272364
norm: 1.1907203544812965
sigma: 98.91384609241007
sigmaL: 74.20113531327182
sigmaR: 47.89880929189253
widthL: 74.20113531327182
widthR: 47.89880929189253
x0: 1856.5076024009509
