alphaL: 1.1398370266466142
alphaR: 2.0632448609015026
event_sum: 11.966936226761907
fraction: 0.9967315366913434
mean: 1858.6995893577625
nL: 9.830664830715339
nR: 1.9075761630748198
norm: 11.956685130751799
sigma: 98.77938264247975
sigmaL: 75.93599665713734
sigmaR: 46.27508244304767
widthL: 75.93599665713734
widthR: 46.27508244304767
x0: 1858.6995893577625
