alphaL: 1.4300118933290142
alphaR: 2.220781309343317
event_sum: 11.55995076297872
fraction: 0.9990300376482107
mean: 1863.9330146604013
nL: 9.780886384686307
nR: 2.5654211973196417
norm: 11.559917401063416
sigma: 85.75509400433538
sigmaL: 88.65563480555817
sigmaR: 42.53463098749958
widthL: 88.65563480555817
widthR: 42.53463098749958
x0: 1863.9330146604013
