alphaL: 1.2301264700696963
alphaR: 2.110366495954927
event_sum: 12.840262473041493
fraction: 0.999122565168146
mean: 1858.1938887499218
nL: 9.941664603528844
nR: 3.1763439397970417
norm: 12.838090134392756
sigma: 85.75509400433538
sigmaL: 75.1539216142094
sigmaR: 48.88023917473152
widthL: 75.1539216142094
widthR: 48.88023917473152
x0: 1858.1938887499218
