alphaL: 1.6024224786873367
alphaR: 2.179115537621916
event_sum: 11.543416212553419
mean: 1864.939617863027
nL: 4.496076802148066
nR: 2.9284708905261607
norm: 11.543416212553419
sigma: 86.06734702728428
sigmaL: 91.55028257941497
sigmaR: 42.30536012829125
widthL: 91.55028257941497
widthR: 42.30536012829125
x0: 1864.939617863027
