alphaL: 1.3947795742178382
alphaR: 2.0119433529310244
event_sum: 1.1944195565097318
mean: 1852.796967051381
nL: 3.75173275282469
nR: 3.506151589813689
norm: 1.1944195565097318
sigma: 98.91384609241007
sigmaL: 76.34719170985741
sigmaR: 50.60348897028638
widthL: 76.34719170985741
widthR: 50.60348897028638
x0: 1852.796967051381
