alphaL: 1.2673470604713708
alphaR: 1.9109720673811357
event_sum: 0.9812261203263911
mean: 1861.0930347459832
nL: 4.34379825318722
nR: 2.6421960461598455
norm: 0.9812261203263911
sigma: 98.91384609241007
sigmaL: 74.52199177645008
sigmaR: 50.93746385754804
widthL: 74.52199177645008
widthR: 50.93746385754804
x0: 1861.0930347459832
