alphaL: 1.0743925188007484
alphaR: 1.8791737615341932
event_sum: 9.833982834339531
fraction: 0.9979965142282377
mean: 1861.7942552800657
nL: 9.887767435141132
nR: 2.824057310641962
norm: 9.819130386777763
sigma: 98.77938264247975
sigmaL: 71.99425735033724
sigmaR: 50.408190943721564
widthL: 71.99425735033724
widthR: 50.408190943721564
x0: 1861.7942552800657
