alphaL: 1.2415539400604687
alphaR: 2.0120864209116363
event_sum: 0.72339023855732
mean: 3240.216282361221
nL: 4.333117651395776
nR: 1.8605194667646798
norm: 0.72339023855732
sigma: 278.6291412764082
sigmaL: 110.43252356400846
sigmaR: 87.74396751777645
widthL: 110.43252356400846
widthR: 87.74396751777645
x0: 3240.216282361221
