alphaL: 1.0633127766305932
alphaR: 2.1260631042907416
event_sum: 0.7255358980840031
mean: 3239.4535853818866
nL: 4.84834710929294
nR: 1.45141439656842
norm: 0.7255358980840031
sigma: 278.6291412764082
sigmaL: 103.25437042105888
sigmaR: 88.96188422306984
widthL: 103.25437042105888
widthR: 88.96188422306984
x0: 3239.4535853818866
