alphaL: 0.8620220428329469
alphaR: 2.264915863954259
event_sum: 15.852725832027676
fraction: 0.9989160957783485
mean: 3246.6158495940895
nL: 9.996426615391409
nR: 1.7101719699121145
norm: 15.799429463449783
sigma: 275.01642781772335
sigmaL: 102.03170604266128
sigmaR: 81.44020818936991
widthL: 102.03170604266128
widthR: 81.44020818936991
x0: 3246.6158495940895
