alphaL: 1.298327881120405
alphaR: 1.0394500695095579
event_sum: 7.35162677257635
fraction: 0.9990786751606695
mean: 3270.834863804585
nL: 8.421331017821219
nR: 4.5
norm: 7.236606172305792
sigma: 275.01642781772335
sigmaL: 136.78417847332892
sigmaR: 56.859771434575876
widthL: 136.78417847332892
widthR: 56.859771434575876
x0: 3270.834863804585
