alphaL: 1.30300479534105
alphaR: 2.3642332228550087
event_sum: 1.3691243245442382
fraction: 0.999210289818282
mean: 3259.8248470671683
nL: 9.275558448761602
nR: 1.5863224831472038
norm: 1.369163893340397
sigma: 142.18430921290235
sigmaL: 134.88995791431722
sigmaR: 67.8413989083435
widthL: 134.88995791431722
widthR: 67.8413989083435
x0: 3259.8248470671683
