alphaL: 1.5687527438418694
alphaR: 1.2739717550895362
event_sum: 0.791204769381516
mean: 3273.89295360835
nL: 4.423776983530783
nR: 3.803920941504809
norm: 0.791204769381516
sigma: 142.51830559170767
sigmaL: 145.38034387927544
sigmaR: 55.777663206344535
widthL: 145.38034387927544
widthR: 55.777663206344535
x0: 3273.89295360835
