alphaL: 1.3281279769419967
alphaR: 2.381117480016325
event_sum: 1.5831764057809594
mean: 3256.734294338236
nL: 4.690502563369434
nR: 0.984931352594359
norm: 1.5831764057809594
sigma: 278.6291412764082
sigmaL: 132.68202641731673
sigmaR: 77.96018489571642
widthL: 132.68202641731673
widthR: 77.96018489571642
x0: 3256.734294338236
