alphaL: 1.8349886572586263
alphaR: 0.01
event_sum: 1.363076693745657
mean: 3321.9517595142042
nL: 4.4688486526007045
nR: 5.0
norm: 1.363076693745657
sigma: 142.51830559170767
sigmaL: 185.61990796605625
sigmaR: 5.0
widthL: 185.61990796605625
widthR: 5.0
x0: 3321.9517595142042
