alphaL: 2.5154365888157995
alphaR: 1.9110295266733512
event_sum: 1.5815383661465199
mean: 3299.305010259341
nL: 4.402529785123381
nR: 1.5476840157845952
norm: 1.5815383661465199
sigma: 278.6291412764082
sigmaL: 235.58725283043387
sigmaR: 55.35532215295085
widthL: 235.58725283043387
widthR: 55.35532215295085
x0: 3299.305010259341
