alphaL: 1.3689313783623773
alphaR: 2.613274326693582
event_sum: 1.3681313739219247
mean: 3257.210532140455
nL: 4.480445310324083
nR: 0.8226482229863286
norm: 1.3681313739219247
sigma: 142.51830559170767
sigmaL: 131.44713902789755
sigmaR: 68.50328759584755
widthL: 131.44713902789755
widthR: 68.50328759584755
x0: 3257.210532140455
