alphaL: 3.0
alphaR: 2.0832922267605603
event_sum: 0.793310574514344
fraction: 0.999465958255656
mean: 3298.084589062643
nL: 7.888659592215791
nR: 1.3963040572598628
norm: 0.7928524989933864
sigma: 142.18430921290235
sigmaL: 196.77582511638286
sigmaR: 53.13456830346148
widthL: 196.77582511638286
widthR: 53.13456830346148
x0: 3298.084589062643
