alphaL: 1.2744933423087053
alphaR: 1.1247884734856333
event_sum: 0.7879963839039337
mean: 3271.198409742798
nL: 4.219057936562078
nR: 4.528396403446752
norm: 0.7879963839039337
sigma: 142.51830559170767
sigmaL: 130.46757953906388
sigmaR: 52.72268642948747
widthL: 130.46757953906388
widthR: 52.72268642948747
x0: 3271.198409742798
