alphaL: 0.9393901610382976
alphaR: 2.4274697715518876
event_sum: 36.652171126334
mean: 1799.1380723421103
nL: 139.68068781798533
nR: 2.184573971290316
norm_2016: 9.510250854771584
norm_2017: 12.266211563604884
norm_2018: 17.771377185476013
norm_Run2: 36.652171126334
sigma: 84.97956489524194
sigmaL: 69.72428309858793
sigmaR: 45.99430195489484
widthL: 69.72428309858793
widthR: 45.99430195489484
x0: 1799.1380723421103
