alphaL: 1.0052831561012305
alphaR: 1.5134317350257707
event_sum: 18.222529488861934
fraction: 0.8036488578027093
mean: 2464.685185663546
nL: 0.7244459532173332
nR: 3.6008398623004547
norm: 8.273634328291505
sigma: 140.0
sigmaL: 147.9996923397673
sigmaR: 107.65898337684483
widthL: 147.9996923397673
widthR: 107.65898337684483
x0: 2464.685185663546
