alphaL: 0.753570771011344
alphaR: 1.8699050191684032
event_sum: 27.4059089811134
fraction: 0.9888422546586664
mean: 2496.9543001067696
nL: 28.51512751068739
nR: 2.456244784559681
norm: 27.09464834852738
sigma: 148.85952156132475
sigmaL: 77.24542370892357
sigmaR: 65.82165132744544
widthL: 77.24542370892357
widthR: 65.82165132744544
x0: 2496.9543001067696
