alphaL: 0.7364658423636427
alphaR: 1.641612580011917
event_sum: 1.2318272111042057
mean: 2461.171849579034
nL: 3.3081606247169466
nR: 2.406001505297259
norm: 1.2318272111042057
sigma: 140.0
sigmaL: 129.88730398530186
sigmaR: 106.84378053004554
widthL: 129.88730398530186
widthR: 106.84378053004554
x0: 2461.171849579034
