alphaL: 0.8557259546990481
alphaR: 1.4938239295131677
event_sum: 0.8157070931134952
mean: 2468.4705687164073
nL: 0.9861931714418012
nR: 3.010207073702751
norm: 0.8157070931134952
sigma: 140.0
sigmaL: 132.86346953225083
sigmaR: 102.96797270364478
widthL: 132.86346953225083
widthR: 102.96797270364478
x0: 2468.4705687164073
