alphaL: 1.1636827562380065
alphaR: 1.4157665274567024
event_sum: 1.2947471552217924
mean: 2464.9137270223305
nL: 0.8897360857386967
nR: 3.5625687488970885
norm: 1.2947471552217924
sigma: 140.0
sigmaL: 159.11591502897005
sigmaR: 103.46163476919631
widthL: 159.11591502897005
widthR: 103.46163476919631
x0: 2464.9137270223305
