alphaL: 0.9484399623958197
alphaR: 1.62987609649556
event_sum: 0.7662879050266006
mean: 2472.4482031671287
nL: 3.0334425067386546
nR: 2.3697388515747604
norm: 0.7662879050266006
sigma: 140.0
sigmaL: 167.86446148225536
sigmaR: 106.63482749916993
widthL: 167.86446148225536
widthR: 106.63482749916993
x0: 2472.4482031671287
