alphaL: 0.9409919428370541
alphaR: 1.54811408864798
event_sum: 18.68927712968098
fraction: 0.8732892331332106
mean: 2450.331818295727
nL: 1.2079950795152534
nR: 4.112839341201445
norm: 12.939453353065344
sigma: 140.0
sigmaL: 131.08793379908084
sigmaR: 115.1604943748667
widthL: 131.08793379908084
widthR: 115.1604943748667
x0: 2450.331818295727
