alphaL: 1.429411406374428
alphaR: 1.1968672937863503
event_sum: 16.19783954033723
fraction: 0.7260421125187324
mean: 2783.309563075215
nL: 0.4
nR: 3.9309913734193125
norm: 5.309679449764578
sigma: 156.79999999999998
sigmaL: 229.61911257364903
sigmaR: 98.85271105218587
widthL: 229.61911257364903
widthR: 98.85271105218587
x0: 2783.309563075215
