alphaL: 1.206969308945421
alphaR: 1.3978900147517999
event_sum: 15.569133196956571
fraction: 0.8299267857252409
mean: 2760.6277922739705
nL: 0.6997041955537244
nR: 3.8255405452995466
norm: 9.049059322877032
sigma: 156.79999999999998
sigmaL: 195.86229729514437
sigmaR: 116.67991148049612
widthL: 195.86229729514437
widthR: 116.67991148049612
x0: 2760.6277922739705
