alphaL: 1.1874899625524897
alphaR: 1.0087549671579676
event_sum: 0.8989489957698918
mean: 2791.5930886607475
nL: 1.09253897392587
nR: 3.1873903335634317
norm: 0.8989489957698918
sigma: 156.79999999999998
sigmaL: 221.52558398224303
sigmaR: 77.95924066096542
widthL: 221.52558398224303
widthR: 77.95924066096542
x0: 2791.5930886607475
