alphaL: 0.9940660284529556
alphaR: 1.2259630047250356
event_sum: 0.5157216332043429
mean: 2787.3837788833525
nL: 1.0116458006355746
nR: 2.8207851251145555
norm: 0.5157216332043429
sigma: 156.79999999999998
sigmaL: 193.02899951969977
sigmaR: 92.14074848754342
widthL: 193.02899951969977
widthR: 92.14074848754342
x0: 2787.3837788833525
