alphaL: 1.1334431857911569
alphaR: 1.3997940019796067
event_sum: 0.48321257861995187
mean: 2756.9062256466577
nL: 0.1
nR: 3.93685078309478
norm: 0.48321257861995187
sigma: 156.79999999999998
sigmaL: 174.25807738998034
sigmaR: 118.26365224868157
widthL: 174.25807738998034
widthR: 118.26365224868157
x0: 2756.9062256466577
