alphaL: 0.762554140361123
alphaR: 1.532336115844522
event_sum: 0.8512349265481947
mean: 2745.3375269138705
nL: 1.4073001826490579
nR: 3.0013052807440173
norm: 0.8512349265481947
sigma: 156.79999999999998
sigmaL: 139.77119797871626
sigmaR: 123.74589005893479
widthL: 139.77119797871626
widthR: 123.74589005893479
x0: 2745.3375269138705
