alphaL: 1.0393104003063252
alphaR: 1.2575443458131685
event_sum: 0.6433160721047823
mean: 1447.4415685022082
nL: 1.4594911305339642
nR: 3.134817657311498
norm: 0.6433160721047823
sigma: 145.0
sigmaL: 140.30464279305795
sigmaR: 66.73079337446349
widthL: 140.30464279305795
widthR: 66.73079337446349
x0: 1447.4415685022082
