alphaL: 0.8893548886896885
alphaR: 1.457753110534751
event_sum: 0.7481423116154203
mean: 1434.3518229032502
nL: 0.8139057755931165
nR: 3.537382558510316
norm: 0.7481423116154203
sigma: 145.0
sigmaL: 117.56443176216682
sigmaR: 80.59659932377444
widthL: 117.56443176216682
widthR: 80.59659932377444
x0: 1434.3518229032502
