alphaL: 0.6907163694953733
alphaR: 1.3833691107054997
event_sum: 0.8158594762050086
mean: 1440.5896182452493
nL: 0.967424697888691
nR: 3.7501483709839762
norm: 0.8158594762050086
sigma: 145.0
sigmaL: 114.74872396205137
sigmaR: 80.07040371773621
widthL: 114.74872396205137
widthR: 80.07040371773621
x0: 1440.5896182452493
