alphaL: 1.0163794302808586
alphaR: 1.2468402344396137
event_sum: 0.6111159940756353
mean: 1439.896189322309
nL: 1.6151271374566158
nR: 2.8256090388825523
norm: 0.6111159940756353
sigma: 145.0
sigmaL: 128.4378646235878
sigmaR: 68.95109295991658
widthL: 128.4378646235878
widthR: 68.95109295991658
x0: 1439.896189322309
