alphaL: 1.0214279741592907
alphaR: 1.1484475154024723
event_sum: 6.5678793002614775
fraction: 0.9209077906332287
mean: 1441.5150635014845
nL: 1.725307996899462
nR: 3.617543617416115
norm: 5.899725329970286
sigma: 145.0
sigmaL: 130.22273464456637
sigmaR: 67.06426128980553
widthL: 130.22273464456637
widthR: 67.06426128980553
x0: 1441.5150635014845
