alphaL: 0.7647674805414069
alphaR: 1.3482230647860296
event_sum: 8.460034038468024
fraction: 0.8718314157276051
mean: 1435.6551012712312
nL: 1.1488628516019892
nR: 4.008316364055464
norm: 7.044049950338818
sigma: 145.0
sigmaL: 113.05842941199175
sigmaR: 79.73496000105766
widthL: 113.05842941199175
widthR: 79.73496000105766
x0: 1435.6551012712312
