alphaL: 2.9166739210546377
alphaR: 0.15957001802396004
event_sum: 27.1118253235547
mean: 700.9173213197878
nL: 2.9999179697983993
nR: 2.9995691163932814
norm: 27.1118253235547
sigma: 100
sigmaL: 36.95677520203823
sigmaR: 12.001626659632043
widthL: 36.95677520203823
widthR: 12.001626659632043
x0: 700.9173213197878
