alphaL: 0.8600812034477917
alphaR: 0.9959568810358365
event_sum: 0.402171663570896
mean: 2114.5143886180576
nL: 1.0008942192259767
nR: 2.5311852082133885
norm: 0.402171663570896
sigma: 210.0
sigmaL: 237.71686204862814
sigmaR: 57.45161310290675
widthL: 237.71686204862814
widthR: 57.45161310290675
x0: 2114.5143886180576
