alphaL: 1.1581284430732066
alphaR: 1.4067762278480853
event_sum: 4.245063994369968
fraction: 0.7924024533842631
mean: 2073.0577727023556
nL: 0.6051774107940271
nR: 3.0476893624197743
norm: 3.0495398211305758
sigma: 210.0
sigmaL: 234.38551880070798
sigmaR: 101.55866799792271
widthL: 234.38551880070798
widthR: 101.55866799792271
x0: 2073.0577727023556
