alphaL: 1.3412702489934578
alphaR: 1.3730304636338813
event_sum: 0.36705000309429997
mean: 2076.5406060528126
nL: 0.2836666425624256
nR: 2.7184211118554997
norm: 0.36705000309429997
sigma: 210.0
sigmaL: 236.8613035798004
sigmaR: 100.23372419935805
widthL: 236.8613035798004
widthR: 100.23372419935805
x0: 2076.5406060528126
