alphaL: 1.2922172782655195
alphaR: 1.7605790775245511
event_sum: 0.32205143166499617
mean: 2034.7290389185607
nL: 0.1
nR: 2.2764718539469357
norm: 0.32205143166499617
sigma: 210.0
sigmaL: 220.35614007988565
sigmaR: 129.99686002216842
widthL: 220.35614007988565
widthR: 129.99686002216842
x0: 2034.7290389185607
