alphaL: 1.1739093838608357
alphaR: 0.8636785908019822
event_sum: 4.984359090530583
fraction: 0.7519256876530657
mean: 2089.8603443599563
nL: 0.4
nR: 4.082810145153713
norm: 2.6122275152011105
sigma: 210.0
sigmaL: 266.65368240265855
sigmaR: 68.27028283357357
widthL: 266.65368240265855
widthR: 68.27028283357357
x0: 2089.8603443599563
