alphaL: 0.5376867396382564
alphaR: 0.9670805132762256
event_sum: 0.37511196849486156
mean: 2102.3514737962673
nL: 0.9976979434290809
nR: 3.7631461347829998
norm: 0.37511196849486156
sigma: 210.0
sigmaL: 244.7610174011261
sigmaR: 67.29978730722806
widthL: 244.7610174011261
widthR: 67.29978730722806
x0: 2102.3514737962673
