alphaL: 1.3121025938798174
alphaR: 1.9854543901127881
event_sum: 0.9644511054721079
mean: 1794.4887212152441
nL: 3.6815642602563226
nR: 3.776026798492295
norm: 0.9644511054721079
sigma: 93.98063320090684
sigmaL: 73.63025798082094
sigmaR: 48.56795632309912
widthL: 73.63025798082094
widthR: 48.56795632309912
x0: 1794.4887212152441
