alphaL: 1.3126406518782305
alphaR: 2.243352453411356
event_sum: 9.563928628223948
fraction: 0.9986837088951647
mean: 1801.886177571038
nL: 9.983065168462392
nR: 2.4570812640723343
norm: 9.55504099780228
sigma: 86.26199044651241
sigmaL: 82.81840373728322
sigmaR: 42.85849064322528
widthL: 82.81840373728322
widthR: 42.85849064322528
x0: 1801.886177571038
