alphaL: 1.3570103454384481
alphaR: 1.9724562974606619
event_sum: 0.9004608161340002
mean: 1808.637517489877
nL: 3.8032273019090166
nR: 2.1802750985222947
norm: 0.9004608161340002
sigma: 93.92768552400403
sigmaL: 78.57216571475615
sigmaR: 43.99974638652713
widthL: 78.57216571475615
widthR: 43.99974638652713
x0: 1808.637517489877
