alphaL: 1.2745569722026282
alphaR: 1.8795397716343212
event_sum: 0.9004853974183789
mean: 1806.0195522294064
nL: 4.476163100175843
nR: 2.474354561241513
norm: 0.9004853974183789
sigma: 93.98063320090684
sigmaL: 75.81265708268774
sigmaR: 45.35363605497739
widthL: 75.81265708268774
widthR: 45.35363605497739
x0: 1806.0195522294064
