alphaL: 1.2038708705096262
alphaR: 2.127030162105588
event_sum: 12.409614235395566
mean: 1799.6341447572545
nL: 4.996685313947337
nR: 3.0468534512910765
norm: 12.409614235395566
sigma: 86.97924732095267
sigmaL: 71.83153071515386
sigmaR: 45.9484571707579
widthL: 71.83153071515386
widthR: 45.9484571707579
x0: 1799.6341447572545
