alphaL: 1.2568427925938264
alphaR: 1.9382636059428122
event_sum: 0.8969545219079009
mean: 1803.9689450132857
nL: 3.465657820069775
nR: 2.3798794368580394
norm: 0.8969545219079009
sigma: 93.98063320090684
sigmaL: 72.06398537542229
sigmaR: 46.494089519464126
widthL: 72.06398537542229
widthR: 46.494089519464126
x0: 1803.9689450132857
