alphaL: 1.336478004320142
alphaR: 2.1271927587868205
event_sum: 12.461361000547186
mean: 1800.607149461184
nL: 4.428712117364855
nR: 2.7475807503388494
norm: 12.461361000547186
sigma: 86.97924732095267
sigmaL: 74.86334332158812
sigmaR: 45.517498190623684
widthL: 74.86334332158812
widthR: 45.517498190623684
x0: 1800.607149461184
