alphaL: 1.7076638288465456
alphaR: 2.170633167049418
event_sum: 10.064442995237187
mean: 1807.0379213802507
nL: 4.499807536368005
nR: 2.613562715199114
norm: 10.064442995237187
sigma: 86.12116270624178
sigmaL: 92.9927970545974
sigmaR: 40.12364362785114
widthL: 92.9927970545974
widthR: 40.12364362785114
x0: 1807.0379213802507
