alphaL: 1.5084644962111224
alphaR: 2.020317826088607
event_sum: 12.50356097635813
mean: 1803.096780053706
nL: 4.499999984527135
nR: 2.8884329997954596
norm: 12.50356097635813
sigma: 86.12116270624178
sigmaL: 80.55615064074227
sigmaR: 44.02207274933003
widthL: 80.55615064074227
widthR: 44.02207274933003
x0: 1803.096780053706
