alphaL: 1.331942155337109
alphaR: 1.9696108147859122
event_sum: 0.9644511054721079
mean: 1795.2405189887938
nL: 3.706516364848579
nR: 3.7647945551339994
norm: 0.9644511054721079
sigma: 93.98063320090684
sigmaL: 75.27587278997898
sigmaR: 48.44517594348079
widthL: 75.27587278997898
widthR: 48.44517594348079
x0: 1795.2405189887938
