alphaL: 1.3456522451332602
alphaR: 2.128533615295983
event_sum: 12.461361000547186
mean: 1800.8972612070968
nL: 4.497967696587689
nR: 2.81020413637377
norm: 12.461361000547186
sigma: 86.97924732095267
sigmaL: 75.76873546007144
sigmaR: 45.467866581791725
widthL: 75.76873546007144
widthR: 45.467866581791725
x0: 1800.8972612070968
