alphaL: 1.2906753987811972
alphaR: 2.169634644305826
event_sum: 0.9604159760492621
mean: 1797.5948231152652
nL: 3.384808611352909
nR: 1.7661648238669885
norm: 0.9604159760492621
sigma: 93.98063320090684
sigmaL: 76.60708146626328
sigmaR: 46.96575870929845
widthL: 76.60708146626328
widthR: 46.96575870929845
x0: 1797.5948231152652
