alphaL: 1.2801222016971392
alphaR: 1.8888898146495274
event_sum: 0.9004853974183789
mean: 1805.8625454009382
nL: 4.425459196236349
nR: 2.376940662680277
norm: 0.9004853974183789
sigma: 93.98063320090684
sigmaL: 75.82970580145198
sigmaR: 45.53775070605468
widthL: 75.82970580145198
widthR: 45.53775070605468
x0: 1805.8625454009382
