alphaL: 1.0683546190044613
alphaR: 2.172892246595422
event_sum: 9.585437134257518
fraction: 0.9963739212833542
mean: 1796.2176574035932
nL: 9.929055153535856
nR: 1.7853842015359291
norm: 9.579401461640373
sigma: 94.04846489340764
sigmaL: 70.47010394578868
sigmaR: 47.07249854954276
widthL: 70.47010394578868
widthR: 47.07249854954276
x0: 1796.2176574035932
