alphaL: 2.927177193546115
alphaR: 1.2190018914954288
event_sum: 6.3069619942689314
mean: 1817.1742050023845
nL: 2.0
nR: 3.143142827031285
norm: 6.3069619942689314
sigma: 421.4499497574501
sigmaL: 339.0955382731234
sigmaR: 68.45667699088587
widthL: 339.0955382731234
widthR: 68.45667699088587
x0: 1817.1742050023845
