alphaL: 1.1608682866910442
alphaR: 2.1887029073425346
event_sum: 11.889068090124056
fraction: 0.9986776145801629
mean: 1799.0657717303034
nL: 9.915125059923348
nR: 2.635195431041679
norm: 11.885775174130686
sigma: 86.26199044651241
sigmaL: 72.08733434699624
sigmaR: 46.18113891032796
widthL: 72.08733434699624
widthR: 46.18113891032796
x0: 1799.0657717303034
