alphaL: 1.394506521733398
alphaR: 2.1582029223216623
event_sum: 0.966980532524758
mean: 1799.811908349548
nL: 3.6323719980336295
nR: 1.6249861446122853
norm: 0.966980532524758
sigma: 93.92768552400403
sigmaL: 79.97659641025405
sigmaR: 44.76991010496686
widthL: 79.97659641025405
widthR: 44.76991010496686
x0: 1799.811908349548
