alphaL: 1.3963613768060865
alphaR: 2.2451577803281015
event_sum: 12.461361000547186
mean: 1800.919944787413
nL: 3.9874507242464343
nR: 2.2844257742933864
norm: 12.461361000547186
sigma: 86.97924732095267
sigmaL: 76.4612649217998
sigmaR: 45.60531661337798
widthL: 76.4612649217998
widthR: 45.60531661337798
x0: 1800.919944787413
