alphaL: 1.6093709615739797
alphaR: 2.2858796965177963
event_sum: 10.072078271419741
mean: 1805.1640230558219
nL: 3.9999528803745954
nR: 2.282676815703165
norm: 10.072078271419741
sigma: 86.97924732095267
sigmaL: 89.70634778406838
sigmaR: 41.33776099544333
widthL: 89.70634778406838
widthR: 41.33776099544333
x0: 1805.1640230558219
