alphaL: 0.8087265296621147
alphaR: 1.2286636610839718
event_sum: 5.3094995125429705
mean: 1762.413836154429
nL: 1.5015872248628037
nR: 4.428466238495364
norm: 5.3094995125429705
sigma: 421.4499497574501
sigmaL: 146.1071243995513
sigmaR: 94.46477483001628
widthL: 146.1071243995513
widthR: 94.46477483001628
x0: 1762.413836154429
