alphaL: 1.3314354468454093
alphaR: 2.20500635410696
event_sum: 10.03964039334096
mean: 1802.1066127198335
nL: 4.782832999873794
nR: 2.6851027683410877
norm: 10.03964039334096
sigma: 86.97924732095267
sigmaL: 82.08481578513954
sigmaR: 42.62929078621015
widthL: 82.08481578513954
widthR: 42.62929078621015
x0: 1802.1066127198335
