alphaL: 1.5586351842011124
alphaR: 2.0870384441646848
event_sum: 10.072078271419741
mean: 1805.428306856268
nL: 4.49999999501718
nR: 3.162440025642464
norm: 10.072078271419741
sigma: 86.97924732095267
sigmaL: 88.91771681274136
sigmaR: 40.69069536271408
widthL: 88.91771681274136
widthR: 40.69069536271408
x0: 1805.428306856268
