alphaL: 1.0637044590835383
alphaR: 1.8764072494832167
event_sum: 8.95297361642588
fraction: 0.9977787398575718
mean: 1803.7092370933574
nL: 9.957397129977316
nR: 2.6614024183234726
norm: 8.94591186591424
sigma: 94.04846489340764
sigmaL: 70.39764154344688
sigmaR: 45.96671317497865
widthL: 70.39764154344688
widthR: 45.96671317497865
x0: 1803.7092370933574
