alphaL: 1.5426951499847756
alphaR: 2.174594015805351
event_sum: 10.072078271419741
mean: 1804.6405289499576
nL: 4.4991033999158185
nR: 2.7757502902998943
norm: 10.072078271419741
sigma: 86.97924732095267
sigmaL: 88.165053242347
sigmaR: 41.31185442049607
widthL: 88.165053242347
widthR: 41.31185442049607
x0: 1804.6405289499576
