alphaL: 1.2629622838239165
alphaR: 2.0583389361776177
event_sum: 2.3935771920418456
mean: 2643.993095435595
nL: 3.570406016541908
nR: 4.146321064932234
norm: 2.3935771920418456
sigma: 121.30704581740835
sigmaL: 96.43349645429475
sigmaR: 63.95594999083449
widthL: 96.43349645429475
widthR: 63.95594999083449
x0: 2643.993095435595
