alphaL: 1.060920497017587
alphaR: 2.2261792206372646
event_sum: 1.189219455045863
mean: 2644.842834650083
nL: 4.705754672765517
nR: 1.5663450976810467
norm: 1.189219455045863
sigma: 160.5488748328891
sigmaL: 94.75800674340148
sigmaR: 62.09296906150427
widthL: 94.75800674340148
widthR: 62.09296906150427
x0: 2644.842834650083
