alphaL: 1.0823516311275372
alphaR: 1.8482830322276496
event_sum: 2.382970646033046
mean: 2648.384510309073
nL: 4.741706725709267
nR: 3.645562148634723
norm: 2.382970646033046
sigma: 121.30704581740835
sigmaL: 93.35884247175692
sigmaR: 58.917376682453344
widthL: 93.35884247175692
widthR: 58.917376682453344
x0: 2648.384510309073
