alphaL: 1.1119604894337953
alphaR: 2.269644655784572
event_sum: 2.9591459253437007
mean: 2646.2595385933932
nL: 4.91194319179218
nR: 2.3026954338453125
norm: 2.9591459253437007
sigma: 121.30704581740835
sigmaL: 100.62124870534154
sigmaR: 59.451028143436076
widthL: 100.62124870534154
widthR: 59.451028143436076
x0: 2646.2595385933932
