alphaL: 1.5421128100728323
alphaR: 1.2876096079148218
event_sum: 0.7503612488019488
mean: 2671.674240170987
nL: 3.6927968109374167
nR: 3.275154623024395
norm: 0.7503612488019488
sigma: 160.5488748328891
sigmaL: 127.45960430247007
sigmaR: 46.4102390439167
widthL: 127.45960430247007
widthR: 46.4102390439167
x0: 2671.674240170987
