alphaL: 1.2994534852090198
alphaR: 1.6194471271243007
event_sum: 0.7487609248527245
mean: 2657.5937483984576
nL: 3.3019423764175153
nR: 2.4368724921569953
norm: 0.7487609248527245
sigma: 160.5488748328891
sigmaL: 107.7610122502075
sigmaR: 55.55824728827187
widthL: 107.7610122502075
widthR: 55.55824728827187
x0: 2657.5937483984576
