alphaL: 1.0542626926840641
alphaR: 1.993693709842498
event_sum: 2.272791373374321
fraction: 0.9988737886784542
mean: 2647.145759538062
nL: 9.78949238712681
nR: 2.8052214561634328
norm: 2.272139093507461
sigma: 120.98579499655304
sigmaL: 93.63963351910512
sigmaR: 60.65869806994476
widthL: 93.63963351910512
widthR: 60.65869806994476
x0: 2647.145759538062
