alphaL: 1.1578760075929164
alphaR: 1.4806301404844828
event_sum: 7.299183441619721
fraction: 0.997950725893751
mean: 2661.7077060668203
nL: 9.571480472056802
nR: 2.8618760297040993
norm: 7.266940109876663
sigma: 159.759356818766
sigmaL: 111.87069292746374
sigmaR: 52.88092402776274
widthL: 111.87069292746374
widthR: 52.88092402776274
x0: 2661.7077060668203
