alphaL: 1.2905392738930646
alphaR: 2.243354046902085
event_sum: 1.192229480668191
mean: 2651.4043214378316
nL: 4.489912204893316
nR: 1.3750224909211366
norm: 1.192229480668191
sigma: 160.5488748328891
sigmaL: 109.84483585527305
sigmaR: 59.39907727728862
widthL: 109.84483585527305
widthR: 59.39907727728862
x0: 2651.4043214378316
