alphaL: 1.1056399490308984
alphaR: 2.4179360328414434
event_sum: 2.800359223466449
fraction: 0.9984641756438413
mean: 2645.0445322547266
nL: 9.951475306639292
nR: 1.8178960878683803
norm: 2.799838658653749
sigma: 120.98579499655304
sigmaL: 101.55489154264677
sigmaR: 60.955027947372926
widthL: 101.55489154264677
widthR: 60.955027947372926
x0: 2645.0445322547266
