alphaL: 0.9669633157751008
alphaR: 2.29373376384414
event_sum: 11.56054480960651
fraction: 0.9968078229296224
mean: 2646.563452668202
nL: 10.0
nR: 1.360353135652143
norm: 11.537796089288399
sigma: 159.759356818766
sigmaL: 95.54112484948614
sigmaR: 61.76446539555305
widthL: 95.54112484948614
widthR: 61.76446539555305
x0: 2646.563452668202
