alphaL: 1.3250537588824496
alphaR: 2.19640953539508
event_sum: 2.9718602734439936
mean: 2650.8597904413796
nL: 4.471764035600654
nR: 2.27665701846134
norm: 2.9718602734439936
sigma: 121.30704581740835
sigmaL: 111.44681546710953
sigmaR: 57.19139446456678
widthL: 111.44681546710953
widthR: 57.19139446456678
x0: 2650.8597904413796
