alphaL: 0.9222859860607756
alphaR: 1.3252465390086778
event_sum: 16.383437404292636
mean: 1750.3453041279743
nL: 0.5338522212724692
nR: 8.878988253754608
norm_2016: 4.414461595704779
norm_2017: 5.042124177329242
norm_2018: 7.199543296359479
norm_Run2: 16.383437404292636
sigma: 180.0
sigmaL: 142.88728103145795
sigmaR: 107.3190264833294
widthL: 142.88728103145795
widthR: 107.3190264833294
x0: 1750.3453041279743
