alphaL: 1.1199259593838613
alphaR: 1.3645038760538661
event_sum: 17.032366641331464
mean: 1757.423073727955
nL: 0.658150474857764
nR: 4.776307361518243
norm_2016: 4.27418196212966
norm_2017: 5.344006383558735
norm_2018: 7.68815496051684
norm_Run2: 17.032366641331464
sigma: 180.0
sigmaL: 154.03553834323895
sigmaR: 103.18472136484198
widthL: 154.03553834323895
widthR: 103.18472136484198
x0: 1757.423073727955
