alphaL: 0.8047313036286906
alphaR: 2.186069370459019
event_sum: 37.0332106531132
mean: 1797.5780828477723
nL: 54.07558867636081
nR: 1.8383078800374721
norm_2016: 9.495631626690738
norm_2017: 11.605181607417762
norm_2018: 16.90696074650623
norm_Run2: 37.0332106531132
sigma: 95.29132042846018
sigmaL: 61.40326211048631
sigmaR: 47.644363510060785
widthL: 61.40326211048631
widthR: 47.644363510060785
x0: 1797.5780828477723
