alphaL: 1.109167826251675
alphaR: 1.461331263278456
event_sum: 21.84184449131135
mean: 1780.2458576072315
nL: 1.7226081912136546
nR: 3.4478749770722503
norm_2016: 5.554806288797408
norm_2017: 6.798110750969499
norm_2018: 9.888569393660873
norm_Run2: 21.84184449131135
sigma: 100.8
sigmaL: 116.21368390872053
sigmaR: 78.07780003747578
widthL: 116.21368390872053
widthR: 78.07780003747578
x0: 1780.2458576072315
