alphaL: 0.8825809609377239
alphaR: 1.6193988101999564
event_sum: 10.582979427424497
mean: 2259.223206598181
nL: 1.0391732864751801
nR: 3.414691884729944
norm_2016: 2.8271692383649527
norm_2017: 3.3301612276306285
norm_2018: 4.578902067044064
norm_Run2: 10.582979427424497
sigma: 128.8
sigmaL: 117.7021112038822
sigmaR: 108.18252727245516
widthL: 117.7021112038822
widthR: 108.18252727245516
x0: 2259.223206598181
