alphaL: 0.8338069236362942
alphaR: 1.3191835327109915
event_sum: 15.544713464934762
mean: 2264.669937714517
nL: 1.9431741219819771
nR: 5.249569988939086
norm_2016: 3.8041660572830844
norm_2017: 4.866900886386456
norm_2018: 7.135088648656441
norm_Run2: 15.544713464934762
sigma: 128.8
sigmaL: 123.75987481235919
sigmaR: 97.04790658332007
widthL: 123.75987481235919
widthR: 97.04790658332007
x0: 2264.669937714517
