alphaL: 0.4010602252164828
alphaR: 1.3341775705102714
event_sum: 2.5694554518850055
fraction: 0.9877108959263975
mean: 703.8438592436128
nL: 0.4000204390594171
nR: 3.025547565242837
norm: 2.5510198970732745
sigma: 39.2
sigmaL: 33.90270824166527
sigmaR: 32.276852322581554
widthL: 33.90270824166527
widthR: 32.276852322581554
x0: 703.8438592436128
