alphaL: 0.40215018620785786
alphaR: 1.4216866494116898
event_sum: 6.8220770580810495
fraction: 0.990404144514164
mean: 705.4011698113874
nL: 9.999926284513672
nR: 3.3058789762202094
norm: 6.781979726365535
sigma: 39.2
sigmaL: 38.80705464319321
sigmaR: 35.4810534470127
widthL: 38.80705464319321
widthR: 35.4810534470127
x0: 705.4011698113874
