alphaL: 0.10010695026498971
alphaR: 1.572735378496848
event_sum: 0.2540880382039177
mean: 696.1432125302117
nL: 4.392911090759832
nR: 3.0973763103386283
norm: 0.2540880382039177
sigma: 39.2
sigmaL: 10.28843937645473
sigmaR: 39.71054685546836
widthL: 10.28843937645473
widthR: 39.71054685546836
x0: 696.1432125302117
