alphaL: 0.582901090745585
alphaR: 1.4686122653880187
event_sum: 6.8220770580810495
mean: 703.6348592834264
nL: 4.363889876775191
nR: 3.4297751333143207
norm: 6.8220770580810495
sigma: 39.2
sigmaL: 45.61177346201104
sigmaR: 36.71619617687706
widthL: 45.61177346201104
widthR: 36.71619617687706
x0: 703.6348592834264
