alphaL: 0.10159388096626323
alphaR: 1.48106316991386
event_sum: 2.5694554518850055
mean: 696.0289613703028
nL: 4.481245982295157
nR: 3.547230887899895
norm: 2.5694554518850055
sigma: 39.2
sigmaL: 10.04356587725963
sigmaR: 38.51505286839228
widthL: 10.04356587725963
widthR: 38.51505286839228
x0: 696.0289613703028
