alphaL: 1.4428777017550325
alphaR: 1.468090339557307
event_sum: 0.2956602149606624
mean: 700.8308784273465
nL: 1.6724943165112793
nR: 1.9941759926524618
norm: 0.2956602149606624
sigma: 34.60182474895789
sigmaL: 51.92800495574124
sigmaR: 37.093685757300904
widthL: 51.92800495574124
widthR: 37.093685757300904
x0: 700.8308784273465
