alphaL: 0.12341734872478059
alphaR: 1.7018058611954079
event_sum: 0.2540880382039177
mean: 694.3782676674072
nL: 4.452271658657002
nR: 2.31307249199895
norm: 0.2540880382039177
sigma: 39.2
sigmaL: 10.278084730537012
sigmaR: 41.27668347234594
widthL: 10.278084730537012
widthR: 41.27668347234594
x0: 694.3782676674072
