alphaL: 0.5931109725688049
alphaR: 1.4054025060012654
event_sum: 0.6759396278430359
mean: 704.7002113691291
nL: 1.2781654963424638
nR: 3.2664238364089324
norm: 0.6759396278430359
sigma: 39.2
sigmaL: 41.52555919849255
sigmaR: 35.364226539670184
widthL: 41.52555919849255
widthR: 35.364226539670184
x0: 704.7002113691291
