alphaL: 1.184175997148371
alphaR: 1.5543179420458235
event_sum: 0.7641537590097869
mean: 699.6728791502414
nL: 2.325707678726358
nR: 2.064931704362365
norm: 0.7641537590097869
sigma: 34.60182474895789
sigmaL: 43.60462928520338
sigmaR: 39.6566040436705
widthL: 43.60462928520338
widthR: 39.6566040436705
x0: 699.6728791502414
