alphaL: 0.8630745265519759
alphaR: 1.4112408657720972
event_sum: 0.6759396278430359
mean: 703.2273794573505
nL: 1.575877583620431
nR: 3.9847964700904868
norm: 0.6759396278430359
sigma: 39.2
sigmaL: 46.46807956165552
sigmaR: 37.1073435243709
widthL: 46.46807956165552
widthR: 37.1073435243709
x0: 703.2273794573505
