alphaL: 0.4544661352362677
alphaR: 1.6392559460161644
event_sum: 0.6708237613020174
mean: 704.001137856126
nL: 2.221883565630338
nR: 1.6691110157299691
norm: 0.6708237613020174
sigma: 39.2
sigmaL: 39.29032547233185
sigmaR: 37.23832005186647
widthL: 39.29032547233185
widthR: 37.23832005186647
x0: 704.001137856126
