alphaL: 1.1652964095413598
alphaR: 1.7163347141837315
event_sum: 0.25210621603037
mean: 707.5157259157043
nL: 3.488987651419363
nR: 1.7929104693540792
norm: 0.25210621603037
sigma: 39.2
sigmaL: 65.82292438184156
sigmaR: 34.324062991252866
widthL: 65.82292438184156
widthR: 34.324062991252866
x0: 707.5157259157043
