alphaL: 0.897526931160599
alphaR: 2.1055772950490717
event_sum: 8.017214838476738
fraction: 0.9925734071039236
mean: 2642.320379233957
nL: 19.751599766963807
nR: 3.065964951487073
norm: 7.983525284094424
sigma: 119.27032077699276
sigmaL: 85.83817265597156
sigmaR: 66.94225396959635
widthL: 85.83817265597156
widthR: 66.94225396959635
x0: 2642.320379233957
