alphaL: 1.4451699698764315
alphaR: 1.9988992871716558
event_sum: 4.858473707276474
mean: 2657.597058614319
nL: 4.498417213816609
nR: 1.7728083947624163
norm: 4.858473707276474
sigma: 163.67886156902298
sigmaL: 120.041374304207
sigmaR: 58.19889096709288
widthL: 120.041374304207
widthR: 58.19889096709288
x0: 2657.597058614319
