alphaL: 1.327029626647705
alphaR: 1.9662212590755737
event_sum: 8.773389147015308
mean: 2647.942481297463
nL: 4.498164182466051
nR: 3.4670626175953485
norm: 8.773389147015308
sigma: 118.9647346994353
sigmaL: 103.70054127807873
sigmaR: 63.700574805479
widthL: 103.70054127807873
widthR: 63.700574805479
x0: 2647.942481297463
