alphaL: 0.8522987568268132
alphaR: 2.259047544923704
event_sum: 10.81652048046648
fraction: 0.9925248609545014
mean: 2642.883571130868
nL: 56.82592491775521
nR: 2.5461162010211655
norm: 10.771357426465705
sigma: 119.27032077699276
sigmaL: 88.86720363577184
sigmaR: 62.941690569342775
widthL: 88.86720363577184
widthR: 62.941690569342775
x0: 2642.883571130868
