alphaL: 1.1172235865699238
alphaR: 2.1304771193096443
event_sum: 8.738409579649147
mean: 2641.5495476688
nL: 4.739890737121013
nR: 2.879936839837494
norm: 8.738409579649147
sigma: 118.9647346994353
sigmaL: 91.03669840532456
sigmaR: 67.56704483885947
widthL: 91.03669840532456
widthR: 67.56704483885947
x0: 2641.5495476688
