alphaL: 1.3818467253575135
alphaR: 1.9631313406879918
event_sum: 11.95892830459231
mean: 2650.2987471127867
nL: 4.500070232609405
nR: 3.581707581448523
norm: 11.95892830459231
sigma: 118.9647346994353
sigmaL: 111.22431559543318
sigmaR: 58.04135696957093
widthL: 111.22431559543318
widthR: 58.04135696957093
x0: 2650.2987471127867
