alphaL: 1.2514160651901953
alphaR: 1.7036489875327696
event_sum: 2.712631463606859
mean: 2658.6294589939384
nL: 5.0
nR: 2.5070223135476697
norm: 2.712631463606859
sigma: 163.67886156902298
sigmaL: 111.14582767602298
sigmaR: 62.80223846583419
widthL: 111.14582767602298
widthR: 62.80223846583419
x0: 2658.6294589939384
