alphaL: 1.156192466044247
alphaR: 2.09009617832717
event_sum: 10.81652048046648
fraction: 0.9990679023443201
mean: 2646.6973724566387
nL: 9.93782729143436
nR: 3.2625949950195285
norm: 10.815174317479771
sigma: 118.72402095008286
sigmaL: 102.58313736791061
sigmaR: 60.25139641518401
widthL: 102.58313736791061
widthR: 60.25139641518401
x0: 2646.6973724566387
