alphaL: 1.0548184304300154
alphaR: 2.0894980230986517
event_sum: 46.873275283460146
fraction: 0.9973681812265731
mean: 2650.189291053886
nL: 10.0
nR: 1.7008310476031667
norm: 46.7736296646924
sigma: 163.37932382751004
sigmaL: 101.30249802567417
sigmaR: 62.12524530173663
widthL: 101.30249802567417
widthR: 62.12524530173663
x0: 2650.189291053886
