alphaL: 1.0899554900184572
alphaR: 1.8492938515333874
event_sum: 8.017214838476738
fraction: 0.999194766043357
mean: 2644.0741117552284
nL: 9.715744364428012
nR: 4.5
norm: 8.01635968231953
sigma: 118.72402095008286
sigmaL: 93.85515822434681
sigmaR: 65.12972212100581
widthL: 93.85515822434681
widthR: 65.12972212100581
x0: 2644.0741117552284
