alphaL: 1.2305193105953642
alphaR: 2.0788499245574212
event_sum: 4.84710673464943
mean: 2652.2935201545665
nL: 4.952471091470346
nR: 1.6749792548027838
norm: 4.84710673464943
sigma: 163.67886156902298
sigmaL: 108.57044558546127
sigmaR: 60.82317266194762
widthL: 108.57044558546127
widthR: 60.82317266194762
x0: 2652.2935201545665
