alphaL: 1.3514071369887015
alphaR: 2.1102640655119425
event_sum: 11.91003929822492
mean: 2649.4189662393087
nL: 4.987562759356815
nR: 2.927240526780502
norm: 11.91003929822492
sigma: 118.9647346994353
sigmaL: 116.67613657640284
sigmaR: 59.49286046487441
widthL: 116.67613657640284
widthR: 59.49286046487441
x0: 2649.4189662393087
