alphaL: 1.0980887557071228
alphaR: 1.6193376503122763
event_sum: 26.40653075563644
fraction: 0.9982689541495888
mean: 2655.9727937489197
nL: 9.993217755607844
nR: 3.055781414363073
norm: 26.25541567377953
sigma: 163.37932382751004
sigmaL: 105.72042287247749
sigmaR: 63.99930761925713
widthL: 105.72042287247749
widthR: 63.99930761925713
x0: 2655.9727937489197
