alphaL: 1.4321875002736446
alphaR: 1.5397787081773453
event_sum: 2.717660772303458
mean: 2663.0936847589915
nL: 4.4506862706865915
nR: 3.048908145423642
norm: 2.717660772303458
sigma: 163.67886156902298
sigmaL: 120.48991981995565
sigmaR: 59.03617740539898
widthL: 120.48991981995565
widthR: 59.03617740539898
x0: 2663.0936847589915
