alphaL: 0.8803261128574681
alphaR: 2.090117692134343
event_sum: 7.983525284094424
mean: 2642.562156226019
nL: 26.05406904480293
nR: 3.14187991532511
norm_2016: 7.983525284094424
norm_2017: 7.983525284094424
norm_2018: 7.983525284094424
norm_Run2: 7.983525284094424
sigma: 119.27032077699276
sigmaL: 86.15705393706128
sigmaR: 66.6534858924093
widthL: 86.15705393706128
widthR: 66.6534858924093
x0: 2642.562156226019
