alphaL: 0.8508516471853447
alphaR: 2.259961592321088
event_sum: 10.771357426465705
mean: 2642.8780490428912
nL: 52.77968006735655
nR: 2.5374600113454333
norm_2016: 2.785478357931004
norm_2017: 3.6311734557406017
norm_2018: 5.347692173454597
norm_Run2: 10.771357426465705
sigma: 119.27032077699276
sigmaL: 88.7867656946826
sigmaR: 62.93726237638414
widthL: 88.7867656946826
widthR: 62.93726237638414
x0: 2642.8780490428912
