alphaL: 1.05991582334195
alphaR: 1.4124774345938285
event_sum: 4.414099256201802
mean: 2579.145275781716
nL: 0.10835369365064043
nR: 4.019149460519508
norm_2016: 1.0326540443229235
norm_2017: 1.4044401591103581
norm_2018: 2.0143039543456527
norm_Run2: 4.414099256201802
sigma: 265.0
sigmaL: 243.28069321483704
sigmaR: 141.77506614015397
widthL: 243.28069321483704
widthR: 141.77506614015397
x0: 2579.145275781716
