alphaL: 0.6044919373711227
alphaR: 1.3039616208652784
event_sum: 6.5320119295286965
mean: 2601.7310424949023
nL: 1.1516576521733763
nR: 6.187644126312322
norm_2016: 1.7284350678870328
norm_2017: 1.9727955763173393
norm_2018: 2.907891070814062
norm_Run2: 6.5320119295286965
sigma: 148.4
sigmaL: 99.93425863972888
sigmaR: 112.68518149443294
widthL: 99.93425863972888
widthR: 112.68518149443294
x0: 2601.7310424949023
