alphaL: 0.8330686118453385
alphaR: 1.7429737512933274
event_sum: 26.014303236604317
mean: 2650.1422113598364
nL: 24.274176719492228
nR: 2.7701841388964183
norm_2016: 7.187869969282068
norm_2017: 8.03947439954766
norm_2018: 11.467191851077493
norm_Run2: 26.694536219907217
sigma: 165.3031675604921
sigmaL: 89.29478983838746
sigmaR: 67.03838053808065
widthL: 89.29478983838746
widthR: 67.03838053808065
x0: 2650.1422113598364
