alphaL: 0.6073951134819765
alphaR: 1.4344643779134705
event_sum: 6.5320119295286965
mean: 2596.550043269522
nL: 1.0736632489933946
nR: 5.051143260156523
norm_2016: 6.5320119295286965
norm_2017: 6.5320119295286965
norm_2018: 6.5320119295286965
norm_Run2: 6.5320119295286965
sigma: 148.4
sigmaL: 97.20627165616717
sigmaR: 118.91204336849323
widthL: 97.20627165616717
widthR: 118.91204336849323
x0: 2596.550043269522
