alphaL: 0.9966493385741102
alphaR: 1.4289007397805737
event_sum: 10.653780626658689
mean: 2605.615651023282
nL: 1.1570349316920547
nR: 4.23117582755696
norm_2016: 10.653780626658689
norm_2017: 10.653780626658689
norm_2018: 10.653780626658689
norm_Run2: 10.653780626658689
sigma: 148.4
sigmaL: 152.3728674566965
sigmaR: 114.4279142219281
widthL: 152.3728674566965
widthR: 114.4279142219281
x0: 2605.615651023282
