alphaL: 0.7394481801329349
alphaR: 2.1134670914968576
event_sum: 46.331412898294616
mean: 2645.5459328958727
nL: 83.78960901076562
nR: 1.7532990973564053
norm_2016: 46.331412898294616
norm_2017: 46.331412898294616
norm_2018: 46.331412898294616
norm_Run2: 46.331412898294616
sigma: 165.3031675604921
sigmaL: 83.14850140817681
sigmaR: 64.34671066312428
widthL: 83.14850140817681
widthR: 64.34671066312428
x0: 2645.5459328958727
