alphaL: 1.1335653530338496
alphaR: 1.1992392063517907
event_sum: 7.0933837584048
mean: 2598.624999775972
nL: 0.2766874714236296
nR: 5.368669806808333
norm_2016: 1.4579009693886653
norm_2017: 2.2909603278111534
norm_2018: 3.442454518907025
norm_Run2: 7.191315816106844
sigma: 265.0
sigmaL: 280.6582955515184
sigmaR: 127.49975626381413
widthL: 280.6582955515184
widthR: 127.49975626381413
x0: 2598.624999775972
