alphaL: 1.0804121457841607
alphaR: 1.0598982615454033
event_sum: 0.14490747453523894
mean: 2673.3248659225333
nL: 0.1
nR: 1.373918196335856
norm: 0.14490747453523894
sigma: 265.0
sigmaL: 327.0443280098825
sigmaR: 50.575186195804136
widthL: 327.0443280098825
widthR: 50.575186195804136
x0: 2673.3248659225333
