alphaL: 1.2243010542011137
alphaR: 0.8138475751845188
event_sum: 2.965798733334259
fraction: 0.733635032633352
mean: 2643.2416568814324
nL: 0.4
nR: 2.8824872870543414
norm: 1.441603507210055
sigma: 265.0
sigmaL: 348.4811331119941
sigmaR: 74.27579780405102
widthL: 348.4811331119941
widthR: 74.27579780405102
x0: 2643.2416568814324
