alphaL: 0.6764246802289419
alphaR: 0.8795651055881369
event_sum: 0.22555089669547845
mean: 2651.9720080290617
nL: 0.9999684022316454
nR: 1.8667524655979437
norm: 0.22555089669547845
sigma: 265.0
sigmaL: 359.43272846557375
sigmaR: 63.753883005655766
widthL: 359.43272846557375
widthR: 63.753883005655766
x0: 2651.9720080290617
