alphaL: 0.3071573606830624
alphaR: 0.8113457179754441
event_sum: 0.17889563161090102
mean: 2693.147708534652
nL: 1.0001297652924979
nR: 2.8687421734495193
norm: 0.17889563161090102
sigma: 265.0
sigmaL: 562.9661351458849
sigmaR: 61.292128600270175
widthL: 562.9661351458849
widthR: 61.292128600270175
x0: 2693.147708534652
