alphaL: 0.6723286968401474
alphaR: 0.5073186136095547
event_sum: 3.6904082293280642
fraction: 0.6383261871483769
mean: 2645.4817783600647
nL: 0.4049590948551875
nR: 3.3313658171152434
norm: 1.0177633878878256
sigma: 265.0
sigmaL: 255.9691313293486
sigmaR: 47.027120181274675
widthL: 255.9691313293486
widthR: 47.027120181274675
x0: 2645.4817783600647
