alphaL: 1.3764280796698523
alphaR: 0.8402891526343403
event_sum: 0.19461536604030452
mean: 2637.283113183764
nL: 0.1
nR: 2.4114621221500814
norm: 0.19461536604030452
sigma: 265.0
sigmaL: 328.3134891295347
sigmaR: 75.20375087306793
widthL: 328.3134891295347
widthR: 75.20375087306793
x0: 2637.283113183764
