alphaL: 1.4209960919374416
alphaR: 1.6150718278420553
event_sum: 9.139426182489842
mean: 2222.0992177765393
nL: 4.4985229596021234
nR: 2.7064682229984167
norm: 9.139426182489842
sigma: 123.67186455398999
sigmaL: 101.854411563468
sigmaR: 50.694128367164055
widthL: 101.854411563468
widthR: 50.694128367164055
x0: 2222.0992177765393
