alphaL: 1.2068631033725414
alphaR: 2.069473475063978
event_sum: 6.606270062038675
fraction: 0.999100587651203
mean: 2205.648403756557
nL: 9.6907111034366
nR: 3.046086856664979
norm: 6.603880814276636
sigma: 101.15542466627119
sigmaL: 84.88555178961009
sigmaR: 56.32564028486429
widthL: 84.88555178961009
widthR: 56.32564028486429
x0: 2205.648403756557
