alphaL: 1.5219739208367868
alphaR: 2.006033890317332
event_sum: 1.33289061288815
mean: 2215.054734312584
nL: 3.265627364795123
nR: 1.896904738519865
norm: 1.33289061288815
sigma: 123.41898359557062
sigmaL: 100.55274917986742
sigmaR: 49.560263795062795
widthL: 100.55274917986742
widthR: 49.560263795062795
x0: 2215.054734312584
