alphaL: 1.4813393587381714
alphaR: 2.342012599678023
event_sum: 7.20656856225105
mean: 2207.5540528382658
nL: 4.482582250648726
nR: 1.8623539699546356
norm: 7.20656856225105
sigma: 101.18969805349643
sigmaL: 95.75730972087212
sigmaR: 51.738987278679566
widthL: 95.75730972087212
widthR: 51.738987278679566
x0: 2207.5540528382658
