alphaL: 1.4825319133713184
alphaR: 1.942695920574102
event_sum: 13.354254848090932
mean: 2216.1173234589537
nL: 4.499850953499341
nR: 2.049708851675679
norm: 13.354254848090932
sigma: 123.67186455398999
sigmaL: 100.28869610734792
sigmaR: 49.27443853125831
widthL: 100.28869610734792
widthR: 49.27443853125831
x0: 2216.1173234589537
