alphaL: 1.212847974012182
alphaR: 1.6823368439496096
event_sum: 0.9070292967371643
mean: 2218.472385417093
nL: 3.765695447031802
nR: 2.5438627201482156
norm: 0.9070292967371643
sigma: 123.67186455398999
sigmaL: 92.33094262134176
sigmaR: 52.78489510748954
widthL: 92.33094262134176
widthR: 52.78489510748954
x0: 2218.472385417093
