alphaL: 1.463988705929692
alphaR: 2.3056702287950372
event_sum: 7.20656856225105
mean: 2206.434249132511
nL: 4.495312847515697
nR: 2.128358174961491
norm: 7.20656856225105
sigma: 101.18969805349643
sigmaL: 94.96486625600026
sigmaR: 52.48209734288486
widthL: 94.96486625600026
widthR: 52.48209734288486
x0: 2206.434249132511
