alphaL: 1.6404707119684716
alphaR: 2.33976222528769
event_sum: 7.2220986727043055
mean: 2209.3526003560846
nL: 4.498978192369955
nR: 1.905347869590344
norm: 7.2220986727043055
sigma: 101.15542466627119
sigmaL: 101.38275175133283
sigmaR: 51.51224611302502
widthL: 101.38275175133283
widthR: 51.51224611302502
x0: 2209.3526003560846
