alphaL: 1.4126106235496732
alphaR: 1.6577411876140928
event_sum: 0.9097946299589239
mean: 2220.665171211627
nL: 3.457756949044419
nR: 2.5451302605683397
norm: 0.9097946299589239
sigma: 123.41898359557062
sigmaL: 99.15549678834557
sigmaR: 52.554708670695554
widthL: 99.15549678834557
widthR: 52.554708670695554
x0: 2220.665171211627
