alphaL: 1.444648634955319
alphaR: 1.9045856160083257
event_sum: 6.5871560799423605
mean: 2208.856964250513
nL: 4.493010663527028
nR: 3.9655340903006326
norm: 6.5871560799423605
sigma: 101.18969805349643
sigmaL: 89.99783813607282
sigmaR: 53.87619059075813
widthL: 89.99783813607282
widthR: 53.87619059075813
x0: 2208.856964250513
