alphaL: 1.4369468522629922
alphaR: 1.9032629312664933
event_sum: 6.5871560799423605
mean: 2208.6891608368537
nL: 4.497243297390726
nR: 3.982516998877981
norm: 6.5871560799423605
sigma: 101.18969805349643
sigmaL: 89.51051626304269
sigmaR: 53.94072008217256
widthL: 89.51051626304269
widthR: 53.94072008217256
x0: 2208.6891608368537
