alphaL: 0.7386249316941529
alphaR: 2.199192836892652
event_sum: 42.34813423483865
fraction: 0.9874252679237662
mean: 2196.593597865943
nL: 70.36036428272207
nR: 1.5100747960893237
norm: 13.277055963291787
sigma: 122.99901605521056
sigmaL: 69.31408554236651
sigmaR: 55.7413545107563
widthL: 69.31408554236651
widthR: 55.7413545107563
x0: 2196.593597865943
