alphaL: 1.5322756736059966
alphaR: 1.9383083170565831
event_sum: 6.606270062038675
mean: 2210.535681347212
nL: 4.47861534914958
nR: 3.4413133572436156
norm: 6.606270062038675
sigma: 101.15542466627119
sigmaL: 93.20725089300845
sigmaR: 53.11308732435165
widthL: 93.20725089300845
widthR: 53.11308732435165
x0: 2210.535681347212
