alphaL: 1.3455272371832374
alphaR: 2.332328674238925
event_sum: 7.170132533879951
mean: 2205.58524758803
nL: 4.992911802953298
nR: 2.3296764297674204
norm: 7.170132533879951
sigma: 101.18969805349643
sigmaL: 92.21558083581675
sigmaR: 53.0694277033195
widthL: 92.21558083581675
widthR: 53.0694277033195
x0: 2205.58524758803
