alphaL: 1.095804591614198
alphaR: 1.6551145414610353
event_sum: 9.139426182489842
fraction: 0.9974241502063453
mean: 2217.0451609928846
nL: 9.975142870656537
nR: 2.759166662267707
norm: 9.107163961976767
sigma: 123.67186455398999
sigmaL: 90.7613301751685
sigmaR: 53.446278435101284
widthL: 90.7613301751685
widthR: 53.446278435101284
x0: 2217.0451609928846
