alphaL: 1.5242454955218336
alphaR: 2.409787830515253
event_sum: 7.20656856225105
mean: 2207.079005166134
nL: 3.9536282267889304
nR: 1.7831995398970144
norm: 7.20656856225105
sigma: 101.18969805349643
sigmaL: 96.5582557668004
sigmaR: 52.55593617918529
widthL: 96.5582557668004
widthR: 52.55593617918529
x0: 2207.079005166134
