alphaL: 1.4934954169769228
alphaR: 2.0116989317174756
event_sum: 6.5871560799423605
mean: 2208.607007536185
nL: 3.999727322061495
nR: 3.1015710504278435
norm: 6.5871560799423605
sigma: 101.18969805349643
sigmaL: 90.43687970299362
sigmaR: 54.484441408928966
widthL: 90.43687970299362
widthR: 54.484441408928966
x0: 2208.607007536185
