alphaL: 1.0565222106396617
alphaR: 2.086348907687818
event_sum: 13.354254848090932
fraction: 0.9970714970382758
mean: 2207.56366778335
nL: 9.956336289521404
nR: 1.8762597457946035
norm: 13.340428182156757
sigma: 123.67186455398999
sigmaL: 82.74329791671545
sigmaR: 53.70975734868083
widthL: 82.74329791671545
widthR: 53.70975734868083
x0: 2207.56366778335
