alphaL: 1.3089773740718238
alphaR: 2.415935291153225
event_sum: 7.2220986727043055
fraction: 0.9985414156823184
mean: 2206.370441550082
nL: 9.95792028943859
nR: 1.7812066050648672
norm: 7.220306736882776
sigma: 101.15542466627119
sigmaL: 93.67823485108575
sigmaR: 52.715221649902126
widthL: 93.67823485108575
widthR: 52.715221649902126
x0: 2206.370441550082
