alphaL: 1.3906198394509777
alphaR: 1.6027136572981113
event_sum: 0.9099098521764972
mean: 2221.000466230651
nL: 4.378454706619765
nR: 2.7450159448325855
norm: 0.9099098521764972
sigma: 123.67186455398999
sigmaL: 101.6940934741031
sigmaR: 51.48323143528331
widthL: 101.6940934741031
widthR: 51.48323143528331
x0: 2221.000466230651
