alphaL: 1.3688073972621575
alphaR: 1.6211449320414029
event_sum: 0.9099098521764972
mean: 2220.91196316596
nL: 4.38241650885646
nR: 2.6127386999097166
norm: 0.9099098521764972
sigma: 123.67186455398999
sigmaL: 100.62449111024442
sigmaR: 51.5586117859349
widthL: 100.62449111024442
widthR: 51.5586117859349
x0: 2220.91196316596
