alphaL: 1.2641242019726142
alphaR: 2.0187965807353243
event_sum: 1.3297796130136703
mean: 2212.4377747526837
nL: 4.598391484277998
nR: 1.840102819938896
norm: 1.3297796130136703
sigma: 123.67186455398999
sigmaL: 90.85985676558317
sigmaR: 50.14808450527654
widthL: 90.85985676558317
widthR: 50.14808450527654
x0: 2212.4377747526837
