alphaL: 1.4280790857836925
alphaR: 2.015055166126634
event_sum: 1.33289061288815
mean: 2214.647925134123
nL: 4.407108037241277
nR: 1.865751958001542
norm: 1.33289061288815
sigma: 123.67186455398999
sigmaL: 97.6116368142554
sigmaR: 49.93852400837089
widthL: 97.6116368142554
widthR: 49.93852400837089
x0: 2214.647925134123
