alphaL: 1.4208759962927768
alphaR: 2.0046610495153736
event_sum: 1.33289061288815
mean: 2214.7766514114996
nL: 4.4240716629954004
nR: 1.9120301216599167
norm: 1.33289061288815
sigma: 123.67186455398999
sigmaL: 97.4675598471274
sigmaR: 49.778299579852
widthL: 97.4675598471274
widthR: 49.778299579852
x0: 2214.7766514114996
