alphaL: 1.2632433829928946
alphaR: 2.009008377535737
event_sum: 6.569834033667576
mean: 2206.0859026591456
nL: 4.92386333467352
nR: 3.438622905951485
norm: 6.569834033667576
sigma: 101.18969805349643
sigmaL: 84.3571867477044
sigmaR: 55.59029835655253
widthL: 84.3571867477044
widthR: 55.59029835655253
x0: 2206.0859026591456
