alphaL: 0.6828921784128879
alphaR: 2.0370281250581446
event_sum: 3.6757320402465212
fraction: 0.8069381269059076
mean: 3300.0
nL: 1.154044896511112
nR: 2.976996062291231
norm: 1.3802508431486866
sigma: 187.60000000000002
sigmaL: 146.03560486777485
sigmaR: 158.65054475532355
widthL: 146.03560486777485
widthR: 158.65054475532355
x0: 3300.0
