alphaL: 0.49560252825542517
alphaR: 1.937235065225056
event_sum: 0.12338019601451876
mean: 3249.9172045981695
nL: 3.825296808312667
nR: 3.1990180299295616
norm: 0.12338019601451876
sigma: 187.60000000000002
sigmaL: 144.81565635813377
sigmaR: 181.24849532752555
widthL: 144.81565635813377
widthR: 181.24849532752555
x0: 3249.9172045981695
