alphaL: 0.7369205501660505
alphaR: 0.3441188563852736
event_sum: 0.05824322490094154
mean: 3361.140639246457
nL: 0.1
nR: 2.205344790962171
norm: 0.05824322490094154
sigma: 187.60000000000002
sigmaL: 236.26595636016646
sigmaR: 80.41994754093007
widthL: 236.26595636016646
widthR: 80.41994754093007
x0: 3361.140639246457
