alphaL: 1.0327879127087043
alphaR: 1.663298213422541
event_sum: 0.06554369720172148
mean: 3281.88832079153
nL: 0.9790223605461191
nR: 2.696371979457765
norm: 0.06554369720172148
sigma: 187.60000000000002
sigmaL: 207.42230590842044
sigmaR: 138.39069125864924
widthL: 207.42230590842044
widthR: 138.39069125864924
x0: 3281.88832079153
