alphaL: 1.1154023406361429
alphaR: 1.1404016677138253
event_sum: 4.602845206611417
fraction: 0.7085222936818343
mean: 3300.0
nL: 0.40348392832754865
nR: 4.5
norm: 0.6947100740831011
sigma: 187.60000000000002
sigmaL: 222.51239026539224
sigmaR: 128.0353943657525
widthL: 222.51239026539224
widthR: 128.0353943657525
x0: 3300.0
