alphaL: 0.8611237042254621
alphaR: 1.26932637803778
event_sum: 0.1302033877849287
mean: 3332.7528665211894
nL: 1.0176584356276417
nR: 3.2537294133876493
norm: 0.1302033877849287
sigma: 187.60000000000002
sigmaL: 199.8177372078353
sigmaR: 102.78005363205186
widthL: 199.8177372078353
widthR: 102.78005363205186
x0: 3332.7528665211894
