alphaL: 1.538415080622089
alphaR: 2.2416664088315263
event_sum: 1.5361353497137316
mean: 1603.6500940955125
nL: 3.890189282199292
nR: 1.6288098018696509
norm: 1.5361353497137316
sigma: 83.31163560565119
sigmaL: 78.07875750751036
sigmaR: 39.5699841448966
widthL: 78.07875750751036
widthR: 39.5699841448966
x0: 1603.6500940955125
