alphaL: 1.3120048680555765
alphaR: 2.3602175123616003
event_sum: 1.533476238430012
mean: 1601.4723205872688
nL: 4.1070467585790675
nR: 1.3488744314881906
norm: 1.533476238430012
sigma: 82.93726042872778
sigmaL: 73.15219722646
sigmaR: 40.60334634956465
widthL: 73.15219722646
widthR: 40.60334634956465
x0: 1601.4723205872688
