alphaL: 1.3181860949751103
alphaR: 1.97547762348672
event_sum: 1.4522071498213336
mean: 1600.254450596961
nL: 3.8847213303620327
nR: 2.3780092339976444
norm: 1.4522071498213336
sigma: 83.31163560565119
sigmaL: 65.21402755860083
sigmaR: 44.97957154691345
widthL: 65.21402755860083
widthR: 44.97957154691345
x0: 1600.254450596961
