alphaL: 0.989220865979019
alphaR: 2.0961117880984492
event_sum: 1.44389742705971
mean: 1591.6845866036813
nL: 4.99995123635303
nR: 2.2297021388537965
norm: 1.44389742705971
sigma: 82.93726042872778
sigmaL: 51.8216301606506
sigmaR: 49.62262566285243
widthL: 51.8216301606506
widthR: 49.62262566285243
x0: 1591.6845866036813
