alphaL: 1.279845654354799
alphaR: 1.99047648848199
event_sum: 29.074613770935684
mean: 1596.3300576214751
nL: 4.999971027400284
nR: 4.766462840394457
norm: 29.074613770935684
sigma: 74.78822930926354
sigmaL: 64.41510459508623
sigmaR: 44.43363481128992
widthL: 64.41510459508623
widthR: 44.43363481128992
x0: 1596.3300576214751
