alphaL: 1.5892217004822882
alphaR: 2.2845013343872904
event_sum: 1.5386282665422186
mean: 1606.1479287010077
nL: 4.499998008983968
nR: 1.4580740824798932
norm: 1.5386282665422186
sigma: 82.93726042872778
sigmaL: 80.99379752687312
sigmaR: 38.16821014210826
widthL: 80.99379752687312
widthR: 38.16821014210826
x0: 1606.1479287010077
