alphaL: 1.2517045378543383
alphaR: 1.9550458695116097
event_sum: 29.340935489162803
fraction: 0.9992393520880345
mean: 1597.0803026549015
nL: 9.99502466385979
nR: 4.463126911526455
norm: 29.33077236637473
sigma: 75.01237576597153
sigmaL: 65.9655252480147
sigmaR: 43.94232498225574
widthL: 65.9655252480147
widthR: 43.94232498225574
x0: 1597.0803026549015
