alphaL: 1.5644883177043845
alphaR: 2.1034268803982825
event_sum: 1.5386282665422186
mean: 1604.5932140700265
nL: 4.499782123338438
nR: 1.7662501039549836
norm: 1.5386282665422186
sigma: 82.93726042872778
sigmaL: 79.66772240120054
sigmaR: 38.5868996142496
widthL: 79.66772240120054
widthR: 38.5868996142496
x0: 1604.5932140700265
