alphaL: 1.5566480198756225
alphaR: 2.4727186518778415
event_sum: 22.442599090514705
mean: 1598.1852770445576
nL: 4.4975466656498115
nR: 2.2513294890959292
norm: 22.442599090514705
sigma: 74.78822930926354
sigmaL: 74.79809826742614
sigmaR: 41.28452354517986
widthL: 74.79809826742614
widthR: 41.28452354517986
x0: 1598.1852770445576
