alphaL: 1.3884994996180302
alphaR: 1.7092245055098905
event_sum: 14.5303802031558
mean: 1602.2891309482532
nL: 4.498178232020603
nR: 3.270341095639739
norm: 14.5303802031558
sigma: 82.54332053818528
sigmaL: 67.83207883742021
sigmaR: 42.30895106217067
widthL: 67.83207883742021
widthR: 42.30895106217067
x0: 1602.2891309482532
