alphaL: 1.38702201820153
alphaR: 1.9381154066385375
event_sum: 1.4497142329928465
mean: 1595.2279011864405
nL: 3.558151059251967
nR: 3.7237236905144857
norm: 1.4497142329928465
sigma: 82.93726042872778
sigmaL: 63.27881482984302
sigmaR: 47.64696370121919
widthL: 63.27881482984302
widthR: 47.64696370121919
x0: 1595.2279011864405
