alphaL: 1.556991509821128
alphaR: 2.471838567391809
event_sum: 22.442599090514705
mean: 1598.2026385609995
nL: 4.497803181610856
nR: 2.250792602000346
norm: 22.442599090514705
sigma: 74.78822930926354
sigmaL: 74.80319632338414
sigmaR: 41.27047742071843
widthL: 74.80319632338414
widthR: 41.27047742071843
x0: 1598.2026385609995
