alphaL: 1.696005267833314
alphaR: 1.833639826708902
event_sum: 29.340935489162803
mean: 1602.6395675125357
nL: 4.499955162993224
nR: 4.2767889198859566
norm: 29.340935489162803
sigma: 75.01237576597153
sigmaL: 76.06865155337715
sigmaR: 40.753222570172305
widthL: 76.06865155337715
widthR: 40.753222570172305
x0: 1602.6395675125357
