alphaL: 1.645163213332669
alphaR: 2.215785062147337
event_sum: 15.424506309675053
mean: 1604.8835934652607
nL: 4.497508607064136
nR: 1.7124066145067118
norm: 15.424506309675053
sigma: 82.54332053818528
sigmaL: 81.15311362997569
sigmaR: 39.1528658268754
widthL: 81.15311362997569
widthR: 39.1528658268754
x0: 1604.8835934652607
