alphaL: 1.48065302977154
alphaR: 1.9109297906638136
event_sum: 29.19587829709053
mean: 1599.073112928464
nL: 4.4999939426014475
nR: 4.499407362560147
norm: 29.19587829709053
sigma: 74.78822930926354
sigmaL: 69.73910053287155
sigmaR: 42.85775882081049
widthL: 69.73910053287155
widthR: 42.85775882081049
x0: 1599.073112928464
