alphaL: 1.4397024667600689
alphaR: 2.542009094904908
event_sum: 22.344432569341734
mean: 1597.5770698015617
nL: 4.995851606284934
nR: 1.902288968711459
norm: 22.344432569341734
sigma: 74.78822930926354
sigmaL: 73.12631174426708
sigmaR: 41.59169834279073
widthL: 73.12631174426708
widthR: 41.59169834279073
x0: 1597.5770698015617
