alphaL: 1.4918288581787795
alphaR: 1.9455371988903989
event_sum: 29.19587829709053
mean: 1599.519512104889
nL: 4.495849948189702
nR: 4.4594650803483695
norm: 29.19587829709053
sigma: 74.78822930926354
sigmaL: 70.63614435319566
sigmaR: 42.84294099395999
widthL: 70.63614435319566
widthR: 42.84294099395999
x0: 1599.519512104889
