alphaL: 1.750370509047652
alphaR: 2.087202064319662
event_sum: 22.623111326247454
mean: 1602.3516830846102
nL: 4.496596184314081
nR: 4.211213730622945
norm: 22.623111326247454
sigma: 75.01237576597153
sigmaL: 80.29696657660811
sigmaR: 38.684240322989965
widthL: 80.29696657660811
widthR: 38.684240322989965
x0: 1602.3516830846102
