alphaL: 1.3837778107222163
alphaR: 1.9366194917199049
event_sum: 1.4497142329928465
mean: 1595.3085839119976
nL: 3.5568304088118836
nR: 3.719867864644129
norm: 1.4497142329928465
sigma: 82.93726042872778
sigmaL: 63.05499271400777
sigmaR: 47.599323750702844
widthL: 63.05499271400777
widthR: 47.599323750702844
x0: 1595.3085839119976
