alphaL: 1.4701884201986937
alphaR: 2.429753246051487
event_sum: 22.623111326247454
fraction: 0.9990384039241512
mean: 1600.1946273954354
nL: 9.935513233882176
nR: 2.2517066759116737
norm: 22.623111326247454
sigma: 75.01237576597153
sigmaL: 76.45611052145937
sigmaR: 39.94331270993898
widthL: 76.45611052145937
widthR: 39.94331270993898
x0: 1600.1946273954354
