alphaL: 1.6073716474152788
alphaR: 2.5077220441886325
event_sum: 22.442599090514705
mean: 1598.4193771467174
nL: 3.9649140017276405
nR: 2.1012989418387327
norm: 22.442599090514705
sigma: 74.78822930926354
sigmaL: 75.3222503671819
sigmaR: 41.12868317291452
widthL: 75.3222503671819
widthR: 41.12868317291452
x0: 1598.4193771467174
