alphaL: 1.2316366056818662
alphaR: 2.353777433740762
event_sum: 15.424506309675053
fraction: 0.9964444789025311
mean: 1599.6081064709556
nL: 9.991326888259524
nR: 1.5554054423081647
norm: 15.416196587495506
sigma: 82.54332053818528
sigmaL: 70.64934903860905
sigmaR: 41.65309047257878
widthL: 70.64934903860905
widthR: 41.65309047257878
x0: 1599.6081064709556
