alphaL: 1.0232525308696498
alphaR: 1.841779878527739
event_sum: 14.5303802031558
fraction: 0.9980739346635796
mean: 1597.1612080523455
nL: 9.999704718844153
nR: 2.9859203583439564
norm: 14.515422703232616
sigma: 82.54332053818528
sigmaL: 57.968015109476966
sigmaR: 45.634354122227286
widthL: 57.968015109476966
widthR: 45.634354122227286
x0: 1597.1612080523455
