alphaL: 1.5313146122856
alphaR: 2.0028676594741204
event_sum: 29.19587829709053
mean: 1598.855445863846
nL: 3.995457464283637
nR: 3.6102764475224896
norm: 29.19587829709053
sigma: 74.78822930926354
sigmaL: 70.13125563232504
sigmaR: 43.35739874165035
widthL: 70.13125563232504
widthR: 43.35739874165035
x0: 1598.855445863846
