alphaL: 1.0045678558260034
alphaR: 1.523430145527659
event_sum: 0.7094052229664444
mean: 1324.768244788671
nL: 0.6392869111468416
nR: 2.622815780399031
norm: 0.7094052229664444
sigma: 135.0
sigmaL: 114.1219817801891
sigmaR: 76.97288480146914
widthL: 114.1219817801891
widthR: 76.97288480146914
x0: 1324.768244788671
