alphaL: 0.9066507149437429
alphaR: 1.286548849611797
event_sum: 5.240453119443899
fraction: 0.9365187186539001
mean: 1321.9693697575042
nL: 2.399957153121375
nR: 4.5
norm: 4.8064742438400545
sigma: 135.0
sigmaL: 113.18732527844453
sigmaR: 74.13377173721852
widthL: 113.18732527844453
widthR: 74.13377173721852
x0: 1321.9693697575042
