alphaL: 1.2415838782732198
alphaR: 1.114168560281895
event_sum: 0.5209985119093323
mean: 1338.7087007495359
nL: 1.2165570262077723
nR: 3.5492502378822812
norm: 0.5209985119093323
sigma: 135.0
sigmaL: 140.76792060766644
sigmaR: 58.60112862809762
widthL: 140.76792060766644
widthR: 58.60112862809762
x0: 1338.7087007495359
