alphaL: 0.8960447340095312
alphaR: 1.462935826183962
event_sum: 0.7581009764005605
mean: 1324.3860770170345
nL: 0.7620442901520301
nR: 3.422901211007495
norm: 0.7581009764005605
sigma: 135.0
sigmaL: 109.00723229499023
sigmaR: 77.17411841959404
widthL: 109.00723229499023
widthR: 77.17411841959404
x0: 1324.3860770170345
