alphaL: 0.7451611842613458
alphaR: 1.3042836166999043
event_sum: 7.649747159412356
fraction: 0.9151697635960591
mean: 1328.2333517003217
nL: 1.945183064441741
nR: 4.5
norm: 6.671477023004397
sigma: 135.0
sigmaL: 105.71329613391302
sigmaR: 72.59982237525824
widthL: 105.71329613391302
widthR: 72.59982237525824
x0: 1328.2333517003217
