alphaL: 1.1290326423182782
alphaR: 1.5623060560459483
event_sum: 0.4999909731623758
mean: 1323.489077236246
nL: 1.5439475444517898
nR: 2.4009413110953317
norm: 0.4999909731623758
sigma: 135.0
sigmaL: 124.69809823017924
sigmaR: 78.48996203200363
widthL: 124.69809823017924
widthR: 78.48996203200363
x0: 1323.489077236246
