alphaL: 0.7038592155285306
alphaR: 2.1328336713658813
event_sum: 47.217963150898065
fraction: 0.9882484034953916
mean: 2694.400651750542
nL: 121.1103585849039
nR: 1.7093546601094993
norm: 11.500108678975705
sigma: 172.7077357104835
sigmaL: 81.22062725806472
sigmaR: 66.02175318968393
widthL: 81.22062725806472
widthR: 66.02175318968393
x0: 2694.400651750542
