alphaL: 1.316389380401138
alphaR: 1.8203054858996066
event_sum: 4.251937340177321
fraction: 0.7727183879480605
mean: 2655.1020744609177
nL: 0.4
nR: 3.661101102079837
norm: 1.6333851851553924
sigma: 151.2
sigmaL: 192.63401177347285
sigmaR: 128.32461542241597
widthL: 192.63401177347285
widthR: 128.32461542241597
x0: 2655.1020744609177
