alphaL: 0.9763983312543112
alphaR: 1.2862379258696033
event_sum: 0.2536387052068576
mean: 2678.1565924988454
nL: 1.0829176974526176
nR: 2.88268081810223
norm: 0.2536387052068576
sigma: 151.2
sigmaL: 170.9041250490614
sigmaR: 96.79044617611552
widthL: 170.9041250490614
widthR: 96.79044617611552
x0: 2678.1565924988454
