alphaL: 1.6546340621033508
alphaR: 1.332176433469411
event_sum: 3.935785558131027
fraction: 0.7945292098131266
mean: 2668.671495748582
nL: 0.4
nR: 4.5
norm: 2.402508839741363
sigma: 151.2
sigmaL: 238.1251789329865
sigmaR: 115.66965781033404
widthL: 238.1251789329865
widthR: 115.66965781033404
x0: 2668.671495748582
