alphaL: 0.9146119346454396
alphaR: 1.6977124326533304
event_sum: 0.16207681861864928
mean: 2700.408637677488
nL: 2.6063043643371193
nR: 1.5469095966388735
norm: 0.16207681861864928
sigma: 151.2
sigmaL: 216.8022662352734
sigmaR: 105.93750927601596
widthL: 216.8022662352734
widthR: 105.93750927601596
x0: 2700.408637677488
