alphaL: 0.9502721814064952
alphaR: 2.586359509731671
event_sum: 0.23874918080144997
mean: 2625.82169504942
nL: 0.6148301566332355
nR: 2.6485227700330563
norm: 0.23874918080144997
sigma: 151.2
sigmaL: 169.2994564615223
sigmaR: 164.50789447902537
widthL: 169.2994564615223
widthR: 164.50789447902537
x0: 2625.82169504942
