alphaL: 0.9792090572230934
alphaR: 1.9025623406418553
event_sum: 0.1713496332041596
mean: 2641.82537195715
nL: 1.0002975222828705
nR: 3.8141957720987745
norm: 0.1713496332041596
sigma: 151.2
sigmaL: 177.09898401177816
sigmaR: 145.79680255507435
widthL: 177.09898401177816
widthR: 145.79680255507435
x0: 2641.82537195715
