alphaL: 1.389834475983605
alphaR: 1.7149023200015927
event_sum: 0.9183060876616734
mean: 1709.206345336785
nL: 4.0886723852369995
nR: 2.6299808502248343
norm: 0.9183060876616734
sigma: 90.47674370633273
sigmaL: 76.65968808297023
sigmaR: 40.08309043416153
widthL: 76.65968808297023
widthR: 40.08309043416153
x0: 1709.206345336785
