alphaL: 1.2028505646162373
alphaR: 2.2581783094508605
event_sum: 15.263406647494492
mean: 1699.4312857554828
nL: 4.9723970301863565
nR: 2.2647388960713597
norm: 15.263406647494492
sigma: 81.7002474825336
sigmaL: 67.99151554474167
sigmaR: 44.75680549205328
widthL: 67.99151554474167
widthR: 44.75680549205328
x0: 1699.4312857554828
