alphaL: 1.236217062479275
alphaR: 2.4430950988386533
event_sum: 11.518925955332106
mean: 1697.4887973959665
nL: 4.962361596684584
nR: 1.9552822239456251
norm: 11.518925955332106
sigma: 81.7002474825336
sigmaL: 71.42014807883045
sigmaR: 43.088968721317194
widthL: 71.42014807883045
widthR: 43.088968721317194
x0: 1697.4887973959665
