alphaL: 1.4821823925945465
alphaR: 2.348734210537687
event_sum: 11.556700074166844
mean: 1700.7739391736277
nL: 4.50346454245774
nR: 2.21960413300684
norm: 11.556700074166844
sigma: 81.7002474825336
sigmaL: 78.6258577072876
sigmaR: 41.377145099866375
widthL: 78.6258577072876
widthR: 41.377145099866375
x0: 1700.7739391736277
