alphaL: 1.25917417184873
alphaR: 1.9725244835171312
event_sum: 0.9150788341910555
mean: 1704.2243656500095
nL: 3.356957784643553
nR: 2.004951629774239
norm: 0.9150788341910555
sigma: 90.47674370633273
sigmaL: 69.78328389792719
sigmaR: 44.218315637642256
widthL: 69.78328389792719
widthR: 44.218315637642256
x0: 1704.2243656500095
