alphaL: 1.3027786669047565
alphaR: 1.961566244696405
event_sum: 0.9160904311811648
mean: 1696.6270664823398
nL: 4.038443260576917
nR: 4.205084204708964
norm: 0.9160904311811648
sigma: 90.47674370633273
sigmaL: 72.06279983422134
sigmaR: 46.237426746927945
widthL: 72.06279983422134
widthR: 46.237426746927945
x0: 1696.6270664823398
