alphaL: 2.162643822397166
alphaR: 2.272003633888971
event_sum: 9.161895342663675
fraction: 0.9952447587608524
mean: 1708.133902410779
nL: 9.390940830917456
nR: 1.3488858382904376
norm: 9.152013732841372
sigma: 90.549491026533
sigmaL: 90.67318943477954
sigmaR: 39.964962818959236
widthL: 90.67318943477954
widthR: 39.964962818959236
x0: 1708.133902410779
