alphaL: 1.1645563614635353
alphaR: 2.2027596260584588
event_sum: 14.66783243446505
fraction: 0.9986012885662661
mean: 1698.7160730832595
nL: 9.953417801744708
nR: 2.514766003250428
norm: 14.661572752293214
sigma: 81.29792784499509
sigmaL: 68.12201076347091
sigmaR: 45.05888018182266
widthL: 68.12201076347091
widthR: 45.05888018182266
x0: 1698.7160730832595
