alphaL: 1.2226868083029034
alphaR: 2.473577828034642
event_sum: 11.00169110278677
fraction: 0.9982863464307236
mean: 1697.3669464515306
nL: 10.0
nR: 1.838083399231097
norm: 10.993765124217443
sigma: 81.29792784499509
sigmaL: 72.54572905483477
sigmaR: 43.076063485996656
widthL: 72.54572905483477
widthR: 43.076063485996656
x0: 1697.3669464515306
