alphaL: 1.077158750197936
alphaR: 1.8399538370884967
event_sum: 9.19190160635403
fraction: 0.9974945063441283
mean: 1704.5045076990718
nL: 9.947482657128205
nR: 2.5790677192369946
norm: 9.181469425598658
sigma: 90.549491026533
sigmaL: 67.50332491535734
sigmaR: 42.98204345592825
widthL: 67.50332491535734
widthR: 42.98204345592825
x0: 1704.5045076990718
