alphaL: 1.350151602789291
alphaR: 2.3350146437724026
event_sum: 15.318458586752596
mean: 1700.5490895953458
nL: 4.496498268528363
nR: 1.89899688379309
norm: 15.318458586752596
sigma: 81.7002474825336
sigmaL: 71.5927506912928
sigmaR: 44.409568221481514
widthL: 71.5927506912928
widthR: 44.409568221481514
x0: 1700.5490895953458
