alphaL: 1.3065171412590275
alphaR: 2.2405855810175974
event_sum: 0.9125025347793561
mean: 1698.6498583388843
nL: 3.4789379650959873
nR: 1.5323343486819716
norm: 0.9125025347793561
sigma: 90.47674370633273
sigmaL: 73.67255559239406
sigmaR: 44.64887320217796
widthL: 73.67255559239406
widthR: 44.64887320217796
x0: 1698.6498583388843
