alphaL: 1.1428994949819482
alphaR: 1.8434162350784773
event_sum: 0.38645864925475143
mean: 2197.4659496323393
nL: 0.3731507982470592
nR: 2.8019431125003402
norm: 0.38645864925475143
sigma: 225.0
sigmaL: 216.69161508068194
sigmaR: 144.72826885461637
widthL: 216.69161508068194
widthR: 144.72826885461637
x0: 2197.4659496323393
