alphaL: 0.8384930794730654
alphaR: 1.238193441854746
event_sum: 5.552204518124721
fraction: 0.8069091365843264
mean: 2218.0765117076435
nL: 0.9581693115525585
nR: 4.333792855398616
norm: 3.593832104499156
sigma: 225.0
sigmaL: 193.40349366347095
sigmaR: 111.74931049298408
widthL: 193.40349366347095
widthR: 111.74931049298408
x0: 2218.0765117076435
