alphaL: 1.0720168972173592
alphaR: 1.482817438684825
event_sum: 0.2903004477582049
mean: 2215.3970681466244
nL: 0.2533867596130384
nR: 2.007533976825896
norm: 0.2903004477582049
sigma: 225.0
sigmaL: 206.81294797536944
sigmaR: 102.74845752269627
widthL: 206.81294797536944
widthR: 102.74845752269627
x0: 2215.3970681466244
