alphaL: 0.6872665327839677
alphaR: 1.1255213285620251
event_sum: 0.4295212532492462
mean: 2240.3917458768665
nL: 1.0014848740420164
nR: 3.8153034889021593
norm: 0.4295212532492462
sigma: 225.0
sigmaL: 207.42174333151283
sigmaR: 95.26622700147256
widthL: 207.42174333151283
widthR: 95.26622700147256
x0: 2240.3917458768665
