alphaL: 0.5363963147980862
alphaR: 0.9284302588526939
event_sum: 0.34802125654075455
mean: 2271.70357820458
nL: 0.999856270350766
nR: 2.5031527730476903
norm: 0.34802125654075455
sigma: 225.0
sigmaL: 325.6667848681342
sigmaR: 57.72538980982209
widthL: 325.6667848681342
widthR: 57.72538980982209
x0: 2271.70357820458
