alphaL: 0.9932316569988462
alphaR: 0.726357266196185
event_sum: 5.92819144261377
fraction: 0.7198759175338467
mean: 2242.177567002518
nL: 0.41730089902867373
nR: 4.006184996700722
norm: 2.6528867375182137
sigma: 225.0
sigmaL: 227.38075430184028
sigmaR: 58.99698564386651
widthL: 227.38075430184028
widthR: 58.99698564386651
x0: 2242.177567002518
