alphaL: 1.429223850288408
alphaR: 2.657630693092792
event_sum: 86.8075767774845
mean: 953.1327456497463
nL: 4.995950447454966
nR: 4.296754848777051
norm: 86.8075767774845
sigma: 47.7379390787071
sigmaL: 49.74586652605243
sigmaR: 29.50806603474515
widthL: 49.74586652605243
widthR: 29.50806603474515
x0: 953.1327456497463
