alphaL: 1.3898174320260361
alphaR: 2.011384804219991
event_sum: 35.90609526076603
fraction: 0.9997760325467022
mean: 957.0165297508088
nL: 9.936253668585632
nR: 4.139099439519207
norm: 35.899857721016176
sigma: 49.2323023079451
sigmaL: 46.63545762260585
sigmaR: 30.550839592023117
widthL: 46.63545762260585
widthR: 30.550839592023117
x0: 957.0165297508088
