alphaL: 1.6084934674477955
alphaR: 2.2765371836287156
event_sum: 19.530238557914647
fraction: 0.9999191777050751
mean: 956.3007666604213
nL: 7.750446015369482
nR: 4.083439458061359
norm: 19.52796405483486
sigma: 49.2323023079451
sigmaL: 53.04000365080732
sigmaR: 27.62856984928642
widthL: 53.04000365080732
widthR: 27.62856984928642
x0: 956.3007666604213
