alphaL: 1.2565723886782565
alphaR: 2.3819490916335595
event_sum: 205.2969675231699
fraction: 0.9964625621460307
mean: 954.9857485664731
nL: 145.7688337835994
nR: 3.942844120867872
norm: 204.8449539631329
sigma: 47.715023693354794
sigmaL: 46.41204757759126
sigmaR: 30.5425673811319
widthL: 46.41204757759126
widthR: 30.5425673811319
x0: 954.9857485664731
