alphaL: 1.5358551038177404
alphaR: 2.60266888587016
event_sum: 82.1517269424093
fraction: 0.999905848809335
mean: 953.9187012257725
nL: 10.0
nR: 4.5
norm: 82.15063597705331
sigma: 47.86348371513239
sigmaL: 52.11417155733208
sigmaR: 29.207823215805547
widthL: 52.11417155733208
widthR: 29.207823215805547
x0: 953.9187012257725
