alphaL: 1.4025657781757177
alphaR: 2.5886925660015727
event_sum: 1.982826063094118
mean: 954.3783088094334
nL: 3.976346894705408
nR: 2.3073491194322093
norm: 1.982826063094118
sigma: 49.22028890341693
sigmaL: 49.11399694166733
sigmaR: 28.786817923343825
widthL: 49.11399694166733
widthR: 28.786817923343825
x0: 954.3783088094334
