alphaL: 1.3794329189701715
alphaR: 2.0446824421489924
event_sum: 3.646849911093127
mean: 956.7928956313419
nL: 4.879194630301008
nR: 3.7744999579363063
norm: 3.646849911093127
sigma: 49.22028890341693
sigmaL: 45.773151490874234
sigmaR: 30.56984704497202
widthL: 45.773151490874234
widthR: 30.56984704497202
x0: 956.7928956313419
