alphaL: 1.5948927036162899
alphaR: 2.3704024392561305
event_sum: 216.98046998986223
mean: 956.1540535022501
nL: 4.982614379237692
nR: 3.8114760199864444
norm: 216.98046998986223
sigma: 47.7379390787071
sigmaL: 49.39051912510025
sigmaR: 29.977276008557958
widthL: 49.39051912510025
widthR: 29.977276008557958
x0: 956.1540535022501
