alphaL: 1.6805455266576321
alphaR: 2.2107353649708648
event_sum: 1.988938585199186
mean: 956.8525836183733
nL: 4.352397220606191
nR: 3.9898916933060433
norm: 1.988938585199186
sigma: 49.22028890341693
sigmaL: 53.43576415811682
sigmaR: 27.356570593877137
widthL: 53.43576415811682
widthR: 27.356570593877137
x0: 956.8525836183733
