alphaL: 1.821801914731108
alphaR: 2.3109926181163245
event_sum: 217.51427638698974
mean: 957.3597049296071
nL: 4.462647023248325
nR: 3.998013708729191
norm: 217.51427638698974
sigma: 47.7379390787071
sigmaL: 51.666286354412954
sigmaR: 29.368590438290738
widthL: 51.666286354412954
widthR: 29.368590438290738
x0: 957.3597049296071
