alphaL: 1.7117247852290016
alphaR: 2.5734328398287056
event_sum: 87.13590856963133
mean: 954.7481798337866
nL: 4.496424759292953
nR: 4.483787963878969
norm: 87.13590856963133
sigma: 47.7379390787071
sigmaL: 53.386298414336075
sigmaR: 28.733461420705794
widthL: 53.386298414336075
widthR: 28.733461420705794
x0: 954.7481798337866
