alphaL: 1.625237755144172
alphaR: 2.244166054200782
event_sum: 205.2969675231699
fraction: 0.9999117882715455
mean: 957.1452605441585
nL: 9.99175205115508
nR: 4.477953620508465
norm: 205.28184917326735
sigma: 47.86348371513239
sigmaL: 50.78202842328678
sigmaR: 29.35825318106322
widthL: 50.78202842328678
widthR: 29.35825318106322
x0: 957.1452605441585
