alphaL: 1.6146434936050744
alphaR: 2.056175594798424
event_sum: 3.6577035459574145
mean: 957.2507299480986
nL: 4.342336528015703
nR: 3.687343258509804
norm: 3.6577035459574145
sigma: 49.22028890341693
sigmaL: 48.27611811040433
sigmaR: 30.546682924560123
widthL: 48.27611811040433
widthR: 30.546682924560123
x0: 957.2507299480986
