alphaL: 1.2559050099779137
alphaR: 2.3789468092371644
event_sum: 204.8449539631329
mean: 954.9542467056799
nL: 147.8248729519957
nR: 3.977898918673601
norm_2016: 56.014806737026326
norm_2017: 66.48000019766545
norm_2018: 92.9864941459436
norm_Run2: 204.8449539631329
sigma: 47.715023693354794
sigmaL: 46.393090912919504
sigmaR: 30.564450920561313
widthL: 46.393090912919504
widthR: 30.564450920561313
x0: 954.9542467056799
