alphaL: 1.1613113989840784
alphaR: 2.6466156589542127
event_sum: 81.88352209383315
mean: 952.2379545707226
nL: 104.88037591107991
nR: 3.851198529257047
norm_2016: 81.88352209383315
norm_2017: 81.88352209383315
norm_2018: 81.88352209383315
norm_Run2: 81.88352209383315
sigma: 47.715023693354794
sigmaL: 47.11455780070962
sigmaR: 29.90494375721819
widthL: 47.11455780070962
widthR: 29.90494375721819
x0: 952.2379545707226
