alphaL: 1.034621690924189
alphaR: 2.0356975010216334
event_sum: 35.79756293959659
mean: 955.1404193361429
nL: 98.92450613603253
nR: 5.048844790807033
norm_2016: 9.793352764911061
norm_2017: 11.097967983526058
norm_2018: 15.596524351170212
norm_Run2: 36.48784509960733
sigma: 49.171747568489735
sigmaL: 41.549725040941425
sigmaR: 31.379696732903163
widthL: 41.549725040941425
widthR: 31.379696732903163
x0: 955.1404193361429
