alphaL: 0.8813822311480985
alphaR: 1.4058439044089677
event_sum: 29.90897421719124
mean: 938.0311043324214
nL: 4.612275968471206
nR: 4.354300506624867
norm_2016: 8.127267133490767
norm_2017: 9.404378580167634
norm_2018: 12.860197832924465
norm_Run2: 29.90897421719124
sigma: 95.0
sigmaL: 78.91571931387635
sigmaR: 58.59198402274621
widthL: 78.91571931387635
widthR: 58.59198402274621
x0: 938.0311043324214
