alphaL: 0.9541926018529312
alphaR: 1.5214697230610796
event_sum: 32.194096206136265
mean: 942.8257018579843
nL: 4.290669917166143
nR: 4.2370271780601465
norm_2016: 8.670142646296634
norm_2017: 9.968642680689092
norm_2018: 14.092793568435091
norm_Run2: 32.73157889542082
sigma: 53.2
sigmaL: 57.00889337036388
sigmaR: 49.32639734508642
widthL: 57.00889337036388
widthR: 49.32639734508642
x0: 942.8257018579843
