alphaL: 0.9541926018529312
alphaR: 1.5214697230610796
event_sum: 32.194096206136265
mean: 942.8257018579843
nL: 4.290669917166143
nR: 4.2370271780601465
norm_2016: 32.194096206136265
norm_2017: 32.194096206136265
norm_2018: 32.194096206136265
norm_Run2: 32.194096206136265
sigma: 53.2
sigmaL: 57.00889337036388
sigmaR: 49.32639734508642
widthL: 57.00889337036388
widthR: 49.32639734508642
x0: 942.8257018579843
