alphaL: 0.884851172086244
alphaR: 1.400113971716916
event_sum: 29.90897421719124
mean: 938.0259324564126
nL: 4.589074605955195
nR: 4.389993637127602
norm_2016: 29.90897421719124
norm_2017: 29.90897421719124
norm_2018: 29.90897421719124
norm_Run2: 29.90897421719124
sigma: 109.7026715450939
sigmaL: 79.0251810381362
sigmaR: 58.46415246580342
widthL: 79.0251810381362
widthR: 58.46415246580342
x0: 938.0259324564126
