alphaL: 0.9829258591243111
alphaR: 1.5031273390932292
event_sum: 32.194096206136265
mean: 943.7813098124439
nL: 4.11309354082384
nR: 4.262727684337076
norm_2016: 32.194096206136265
norm_2017: 32.194096206136265
norm_2018: 32.194096206136265
norm_Run2: 32.194096206136265
sigma: 78.71482664512732
sigmaL: 58.69710417270139
sigmaR: 48.59723752915663
widthL: 58.69710417270139
widthR: 48.59723752915663
x0: 943.7813098124439
