alphaL: 1.077542354421587
alphaR: 2.8101431205681795
event_sum: 19.45771217872976
mean: 952.6591117409209
nL: 92.4331040301871
nR: 1.895434623284427
norm_2016: 19.45771217872976
norm_2017: 19.45771217872976
norm_2018: 19.45771217872976
norm_Run2: 19.45771217872976
sigma: 49.171747568489735
sigmaL: 44.897441287203385
sigmaR: 29.489948900493307
widthL: 44.897441287203385
widthR: 29.489948900493307
x0: 952.6591117409209
