alphaL: 0.9139011472712284
alphaR: 1.4805662298225442
event_sum: 15.397377399027476
mean: 929.1488431666671
nL: 32.08188277664947
nR: 3.3638754050918287
norm_2016: 15.397377399027476
norm_2017: 15.397377399027476
norm_2018: 15.397377399027476
norm_Run2: 15.397377399027476
sigma: 95.0
sigmaL: 74.66775755000032
sigmaR: 63.19762335684682
widthL: 74.66775755000032
widthR: 63.19762335684682
x0: 929.1488431666671
