alphaL: 1.0406127395013245
alphaR: 1.4421592236337974
event_sum: 16.933497511852405
mean: 946.2039921550362
nL: 37.51164446621017
nR: 3.5734739566004916
norm_2016: 4.389542638574521
norm_2017: 5.175443768765095
norm_2018: 7.678341864762209
norm_Run2: 16.933497511852405
sigma: 53.2
sigmaL: 66.73865778557175
sigmaR: 43.512075870130026
widthL: 66.73865778557175
widthR: 43.512075870130026
x0: 946.2039921550362
