alphaL: 0.9271479201742406
alphaR: 1.4783739292440026
event_sum: 15.397377399027476
mean: 929.1648990269724
nL: 31.987101544013257
nR: 3.4222966752867325
norm_2016: 15.397377399027476
norm_2017: 15.397377399027476
norm_2018: 15.397377399027476
norm_Run2: 15.397377399027476
sigma: 109.7026715450939
sigmaL: 75.14099984578394
sigmaR: 63.25590039499938
widthL: 75.14099984578394
widthR: 63.25590039499938
x0: 929.1648990269724
