alphaL: 1.0572046898186003
alphaR: 1.4591122418125886
event_sum: 16.933497511852405
mean: 945.8115237557015
nL: 37.19191280894826
nR: 3.5105605564062756
norm_2016: 16.933497511852405
norm_2017: 16.933497511852405
norm_2018: 16.933497511852405
norm_Run2: 16.933497511852405
sigma: 78.71482664512732
sigmaL: 66.6913744429225
sigmaR: 43.91776185528647
widthL: 66.6913744429225
widthR: 43.91776185528647
x0: 945.8115237557015
