alphaL: 1.2355676544862857
alphaR: 1.4091973218206886
event_sum: 16.933497511852405
mean: 947.3590608920847
nL: 3.8921788313915844
nR: 3.706103496300562
norm_2016: 4.389542638574521
norm_2017: 5.175443768765095
norm_2018: 7.678341864762209
norm_Run2: 16.933497511852405
sigma: 53.2
sigmaL: 70.1308480676268
sigmaR: 42.65419129072846
widthL: 70.1308480676268
widthR: 42.65419129072846
x0: 947.3590608920847
