alphaL: 0.9153984826668838
alphaR: 2.5647283957461955
event_sum: 0.30433804353346766
mean: 2431.4383647526715
nL: 3.193906206202469
nR: 2.0887060393332164
norm: 0.30433804353346766
sigma: 140.0
sigmaL: 161.50179047851685
sigmaR: 149.93962047404702
widthL: 161.50179047851685
widthR: 149.93962047404702
x0: 2431.4383647526715
