alphaL: 1.0577017644109306
alphaR: 1.1979240871710313
event_sum: 0.320791673282022
mean: 2487.8866029320193
nL: 0.8843650170767622
nR: 2.7896013148261423
norm: 0.320791673282022
sigma: 140.0
sigmaL: 154.67433281803574
sigmaR: 79.76434746802327
widthL: 154.67433281803574
widthR: 79.76434746802327
x0: 2487.8866029320193
