alphaL: 1.262639188686954
alphaR: 1.7994650213246413
event_sum: 4.691054691385432
fraction: 0.7723315332497557
mean: 2450.0
nL: 0.4
nR: 3.6136516341270166
norm: 2.2050865818969902
sigma: 140.0
sigmaL: 142.59137661432248
sigmaR: 125.86527457272788
widthL: 142.59137661432248
widthR: 125.86527457272788
x0: 2450.0
