alphaL: 0.956205764674888
alphaR: 1.5808212004612991
event_sum: 4.398027458937552
fraction: 0.8654210884045779
mean: 2453.4901332643763
nL: 1.3144737431395106
nR: 3.6142891650853817
norm: 3.0369663659863937
sigma: 140.0
sigmaL: 144.83656961455276
sigmaR: 113.75630340618642
widthL: 144.83656961455276
widthR: 113.75630340618642
x0: 2453.4901332643763
