alphaL: 1.063326044251723
alphaR: 1.8961735644385258
event_sum: 0.22759393004045192
mean: 2452.1237704462333
nL: 1.0005432928403295
nR: 3.759819537833963
norm: 0.22759393004045192
sigma: 140.0
sigmaL: 155.16382902989488
sigmaR: 125.20352684295784
widthL: 155.16382902989488
widthR: 125.20352684295784
x0: 2452.1237704462333
