alphaL: 0.6452038324526033
alphaR: 1.8996356496617823
event_sum: 0.21306870752611043
mean: 2463.104532873571
nL: 2.6391770823870107
nR: 2.1813165099449474
norm: 0.21306870752611043
sigma: 140.0
sigmaL: 123.75255672619916
sigmaR: 119.07411509310796
widthL: 123.75255672619916
widthR: 119.07411509310796
x0: 2463.104532873571
