alphaL: 0.975289853276928
alphaR: 1.023974538809282
event_sum: 0.24798120946374735
mean: 2635.8420106262292
nL: 0.3268456607355506
nR: 3.057725709536667
norm: 0.24798120946374735
sigma: 265.0
sigmaL: 247.9309570438154
sigmaR: 92.25286695006913
widthL: 247.9309570438154
widthR: 92.25286695006913
x0: 2635.8420106262292
