alphaL: 1.0427103992115858
alphaR: 1.0431618878218383
event_sum: 4.496076458533573
fraction: 0.6995889818239253
mean: 2620.4585374458375
nL: 0.4
nR: 4.333229078396283
norm: 2.265059174090322
sigma: 265.0
sigmaL: 259.96368939443045
sigmaR: 103.93254679255641
widthL: 259.96368939443045
widthR: 103.93254679255641
x0: 2620.4585374458375
