alphaL: 0.6245654664709848
alphaR: 0.8979788936502231
event_sum: 0.28725203287806733
mean: 2667.105993708733
nL: 1.000140137243571
nR: 2.286517777189399
norm: 0.28725203287806733
sigma: 265.0
sigmaL: 358.06216009538264
sigmaR: 64.37246698342398
widthL: 358.06216009538264
widthR: 64.37246698342398
x0: 2667.105993708733
