alphaL: 0.25341288974761544
alphaR: 0.965731748390313
event_sum: 0.19711686868319747
mean: 2694.476171035588
nL: 1.0003591916904164
nR: 3.0378015348678056
norm: 0.19711686868319747
sigma: 265.0
sigmaL: 493.87735542883956
sigmaR: 73.97740148518315
widthL: 493.87735542883956
widthR: 73.97740148518315
x0: 2694.476171035588
