alphaL: 0.8945525565851588
alphaR: 1.3289972804967791
event_sum: 5.050515490159974
fraction: 0.6817662422993344
mean: 2618.7495360390985
nL: 0.4011632032735896
nR: 3.0067457582848798
norm: 1.388477258844693
sigma: 265.0
sigmaL: 282.05217834782906
sigmaR: 112.28396859211784
widthL: 282.05217834782906
widthR: 112.28396859211784
x0: 2618.7495360390985
