alphaL: 1.1112714052518058
alphaR: 1.2166277561298415
event_sum: 0.1569275577426776
mean: 2599.7891454206697
nL: 0.1
nR: 4.519992381780702
norm: 0.1569275577426776
sigma: 265.0
sigmaL: 266.2966453280564
sigmaR: 121.10825901022184
widthL: 266.2966453280564
widthR: 121.10825901022184
x0: 2599.7891454206697
