alphaL: 0.9820495673953716
alphaR: 1.6236381175503758
event_sum: 0.911815479179495
mean: 1201.1996411103617
nL: 1.8077323931193516
nR: 1.935949268459483
norm: 0.911815479179495
sigma: 67.2
sigmaL: 75.83028191118258
sigmaR: 53.7339807974657
widthL: 75.83028191118258
widthR: 53.7339807974657
x0: 1201.1996411103617
