alphaL: 0.9149270638124253
alphaR: 1.4222176481538
event_sum: 10.142391428351402
mean: 1198.6400047071952
nL: 2.203665557504892
nR: 4.200247592669605
norm: 10.142391428351402
sigma: 67.2
sigmaL: 70.68717267485425
sigmaR: 54.911970036032976
widthL: 70.68717267485425
widthR: 54.911970036032976
x0: 1198.6400047071952
