alphaL: 1.137550897090295
alphaR: 1.6972674771433307
event_sum: 0.6139039946137927
mean: 1196.6969278659687
nL: 2.172935446654478
nR: 2.1758984547572866
norm: 0.6139039946137927
sigma: 67.2
sigmaL: 86.16341031210155
sigmaR: 58.0256607531518
widthL: 86.16341031210155
widthR: 58.0256607531518
x0: 1196.6969278659687
