alphaL: 0.9397304545148751
alphaR: 1.3409724248327066
event_sum: 0.9439358891540905
mean: 1202.8830750933937
nL: 1.9175813975386113
nR: 3.2220975228176263
norm: 0.9439358891540905
sigma: 67.2
sigmaL: 69.55502984797106
sigmaR: 48.388876255526
widthL: 69.55502984797106
widthR: 48.388876255526
x0: 1202.8830750933937
