alphaL: 1.2823244690174205
alphaR: 1.2934243438018613
event_sum: 0.6310277893353486
mean: 1205.9340606372502
nL: 2.691321598688225
nR: 4.078157356026847
norm: 0.6310277893353486
sigma: 67.2
sigmaL: 94.4588985689137
sigmaR: 48.100084065779754
widthL: 94.4588985689137
widthR: 48.100084065779754
x0: 1205.9340606372502
