alphaL: 0.9397695343803398
alphaR: 1.3425251144765893
event_sum: 0.9439358891540905
mean: 1202.9056346400566
nL: 1.9198644471769803
nR: 3.2256844909586593
norm: 0.9439358891540905
sigma: 67.2
sigmaL: 69.57806126525806
sigmaR: 48.47009001508518
widthL: 69.57806126525806
widthR: 48.47009001508518
x0: 1202.9056346400566
