alphaL: 1.3019297858650327
alphaR: 1.2776953576207257
event_sum: 0.6310277893353486
mean: 1206.897405373313
nL: 2.5667888159799594
nR: 4.055642943618241
norm: 0.6310277893353486
sigma: 67.2
sigmaL: 95.82009575841586
sigmaR: 47.45342379016899
widthL: 95.82009575841586
widthR: 47.45342379016899
x0: 1206.897405373313
