alphaL: 0.6578040898433413
alphaR: 1.758455757645761
event_sum: 0.848106454097433
mean: 1193.153447372708
nL: 2.041448507294254
nR: 1.4390622356724543
norm: 0.848106454097433
sigma: 62.614524386707636
sigmaL: 54.231644133968246
sigmaR: 59.951153915353494
widthL: 54.231644133968246
widthR: 59.951153915353494
x0: 1193.153447372708
