alphaL: 1.2784122813506866
alphaR: 1.3547275892632393
event_sum: 6.674025399843231
fraction: 0.9703861557373444
mean: 1202.3123716621171
nL: 1.9034808645991712
nR: 4.065607310418598
norm: 6.461307458812371
sigma: 67.2
sigmaL: 90.62550774259809
sigmaR: 51.32345326564769
widthL: 90.62550774259809
widthR: 51.32345326564769
x0: 1202.3123716621171
