alphaL: 0.9094732147382723
alphaR: 1.4503615568743204
event_sum: 10.142391428351402
fraction: 0.9644498958224178
mean: 1197.637020726815
nL: 2.1600549468902965
nR: 4.179486550865669
norm: 9.69887452130206
sigma: 67.2
sigmaL: 69.56729131078121
sigmaR: 55.804564257814725
widthL: 69.56729131078121
widthR: 55.804564257814725
x0: 1197.637020726815
