alphaL: 1.3311307485964157
alphaR: 1.324005515663299
event_sum: 6.674025399843231
mean: 1203.2804843809445
nL: 1.736994561971692
nR: 4.243115466989064
norm: 6.674025399843231
sigma: 67.2
sigmaL: 92.27697015539654
sigmaR: 50.23512335214537
widthL: 92.27697015539654
widthR: 50.23512335214537
x0: 1203.2804843809445
