alphaL: 1.2252056436404057
alphaR: 1.3982962648083483
event_sum: 0.5718922001105966
mean: 1200.1381929689883
nL: 2.025194851290739
nR: 3.0162494700401306
norm: 0.5718922001105966
sigma: 62.614524386707636
sigmaL: 87.28088166325972
sigmaR: 52.62208029180162
widthL: 87.28088166325972
widthR: 52.62208029180162
x0: 1200.1381929689883
