alphaL: 1.3890703752900226
alphaR: 1.9314331268395957
event_sum: 1.2374343380648887
mean: 2955.5286554491845
nL: 4.496223175702878
nR: 2.048776831480602
norm: 1.2374343380648887
sigma: 212.8884102660853
sigmaL: 128.1457528242314
sigmaR: 62.07956192852824
widthL: 128.1457528242314
widthR: 62.07956192852824
x0: 2955.5286554491845
