alphaL: 0.9989820973304492
alphaR: 2.050483457144314
event_sum: 1.3641022879188638
mean: 2935.2135726385623
nL: 4.2271472948063264
nR: 3.5914810280780776
norm: 1.3641022879188638
sigma: 138.5186463166294
sigmaL: 88.50553421948933
sigmaR: 72.47342295567282
widthL: 88.50553421948933
widthR: 72.47342295567282
x0: 2935.2135726385623
