alphaL: 1.0604216047851742
alphaR: 2.3215511560297797
event_sum: 1.7577567828994176
mean: 2941.1302060430057
nL: 4.739597241522013
nR: 2.1512661919616134
norm: 1.7577567828994176
sigma: 138.5186463166294
sigmaL: 107.42578532570725
sigmaR: 67.31894316643981
widthL: 107.42578532570725
widthR: 67.31894316643981
x0: 2941.1302060430057
