alphaL: 1.4592298846273768
alphaR: 1.4492650582721982
event_sum: 0.7082551819265113
mean: 2964.1890313863187
nL: 3.988709147586661
nR: 3.2288181757742085
norm: 0.7082551819265113
sigma: 212.8884102660853
sigmaL: 132.51095147502284
sigmaR: 57.85779967701267
widthL: 132.51095147502284
widthR: 57.85779967701267
x0: 2964.1890313863187
