alphaL: 0.9427680746935613
alphaR: 2.1198731263437045
event_sum: 11.830851715710391
fraction: 0.9982293480094068
mean: 2944.2338831664656
nL: 10.0
nR: 1.8223241962494408
norm: 11.795520309616542
sigma: 211.70613854120836
sigmaL: 102.08852124122402
sigmaR: 68.52000610216729
widthL: 102.08852124122402
widthR: 68.52000610216729
x0: 2944.2338831664656
