alphaL: 0.8347447902200259
alphaR: 2.300900833033513
event_sum: 6.57321965077152
fraction: 0.9935543215096448
mean: 2941.4216134321946
nL: 50.36686818598287
nR: 2.397753201054647
norm: 1.673450747192609
sigma: 133.03872468152977
sigmaL: 96.17351077634432
sigmaR: 68.79017687571911
widthL: 96.17351077634432
widthR: 68.79017687571911
x0: 2941.4216134321946
