alphaL: 1.4640002122063343
alphaR: 0.5986969495724859
event_sum: 0.7076047493384711
mean: 2987.3831842929762
nL: 4.605822078362908
nR: 4.313807275249613
norm: 0.7076047493384711
sigma: 212.8884102660853
sigmaL: 145.49411000207147
sigmaR: 23.035443614709806
widthL: 145.49411000207147
widthR: 23.035443614709806
x0: 2987.3831842929762
