alphaL: 1.0673648968525704
alphaR: 2.154293880570896
event_sum: 1.6826347348694002
fraction: 0.998731561164518
mean: 2945.012841307583
nL: 10.0
nR: 2.7972033191964547
norm: 1.682129048160583
sigma: 137.3715932499194
sigmaL: 111.69887085741792
sigmaR: 64.47922258840502
widthL: 111.69887085741792
widthR: 64.47922258840502
x0: 2945.012841307583
