alphaL: 1.0049829075630627
alphaR: 2.0921530208529653
event_sum: 1.3577725644067686
mean: 2943.0134904971546
nL: 4.671873896784389
nR: 2.4573343973396455
norm: 1.3577725644067686
sigma: 138.5186463166294
sigmaL: 95.83579326148934
sigmaR: 67.27465534915636
widthL: 95.83579326148934
widthR: 67.27465534915636
x0: 2943.0134904971546
