alphaL: 1.3028871580586492
alphaR: 1.8887237763554237
event_sum: 1.7643825844948826
mean: 2951.1751999630173
nL: 4.4915047815834654
nR: 3.8528919711682743
norm: 1.7643825844948826
sigma: 138.5186463166294
sigmaL: 122.5778218973499
sigmaR: 60.4262027070491
widthL: 122.5778218973499
widthR: 60.4262027070491
x0: 2951.1751999630173
