alphaL: 0.9946352610435204
alphaR: 1.9616543594687883
event_sum: 1.3072478427255951
fraction: 0.9988816639273276
mean: 2944.44740003974
nL: 9.669158571778556
nR: 2.975447294392038
norm: 1.3071088192016513
sigma: 137.3715932499194
sigmaL: 100.01479548111885
sigmaR: 66.55795312398133
widthL: 100.01479548111885
widthR: 66.55795312398133
x0: 2944.44740003974
