alphaL: 1.254691509855773
alphaR: 2.0168272335710657
event_sum: 1.235923099534921
mean: 2950.0828009374773
nL: 4.78214227827759
nR: 2.041864671401328
norm: 1.235923099534921
sigma: 212.8884102660853
sigmaL: 118.91857737167813
sigmaR: 65.34680824404604
widthL: 118.91857737167813
widthR: 65.34680824404604
x0: 2950.0828009374773
