alphaL: 0.7322153321717575
alphaR: 1.8125168598550203
event_sum: 24.545444486198537
fraction: 0.9884423570200068
mean: 2941.3709698030857
nL: 17.230674866991443
nR: 2.5512831687590296
norm: 6.685014136582573
sigma: 209.73057646044026
sigmaL: 84.82470817067073
sigmaR: 77.06630367792104
widthL: 84.82470817067073
widthR: 77.06630367792104
x0: 2941.3709698030857
