alphaL: 1.0162855088131313
alphaR: 1.495281983434627
event_sum: 6.812975364636043
fraction: 0.9983654592828541
mean: 2957.6743770092735
nL: 9.71291712776799
nR: 3.2044849830346624
norm: 6.750013731724935
sigma: 211.70613854120836
sigmaL: 111.28995350108627
sigmaR: 61.200592110519686
widthL: 111.28995350108627
widthR: 61.200592110519686
x0: 2957.6743770092735
