alphaL: 1.054527026356393
alphaR: 1.4422218807390705
event_sum: 7.572129447435373
fraction: 0.8471462435495207
mean: 2653.4155980473465
nL: 0.9771281873040499
nR: 4.308315343361252
norm: 4.723666542583357
sigma: 151.2
sigmaL: 170.47786312513412
sigmaR: 114.8235587977429
widthL: 170.47786312513412
widthR: 114.8235587977429
x0: 2653.4155980473465
