alphaL: 1.351674030202357
alphaR: 1.2353020887713562
event_sum: 7.54042807356606
fraction: 0.7194738687323099
mean: 2650.1214486491585
nL: 0.4
nR: 3.1214932904744135
norm: 2.775316442656471
sigma: 151.2
sigmaL: 176.37828882023757
sigmaR: 99.67260903071568
widthL: 176.37828882023757
widthR: 99.67260903071568
x0: 2650.1214486491585
