alphaL: 0.43439660904042726
alphaR: 0.9354823326862345
event_sum: 0.24345202398145618
mean: 2679.178050320531
nL: 4.175751430720657
nR: 3.588700986146535
norm: 0.24345202398145618
sigma: 151.2
sigmaL: 134.93384161736478
sigmaR: 72.26676705461347
widthL: 134.93384161736478
widthR: 72.26676705461347
x0: 2679.178050320531
