alphaL: 1.2396338929567106
alphaR: 1.2574439375778759
event_sum: 0.43076046894626957
mean: 2653.560619668563
nL: 0.1
nR: 3.195928494590283
norm: 0.43076046894626957
sigma: 151.2
sigmaL: 168.51314165739134
sigmaR: 114.54736011984365
widthL: 168.51314165739134
widthR: 114.54736011984365
x0: 2653.560619668563
