alphaL: 1.0056718377418603
alphaR: 1.827492429644255
event_sum: 0.260177036854504
mean: 2630.477652131908
nL: 1.005021825722456
nR: 3.7352430682861826
norm: 0.260177036854504
sigma: 151.2
sigmaL: 185.83096834417688
sigmaR: 139.82508560884182
widthL: 185.83096834417688
widthR: 139.82508560884182
x0: 2630.477652131908
