alphaL: 1.0072498567140897
alphaR: 1.4206208378794518
event_sum: 0.4533416188324855
mean: 2654.620171765629
nL: 0.9705412696904748
nR: 3.048922046828209
norm: 0.4533416188324855
sigma: 151.2
sigmaL: 163.07663333754036
sigmaR: 111.3731547934847
widthL: 163.07663333754036
widthR: 111.3731547934847
x0: 2654.620171765629
