alphaL: 1.3808719882778786
alphaR: 1.5321707936429336
event_sum: 3.7807031863616465
fraction: 0.9931598824697553
mean: 850.5338259182608
nL: 4.178487077996717
nR: 2.7177588136259696
norm: 3.759463581405731
sigma: 47.6
sigmaL: 67.34991478149087
sigmaR: 38.72587674286274
widthL: 67.34991478149087
widthR: 38.72587674286274
x0: 850.5338259182608
