alphaL: 1.170177639795765
alphaR: 1.465759198910358
event_sum: 8.371423449730209
fraction: 0.9966400302871418
mean: 847.8833148051024
nL: 7.260515880721124
nR: 3.9114900575918106
norm: 8.35089028567606
sigma: 47.6
sigmaL: 58.65119721249602
sigmaR: 41.46527536637998
widthL: 58.65119721249602
widthR: 41.46527536637998
x0: 847.8833148051024
