alphaL: 1.3083775158626771
alphaR: 1.708973473059003
event_sum: 0.371291426951746
mean: 846.248858128418
nL: 2.2057422772453936
nR: 2.2318812155597554
norm: 0.371291426951746
sigma: 47.6
sigmaL: 63.43024255417915
sigmaR: 41.78192501311264
widthL: 63.43024255417915
widthR: 41.78192501311264
x0: 846.248858128418
