alphaL: 1.3393546107483083
alphaR: 1.2824671685955398
event_sum: 0.3765502579879543
mean: 853.7296436371932
nL: 1.9900544375814204
nR: 2.984035266941801
norm: 0.3765502579879543
sigma: 47.6
sigmaL: 64.00310197210986
sigmaR: 32.68574027960355
widthL: 64.00310197210986
widthR: 32.68574027960355
x0: 853.7296436371932
