alphaL: 1.2100586191310467
alphaR: 1.4280581438448614
event_sum: 0.8371832372187319
mean: 849.5184298842527
nL: 3.8168978066623147
nR: 3.7140423784038807
norm: 0.8371832372187319
sigma: 47.6
sigmaL: 58.61530152304544
sigmaR: 40.38121839591544
widthL: 58.61530152304544
widthR: 40.38121839591544
x0: 849.5184298842527
