alphaL: 1.2516534571395068
alphaR: 1.7095106862328675
event_sum: 0.8249550995628363
mean: 847.8983948604779
nL: 2.209827834888551
nR: 2.143605919372634
norm: 0.8249550995628363
sigma: 47.6
sigmaL: 60.00932038543716
sigmaR: 42.38660808710098
widthL: 60.00932038543716
widthR: 42.38660808710098
x0: 847.8983948604779
