alphaL: 0.6890725369371117
alphaR: 1.1233433567001232
event_sum: 0.4459099820087431
mean: 2186.783130507568
nL: 1.001082272495293
nR: 3.924235750107538
norm: 0.4459099820087431
sigma: 220.0
sigmaL: 192.06104687601703
sigmaR: 94.34385664396747
widthL: 192.06104687601703
widthR: 94.34385664396747
x0: 2186.783130507568
