alphaL: 0.8429603396838001
alphaR: 0.9718675568562146
event_sum: 0.6072210866113892
mean: 2200.827934681373
nL: 1.0000569743755212
nR: 2.220337493816256
norm: 0.6072210866113892
sigma: 220.0
sigmaL: 246.12730394373537
sigmaR: 59.9279964047451
widthL: 246.12730394373537
widthR: 59.9279964047451
x0: 2200.827934681373
