alphaL: 0.8296909630981095
alphaR: 1.2130589124871032
event_sum: 5.670085255173035
fraction: 0.8058194339768816
mean: 2164.4895775733494
nL: 0.939899089584578
nR: 4.325127282434432
norm: 3.7516353568062186
sigma: 220.0
sigmaL: 175.3253551412585
sigmaR: 108.67569665864231
widthL: 175.3253551412585
widthR: 108.67569665864231
x0: 2164.4895775733494
