alphaL: 0.9543377046103347
alphaR: 1.0630223446599065
event_sum: 0.295084099205269
mean: 2172.587898936323
nL: 0.20003848388712053
nR: 1.8625331976599144
norm: 0.295084099205269
sigma: 123.41898359557062
sigmaL: 172.93292253149122
sigmaR: 93.21156669510293
widthL: 172.93292253149122
widthR: 93.21156669510293
x0: 2172.587898936323
