alphaL: 1.0870243183943336
alphaR: 1.552105855245535
event_sum: 0.31259787627641344
mean: 2148.805134828994
nL: 0.2540118325099224
nR: 2.380265841150199
norm: 0.31259787627641344
sigma: 220.0
sigmaL: 192.02400327734676
sigmaR: 117.79811130345793
widthL: 192.02400327734676
widthR: 117.79811130345793
x0: 2148.805134828994
