alphaL: 0.8756152413810669
alphaR: 1.439523423799013
event_sum: 0.567008532678301
mean: 2169.3689228847675
nL: 1.000067133586509
nR: 2.5236164894603887
norm: 0.567008532678301
sigma: 220.0
sigmaL: 193.57348604347905
sigmaR: 112.62239610181197
widthL: 193.57348604347905
widthR: 112.62239610181197
x0: 2169.3689228847675
