alphaL: 0.5386564856282255
alphaR: 0.9428753451976235
event_sum: 0.3722829849793925
mean: 2224.8987680837395
nL: 1.0000000184559559
nR: 2.6578387223482123
norm: 0.3722829849793925
sigma: 220.0
sigmaL: 308.329907248092
sigmaR: 57.460418614134895
widthL: 308.329907248092
widthR: 57.460418614134895
x0: 2224.8987680837395
