alphaL: 0.5368672826757729
alphaR: 0.9433311327571052
event_sum: 0.3722829849793925
mean: 2224.1389671483676
nL: 1.0000000169495653
nR: 2.671359490603915
norm: 0.3722829849793925
sigma: 220.0
sigmaL: 308.3109936454072
sigmaR: 57.54441872030258
widthL: 308.3109936454072
widthR: 57.54441872030258
x0: 2224.1389671483676
