alphaL: 0.6057587647665689
alphaR: 1.2206843319133356
event_sum: 0.4459099820087431
mean: 2167.5823242477086
nL: 1.0029948140424962
nR: 4.498300369459996
norm: 0.4459099820087431
sigma: 220.0
sigmaL: 156.94900657580976
sigmaR: 106.56223917311792
widthL: 156.94900657580976
widthR: 106.56223917311792
x0: 2167.5823242477086
