alphaL: 1.0539403053578444
alphaR: 1.6062768017560491
event_sum: 0.4020103171133087
mean: 2153.78731897171
nL: 0.4878162764884767
nR: 2.9664343080545024
norm: 0.4020103171133087
sigma: 220.0
sigmaL: 196.5682080971678
sigmaR: 130.6593729141756
widthL: 196.5682080971678
widthR: 130.6593729141756
x0: 2153.78731897171
