alphaL: 1.0317492380699584
alphaR: 0.7403122799714444
event_sum: 6.072210789425299
fraction: 0.7302092312153496
mean: 2190.2328210939722
nL: 0.41835285107874487
nR: 4.0907019391751005
norm: 2.865576514857821
sigma: 220.0
sigmaL: 224.46915119872617
sigmaR: 58.56565912187673
widthL: 224.46915119872617
widthR: 58.56565912187673
x0: 2190.2328210939722
