alphaL: 0.9142314148396278
alphaR: 1.2799455409919624
event_sum: 0.21488943577423925
mean: 2178.9819642786692
nL: 0.200035994091283
nR: 1.6399247121755842
norm: 0.21488943577423925
sigma: 123.41898359557062
sigmaL: 203.27574804262716
sigmaR: 94.32913547014346
widthL: 203.27574804262716
widthR: 94.32913547014346
x0: 2178.9819642786692
