alphaL: 0.9949241839567217
alphaR: 1.3170489533392968
event_sum: 6.2338634856374044
fraction: 0.9388928954724284
mean: 1234.987415797108
nL: 2.076583119822685
nR: 4.214627617984067
norm: 5.83481205878742
sigma: 125.0
sigmaL: 104.27744887386348
sigmaR: 70.63561497006229
widthL: 104.27744887386348
widthR: 70.63561497006229
x0: 1234.987415797108
