alphaL: 0.9933462107244106
alphaR: 1.492415941034389
event_sum: 0.6215212772219094
mean: 1243.6013967023991
nL: 1.9108720171042424
nR: 2.684596682532759
norm: 0.6215212772219094
sigma: 125.0
sigmaL: 114.24546506406128
sigmaR: 69.6662410942973
widthL: 114.24546506406128
widthR: 69.6662410942973
x0: 1243.6013967023991
