alphaL: 1.1615713099181513
alphaR: 1.7447481768699682
event_sum: 0.60420154455971
mean: 1236.6429744902543
nL: 1.4526794719534228
nR: 1.8172868129040136
norm: 0.60420154455971
sigma: 125.0
sigmaL: 115.4978649060836
sigmaR: 74.89291492971532
widthL: 115.4978649060836
widthR: 74.89291492971532
x0: 1236.6429744902543
