alphaL: 0.7830071204568325
alphaR: 1.535355172744346
event_sum: 9.132804531292777
fraction: 0.9291661437517175
mean: 1228.8256466494613
nL: 2.1383275857681268
nR: 4.5
norm: 8.279395284082458
sigma: 125.0
sigmaL: 95.63226017880325
sigmaR: 80.92968028607704
widthL: 95.63226017880325
widthR: 80.92968028607704
x0: 1228.8256466494613
