alphaL: 0.8852763731522252
alphaR: 1.9467233281138279
event_sum: 36.45419952849141
fraction: 0.9923354100469682
mean: 1253.7403534382452
nL: 64.97331597692397
nR: 3.4647124944126553
norm: 11.272915176618346
sigma: 65.03888874491528
sigmaL: 47.56249760806879
sigmaR: 37.827087259560344
widthL: 47.56249760806879
widthR: 37.827087259560344
x0: 1253.7403534382452
