alphaL: 1.048595503963148
alphaR: 1.5517653487105856
event_sum: 0.8714850548250477
mean: 1233.8277959489342
nL: 0.9060422408643294
nR: 3.376065711173634
norm: 0.8714850548250477
sigma: 125.0
sigmaL: 110.85294706718265
sigmaR: 77.3375958890126
widthL: 110.85294706718265
widthR: 77.3375958890126
x0: 1233.8277959489342
