alphaL: 1.053769451642382
alphaR: 1.3715740605658673
event_sum: 0.9101908861858218
mean: 1244.5509664816368
nL: 1.1216284478470702
nR: 3.8198612380414256
norm: 0.9101908861858218
sigma: 125.0
sigmaL: 123.83973598936538
sigmaR: 68.52524747906135
widthL: 123.83973598936538
widthR: 68.52524747906135
x0: 1244.5509664816368
