alphaL: 0.9386932028450248
alphaR: 2.1323872364259957
event_sum: 2.677624994276354
mean: 3441.3839757298756
nL: 17.081487437013926
nR: 3.505157149203445
norm_2016: 0.6860930526829907
norm_2017: 0.929612950493958
norm_2018: 1.2800315720423696
norm_Run2: 2.677624994276354
sigma: 152.51982464849453
sigmaL: 117.22684866727593
sigmaR: 77.06523400008673
widthL: 117.22684866727593
widthR: 77.06523400008673
x0: 3441.3839757298756
