alphaL: 0.920626593365421
alphaR: 2.0506473477393374
event_sum: 3.457174482949376
mean: 3400.430902209216
nL: 0.8288949761436717
nR: 1.4734146192107176
norm_2016: 0.7180870201705558
norm_2017: 1.1089932015019395
norm_2018: 1.6798013543167245
norm_Run2: 3.457174482949376
sigma: 193.2
sigmaL: 193.2731107855161
sigmaR: 137.48676212212655
widthL: 193.2731107855161
widthR: 137.48676212212655
x0: 3400.430902209216
