alphaL: 0.7447937675571686
alphaR: 1.8015491375446882
event_sum: 0.43977192726878483
mean: 723.1168855720243
nL: 1.9702722887134707
nR: 1.9210291649167155
norm: 0.43977192726878483
sigma: 75.0
sigmaL: 50.72778394227689
sigmaR: 62.554225924705115
widthL: 50.72778394227689
widthR: 62.554225924705115
x0: 723.1168855720243
