alphaL: 1.549066376444902
alphaR: 1.1409343882947647
event_sum: 1.009223877551901
mean: 759.1911934985645
nL: 0.9268001100303505
nR: 2.801210501494252
norm: 1.009223877551901
sigma: 75.0
sigmaL: 83.451467487562
sigmaR: 33.642781670695136
widthL: 83.451467487562
widthR: 33.642781670695136
x0: 759.1911934985645
