alphaL: 1.405860686550335
alphaR: 1.6319847923703135
event_sum: 1.0070914090453336
mean: 740.6022770234838
nL: 0.1182882487439384
nR: 2.4774203049159267
norm: 1.0070914090453336
sigma: 75.0
sigmaL: 72.96739333088175
sigmaR: 50.26962526370253
widthL: 72.96739333088175
widthR: 50.26962526370253
x0: 740.6022770234838
