alphaL: 1.1469297699024357
alphaR: 1.379898890779224
event_sum: 10.116408269707224
fraction: 0.98788901526745
mean: 740.7769445618572
nL: 2.3904156387799858
nR: 4.061856315656151
norm: 10.022341094793399
sigma: 75.0
sigmaL: 67.0106003411729
sigmaR: 48.71046941958334
widthL: 67.0106003411729
widthR: 48.71046941958334
x0: 740.7769445618572
