alphaL: 0.8659698598718008
alphaR: 1.2175781968301382
event_sum: 0.4413128520151273
mean: 745.7739040404066
nL: 3.920942916335997
nR: 2.9540973725626216
norm: 0.4413128520151273
sigma: 75.0
sigmaL: 66.54527415943225
sigmaR: 40.54690624422129
widthL: 66.54527415943225
widthR: 40.54690624422129
x0: 745.7739040404066
