alphaL: 2.3154883411577782
alphaR: 1.1254637465347057
event_sum: 4.436518481560481
fraction: 0.9812541295329739
mean: 749.0706219815015
nL: 1.782657971152732
nR: 3.3709226985639766
norm: 4.376827606710645
sigma: 75.0
sigmaL: 77.63542399940658
sigmaR: 39.24147186506028
widthL: 77.63542399940658
widthR: 39.24147186506028
x0: 749.0706219815015
