alphaL: 0.8298576089999165
alphaR: 1.6243535917109193
event_sum: 9.854045385116585
mean: 2304.6116058300777
nL: 1.0494520739276716
nR: 3.5977079769838722
norm_2016: 2.6262237734428284
norm_2017: 3.116599719593773
norm_2018: 4.2538535752080024
norm_Run2: 9.854045385116585
sigma: 131.6
sigmaL: 111.51591936035076
sigmaR: 111.64865627270376
widthL: 111.51591936035076
widthR: 111.64865627270376
x0: 2304.6116058300777
