alphaL: 0.7831225566194576
alphaR: 1.3967173062576288
event_sum: 14.800487720377697
mean: 2307.4984836296885
nL: 1.9427609740069114
nR: 5.190906935941218
norm_2016: 3.559167838116105
norm_2017: 4.644825301295594
norm_2018: 6.851858514960455
norm_Run2: 14.800487720377697
sigma: 131.6
sigmaL: 117.11235316414549
sigmaR: 103.42173049747012
widthL: 117.11235316414549
widthR: 103.42173049747012
x0: 2307.4984836296885
