alphaL: 0.2097429769632659
alphaR: 0.9259372798396436
event_sum: 0.2627173659243528
mean: 2740.6444763000313
nL: 1.0001472239551066
nR: 3.1788798519360797
norm: 0.2627173659243528
sigma: 270.0
sigmaL: 560.9426372051104
sigmaR: 81.48427990112889
widthL: 560.9426372051104
widthR: 81.48427990112889
x0: 2740.6444763000313
