alphaL: 1.0448000261284054
alphaR: 1.1667259221798487
event_sum: 6.495980736133506
fraction: 0.7075866225412709
mean: 2672.712431609605
nL: 0.40421561453709465
nR: 3.625296082853071
norm: 3.2252253541998295
sigma: 270.0
sigmaL: 326.80095702285786
sigmaR: 111.37616619230707
widthL: 326.80095702285786
widthR: 111.37616619230707
x0: 2672.712431609605
