alphaL: 1.2607212726790096
alphaR: 1.115577472441274
event_sum: 0.3467495890488423
mean: 2693.391347519427
nL: 0.13957987089601556
nR: 3.372449045492458
norm: 0.3467495890488423
sigma: 270.0
sigmaL: 364.0662225021062
sigmaR: 103.28049290189156
widthL: 364.0662225021062
widthR: 103.28049290189156
x0: 2693.391347519427
