alphaL: 0.6786561211192542
alphaR: 1.0168153158156221
event_sum: 0.39725706194569693
mean: 2734.4025938332493
nL: 1.0001192399677508
nR: 2.40850133323022
norm: 0.39725706194569693
sigma: 270.0
sigmaL: 370.65544799181373
sigmaR: 68.94321409872435
widthL: 370.65544799181373
widthR: 68.94321409872435
x0: 2734.4025938332493
