alphaL: 0.7084534665312968
alphaR: 0.6908807111480814
event_sum: 6.9235041443990895
fraction: 0.6603448042578868
mean: 2656.946314314757
nL: 0.4327493300791441
nR: 4.190258904365096
norm: 1.8181750884467485
sigma: 270.0
sigmaL: 159.2121465572992
sigmaR: 74.54417180330701
widthL: 159.2121465572992
widthR: 74.54417180330701
x0: 2656.946314314757
