alphaL: 0.9861678399391238
alphaR: 1.5245786465148505
event_sum: 0.20685487320136778
mean: 2659.8238855115324
nL: 0.10531324655036782
nR: 2.1065373186815135
norm: 0.20685487320136778
sigma: 270.0
sigmaL: 278.07920342846387
sigmaR: 130.75868822163807
widthL: 278.07920342846387
widthR: 130.75868822163807
x0: 2659.8238855115324
