alphaL: 0.21339883974424068
alphaR: 1.647754582207777
event_sum: 14.022727547583727
mean: 2373.5566586810664
nL: 2.1241220681681448
nR: 2.996646678630595
norm: 14.022727547583727
sigma: 715
sigmaL: 59.250252639482035
sigmaR: 102.89609115091243
widthL: 59.250252639482035
widthR: 102.89609115091243
x0: 2373.5566586810664
