alphaL: 0.6155314201363572
alphaR: 1.7377609633079614
event_sum: 3.3123291346707058
mean: 2340.366313165676
nL: 1.9317428807474801
nR: 2.956493260669768
norm: 3.3123291346707058
sigma: 167
sigmaL: 89.89535833366438
sigmaR: 120.91019203716185
widthL: 89.89535833366438
widthR: 120.91019203716185
x0: 2340.366313165676
