alphaL: 0.6778330720147894
alphaR: 1.779174430574472
event_sum: 7.5016806357833135
mean: 2341.790583209813
nL: 1.3239298110038582
nR: 2.8421336056768367
norm: 7.5016806357833135
sigma: 166.7599009421791
sigmaL: 90.9334250090853
sigmaR: 121.41523551016148
widthL: 90.9334250090853
widthR: 121.41523551016148
x0: 2341.790583209813
