alphaL: 0.6697790244186996
alphaR: 1.7381249083928256
event_sum: 1.134655473433575
mean: 2348.496531704218
nL: 1.6521946711661406
nR: 2.950979207378274
norm: 1.134655473433575
sigma: 167.12559615239255
sigmaL: 100.77338116932917
sigmaR: 117.84011351197387
widthL: 100.77338116932917
widthR: 117.84011351197387
x0: 2348.496531704218
