alphaL: 0.7731900344159202
alphaR: 1.6642039691924464
event_sum: 1.134655473433575
mean: 2350.1194520238887
nL: 1.3772625068467819
nR: 3.2331179624617614
norm: 1.134655473433575
sigma: 167.12559615239255
sigmaL: 108.08523858183385
sigmaR: 114.14553898120883
widthL: 108.08523858183385
widthR: 114.14553898120883
x0: 2350.1194520238887
