alphaL: 0.833555198387945
alphaR: 1.6360428450123154
event_sum: 1.7329641837608372
mean: 2355.3921558788707
nL: 2.173841689894499
nR: 2.885634891670522
norm: 1.7329641837608372
sigma: 167.12559615239255
sigmaL: 133.0979517341803
sigmaR: 109.53418094618478
widthL: 133.0979517341803
widthR: 109.53418094618478
x0: 2355.3921558788707
