alphaL: 0.1749379150179203
alphaR: 1.4318756057452728
event_sum: 14.473599735711252
mean: 2416.0442018745293
nL: 2.9999977299885074
nR: 2.99843081517922
norm: 14.473599735711252
sigma: 715
sigmaL: 165.7248573613812
sigmaR: 89.08314560242337
widthL: 165.7248573613812
widthR: 89.08314560242337
x0: 2416.0442018745293
