alphaL: 0.782193821187461
alphaR: 1.6885029750769973
event_sum: 1.7329641837608372
mean: 2351.1493556279934
nL: 1.9224292613181237
nR: 2.5553855255608
norm: 1.7329641837608372
sigma: 167.12559615239255
sigmaL: 118.24113277594836
sigmaR: 111.0171681350099
widthL: 118.24113277594836
widthR: 111.0171681350099
x0: 2351.1493556279934
