alphaL: 0.6076554319950228
alphaR: 1.7187755532164035
event_sum: 16.84911748969587
mean: 2343.3941818305193
nL: 2.0625057079691946
nR: 2.9104789459555533
norm: 16.84911748969587
sigma: 167
sigmaL: 92.557254610995
sigmaR: 118.16634833522626
widthL: 92.557254610995
widthR: 118.16634833522626
x0: 2343.3941818305193
