alphaL: 0.7604220068523151
alphaR: 1.836049316722008
event_sum: 7.768838017701253
mean: 2340.6479639234203
nL: 0.2000002250750037
nR: 2.9979321974923523
norm: 7.768838017701253
sigma: 167
sigmaL: 67.09318815856743
sigmaR: 121.34676874542933
widthL: 67.09318815856743
widthR: 121.34676874542933
x0: 2340.6479639234203
