alphaL: 0.6353660926326878
alphaR: 1.7648081234550204
event_sum: 7.5043885903343
mean: 2342.416654760743
nL: 1.5056956699575657
nR: 2.812717235907304
norm: 7.5043885903343
sigma: 167.055773206547
sigmaL: 89.1937909167118
sigmaR: 120.54611743415406
widthL: 89.1937909167118
widthR: 120.54611743415406
x0: 2342.416654760743
