alphaL: 0.5807170019517321
alphaR: 1.7045220315686216
event_sum: 11.451795930960463
mean: 2341.8503871370626
nL: 2.5546491368902546
nR: 2.9971511446997385
norm: 11.451795930960463
sigma: 166.7599009421791
sigmaL: 90.41947541857164
sigmaR: 116.16629591849507
widthL: 90.41947541857164
widthR: 116.16629591849507
x0: 2341.8503871370626
