alphaL: 1.280960139388283
alphaR: 1.7040795316613924
event_sum: 29.40437512489795
mean: 2354.0166710174994
nL: 0.2000001461796595
nR: 2.9720967148451547
norm: 29.40437512489795
sigma: 167
sigmaL: 128.6098593067148
sigmaR: 112.54591419215427
widthL: 128.6098593067148
widthR: 112.54591419215427
x0: 2354.0166710174994
