alphaL: 0.6087650777882087
alphaR: 1.6929232685040583
event_sum: 11.455203441384153
mean: 2344.1195721368654
nL: 2.6507717618427207
nR: 2.915578804687144
norm: 11.455203441384153
sigma: 167
sigmaL: 95.70510199603987
sigmaR: 114.56253141808624
widthL: 95.70510199603987
widthR: 114.56253141808624
x0: 2344.1195721368654
