alphaL: 0.6132458707516603
alphaR: 1.6899563772960025
event_sum: 11.455203441384153
mean: 2344.5321367604033
nL: 2.628442835140406
nR: 2.9975876447049474
norm: 11.455203441384153
sigma: 167.055773206547
sigmaL: 98.10595400827373
sigmaR: 114.43243445692089
widthL: 98.10595400827373
widthR: 114.43243445692089
x0: 2344.5321367604033
