alphaL: 2.707497209806643
alphaR: 1.2694099690954856
event_sum: 1.3059482493554242
mean: 2403.1609608715175
nL: 0.22509634515648816
nR: 1.8354717285358042
norm: 1.3059482493554242
sigma: 140.06715809526636
sigmaL: 213.64314174396426
sigmaR: 70.05771109384287
widthL: 213.64314174396426
widthR: 70.05771109384287
x0: 2403.1609608715175
