alphaL: 0.7112295627851954
alphaR: 1.5551247896056901
event_sum: 0.8277101860367111
mean: 2367.217442051281
nL: 2.0664074081969868
nR: 2.2632732389461103
norm: 0.8277101860367111
sigma: 140.06715809526636
sigmaL: 121.82625698213423
sigmaR: 97.06637958553193
widthL: 121.82625698213423
widthR: 97.06637958553193
x0: 2367.217442051281
