alphaL: 0.8245390985293112
alphaR: 1.6122760068158726
event_sum: 19.141080554574728
fraction: 0.8335994483876857
mean: 2350.004395224776
nL: 0.9288332381148681
nR: 3.9460226847180038
norm: 9.526180304819718
sigma: 134.4
sigmaL: 107.0296522219085
sigmaR: 114.88460621834257
widthL: 107.0296522219085
widthR: 114.88460621834257
x0: 2350.004395224776
