alphaL: 0.8200808498513511
alphaR: 1.7421370173561699
event_sum: 0.8838155540579464
mean: 2372.4455573774508
nL: 4.401687949679905
nR: 1.6643325810599896
norm: 0.8838155540579464
sigma: 134.4
sigmaL: 154.95812691504474
sigmaR: 104.42438845447539
widthL: 154.95812691504474
widthR: 104.42438845447539
x0: 2372.4455573774508
