alphaL: 0.8435850612785002
alphaR: 1.646790879278905
event_sum: 0.9400858403896564
mean: 2352.971834556539
nL: 1.000119709513911
nR: 3.3775406848090044
norm: 0.9400858403896564
sigma: 134.4
sigmaL: 115.23489362136884
sigmaR: 114.20602867585353
widthL: 115.23489362136884
widthR: 114.20602867585353
x0: 2352.971834556539
