alphaL: 1.2123541884467393
alphaR: 1.3525535783661253
event_sum: 14.477907440857962
mean: 2373.9448062630763
nL: 1.0000011878872557
nR: 4.062696028326444
norm: 14.477907440857962
sigma: 134.4
sigmaL: 166.17534916590768
sigmaR: 94.2714127002232
widthL: 166.17534916590768
widthR: 94.2714127002232
x0: 2373.9448062630763
