alphaL: 0.8827767859727117
alphaR: 1.4922733594428563
event_sum: 19.886891207192093
fraction: 0.8858489990846073
mean: 2350.263330793995
nL: 1.3369855702606872
nR: 4.797102704362215
norm: 14.4668761449866
sigma: 134.4
sigmaL: 119.4853495511934
sigmaR: 110.20836958546951
widthL: 119.4853495511934
widthR: 110.20836958546951
x0: 2350.263330793995
