alphaL: 0.9847946420553526
alphaR: 1.4860307519290041
event_sum: 20.65733679186087
mean: 2356.424398172488
nL: 1.2297416392199538
nR: 4.177449250643101
norm: 20.65733679186087
sigma: 134.4
sigmaL: 133.89864427254173
sigmaR: 107.1298319946578
widthL: 133.89864427254173
widthR: 107.1298319946578
x0: 2356.424398172488
