alphaL: 1.2072315014403832
alphaR: 1.2628326159526384
event_sum: 1.4477908316912362
mean: 2372.7657472223536
nL: 1.000000920684295
nR: 3.782900175378746
norm: 1.4477908316912362
sigma: 134.4
sigmaL: 161.25108291736043
sigmaR: 90.99015295432439
widthL: 161.25108291736043
widthR: 90.99015295432439
x0: 2372.7657472223536
