alphaL: 0.8221430121213534
alphaR: 1.6318295024754366
event_sum: 9.400857827160507
mean: 2350.4355479291894
nL: 1.0002138539020664
nR: 3.7404140307020506
norm: 9.400857827160507
sigma: 134.4
sigmaL: 109.34870866708312
sigmaR: 115.67998165434719
widthL: 109.34870866708312
widthR: 115.67998165434719
x0: 2350.4355479291894
