alphaL: 0.9821743750675227
alphaR: 1.478331343832691
event_sum: 19.886891207192093
fraction: 0.8845851864422498
mean: 2358.2172225642194
nL: 1.2603471361635066
nR: 4.39585672690391
norm: 14.4668761449866
sigma: 134.4
sigmaL: 134.79994710517883
sigmaR: 106.11475645745965
widthL: 134.79994710517883
widthR: 106.11475645745965
x0: 2358.2172225642194
