alphaL: 0.7324381896026211
alphaR: 1.4742510798042658
event_sum: 19.886891207192093
fraction: 0.8907197050675955
mean: 2350.32702954486
nL: 1.9423478260318454
nR: 5.13224388294335
norm: 14.053380008321255
sigma: 134.4
sigmaL: 110.46483151593178
sigmaR: 109.79555441162017
widthL: 110.46483151593178
widthR: 109.79555441162017
x0: 2350.32702954486
