alphaL: 0.853477449934343
alphaR: 1.5319844815510333
event_sum: 0.9400858403896564
mean: 2353.9026755274745
nL: 1.0001045392622834
nR: 4.491418392574727
norm: 0.9400858403896564
sigma: 134.4
sigmaL: 116.20876277291867
sigmaR: 112.46010074910456
widthL: 116.20876277291867
widthR: 112.46010074910456
x0: 2353.9026755274745
