alphaL: 0.6913653704191641
alphaR: 1.685691242822928
event_sum: 1.3803970094086253
mean: 2363.6654354669613
nL: 3.9955831493414182
nR: 2.108168347948569
norm: 1.3803970094086253
sigma: 134.4
sigmaL: 121.5439548979194
sigmaR: 102.70648814507726
widthL: 121.5439548979194
widthR: 102.70648814507726
x0: 2363.6654354669613
