alphaL: 0.8608236124455944
alphaR: 1.6335884051100107
event_sum: 19.141080554574728
fraction: 0.8315576017734871
mean: 2353.5170985615973
nL: 0.898672440395512
nR: 3.6474352524610905
norm: 9.526180304819718
sigma: 134.4
sigmaL: 111.96115689096158
sigmaR: 113.47895523818912
widthL: 111.96115689096158
widthR: 113.47895523818912
x0: 2353.5170985615973
