alphaL: 1.171074172166607
alphaR: 1.6636097695972334
event_sum: 19.82827872049529
mean: 2350.15629298585
nL: 0.5000004757532159
nR: 3.6013821368160843
norm: 19.82827872049529
sigma: 134.4
sigmaL: 131.5563847990758
sigmaR: 117.79432673865485
widthL: 131.5563847990758
widthR: 117.79432673865485
x0: 2350.15629298585
