alphaL: 1.1530734934068896
alphaR: 1.4671517942295904
event_sum: 1.4477908316912362
mean: 2363.3125382095022
nL: 1.0029096574521685
nR: 3.6629608124330093
norm: 1.4477908316912362
sigma: 134.4
sigmaL: 151.5429048106461
sigmaR: 103.57603720854063
widthL: 151.5429048106461
widthR: 103.57603720854063
x0: 2363.3125382095022
