alphaL: 0.8066913706535802
alphaR: 1.6260735303618838
event_sum: 19.82827872049529
mean: 2350.526636796149
nL: 1.001133295861354
nR: 3.7619669624764343
norm: 19.82827872049529
sigma: 134.4
sigmaL: 108.49079542179012
sigmaR: 115.48080242353099
widthL: 108.49079542179012
widthR: 115.48080242353099
x0: 2350.526636796149
