alphaL: 0.974669556011956
alphaR: 1.4534735198314388
event_sum: 20.65733679186087
mean: 2358.5904071855884
nL: 1.267200238568681
nR: 4.465728862915176
norm: 20.65733679186087
sigma: 134.4
sigmaL: 134.64336676873614
sigmaR: 105.13941699110246
widthL: 134.64336676873614
widthR: 105.13941699110246
x0: 2358.5904071855884
