alphaL: 0.03948795720832962
alphaR: 0.8040651599380615
event_sum: 0.0810927710962185
mean: 3308.113445681182
nL: 1.0005827004137542
nR: 4.185001233873339
norm: 0.0810927710962185
sigma: 320.0
sigmaL: 974.9876488781109
sigmaR: 78.50054559239935
widthL: 974.9876488781109
widthR: 78.50054559239935
x0: 3308.113445681182
