alphaL: 0.757414511778475
alphaR: 0.8321351699879396
event_sum: 0.05771306461513969
mean: 3263.8904887457534
nL: 0.145425387802579
nR: 1.478857510954532
norm: 0.05771306461513969
sigma: 320.0
sigmaL: 402.5702925378761
sigmaR: 52.56050340551084
widthL: 402.5702925378761
widthR: 52.56050340551084
x0: 3263.8904887457534
