alphaL: 0.5635380964624568
alphaR: 0.8461468713148997
event_sum: 0.1060798966996156
mean: 3216.8234083200878
nL: 1.0000767231771057
nR: 2.1979256309303485
norm: 0.1060798966996156
sigma: 320.0
sigmaL: 512.5772572517101
sigmaR: 66.4843922799584
widthL: 512.5772572517101
widthR: 66.4843922799584
x0: 3216.8234083200878
