alphaL: 0.7122852374532311
alphaR: 0.7404346293793713
event_sum: 2.7013370121007583
fraction: 0.6803452783771621
mean: 3191.822911643216
nL: 0.6620057537990789
nR: 4.341937508902549
norm: 0.8667183442568575
sigma: 320.0
sigmaL: 383.83436691778365
sigmaR: 75.46151641672004
widthL: 383.83436691778365
widthR: 75.46151641672004
x0: 3191.822911643216
