alphaL: 0.7490644126945133
alphaR: 1.255948546486497
event_sum: 0.09210642620442204
mean: 3217.7922357436646
nL: 0.5220126978910955
nR: 1.102790347399595
norm: 0.09210642620442204
sigma: 320.0
sigmaL: 351.3452042372988
sigmaR: 65.48714344622371
widthL: 351.3452042372988
widthR: 65.48714344622371
x0: 3217.7922357436646
