alphaL: 0.7182604763974949
alphaR: 1.4580329592797776
event_sum: 3.909208468043213
fraction: 0.6361581614167229
mean: 3171.8313607704335
nL: 0.4
nR: 4.5
norm: 0.5485037339317514
sigma: 320.0
sigmaL: 429.31555444367586
sigmaR: 164.5173898142907
widthL: 429.31555444367586
widthR: 164.5173898142907
x0: 3171.8313607704335
