alphaL: 1.0893520942808204
alphaR: 1.2641414091051077
event_sum: 15.225230905668294
fraction: 0.7573725156434165
mean: 2410.918896218441
nL: 0.5079001076386871
nR: 4.447348169719538
norm: 8.964429980570038
sigma: 245.0
sigmaL: 264.5090816410331
sigmaR: 120.591213851047
widthL: 264.5090816410331
widthR: 120.591213851047
x0: 2410.918896218441
