alphaL: 1.3395143270436227
alphaR: 1.5696034486917319
event_sum: 1.025954225618777
mean: 2394.290618530517
nL: 0.11261828637163239
nR: 2.676583848990289
norm: 1.025954225618777
sigma: 245.0
sigmaL: 266.11536689614553
sigmaR: 138.3806162261971
widthL: 266.11536689614553
widthR: 138.3806162261971
x0: 2394.290618530517
