alphaL: 0.6238415329489493
alphaR: 1.177772233824168
event_sum: 1.149400150160742
mean: 2417.958935874417
nL: 1.004933082570866
nR: 3.968812366476941
norm: 1.149400150160742
sigma: 245.0
sigmaL: 225.99322813905513
sigmaR: 111.65837620088585
widthL: 225.99322813905513
widthR: 111.65837620088585
x0: 2417.958935874417
