alphaL: 1.0860632146798466
alphaR: 0.4107508967071336
event_sum: 0.7186568108186346
mean: 2463.9248040241073
nL: 0.10126372476611194
nR: 3.2029149295697166
norm: 0.7186568108186346
sigma: 245.0
sigmaL: 325.3740960816357
sigmaR: 35.20667667602892
widthL: 325.3740960816357
widthR: 35.20667667602892
x0: 2463.9248040241073
