alphaL: 0.36379172041725
alphaR: 0.651699753501958
event_sum: 0.8671285491316487
mean: 2485.1346988532546
nL: 1.0000099882645908
nR: 3.6205826412408477
norm: 0.8671285491316487
sigma: 245.0
sigmaL: 394.1730648598304
sigmaR: 53.33449730305021
widthL: 394.1730648598304
widthR: 53.33449730305021
x0: 2485.1346988532546
