alphaL: 0.8609385529176304
alphaR: 1.1856090997838973
event_sum: 17.01505642250528
fraction: 0.6886333012831174
mean: 2408.9718107795056
nL: 0.4
nR: 4.498506480106333
norm: 6.095281301592798
sigma: 245.0
sigmaL: 253.79982351401537
sigmaR: 114.70555810269163
widthL: 253.79982351401537
widthR: 114.70555810269163
x0: 2408.9718107795056
