alphaL: 0.23055723539798445
alphaR: 0.9465825114849769
event_sum: 0.5688113293401639
mean: 2796.711185297518
nL: 1.000059334502093
nR: 2.957210273684439
norm: 0.5688113293401639
sigma: 275.0
sigmaL: 605.9487335276153
sigmaR: 70.99326638051447
widthL: 605.9487335276153
widthR: 70.99326638051447
x0: 2796.711185297518
