alphaL: 1.0434095755916797
alphaR: 0.9869234418942094
event_sum: 13.261268686362387
fraction: 0.6948384940309121
mean: 2724.125281203722
nL: 0.4
nR: 4.172825414897452
norm: 6.177479395579263
sigma: 275.0
sigmaL: 307.2356597801466
sigmaR: 100.66207427658442
widthL: 307.2356597801466
widthR: 100.66207427658442
x0: 2724.125281203722
