alphaL: 0.6670859654418627
alphaR: 1.0374937725228681
event_sum: 15.20718311215944
fraction: 0.6483251346599461
mean: 2702.110223429703
nL: 0.40121926770905025
nR: 4.396470270553644
norm: 3.671320127241652
sigma: 275.0
sigmaL: 201.02474844826799
sigmaR: 111.07447136363218
widthL: 201.02474844826799
widthR: 111.07447136363218
x0: 2702.110223429703
