alphaL: 1.1751783831570934
alphaR: 1.23246104827152
event_sum: 0.7117823579964845
mean: 2713.2408733346274
nL: 0.15947110182622284
nR: 3.0759308397507925
norm: 0.7117823579964845
sigma: 275.0
sigmaL: 312.2110791808309
sigmaR: 120.3824300269952
widthL: 312.2110791808309
widthR: 120.3824300269952
x0: 2713.2408733346274
