alphaL: 0.9951599234243382
alphaR: 1.8782411301207704
event_sum: 0.44724603987570344
mean: 2661.04078120227
nL: 0.10116454633182613
nR: 2.0670985963945583
norm: 0.44724603987570344
sigma: 275.0
sigmaL: 210.558421187803
sigmaR: 170.90670061244748
widthL: 210.558421187803
widthR: 170.90670061244748
x0: 2661.04078120227
