alphaL: 0.5584948736879148
alphaR: 0.7248162745574983
event_sum: 0.8267987887805759
mean: 2767.931397593116
nL: 1.0066319203959462
nR: 3.3757412184222044
norm: 0.8267987887805759
sigma: 275.0
sigmaL: 330.95219429171084
sigmaR: 61.69563130075504
widthL: 330.95219429171084
widthR: 61.69563130075504
x0: 2767.931397593116
