alphaL: 0.10015144746670275
alphaR: 0.712363577936683
event_sum: 0.049454088308266364
mean: 3554.425872552884
nL: 1.0001433345553585
nR: 2.5219922508490407
norm: 0.049454088308266364
sigma: 350.0
sigmaL: 1049.704765985962
sigmaR: 48.029935577774104
widthL: 1049.704765985962
widthR: 48.029935577774104
x0: 3554.425872552884
