alphaL: 0.7081059266954233
alphaR: 1.4296220550353829
event_sum: 3.335363552090712
fraction: 0.590589990596203
mean: 3549.2101461421976
nL: 0.4000756005802512
nR: 1.2203121405339967
norm: 0.25215725775342435
sigma: 350.0
sigmaL: 739.0925483759664
sigmaR: 82.29818336297222
widthL: 739.0925483759664
widthR: 82.29818336297222
x0: 3549.2101461421976
