alphaL: 0.5495910608271757
alphaR: 0.8425834832220168
event_sum: 0.38072593143442646
mean: 3492.6615355715758
nL: 1.000000580829818
nR: 1.7912651403480446
norm: 0.38072593143442646
sigma: 350.0
sigmaL: 540.4819317480784
sigmaR: 73.0784131307388
widthL: 540.4819317480784
widthR: 73.0784131307388
x0: 3492.6615355715758
