alphaL: 0.8756625637993906
alphaR: 1.0374297849277851
event_sum: 0.05083517177263275
mean: 3473.0930072964056
nL: 0.2000200868584847
nR: 2.0500433887521274
norm: 0.05083517177263275
sigma: 347.61900837526963
sigmaL: 392.4273851508659
sigmaR: 104.48966627615734
widthL: 392.4273851508659
widthR: 104.48966627615734
x0: 3473.0930072964056
