alphaL: 0.849078254273436
alphaR: 0.8609268691461395
event_sum: 0.06225138608715497
mean: 3440.549102278806
nL: 0.10083178680931608
nR: 2.343573459361394
norm: 0.06225138608715497
sigma: 350.0
sigmaL: 357.55806768040077
sigmaR: 113.00089080501547
widthL: 357.55806768040077
widthR: 113.00089080501547
x0: 3440.549102278806
