alphaL: 0.1583575025294879
alphaR: 0.679332566080597
event_sum: 0.049454088308266364
mean: 3455.0186434630778
nL: 1.0001262593413227
nR: 1.832692199817987
norm: 0.049454088308266364
sigma: 350.0
sigmaL: 1117.7597648837034
sigmaR: 58.19855870378564
widthL: 1117.7597648837034
widthR: 58.19855870378564
x0: 3455.0186434630778
