alphaL: 0.41435807289418475
alphaR: 0.8074951263536891
event_sum: 0.07866527519217925
mean: 3501.394454884928
nL: 1.0000010996579827
nR: 2.0008124991112037
norm: 0.07866527519217925
sigma: 350.0
sigmaL: 680.9460705528393
sigmaR: 77.87068155159884
widthL: 680.9460705528393
widthR: 77.87068155159884
x0: 3501.394454884928
