alphaL: 0.10811384970861067
alphaR: 0.5471833732831652
event_sum: 0.07866527519217925
mean: 3547.4407700086185
nL: 1.0000497612112162
nR: 4.472375895376356
norm: 0.07866527519217925
sigma: 350.0
sigmaL: 948.9945596909911
sigmaR: 64.89872894173944
widthL: 948.9945596909911
widthR: 64.89872894173944
x0: 3547.4407700086185
