alphaL: 0.6838855574450398
alphaR: 1.0634182033244401
event_sum: 0.027217554554226808
mean: 3572.6274313837853
nL: 0.20000019545640166
nR: 1.4476633889023154
norm: 0.027217554554226808
sigma: 347.61900837526963
sigmaL: 797.1986323580392
sigmaR: 55.99587230124876
widthL: 797.1986323580392
widthR: 55.99587230124876
x0: 3572.6274313837853
