alphaL: 0.7953825478098979
alphaR: 0.9766368510226007
event_sum: 0.035301914140291046
mean: 3523.8060920844255
nL: 0.1001496029438128
nR: 1.205447294932039
norm: 0.035301914140291046
sigma: 350.0
sigmaL: 483.2604883396383
sigmaR: 57.4524725191657
widthL: 483.2604883396383
widthR: 57.4524725191657
x0: 3523.8060920844255
