alphaL: 0.6031274631824429
alphaR: 0.5429282338459204
event_sum: 2.20796785724815
fraction: 0.5928467729832917
mean: 3469.803486812969
nL: 0.400020972374017
nR: 4.444578960176074
norm: 0.4673095785547048
sigma: 350.0
sigmaL: 397.26267302523144
sigmaR: 75.61568523876936
widthL: 397.26267302523144
widthR: 75.61568523876936
x0: 3469.803486812969
