alphaL: 0.5074244077767788
alphaR: 0.6238422723266407
event_sum: 0.2533924102972378
mean: 3464.529368586515
nL: 1.000018179493936
nR: 3.4610120817652046
norm: 0.2533924102972378
sigma: 350.0
sigmaL: 477.2385047464811
sigmaR: 95.15200802613776
widthL: 477.2385047464811
widthR: 95.15200802613776
x0: 3464.529368586515
