alphaL: 1.132422981637728
alphaR: 1.1160643354620283
event_sum: 5.053327433643606
fraction: 0.7515399879968689
mean: 2023.5686873038153
nL: 0.4
nR: 4.11473387053437
norm: 2.7998661796477906
sigma: 205.0
sigmaL: 231.09444143735158
sigmaR: 89.60540659856251
widthL: 231.09444143735158
widthR: 89.60540659856251
x0: 2023.5686873038153
