alphaL: 1.2846333389721112
alphaR: 1.3478507059601441
event_sum: 0.3795505204059287
mean: 2029.7179452570701
nL: 0.3912914434692102
nR: 2.609880375260303
norm: 0.3795505204059287
sigma: 205.0
sigmaL: 222.68090351426886
sigmaR: 92.11683285035555
widthL: 222.68090351426886
widthR: 92.11683285035555
x0: 2029.7179452570701
