alphaL: 0.513105845473097
alphaR: 0.9864888682552168
event_sum: 0.397454773681025
mean: 2042.0702624660396
nL: 0.9977754936722079
nR: 4.258340673329753
norm: 0.397454773681025
sigma: 205.0
sigmaL: 207.94521972446844
sigmaR: 74.14605535129672
widthL: 207.94521972446844
widthR: 74.14605535129672
x0: 2042.0702624660396
