alphaL: 1.148775193289589
alphaR: 1.343854194581001
event_sum: 4.296032857059368
fraction: 0.8169514322453483
mean: 2030.3089933871872
nL: 0.767966292821987
nR: 2.9272175362737642
norm: 3.149438359210762
sigma: 205.0
sigmaL: 229.33782646388585
sigmaR: 91.3270974810338
widthL: 229.33782646388585
widthR: 91.3270974810338
x0: 2030.3089933871872
