alphaL: 1.2582799743662392
alphaR: 1.6924918542965157
event_sum: 0.3435521503692675
mean: 1990.844154116879
nL: 0.1053333011645108
nR: 2.398858893308618
norm: 0.3435521503692675
sigma: 205.0
sigmaL: 205.73837106122667
sigmaR: 124.41483121378603
widthL: 205.73837106122667
widthR: 124.41483121378603
x0: 1990.844154116879
