alphaL: 0.8969666354940635
alphaR: 1.016989906102224
event_sum: 0.41387170302534887
mean: 2062.3809215544534
nL: 1.0008639302517874
nR: 2.595120466059292
norm: 0.41387170302534887
sigma: 205.0
sigmaL: 223.6064512109079
sigmaR: 56.3018416364441
widthL: 223.6064512109079
widthR: 56.3018416364441
x0: 2062.3809215544534
