alphaL: 1.3037626900867059
alphaR: 2.4447480437201987
event_sum: 27.882951084622682
fraction: 0.9980349432815144
mean: 1303.8256305728853
nL: 9.695101635409547
nR: 1.8622292576738362
norm: 27.87120384485058
sigma: 67.52500836473283
sigmaL: 60.674566325473776
sigmaR: 35.05378915212618
widthL: 60.674566325473776
widthR: 35.05378915212618
x0: 1303.8256305728853
