alphaL: 1.4134207389655447
alphaR: 2.411862013856426
event_sum: 65.31949729878185
fraction: 0.998843223558856
mean: 1303.3773482014367
nL: 10.0
nR: 3.04052186139665
norm: 65.30959616624686
sigma: 63.25862120541217
sigmaL: 63.59384637625605
sigmaR: 35.66970062185724
widthL: 63.59384637625605
widthR: 35.66970062185724
x0: 1303.3773482014367
