alphaL: 1.4591436850209472
alphaR: 2.4389863825649174
event_sum: 2.852599031694925
mean: 1303.5269256739339
nL: 4.533270704810283
nR: 1.783795653398917
norm: 2.852599031694925
sigma: 67.66705465008815
sigmaL: 62.012290467619714
sigmaR: 35.15227506783964
widthL: 62.012290467619714
widthR: 35.15227506783964
x0: 1303.5269256739339
