alphaL: 1.34661102150166
alphaR: 1.8111115637798658
event_sum: 3.697082915420799
mean: 1306.310029163078
nL: 4.524520235412569
nR: 3.7857385625725573
norm: 3.697082915420799
sigma: 67.66705465008815
sigmaL: 58.51799560828503
sigmaR: 37.62329118802608
widthL: 58.51799560828503
widthR: 37.62329118802608
x0: 1306.310029163078
