alphaL: 1.156890939143231
alphaR: 1.892819986864241
event_sum: 36.15797338706481
fraction: 0.9984263983391135
mean: 1305.449454324551
nL: 9.9780357122588
nR: 3.3651716266743015
norm: 36.135413988884586
sigma: 67.52500836473283
sigmaL: 56.11198708926227
sigmaR: 38.12761840445302
widthL: 56.11198708926227
widthR: 38.12761840445302
x0: 1305.449454324551
