alphaL: 1.1783492073546271
alphaR: 1.9876876158955628
event_sum: 3.6847559746645797
mean: 1304.4621873263934
nL: 4.5868424711257525
nR: 2.8517735765171954
norm: 3.6847559746645797
sigma: 67.66705465008815
sigmaL: 54.31338650257197
sigmaR: 38.66521375640364
widthL: 54.31338650257197
widthR: 38.66521375640364
x0: 1304.4621873263934
