alphaL: 1.5240788629943645
alphaR: 2.170363839278923
event_sum: 122.65136340363868
mean: 1305.0700413498594
nL: 4.493819564949049
nR: 3.690442870954314
norm: 122.65136340363868
sigma: 63.264376115356804
sigmaL: 60.76174978803221
sigmaR: 37.21912371515988
widthL: 60.76174978803221
widthR: 37.21912371515988
x0: 1305.0700413498594
