alphaL: 1.4647478284898314
alphaR: 2.4106760400833642
event_sum: 70.43035766304538
mean: 1303.192958229703
nL: 4.992033839896227
nR: 3.2868085991026144
norm: 70.43035766304538
sigma: 63.264376115356804
sigmaL: 63.62659927352694
sigmaR: 35.74834756547501
widthL: 63.62659927352694
widthR: 35.74834756547501
x0: 1303.192958229703
