alphaL: 1.3515407546337126
alphaR: 2.1861825994508877
event_sum: 122.23341453680402
mean: 1303.6446873816124
nL: 4.995403887855124
nR: 3.8161266590146616
norm: 122.23341453680402
sigma: 63.264376115356804
sigmaL: 57.508943048539834
sigmaR: 37.84702083950546
widthL: 57.508943048539834
widthR: 37.84702083950546
x0: 1303.6446873816124
