alphaL: 1.3202832436626368
alphaR: 2.230826634652255
event_sum: 113.72617327285303
fraction: 0.9991118328855221
mean: 1303.7319264356954
nL: 9.999774230696781
nR: 3.4578352168979425
norm: 113.70632737022046
sigma: 63.25862120541217
sigmaL: 58.11003107775523
sigmaR: 38.044725998095984
widthL: 58.11003107775523
widthR: 38.044725998095984
x0: 1303.7319264356954
