alphaL: 1.345794422906166
alphaR: 2.654026919787298
event_sum: 2.843209146500173
mean: 1301.3801887995837
nL: 4.3918931871345075
nR: 1.6042536452494187
norm: 2.843209146500173
sigma: 67.66705465008815
sigmaL: 59.856945697353346
sigmaR: 38.983420771046056
widthL: 59.856945697353346
widthR: 38.983420771046056
x0: 1301.3801887995837
