alphaL: 1.6442585105930705
alphaR: 2.3606662944642802
event_sum: 70.70503159405962
mean: 1304.3390036361673
nL: 4.468868973726992
nR: 3.2185617845178283
norm: 70.70503159405962
sigma: 63.264376115356804
sigmaL: 66.40387059609856
sigmaR: 35.17975986372463
widthL: 66.40387059609856
widthR: 35.17975986372463
x0: 1304.3390036361673
