alphaL: 1.0041413808906516
alphaR: 2.221178715409014
event_sum: 113.46482024159108
mean: 1301.4125267653635
nL: 129.64032076639148
nR: 4.0772449143638365
norm_2016: 31.18189809952199
norm_2017: 37.20747671878366
norm_2018: 52.716138041643
norm_Run2: 113.46482024159108
sigma: 63.215533293023924
sigmaL: 51.8694628563335
sigmaR: 39.079599150978105
widthL: 51.8694628563335
widthR: 39.079599150978105
x0: 1301.4125267653635
