alphaL: 1.0045221635780528
alphaR: 2.2223573975507325
event_sum: 113.46482024159108
mean: 1301.390920628905
nL: 129.75230942567688
nR: 4.0717983813539975
norm_2016: 31.18189809952199
norm_2017: 37.20747671878366
norm_2018: 52.716138041643
norm_Run2: 121.10551285994866
sigma: 63.215533293023924
sigmaL: 51.868446566743884
sigmaR: 39.088261201403036
widthL: 51.868446566743884
widthR: 39.088261201403036
x0: 1301.390920628905
