alphaL: 1.072624038637407
alphaR: 2.4737482009978327
event_sum: 65.0882469716646
mean: 1301.252419041521
nL: 119.68553583847702
nR: 3.0768521897524272
norm_2016: 65.0882469716646
norm_2017: 65.0882469716646
norm_2018: 65.0882469716646
norm_Run2: 65.0882469716646
sigma: 63.215533293023924
sigmaL: 57.496890808793175
sigmaR: 36.55749604906639
widthL: 57.496890808793175
widthR: 36.55749604906639
x0: 1301.252419041521
