alphaL: 1.0651057189465918
alphaR: 2.482474522470521
event_sum: 65.0882469716646
mean: 1301.1328298031997
nL: 125.75353131960006
nR: 3.166452724484552
norm_2016: 17.302780445935245
norm_2017: 21.318637769280805
norm_2018: 31.151568182750605
norm_Run2: 65.0882469716646
sigma: 63.215533293023924
sigmaL: 57.025536823771404
sigmaR: 36.590721312541596
widthL: 57.025536823771404
widthR: 36.590721312541596
x0: 1301.1328298031997
