alphaL: 0.8878497546147003
alphaR: 1.4616294045670677
event_sum: 28.661477324050903
mean: 1289.4908242923316
nL: 3.059000392729172
nR: 4.281367445130736
norm_2016: 28.661477324050903
norm_2017: 28.661477324050903
norm_2018: 28.661477324050903
norm_Run2: 28.661477324050903
sigma: 72.80000000000001
sigmaL: 78.29605931108367
sigmaR: 61.19369049078473
widthL: 78.29605931108367
widthR: 61.19369049078473
x0: 1289.4908242923316
