alphaL: 0.9328847525265216
alphaR: 1.9892191519437679
event_sum: 35.98912934995861
mean: 1303.1961750243063
nL: 46.71619281205479
nR: 3.056773606470671
norm_2016: 9.867990728242713
norm_2017: 11.208974471995278
norm_2018: 15.762493542588373
norm_Run2: 35.98912934995861
sigma: 67.60915188501207
sigmaL: 50.32903746985468
sigmaR: 39.46214926362373
widthL: 50.32903746985468
widthR: 39.46214926362373
x0: 1303.1961750243063
