alphaL: 0.7909722333912416
alphaR: 1.321948421980344
event_sum: 25.88978237200337
mean: 1276.405763850702
nL: 1.6392011383976817
nR: 7.0427029462696025
norm_2016: 7.005503080021251
norm_2017: 8.027104615077151
norm_2018: 11.261705530864486
norm_Run2: 25.88978237200337
sigma: 130.0
sigmaL: 100.0103086022857
sigmaR: 76.16826790379197
widthL: 100.0103086022857
widthR: 76.16826790379197
x0: 1276.405763850702
