alphaL: 0.8803541647297928
alphaR: 1.4894206273725514
event_sum: 28.661477324050903
mean: 1288.6760718598584
nL: 3.0123889319788075
nR: 4.137176362445788
norm_2016: 7.793588242134197
norm_2017: 8.939905874558557
norm_2018: 12.447598326702558
norm_Run2: 28.661477324050903
sigma: 72.80000000000001
sigmaL: 77.10174821948898
sigmaR: 61.953036135544664
widthL: 77.10174821948898
widthR: 61.953036135544664
x0: 1288.6760718598584
