alphaL: 0.7762842263902362
alphaR: 1.3245429653145768
event_sum: 25.88978237200337
mean: 1276.2013594571924
nL: 1.6513906751231957
nR: 7.138328455792312
norm_2016: 7.005503080021251
norm_2017: 8.027104615077151
norm_2018: 11.261705530864486
norm_Run2: 25.88978237200337
sigma: 130.0
sigmaL: 98.45817985670517
sigmaR: 76.35747133617164
widthL: 98.45817985670517
widthR: 76.35747133617164
x0: 1276.2013594571924
