alphaL: 1.0391932639923576
alphaR: 1.369995597229571
event_sum: 21.600782204775022
mean: 1288.3205562004339
nL: 4.039726958675427
nR: 5.074675644117912
norm_2016: 5.544854538629836
norm_2017: 6.7142881309203775
norm_2018: 9.751382602705828
norm_Run2: 22.010525272256043
sigma: 72.80000000000001
sigmaL: 85.01486219747909
sigmaR: 58.91564763095916
widthL: 85.01486219747909
widthR: 58.91564763095916
x0: 1288.3205562004339
