alphaL: 0.9552263171501328
alphaR: 2.4275576963477787
event_sum: 27.782052811382858
mean: 1301.122538831956
nL: 60.669412059134196
nR: 2.0957646712326
norm_2016: 7.2695138185227295
norm_2017: 8.594094770401368
norm_2018: 12.56632318756449
norm_Run2: 27.782052811382858
sigma: 67.60915188501207
sigmaL: 52.67091814240006
sigmaR: 36.41753457763418
widthL: 52.67091814240006
widthR: 36.41753457763418
x0: 1301.122538831956
