alphaL: 0.8105095294403286
alphaR: 1.2546717624341084
event_sum: 19.027506260410977
mean: 1274.9187968780423
nL: 3.887016076030007
nR: 5.133694600873662
norm_2016: 19.027506260410977
norm_2017: 19.027506260410977
norm_2018: 19.027506260410977
norm_Run2: 19.027506260410977
sigma: 130.0
sigmaL: 100.03594402648203
sigmaR: 72.42958957012102
widthL: 100.03594402648203
widthR: 72.42958957012102
x0: 1274.9187968780423
