alphaL: 0.604908552992355
alphaR: 0.875902492604695
event_sum: 0.17264835090796024
mean: 3070.781407943507
nL: 0.9999090626088071
nR: 2.014934470115467
norm: 0.17264835090796024
sigma: 305.0
sigmaL: 457.70846948850476
sigmaR: 69.38612633167085
widthL: 457.70846948850476
widthR: 69.38612633167085
x0: 3070.781407943507
