alphaL: 1.2580503213514536
alphaR: 1.0058420072273935
event_sum: 0.1475739372829675
mean: 3070.15451774884
nL: 0.11437651330720436
nR: 1.8693487351000098
norm: 0.1475739372829675
sigma: 305.0
sigmaL: 404.3081540696195
sigmaR: 75.11695933736843
widthL: 404.3081540696195
widthR: 75.11695933736843
x0: 3070.15451774884
