alphaL: 0.8559444696610423
alphaR: 1.084203419667025
event_sum: 0.08431805709272087
mean: 3105.0513462915874
nL: 0.11002052961797604
nR: 0.49899212167237295
norm: 0.08431805709272087
sigma: 305.0
sigmaL: 282.8376484574478
sigmaR: 34.48139043830351
widthL: 282.8376484574478
widthR: 34.48139043830351
x0: 3105.0513462915874
