alphaL: 0.09822191101661759
alphaR: 0.453688683882382
event_sum: 0.10850062459719359
mean: 3084.5495816623516
nL: 1.0066330013417726
nR: 2.8481026798594247
norm: 0.10850062459719359
sigma: 305.0
sigmaL: 649.4100009087242
sigmaR: 42.99475277629312
widthL: 649.4100009087242
widthR: 42.99475277629312
x0: 3084.5495816623516
