alphaL: 0.6389624360410141
alphaR: 2.131385253946924
event_sum: 48.88100174034629
fraction: 0.9907885850141798
mean: 3041.527799694789
nL: 131.5084670694478
nR: 1.6390056371262465
norm: 15.563575387579052
sigma: 229.50440684196826
sigmaL: 82.47380008881724
sigmaR: 73.32516525077016
widthL: 82.47380008881724
widthR: 73.32516525077016
x0: 3041.527799694789
