alphaL: 0.5599525453439074
alphaR: 0.6406022783057298
event_sum: 4.519752153296285
fraction: 0.6062696683977128
mean: 3080.827562269346
nL: 0.4
nR: 3.1883518499435954
norm: 0.7055319305776551
sigma: 305.0
sigmaL: 294.5449302897351
sigmaR: 54.50621831442849
widthL: 294.5449302897351
widthR: 54.50621831442849
x0: 3080.827562269346
