alphaL: 0.9874539770599612
alphaR: 0.6844764715708904
event_sum: 3.60227519393491
fraction: 0.6880388577834501
mean: 3058.6382331200066
nL: 0.4546462478593653
nR: 3.9338421557388235
norm: 1.3402496578602507
sigma: 305.0
sigmaL: 369.6931585995602
sigmaR: 68.55348031630388
widthL: 369.6931585995602
widthR: 68.55348031630388
x0: 3058.6382331200066
