alphaL: 1.257518199919039
alphaR: 2.359479039791231
event_sum: 203.58851020489482
mean: 754.3223261471638
nL: 82.6080584459638
nR: 8.419310441558844
norm_2016: 54.85936586996646
norm_2017: 65.28758865412843
norm_2018: 89.46873333157842
norm_Run2: 203.58851020489482
sigma: 37.75200614311582
sigmaL: 38.07411690048235
sigmaR: 27.276528305494075
widthL: 38.07411690048235
widthR: 27.276528305494075
x0: 754.3223261471638
