alphaL: 1.283165794556327
alphaR: 2.667475452513817
event_sum: 63.004967376283744
mean: 753.4667010115816
nL: 99.99629558043004
nR: 6.435069209315738
norm_2016: 16.712919202081725
norm_2017: 19.889099174159014
norm_2018: 28.039052180933524
norm_Run2: 63.004967376283744
sigma: 37.75200614311582
sigmaL: 42.87541705734953
sigmaR: 25.790779666534313
widthL: 42.87541705734953
widthR: 25.790779666534313
x0: 753.4667010115816
