alphaL: 0.8621108524684633
alphaR: 1.2418381877355105
event_sum: 9.566809345658262
mean: 742.3549577504521
nL: 8.370430101713499
nR: 3.762206612124398
norm_2016: 2.215199690653408
norm_2017: 3.07293781911561
norm_2018: 4.400142395625139
norm_Run2: 9.566809345658262
sigma: 75.0
sigmaL: 67.56201233612906
sigmaR: 45.58538543153654
widthL: 67.56201233612906
widthR: 45.58538543153654
x0: 742.3549577504521
