alphaL: 1.0149500750025044
alphaR: 1.480829734737313
event_sum: 7.439898494747467
mean: 1980.0559868474072
nL: 1.6112821943904738
nR: 3.5926271686044284
norm: 7.439898494747467
sigma: 112.0
sigmaL: 119.9513216323608
sigmaR: 91.13670678984286
widthL: 119.9513216323608
widthR: 91.13670678984286
x0: 1980.0559868474072
