alphaL: 0.723569513923311
alphaR: 1.3938482192335044
event_sum: 22.812112969055306
fraction: 0.8846191072518976
mean: 1968.445932001421
nL: 1.783123920833002
nR: 4.963996697269818
norm: 5.00410084601026
sigma: 112.0
sigmaL: 99.88549708821357
sigmaR: 93.48610513838558
widthL: 99.88549708821357
widthR: 93.48610513838558
x0: 1968.445932001421
