alphaL: 1.075677362233619
alphaR: 1.3325809218028823
event_sum: 0.6044557533896295
mean: 1985.8415321083805
nL: 1.648531142417398
nR: 3.4358743536423035
norm: 0.6044557533896295
sigma: 112.0
sigmaL: 127.86272731687208
sigmaR: 83.61179625442831
widthL: 127.86272731687208
widthR: 83.61179625442831
x0: 1985.8415321083805
