alphaL: 0.9970293040899704
alphaR: 1.4613383016796773
event_sum: 7.439898494747467
fraction: 0.9232980231601383
mean: 1977.7213578596015
nL: 1.6726454258671701
nR: 3.942822713077624
norm: 6.217390781734139
sigma: 112.0
sigmaL: 116.95066731757602
sigmaR: 92.02469401344736
widthL: 116.95066731757602
widthR: 92.02469401344736
x0: 1977.7213578596015
