alphaL: 0.7951855205409848
alphaR: 1.5436169997714015
event_sum: 0.6044557533896295
mean: 1969.5034495890732
nL: 2.32135516843248
nR: 3.858333375076847
norm: 0.6044557533896295
sigma: 112.0
sigmaL: 99.48986969589683
sigmaR: 97.10533917166012
widthL: 99.48986969589683
widthR: 97.10533917166012
x0: 1969.5034495890732
