alphaL: 0.9495110652447485
alphaR: 1.2176912684157069
event_sum: 0.4923445356907905
mean: 1998.2813804701032
nL: 1.000005507047926
nR: 2.9826010579673907
norm: 0.4923445356907905
sigma: 112.0
sigmaL: 118.53588675718147
sigmaR: 70.42874602131869
widthL: 118.53588675718147
widthR: 70.42874602131869
x0: 1998.2813804701032
