alphaL: 1.2115342576144337
alphaR: 1.445891128744
event_sum: 0.42712876054429216
mean: 1997.4301084985677
nL: 0.38150585729024555
nR: 1.8774776423346882
norm: 0.42712876054429216
sigma: 108.0633802728273
sigmaL: 133.49228182382208
sigmaR: 78.18206226082583
widthL: 133.49228182382208
widthR: 78.18206226082583
x0: 1997.4301084985677
