alphaL: 0.9466463335059313
alphaR: 1.2332525532767065
event_sum: 0.4923445356907905
mean: 1998.6936524484152
nL: 1.00000569620423
nR: 3.0300111493246518
norm: 0.4923445356907905
sigma: 112.0
sigmaL: 119.47765349108363
sigmaR: 72.03709677685002
widthL: 119.47765349108363
widthR: 72.03709677685002
x0: 1998.6936524484152
