alphaL: 1.037724760027956
alphaR: 1.5566771199894307
event_sum: 0.580028643264086
mean: 1990.7473574544754
nL: 1.7909930975315376
nR: 1.9997424850521226
norm: 0.580028643264086
sigma: 112.0
sigmaL: 130.20186647301915
sigmaR: 81.70707244447973
widthL: 130.20186647301915
widthR: 81.70707244447973
x0: 1990.7473574544754
