alphaL: 0.9430862566358694
alphaR: 1.354216808458688
event_sum: 7.262456281925552
fraction: 0.8727468123611279
mean: 1989.3455436622373
nL: 1.1549061237846914
nR: 3.5698210394432923
norm: 5.129693061579019
sigma: 112.0
sigmaL: 124.47087425099592
sigmaR: 84.55184068439331
widthL: 124.47087425099592
widthR: 84.55184068439331
x0: 1989.3455436622373
