alphaL: 0.9192462366128173
alphaR: 1.3260649999276215
event_sum: 7.262456281925552
mean: 1992.5514193171443
nL: 1.1867916324144825
nR: 3.5176696192571537
norm: 7.262456281925552
sigma: 112.0
sigmaL: 124.95982772314224
sigmaR: 81.88050281650251
widthL: 124.95982772314224
widthR: 81.88050281650251
x0: 1992.5514193171443
