alphaL: 1.1813293738238722
alphaR: 1.4627279969326794
event_sum: 0.5417748670297442
mean: 1992.3995020899702
nL: 0.8402343945909057
nR: 1.9513196304421718
norm: 0.5417748670297442
sigma: 108.0633802728273
sigmaL: 137.23390958543237
sigmaR: 82.2197272834822
widthL: 137.23390958543237
widthR: 82.2197272834822
x0: 1992.3995020899702
