alphaL: 0.9318398987590155
alphaR: 1.4741013326633092
event_sum: 0.46480642569076736
mean: 2000.5496104717502
nL: 1.2279567812496583
nR: 1.8347913436158945
norm: 0.46480642569076736
sigma: 112.0
sigmaL: 122.76516971718861
sigmaR: 78.32932545314074
widthL: 122.76516971718861
widthR: 78.32932545314074
x0: 2000.5496104717502
