alphaL: 0.7258681036987339
alphaR: 1.1074098336705935
event_sum: 0.46260280222646094
mean: 2140.511158241566
nL: 0.9998689817682442
nR: 3.7127306436797713
norm: 0.46260280222646094
sigma: 215.0
sigmaL: 188.84356030492035
sigmaR: 88.05531530006787
widthL: 188.84356030492035
widthR: 88.05531530006787
x0: 2140.511158241566
