alphaL: 1.103363003933558
alphaR: 1.5667541520758017
event_sum: 0.33856375149610224
mean: 2095.367665165369
nL: 0.24250100558936363
nR: 2.6061916327601504
norm: 0.33856375149610224
sigma: 215.0
sigmaL: 186.84278690579958
sigmaR: 123.26328035172256
widthL: 186.84278690579958
widthR: 123.26328035172256
x0: 2095.367665165369
