alphaL: 1.0005250920568305
alphaR: 1.4794323849667381
event_sum: 0.41850380473300186
mean: 2108.012299605625
nL: 0.5770092145556859
nR: 2.9471501359108947
norm: 0.41850380473300186
sigma: 215.0
sigmaL: 182.78732028567293
sigmaR: 121.20517769351562
widthL: 182.78732028567293
widthR: 121.20517769351562
x0: 2108.012299605625
