alphaL: 0.5507453678575445
alphaR: 0.9545238601877926
event_sum: 0.3988308228865797
mean: 2178.475207629251
nL: 1.0003356389253486
nR: 2.7530514044439864
norm: 0.3988308228865797
sigma: 215.0
sigmaL: 294.1221972598724
sigmaR: 57.04578321522687
widthL: 294.1221972598724
widthR: 57.04578321522687
x0: 2178.475207629251
