alphaL: 1.0364161700616688
alphaR: 0.8721366424541838
event_sum: 6.226726655911839
fraction: 0.7360161631411629
mean: 2135.1184388662446
nL: 0.4141785775312233
nR: 3.9950150452694833
norm: 3.108061968172738
sigma: 215.0
sigmaL: 216.64392212886554
sigmaR: 67.37351805421096
widthL: 216.64392212886554
widthR: 67.37351805421096
x0: 2135.1184388662446
