alphaL: 0.856508963921299
alphaR: 1.2087224961789607
event_sum: 5.757888603121448
fraction: 0.8057075435739176
mean: 2114.038976187785
nL: 0.9054351302248099
nR: 4.316422881336467
norm: 3.920458125258865
sigma: 215.0
sigmaL: 167.05565003357958
sigmaR: 106.14501414755051
widthL: 167.05565003357958
widthR: 106.14501414755051
x0: 2114.038976187785
