alphaL: 1.3132983337438453
alphaR: 1.3764947326047137
event_sum: 7.019337405916303
mean: 3518.867811490999
nL: 4.499981288682855
nR: 3.9019813818018663
norm: 7.019337405916303
sigma: 345.57315866683274
sigmaL: 142.9603816499592
sigmaR: 71.63621075618727
widthL: 142.9603816499592
widthR: 71.63621075618727
x0: 3518.867811490999
