alphaL: 1.4785233653244647
alphaR: 2.1207956124096303
event_sum: 0.8231243437621742
mean: 3506.524819132455
nL: 3.236507413737497
nR: 2.6307199216038377
norm: 0.8231243437621742
sigma: 153.95768449501395
sigmaL: 146.76799813123424
sigmaR: 74.31627529752775
widthL: 146.76799813123424
widthR: 74.31627529752775
x0: 3506.524819132455
