alphaL: 1.4607518434152187
alphaR: 1.6087818460187784
event_sum: 0.689259305523592
mean: 3514.9439641374893
nL: 3.4078381183122968
nR: 2.8093750506684545
norm: 0.689259305523592
sigma: 350.49102677670015
sigmaL: 145.15987250090956
sigmaR: 79.9946008515161
widthL: 145.15987250090956
widthR: 79.9946008515161
x0: 3514.9439641374893
