alphaL: 0.8865584678075474
alphaR: 1.4873166967267901
event_sum: 7.019337405916303
fraction: 0.9986128934772889
mean: 3505.0132843604606
nL: 9.964803705553507
nR: 4.358943672964317
norm: 6.839590748772025
sigma: 345.57315866683274
sigmaL: 113.83550351995672
sigmaR: 81.1732260217161
widthL: 113.83550351995672
widthR: 81.1732260217161
x0: 3505.0132843604606
