alphaL: 1.1174853109343243
alphaR: 1.644553736563281
event_sum: 15.807335829245858
fraction: 0.9989197445914659
mean: 3512.675754410081
nL: 9.985648329408026
nR: 3.6247567628947706
norm: 15.699026946094818
sigma: 345.57315866683274
sigmaL: 138.26575251733485
sigmaR: 72.08250787562315
widthL: 138.26575251733485
widthR: 72.08250787562315
x0: 3512.675754410081
