alphaL: 1.3070572948040953
alphaR: 1.7296059759754387
event_sum: 0.4514043068047613
mean: 3509.039081534307
nL: 4.3675193094499205
nR: 3.3248422364268206
norm: 0.4514043068047613
sigma: 153.95768449501395
sigmaL: 132.97076234867728
sigmaR: 71.12530944464041
widthL: 132.97076234867728
widthR: 71.12530944464041
x0: 3509.039081534307
