alphaL: 1.4376610141605286
alphaR: 2.172117788743113
event_sum: 0.8185080068651587
mean: 3503.3881796694195
nL: 3.3368378632527214
nR: 2.6946271455874395
norm: 0.8185080068651587
sigma: 153.95768449501395
sigmaL: 142.62964591784487
sigmaR: 77.38453550324904
widthL: 142.62964591784487
widthR: 77.38453550324904
x0: 3503.3881796694195
