alphaL: 0.7375339814448465
alphaR: 1.4889415800183488
event_sum: 22.268652434810065
fraction: 0.9917119694094209
mean: 3498.2884337756573
nL: 22.367760874947866
nR: 3.5289950211183023
norm: 6.798110750969499
sigma: 340.82776692579785
sigmaL: 104.1175307477031
sigmaR: 79.58196844961483
widthL: 104.1175307477031
widthR: 79.58196844961483
x0: 3498.2884337756573
