alphaL: 1.3583223497875072
alphaR: 1.713619552760709
event_sum: 0.4514043068047613
mean: 3503.3807711733784
nL: 3.3567506238749063
nR: 3.505920388699263
norm: 0.4514043068047613
sigma: 153.95768449501395
sigmaL: 125.10065059649935
sigmaR: 73.21239267408478
widthL: 125.10065059649935
widthR: 73.21239267408478
x0: 3503.3807711733784
