alphaL: 1.4842360760448499
alphaR: 1.5129960488528649
event_sum: 1.5703636033067596
mean: 3524.7208657101855
nL: 4.787026007946513
nR: 3.15894430656924
norm: 1.5703636033067596
sigma: 350.3564060036648
sigmaL: 163.00609526641495
sigmaR: 64.57459516037633
widthL: 163.00609526641495
widthR: 64.57459516037633
x0: 3524.7208657101855
