alphaL: 1.1908944341432612
alphaR: 1.6518395522041458
event_sum: 0.684189527950366
mean: 3512.266974740681
nL: 4.839500987296781
nR: 2.9031857820948233
norm: 0.684189527950366
sigma: 350.3564060036648
sigmaL: 133.12061941753615
sigmaR: 80.62964513316157
widthL: 133.12061941753615
widthR: 80.62964513316157
x0: 3512.266974740681
