alphaL: 1.5662832097632957
alphaR: 1.7204544583821586
event_sum: 1.5790052696247585
mean: 3520.209449444883
nL: 4.499151910603336
nR: 2.657200201746815
norm: 1.5790052696247585
sigma: 350.3564060036648
sigmaL: 162.5976923323565
sigmaR: 69.43420283257802
widthL: 162.5976923323565
widthR: 69.43420283257802
x0: 3520.209449444883
