alphaL: 1.4780611435416333
alphaR: 1.74847464293597
event_sum: 0.451456765178591
mean: 3509.1117297154055
nL: 4.493572867477953
nR: 3.6555748765679055
norm: 0.451456765178591
sigma: 153.75802229261558
sigmaL: 139.80067492772875
sigmaR: 72.38841058534655
widthL: 139.80067492772875
widthR: 72.38841058534655
x0: 3509.1117297154055
