alphaL: 1.5363627962054185
alphaR: 1.4847112113146
event_sum: 15.807335829245858
mean: 3524.3875067410854
nL: 4.499720968652255
nR: 3.9375947085953955
norm: 15.807335829245858
sigma: 345.57315866683274
sigmaL: 163.52105435630395
sigmaR: 64.67243543009519
widthL: 163.52105435630395
widthR: 64.67243543009519
x0: 3524.3875067410854
