alphaL: 1.31272085643276
alphaR: 2.0784153030427563
event_sum: 0.451456765178591
fraction: 0.996112273872932
mean: 3491.841568135042
nL: 3.74583239130922
nR: 4.019140839515218
norm: 0.45129939005710185
sigma: 153.75802229261558
sigmaL: 119.90975783537051
sigmaR: 84.88846299097469
widthL: 119.90975783537051
widthR: 84.88846299097469
x0: 3491.841568135042
