alphaL: 1.383480314205765
alphaR: 1.3439424467605856
event_sum: 0.689259305523592
mean: 3520.776348120268
nL: 4.492933090088432
nR: 3.6542409462505034
norm: 0.689259305523592
sigma: 350.3564060036648
sigmaL: 147.68096210381742
sigmaR: 69.95868359210301
widthL: 147.68096210381742
widthR: 69.95868359210301
x0: 3520.776348120268
