alphaL: 1.6914164272649184
alphaR: 1.6513204830392896
event_sum: 1.5790052696247585
mean: 3527.9637223101013
nL: 3.765527888280788
nR: 2.609294909421335
norm: 1.5790052696247585
sigma: 350.49102677670015
sigmaL: 171.54962685176787
sigmaR: 63.56238788812427
widthL: 171.54962685176787
widthR: 63.56238788812427
x0: 3527.9637223101013
