alphaL: 1.8052014091569784
alphaR: 1.9439765915600336
event_sum: 0.4514043068047613
mean: 3519.564796008292
nL: 2.09265777599579
nR: 1.965149047328039
norm: 0.4514043068047613
sigma: 153.95768449501395
sigmaL: 155.9062047155612
sigmaR: 66.36423835335525
widthL: 155.9062047155612
widthR: 66.36423835335525
x0: 3519.564796008292
