alphaL: 1.3861652047122939
alphaR: 2.1121867711338633
event_sum: 0.8231243437621742
mean: 3504.287288099441
nL: 4.4987078128473215
nR: 2.902456743150062
norm: 0.8231243437621742
sigma: 153.95768449501395
sigmaL: 141.623451360366
sigmaR: 75.35905679369111
widthL: 141.623451360366
widthR: 75.35905679369111
x0: 3504.287288099441
