alphaL: 1.3354547814407802
alphaR: 1.9921304670250697
event_sum: 0.8236489275004715
fraction: 0.9988905451705362
mean: 3507.0546300762776
nL: 7.343078392754187
nR: 4.285929543667287
norm: 0.823544010752812
sigma: 153.75802229261558
sigmaL: 146.4453887807838
sigmaR: 74.7348105346283
widthL: 146.4453887807838
widthR: 74.7348105346283
x0: 3507.0546300762776
