alphaL: 1.5307488946124952
alphaR: 0.36312536314263344
event_sum: 0.4491485967300832
mean: 3555.234694679043
nL: 4.453989943094609
nR: 3.23758498334056
norm: 0.4491485967300832
sigma: 153.95768449501395
sigmaL: 169.8347188968994
sigmaR: 13.187559845957072
widthL: 169.8347188968994
widthR: 13.187559845957072
x0: 3555.234694679043
