alphaL: 1.3846653777963103
alphaR: 1.3471608637891772
event_sum: 0.689259305523592
mean: 3521.156619121715
nL: 4.493782847343843
nR: 3.652092497719456
norm: 0.689259305523592
sigma: 350.3564060036648
sigmaL: 147.85523595804548
sigmaR: 69.98811394944309
widthL: 147.85523595804548
widthR: 69.98811394944309
x0: 3521.156619121715
