alphaL: 1.8073447181905826
alphaR: 0.35499851909289154
event_sum: 0.8231243437621742
mean: 3548.911946777821
nL: 3.869197240512346
nR: 4.032624960882905
norm: 0.8231243437621742
sigma: 153.95768449501395
sigmaL: 180.15839749092166
sigmaR: 13.422662607325545
widthL: 180.15839749092166
widthR: 13.422662607325545
x0: 3548.911946777821
