alphaL: 1.5710187667650732
alphaR: 1.7294883727553274
event_sum: 1.5790052696247585
mean: 3521.1128413314364
nL: 4.499733453822724
nR: 2.519394578535412
norm: 1.5790052696247585
sigma: 350.3564060036648
sigmaL: 163.19279486467047
sigmaR: 68.98179919296032
widthL: 163.19279486467047
widthR: 68.98179919296032
x0: 3521.1128413314364
