alphaL: 1.625611332515657
alphaR: 1.725006931943531
event_sum: 0.8236489275004715
mean: 3518.4177204747657
nL: 4.154043857839344
nR: 4.446226127112382
norm: 0.8236489275004715
sigma: 153.75802229261558
sigmaL: 161.48488906078123
sigmaR: 66.84317717808125
widthL: 161.48488906078123
widthR: 66.84317717808125
x0: 3518.4177204747657
