alphaL: 1.1065608475759607
alphaR: 1.557484389130478
event_sum: 0.49866217431521614
mean: 1093.9705421453925
nL: 2.2469187747788775
nR: 2.0312642163820724
norm: 0.49866217431521614
sigma: 61.6
sigmaL: 77.74877900043141
sigmaR: 48.44061901437343
widthL: 77.74877900043141
widthR: 48.44061901437343
x0: 1093.9705421453925
