alphaL: 1.0126604934759598
alphaR: 1.4477960545174549
event_sum: 0.5105944656172611
mean: 1090.3169532529892
nL: 3.986099877262277
nR: 3.4705901417308334
norm: 0.5105944656172611
sigma: 61.6
sigmaL: 71.08365440126406
sigmaR: 47.97203561431361
widthL: 71.08365440126406
widthR: 47.97203561431361
x0: 1090.3169532529892
