alphaL: 1.0863142609608112
alphaR: 1.4056767987693275
event_sum: 5.248681482407946
fraction: 0.990665592651833
mean: 1091.4369478637152
nL: 4.250948582468588
nR: 4.27709574654279
norm: 5.162982056303165
sigma: 61.6
sigmaL: 76.14535166488852
sigmaR: 48.37797446956096
widthL: 76.14535166488852
widthR: 48.37797446956096
x0: 1091.4369478637152
