alphaL: 1.0420852918278947
alphaR: 1.5813229483307354
event_sum: 0.8203462896148135
mean: 1094.926037303117
nL: 2.2005682507490025
nR: 2.042692401976488
norm: 0.8203462896148135
sigma: 61.6
sigmaL: 74.21088481558618
sigmaR: 50.32217082160517
widthL: 74.21088481558618
widthR: 50.32217082160517
x0: 1094.926037303117
