alphaL: 0.9272288332349192
alphaR: 1.4803509542020017
event_sum: 8.888415140830324
fraction: 0.9829992355253162
mean: 1090.9459649931225
nL: 2.4206946265500084
nR: 3.7219684081940674
norm: 8.68995672011273
sigma: 61.6
sigmaL: 64.02095708090906
sigmaR: 52.99720015395647
widthL: 64.02095708090906
widthR: 52.99720015395647
x0: 1090.9459649931225
