alphaL: 0.846004395407949
alphaR: 1.4455417168991778
event_sum: 0.84934629139886
mean: 1093.2209524544528
nL: 2.9971275676042275
nR: 3.5387314843788436
norm: 0.84934629139886
sigma: 61.6
sigmaL: 61.63788026603234
sigmaR: 51.00885874172975
widthL: 61.63788026603234
widthR: 51.00885874172975
x0: 1093.2209524544528
