alphaL: 1.1024514607199076
alphaR: 1.3995442814108765
event_sum: 0.2890086123595622
mean: 2726.4815024598665
nL: 0.9880432104158307
nR: 2.771377564808171
norm: 0.2890086123595622
sigma: 154.0
sigmaL: 162.20948499450546
sigmaR: 107.14120185420079
widthL: 162.20948499450546
widthR: 107.14120185420079
x0: 2726.4815024598665
