alphaL: 0.8450837646505065
alphaR: 0.9848737488669566
event_sum: 0.15939792224998978
mean: 2772.900271391203
nL: 1.0150876393110635
nR: 3.079186274109125
norm: 0.15939792224998978
sigma: 154.0
sigmaL: 166.97911019234442
sigmaR: 71.46298000305406
widthL: 166.97911019234442
widthR: 71.46298000305406
x0: 2772.900271391203
