alphaL: 0.8411196429971337
alphaR: 1.361366433125005
event_sum: 0.27420401203715467
mean: 2733.61430406296
nL: 1.586254484143833
nR: 1.9486304012859674
norm: 0.27420401203715467
sigma: 154.0
sigmaL: 135.7422422206721
sigmaR: 95.3152888782461
widthL: 135.7422422206721
widthR: 95.3152888782461
x0: 2733.61430406296
