alphaL: 0.7894354569090201
alphaR: 1.76034100039298
event_sum: 25.75401770906582
fraction: 0.9880369646618489
mean: 2747.1134007012865
nL: 23.148098572056767
nR: 2.7345846820496686
norm: 7.7989513164122455
sigma: 180.11230386047484
sigmaL: 87.41953482081719
sigmaR: 70.47409187478846
widthL: 87.41953482081719
widthR: 70.47409187478846
x0: 2747.1134007012865
