alphaL: 1.142962358534398
alphaR: 2.3022217116200925
event_sum: 0.14908360811783805
mean: 2712.069011012573
nL: 3.6190094818282765
nR: 1.4570679030809488
norm: 0.14908360811783805
sigma: 154.0
sigmaL: 217.542791448356
sigmaR: 135.71566450814962
widthL: 217.542791448356
widthR: 135.71566450814962
x0: 2712.069011012573
