alphaL: 1.185973127786551
alphaR: 1.4808366029636912
event_sum: 5.11608177493802
fraction: 0.7452982068894002
mean: 2733.8528292867554
nL: 0.4
nR: 3.8324635431799976
norm: 1.7270048954418233
sigma: 154.0
sigmaL: 180.5981707552378
sigmaR: 113.45770800417901
widthL: 180.5981707552378
widthR: 113.45770800417901
x0: 2733.8528292867554
