alphaL: 1.1138401022102882
alphaR: 1.0399311168799314
event_sum: 5.037426615559103
fraction: 0.8532072782631569
mean: 2743.7780702169384
nL: 0.9890252088365215
nR: 4.174738179014811
norm: 3.015101976796613
sigma: 154.0
sigmaL: 178.38190149889124
sigmaR: 87.70579836569799
widthL: 178.38190149889124
widthR: 87.70579836569799
x0: 2743.7780702169384
