alphaL: 0.7740083745329922
alphaR: 2.073617396097839
event_sum: 7.566870447674059
fraction: 0.9968453907649825
mean: 2237.351718070608
nL: 9.982220593806487
nR: 1.9898608402321192
norm: 7.544274295980719
sigma: 128.71613309789845
sigmaL: 62.23659278397342
sigmaR: 64.11708012853308
widthL: 62.23659278397342
widthR: 64.11708012853308
x0: 2237.351718070608
