alphaL: 1.0592831603170891
alphaR: 2.007620865001624
event_sum: 0.8051559362899275
mean: 2241.76051287082
nL: 3.7550928362489415
nR: 2.0232089592447573
norm: 0.8051559362899275
sigma: 129.17880933478074
sigmaL: 75.55172436118242
sigmaR: 62.12772264285776
widthL: 75.55172436118242
widthR: 62.12772264285776
x0: 2241.76051287082
