alphaL: 1.0770508267979366
alphaR: 1.977187291907342
event_sum: 5.100301979022998
fraction: 0.9988520772142417
mean: 2247.1020325530103
nL: 9.942572887974181
nR: 3.494627510998552
norm: 5.099471586872198
sigma: 105.76464064501148
sigmaL: 83.06404581389268
sigmaR: 54.16588246998566
widthL: 83.06404581389268
widthR: 54.16588246998566
x0: 2247.1020325530103
