alphaL: 1.1029135465491118
alphaR: 1.9961004205656512
event_sum: 0.807995388218527
mean: 2242.319369860816
nL: 4.473012231424274
nR: 2.1646574663400786
norm: 0.807995388218527
sigma: 129.17880933478074
sigmaL: 77.32120057052462
sigmaR: 61.1712988958966
widthL: 77.32120057052462
widthR: 61.1712988958966
x0: 2242.319369860816
