alphaL: 1.381239726543623
alphaR: 2.016312328293297
event_sum: 1.1076785198677126
mean: 2256.844582074778
nL: 3.7708023275140747
nR: 1.7617209914875072
norm: 1.1076785198677126
sigma: 129.17880933478074
sigmaL: 104.76983289730416
sigmaR: 48.15304095802114
widthL: 104.76983289730416
widthR: 48.15304095802114
x0: 2256.844582074778
