alphaL: 1.109114898593287
alphaR: 2.13798665872028
event_sum: 5.3157750084896405
mean: 2246.6613062324736
nL: 4.945814842244779
nR: 2.4317321065448683
norm: 5.3157750084896405
sigma: 105.6137577791502
sigmaL: 82.32343308184245
sigmaR: 54.78843392025485
widthL: 82.32343308184245
widthR: 54.78843392025485
x0: 2246.6613062324736
