alphaL: 1.3009532324284812
alphaR: 2.00655091810987
event_sum: 5.340265356941388
mean: 2250.651000036171
nL: 4.533727250249637
nR: 2.9944042112002087
norm: 5.340265356941388
sigma: 105.6137577791502
sigmaL: 91.03343142790813
sigmaR: 52.3792659498867
widthL: 91.03343142790813
widthR: 52.3792659498867
x0: 2250.651000036171
