alphaL: 1.1740012335249042
alphaR: 2.541815741340352
event_sum: 5.371294271923845
mean: 2243.9624130431716
nL: 4.745004613511282
nR: 1.6014602090471421
norm: 5.371294271923845
sigma: 105.6137577791502
sigmaL: 88.68348491555938
sigmaR: 54.429189036527795
widthL: 88.68348491555938
widthR: 54.429189036527795
x0: 2243.9624130431716
