alphaL: 1.4752999116421335
alphaR: 2.0385751250474042
event_sum: 1.110733751625607
mean: 2257.975472195095
nL: 4.47890089052833
nR: 1.66179659708105
norm: 1.110733751625607
sigma: 129.17880933478074
sigmaL: 107.9646183320884
sigmaR: 47.61013705782071
widthL: 107.9646183320884
widthR: 47.61013705782071
x0: 2257.975472195095
