alphaL: 1.4684339237753885
alphaR: 2.3514530183852367
event_sum: 5.39568954100065
mean: 2250.9624048819182
nL: 4.500661938150352
nR: 2.1170439453394243
norm: 5.39568954100065
sigma: 105.6137577791502
sigmaL: 103.0496905896808
sigmaR: 50.754957774246414
widthL: 103.0496905896808
widthR: 50.754957774246414
x0: 2250.9624048819182
