alphaL: 1.1249470495048346
alphaR: 2.1866515291860393
event_sum: 10.350660719457666
fraction: 0.99572188399522
mean: 2250.8136743299615
nL: 9.956027962494517
nR: 1.4951948847825498
norm: 10.339338766138816
sigma: 128.71613309789845
sigmaL: 93.8783545816376
sigmaR: 51.7141206999003
widthL: 93.8783545816376
widthR: 51.7141206999003
x0: 2250.8136743299615
