alphaL: 1.1981518598729586
alphaR: 1.9842014015333174
event_sum: 5.127979778907352
fraction: 0.9989538137511872
mean: 2247.603889961272
nL: 10.0
nR: 4.070410307683282
norm: 5.125293964555919
sigma: 105.76464064501148
sigmaL: 93.67236605482516
sigmaR: 51.50744492623785
widthL: 93.67236605482516
widthR: 51.50744492623785
x0: 2247.603889961272
