alphaL: 0.8588451076400669
alphaR: 1.3554941918727759
event_sum: 23.087522867004893
mean: 1424.6580629891687
nL: 1.0271605764945666
nR: 5.575219205074135
norm_2016: 6.2352555049921685
norm_2017: 7.210393528837271
norm_2018: 10.031517905178951
norm_Run2: 23.087522867004893
sigma: 145.0
sigmaL: 117.42395842650554
sigmaR: 82.33268760622596
widthL: 117.42395842650554
widthR: 82.33268760622596
x0: 1424.6580629891687
