alphaL: 0.9291867523873675
alphaR: 2.044966013088316
event_sum: 34.747881922256525
mean: 1451.7897692611089
nL: 19.95528716548471
nR: 2.2535939729717613
norm_2016: 9.490309723811542
norm_2017: 10.96752305336088
norm_2018: 15.141512137398731
norm_Run2: 34.747881922256525
sigma: 75.74238779877436
sigmaL: 54.19226880836642
sigmaR: 43.18545199735424
widthL: 54.19226880836642
widthR: 43.18545199735424
x0: 1451.7897692611089
