alphaL: 0.4927736377711941
alphaR: 1.1750046050016636
event_sum: 0.46579129332235414
mean: 3173.1577708790237
nL: 0.9961595283947197
nR: 2.524186226803945
norm: 0.46579129332235414
sigma: 315.0
sigmaL: 516.2941974399317
sigmaR: 89.44756642582418
widthL: 516.2941974399317
widthR: 89.44756642582418
x0: 3173.1577708790237
