alphaL: 0.45764879757484356
alphaR: 0.8743584585991349
event_sum: 14.787996958426236
fraction: 0.5959420916842285
mean: 3141.898182990461
nL: 0.4
nR: 3.8221153291682177
norm: 1.9899053375663296
sigma: 315.0
sigmaL: 292.2181316015036
sigmaR: 95.59963156494693
widthL: 292.2181316015036
widthR: 95.59963156494693
x0: 3141.898182990461
