alphaL: 0.7391558929956723
alphaR: 0.01
event_sum: 0.23522063380842909
mean: 3239.2549544481835
nL: 0.1
nR: 2.6118319047800598
norm: 0.23522063380842909
sigma: 315.0
sigmaL: 340.06782551196096
sigmaR: 5.0
widthL: 340.06782551196096
widthR: 5.0
x0: 3239.2549544481835
