alphaL: 0.11618591618919255
alphaR: 1.2419833617266078
event_sum: 0.31113702818671285
mean: 3172.477835695089
nL: 0.9999454446480229
nR: 3.316505167323795
norm: 0.31113702818671285
sigma: 315.0
sigmaL: 754.2154362984155
sigmaR: 97.4621324237391
widthL: 754.2154362984155
widthR: 97.4621324237391
x0: 3172.477835695089
