alphaL: 1.0696829535570096
alphaR: 1.5328666481161555
event_sum: 0.3972876547266042
mean: 3101.7708238406867
nL: 0.12920699343716105
nR: 1.7749903102827904
norm: 0.3972876547266042
sigma: 315.0
sigmaL: 358.42228995917424
sigmaR: 136.71926670961668
widthL: 358.42228995917424
widthR: 136.71926670961668
x0: 3101.7708238406867
