alphaL: 0.8925749035856393
alphaR: 1.2485933159747096
event_sum: 10.838338834536962
fraction: 0.6745316774988668
mean: 3100.0
nL: 0.45012853470146746
nR: 4.3323382926752805
norm: 3.5000322571739484
sigma: 315.0
sigmaL: 331.2144103888844
sigmaR: 132.03882923621896
widthL: 331.2144103888844
widthR: 132.03882923621896
x0: 3100.0
