alphaL: 1.139567283335721
alphaR: 1.4050038869256918
event_sum: 6.14718204356263
fraction: 0.9833869338639083
mean: 1101.9982105348954
nL: 2.5906183782508525
nR: 4.158248691423669
norm: 6.031478626358462
sigma: 61.6
sigmaL: 76.73539714137789
sigmaR: 48.93179529625714
widthL: 76.73539714137789
widthR: 48.93179529625714
x0: 1101.9982105348954
