alphaL: 0.7793845513254728
alphaR: 1.5582508940641253
event_sum: 10.371466206978168
fraction: 0.9818930525845577
mean: 1094.7059996642804
nL: 4.101491744960691
nR: 4.5
norm: 10.150921829621893
sigma: 61.6
sigmaL: 59.053362733841404
sigmaR: 55.81709719332928
widthL: 59.053362733841404
widthR: 55.81709719332928
x0: 1094.7059996642804
