alphaL: 1.0919431983051044
alphaR: 1.691992606829943
event_sum: 0.5749241475927779
mean: 1099.6240185815504
nL: 1.8547438836844952
nR: 1.9151086485327837
norm: 0.5749241475927779
sigma: 61.6
sigmaL: 73.28945468072666
sigmaR: 51.77497314768023
widthL: 73.28945468072666
widthR: 51.77497314768023
x0: 1099.6240185815504
