alphaL: 1.3448158363512268
alphaR: 1.3579100558135075
event_sum: 0.589836251069149
mean: 1108.7480335803195
nL: 2.130108869413672
nR: 3.6156042414693026
norm: 0.589836251069149
sigma: 61.6
sigmaL: 88.1427819693444
sigmaR: 44.765269421041026
widthL: 88.1427819693444
widthR: 44.765269421041026
x0: 1108.7480335803195
