alphaL: 0.9522032402000272
alphaR: 1.413065134900099
event_sum: 0.9893316631075192
mean: 1103.6344269900942
nL: 2.640226657635707
nR: 3.5848138928562525
norm: 0.9893316631075192
sigma: 61.6
sigmaL: 68.46763470104813
sigmaR: 46.2463849588086
widthL: 68.46763470104813
widthR: 46.2463849588086
x0: 1103.6344269900942
