alphaL: 1.0363424793924383
alphaR: 1.5693765550435712
event_sum: 0.961917039402515
mean: 1099.7586467988135
nL: 2.039225715780989
nR: 2.70398304852834
norm: 0.961917039402515
sigma: 61.6
sigmaL: 69.83703324368504
sigmaR: 52.14613499139302
widthL: 69.83703324368504
widthR: 52.14613499139302
x0: 1099.7586467988135
