alphaL: 0.7196815950108137
alphaR: 2.098019008526358
event_sum: 0.21110500130949192
mean: 2492.8973284275366
nL: 4.461523668926581
nR: 2.5361527234522274
norm: 0.21110500130949192
sigma: 142.8
sigmaL: 149.4853504868248
sigmaR: 136.56405470261046
widthL: 149.4853504868248
widthR: 136.56405470261046
x0: 2492.8973284275366
