alphaL: 0.9277938466746162
alphaR: 1.4444834051324227
event_sum: 0.22537745934642348
mean: 2535.9196359214047
nL: 0.9896848732193649
nR: 3.5523004431342717
norm: 0.22537745934642348
sigma: 142.8
sigmaL: 159.25243342124637
sigmaR: 100.18897172892343
widthL: 159.25243342124637
widthR: 100.18897172892343
x0: 2535.9196359214047
