alphaL: 1.23220880030275
alphaR: 1.6287396025738827
event_sum: 5.587461019040369
fraction: 0.7638740093709966
mean: 2516.307467055521
nL: 0.4005247404701885
nR: 3.6404098985919546
norm: 2.386704978404868
sigma: 142.8
sigmaL: 160.3331390903229
sigmaR: 120.756754555856
widthL: 160.3331390903229
widthR: 120.756754555856
x0: 2516.307467055521
