alphaL: 0.7929606607366555
alphaR: 1.7955570624824264
event_sum: 27.079789653729968
fraction: 0.9882875875259485
mean: 2549.1872619908536
nL: 28.05064693077157
nR: 2.6641528007886643
norm: 8.357140482433174
sigma: 153.37906048591276
sigmaL: 83.3055392586753
sigmaR: 65.67579217494222
widthL: 83.3055392586753
widthR: 65.67579217494222
x0: 2549.1872619908536
