alphaL: 1.126169179196868
alphaR: 1.234984142672037
event_sum: 5.706958401863096
fraction: 0.8590653180428763
mean: 2538.6613931127986
nL: 0.9469853773240516
nR: 3.8571980446312177
norm: 3.846826356865199
sigma: 142.8
sigmaL: 163.62762425154352
sigmaR: 89.79586213521266
widthL: 163.62762425154352
widthR: 89.79586213521266
x0: 2538.6613931127986
