alphaL: 1.0155363994879631
alphaR: 1.4121878817438636
event_sum: 0.35172233161325356
mean: 2552.6744890577957
nL: 1.346850408417435
nR: 1.6723646833990613
norm: 0.35172233161325356
sigma: 142.8
sigmaL: 159.70026433243268
sigmaR: 81.62294658335708
widthL: 159.70026433243268
widthR: 81.62294658335708
x0: 2552.6744890577957
