alphaL: 1.063592038168312
alphaR: 1.5336293490648456
event_sum: 0.36936140350149643
mean: 2514.505271597224
nL: 1.0132878783015098
nR: 3.6719755029899748
norm: 0.36936140350149643
sigma: 142.8
sigmaL: 137.6730374142629
sigmaR: 112.96203097772283
widthL: 137.6730374142629
widthR: 112.96203097772283
x0: 2514.505271597224
