alphaL: 1.0342888144744273
alphaR: 1.1679424857946659
event_sum: 21.11331778364707
fraction: 0.9202052103407942
mean: 1428.9283451499568
nL: 1.6827896695266906
nR: 4.445942454353849
norm: 18.94029576054362
sigma: 145.0
sigmaL: 131.61684137010056
sigmaR: 73.11142931997287
widthL: 131.61684137010056
widthR: 73.11142931997287
x0: 1428.9283451499568
