alphaL: 1.1614858665989167
alphaR: 1.4238516184514385
event_sum: 2.4399699620394597
mean: 1438.5047503862693
nL: 0.5303377440928518
nR: 3.4301853965748275
norm: 2.4399699620394597
sigma: 145.0
sigmaL: 155.28120018848585
sigmaR: 77.37555063870927
widthL: 155.28120018848585
widthR: 77.37555063870927
x0: 1438.5047503862693
