alphaL: 1.1796312207869117
alphaR: 1.3668109681418577
event_sum: 2.0010975475227775
mean: 1427.4078242677729
nL: 1.121003673463228
nR: 2.8374482545058264
norm: 2.0010975475227775
sigma: 145.0
sigmaL: 137.45335369667504
sigmaR: 77.48501313631603
widthL: 137.45335369667504
widthR: 77.48501313631603
x0: 1427.4078242677729
