alphaL: 0.9291867523873675
alphaR: 2.044966013088316
event_sum: 34.96043443845832
fraction: 0.9889888346601969
mean: 1451.7897692611089
nL: 19.95528716548471
nR: 2.2535939729717613
norm: 34.747881922256525
sigma: 75.74238779877436
sigmaL: 54.19226880836642
sigmaR: 43.18545199735424
widthL: 54.19226880836642
widthR: 43.18545199735424
x0: 1451.7897692611089
