alphaL: 0.7949192816402224
alphaR: 1.2977900600651051
event_sum: 2.65703759726188
mean: 1442.2474048744425
nL: 1.094123542673732
nR: 3.982866286461113
norm: 2.65703759726188
sigma: 145.0
sigmaL: 130.33734468485156
sigmaR: 68.49594429213533
widthL: 130.33734468485156
widthR: 68.49594429213533
x0: 1442.2474048744425
