alphaL: 0.8583170878007936
alphaR: 1.318827978163346
event_sum: 27.100760171537743
fraction: 0.8744840510544667
mean: 1434.0692078875352
nL: 1.165757878546912
nR: 4.447763048201281
norm: 22.60382512418693
sigma: 145.0
sigmaL: 128.62077754598224
sigmaR: 75.31820044447643
widthL: 128.62077754598224
widthR: 75.31820044447643
x0: 1434.0692078875352
