alphaL: 1.153163083803405
alphaR: 1.3176378069024406
event_sum: 2.1073453156685815
mean: 1423.6859513751226
nL: 1.0010628269990445
nR: 3.5742703294693245
norm: 2.1073453156685815
sigma: 145.0
sigmaL: 129.01904534464376
sigmaR: 79.20653992412711
widthL: 129.01904534464376
widthR: 79.20653992412711
x0: 1423.6859513751226
