alphaL: 1.4821393724124705
alphaR: 2.0952881021388547
event_sum: 27.17064851638861
mean: 1403.4683934089437
nL: 4.499931231391461
nR: 3.8932292881999415
norm: 27.17064851638861
sigma: 68.31387402958303
sigmaL: 63.139893130281706
sigmaR: 37.8717278988814
widthL: 63.139893130281706
widthR: 37.8717278988814
x0: 1403.4683934089437
