alphaL: 1.6252238648025656
alphaR: 2.1031163969876725
event_sum: 0.7886293610426947
mean: 1406.2933325563044
nL: 4.11467226849959
nR: 3.049279595157586
norm: 0.7886293610426947
sigma: 72.87952980850713
sigmaL: 73.22210887129717
sigmaR: 34.31584042167807
widthL: 73.22210887129717
widthR: 34.31584042167807
x0: 1406.2933325563044
