alphaL: 1.7588604030934731
alphaR: 2.0723956753139596
event_sum: 16.449629101203755
mean: 1404.6357397015097
nL: 4.487519669932694
nR: 4.318298168894813
norm: 16.449629101203755
sigma: 67.99924493620149
sigmaL: 75.48930021959083
sigmaR: 34.51551328131028
widthL: 75.48930021959083
widthR: 34.51551328131028
x0: 1404.6357397015097
