alphaL: 1.6343413826810453
alphaR: 2.160682095964658
event_sum: 16.429347186814994
mean: 1403.6496552178805
nL: 3.988833245961581
nR: 3.6744808216581317
norm: 16.429347186814994
sigma: 68.31387402958303
sigmaL: 73.16164331103579
sigmaR: 35.08379772654988
widthL: 73.16164331103579
widthR: 35.08379772654988
x0: 1403.6496552178805
