alphaL: 1.5951387466333211
alphaR: 2.1709720854633248
event_sum: 16.429347186814994
mean: 1403.502192499889
nL: 4.476003593019473
nR: 3.6943529491267912
norm: 16.429347186814994
sigma: 68.31387402958303
sigmaL: 72.8981729345508
sigmaR: 35.169831195607905
widthL: 72.8981729345508
widthR: 35.169831195607905
x0: 1403.502192499889
