alphaL: 1.3005218467104733
alphaR: 2.199659755847288
event_sum: 27.05716256890446
mean: 1401.2898914254508
nL: 4.999901571718132
nR: 3.3083933779416146
norm: 27.05716256890446
sigma: 68.31387402958303
sigmaL: 58.88667077995508
sigmaR: 38.971549487063804
widthL: 58.88667077995508
widthR: 38.971549487063804
x0: 1401.2898914254508
