alphaL: 1.577756958325571
alphaR: 2.39623211730455
event_sum: 0.7904646107635926
mean: 1403.6489404351296
nL: 3.655271532735085
nR: 2.139473714432081
norm: 0.7904646107635926
sigma: 72.85073039836153
sigmaL: 69.49898499433381
sigmaR: 36.597561889984725
widthL: 69.49898499433381
widthR: 36.597561889984725
x0: 1403.6489404351296
