alphaL: 1.320633911478431
alphaR: 2.054878438902897
event_sum: 0.9692280322196893
mean: 1398.1214564083966
nL: 3.6522778906798297
nR: 3.971982278868892
norm: 0.9692280322196893
sigma: 72.87952980850713
sigmaL: 57.096349642117524
sigmaR: 44.19935843433414
widthL: 57.096349642117524
widthR: 44.19935843433414
x0: 1398.1214564083966
