alphaL: 1.595712177660482
alphaR: 2.1715872481485827
event_sum: 16.429347186814994
mean: 1403.5072712560598
nL: 4.473532962558022
nR: 3.672832976777239
norm: 16.429347186814994
sigma: 68.31387402958303
sigmaL: 72.90168966773949
sigmaR: 35.16567242139372
widthL: 72.90168966773949
widthR: 35.16567242139372
x0: 1403.5072712560598
