alphaL: 1.0973324586779039
alphaR: 2.048208360945392
event_sum: 9.646501479437575
fraction: 0.9976124242377525
mean: 1400.3641294600332
nL: 9.79579682577438
nR: 2.4392034820529895
norm: 9.639461691607721
sigma: 72.6484527195339
sigmaL: 56.19558197521383
sigmaR: 41.29018318691206
widthL: 56.19558197521383
widthR: 41.29018318691206
x0: 1400.3641294600332
