alphaL: 0.900218597897843
alphaR: 1.2848914616289902
event_sum: 5.334876926383004
mean: 1368.1926524024634
nL: 2.6755713784274597
nR: 4.416223709328744
norm: 5.334876926383004
sigma: 250.6343867133972
sigmaL: 116.10697607670308
sigmaR: 77.60199347469683
widthL: 116.10697607670308
widthR: 77.60199347469683
x0: 1368.1926524024634
