alphaL: 1.2601016873122133
alphaR: 2.175075835507385
event_sum: 25.895105166127905
fraction: 0.9990493872813994
mean: 1401.7240759003976
nL: 9.9341268336874
nR: 3.135182570326957
norm: 25.877558431355283
sigma: 68.11271659622108
sigmaL: 59.692563350709236
sigmaR: 38.630348307689225
widthL: 59.692563350709236
widthR: 38.630348307689225
x0: 1401.7240759003976
