alphaL: 0.8339226674081393
alphaR: 1.2158712863877652
event_sum: 7.505600276403129
mean: 1380.9227032738822
nL: 1.4269011776742948
nR: 4.498228563177637
norm: 7.505600276403129
sigma: 250.6343867133972
sigmaL: 119.5555344605095
sigmaR: 70.24828346350202
widthL: 119.5555344605095
widthR: 70.24828346350202
x0: 1380.9227032738822
