alphaL: 1.6260703583043288
alphaR: 2.1133623821968106
event_sum: 0.7886293610426947
mean: 1406.138813467902
nL: 4.103904620638475
nR: 2.991001035138271
norm: 0.7886293610426947
sigma: 72.87952980850713
sigmaL: 73.18996062650551
sigmaR: 34.415078691357465
widthL: 73.18996062650551
widthR: 34.415078691357465
x0: 1406.138813467902
