alphaL: 1.503910893111435
alphaR: 2.1276286734814978
event_sum: 27.17064851638861
mean: 1403.412908339014
nL: 3.999973503496663
nR: 3.3931872277336947
norm: 27.17064851638861
sigma: 68.31387402958303
sigmaL: 63.13373278677238
sigmaR: 37.86901710311237
widthL: 63.13373278677238
widthR: 37.86901710311237
x0: 1403.412908339014
