alphaL: 1.3641988590056378
alphaR: 2.33948667206059
event_sum: 7.846605475409888
fraction: 0.998315144278146
mean: 1403.3144934319328
nL: 9.886501633186686
nR: 2.0696299745449904
norm: 7.840547840110958
sigma: 72.6484527195339
sigmaL: 67.8436678100209
sigmaR: 35.74449505384407
widthL: 67.8436678100209
widthR: 35.74449505384407
x0: 1403.3144934319328
