alphaL: 1.523963460605172
alphaR: 2.1971420743371377
event_sum: 15.636786273214966
fraction: 0.999147128714448
mean: 1404.36973561536
nL: 9.89373821755886
nR: 3.4202712653323863
norm: 15.63438453222625
sigma: 68.11271659622108
sigmaL: 73.82473146645218
sigmaR: 34.87267639218
widthL: 73.82473146645218
widthR: 34.87267639218
x0: 1404.36973561536
