alphaL: 1.4657676014759002
alphaR: 2.010249424767904
event_sum: 0.9697816863335902
mean: 1403.9871318718517
nL: 3.184384670179735
nR: 2.3296797892965317
norm: 0.9697816863335902
sigma: 72.85073039836153
sigmaL: 64.3313638874856
sigmaR: 39.83710430843753
widthL: 64.3313638874856
widthR: 39.83710430843753
x0: 1403.9871318718517
