alphaL: 1.4102904271983496
alphaR: 2.1432580651545505
event_sum: 0.7862106992615736
mean: 1404.7652641486613
nL: 4.952791547265267
nR: 3.1497085571470715
norm: 0.7862106992615736
sigma: 72.87952980850713
sigmaL: 69.3848516491735
sigmaR: 35.268004353221
widthL: 69.3848516491735
widthR: 35.268004353221
x0: 1404.7652641486613
