alphaL: 1.616445309652709
alphaR: 2.0763904855503825
event_sum: 27.22088697971776
mean: 1405.0782632757819
nL: 4.499676918988936
nR: 3.2903449366231414
norm: 27.22088697971776
sigma: 67.99924493620149
sigmaL: 66.17509093470923
sigmaR: 36.896797450288105
widthL: 66.17509093470923
widthR: 36.896797450288105
x0: 1405.0782632757819
