alphaL: 1.6245433143009602
alphaR: 2.0015320906362986
event_sum: 0.9657898813748034
mean: 1405.8343512855943
nL: 1.83580523673695
nR: 1.9828209479853063
norm: 0.9657898813748034
sigma: 72.87952980850713
sigmaL: 65.25401410290401
sigmaR: 37.59537351836825
widthL: 65.25401410290401
widthR: 37.59537351836825
x0: 1405.8343512855943
