alphaL: 1.4807311085444557
alphaR: 2.0897941001220794
event_sum: 27.17064851638861
mean: 1403.4426139373154
nL: 4.499999525498143
nR: 3.891730703775915
norm: 27.17064851638861
sigma: 68.31387402958303
sigmaL: 63.04348573199604
sigmaR: 37.823253950162666
widthL: 63.04348573199604
widthR: 37.823253950162666
x0: 1403.4426139373154
