alphaL: 1.543683377972015
alphaR: 2.2170592239940308
event_sum: 16.348886406514794
mean: 1403.1859518871838
nL: 3.9549608677769634
nR: 3.6219128254351043
norm: 16.348886406514794
sigma: 68.31387402958303
sigmaL: 72.10915272363634
sigmaR: 35.371057525429755
widthL: 72.10915272363634
widthR: 35.371057525429755
x0: 1403.1859518871838
