alphaL: 1.2522487187371387
alphaR: 1.7836058362756222
event_sum: 0.9692280322196893
mean: 1399.76809432346
nL: 3.987851718022653
nR: 4.356980203352591
norm: 0.9692280322196893
sigma: 72.87952980850713
sigmaL: 56.43859202166656
sigmaR: 41.80789212343248
widthL: 56.43859202166656
widthR: 41.80789212343248
x0: 1399.76809432346
