alphaL: 0.5098029986263195
alphaR: 1.1119097656966412
event_sum: 0.5027874112041752
mean: 3123.438886241606
nL: 0.9972640471172032
nR: 2.576156986430728
norm: 0.5027874112041752
sigma: 310.0
sigmaL: 489.2150861594201
sigmaR: 83.82248802150315
widthL: 489.2150861594201
widthR: 83.82248802150315
x0: 3123.438886241606
