alphaL: 0.12520820647245096
alphaR: 1.2187125711555862
event_sum: 0.33624755957362173
mean: 3125.346395338042
nL: 0.9999629118871781
nR: 3.2563041843476803
norm: 0.33624755957362173
sigma: 310.0
sigmaL: 736.4808192659636
sigmaR: 95.09685055366081
widthL: 736.4808192659636
widthR: 95.09685055366081
x0: 3125.346395338042
