alphaL: 0.47176012219258756
alphaR: 0.8796564480827683
event_sum: 14.82839255079283
fraction: 0.6015837334334965
mean: 3085.6467572386714
nL: 0.4
nR: 3.913467405502258
norm: 2.1430823824767717
sigma: 310.0
sigmaL: 267.8077419778712
sigmaR: 97.12106989222066
widthL: 267.8077419778712
widthR: 97.12106989222066
x0: 3085.6467572386714
