alphaL: 0.9208252240605911
alphaR: 1.2063702735013482
event_sum: 11.105023050023739
fraction: 0.6776347855952174
mean: 3050.0932678791414
nL: 0.43466670705886146
nR: 4.2977288088865775
norm: 3.773182449258258
sigma: 310.0
sigmaL: 329.1125301737368
sigmaR: 127.11306989025488
widthL: 329.1125301737368
widthR: 127.11306989025488
x0: 3050.0932678791414
