alphaL: 1.0854531895636892
alphaR: 1.5132857045289572
event_sum: 0.42901214094742796
mean: 3051.6164039596974
nL: 0.13595278701048877
nR: 1.9560326489977315
norm: 0.42901214094742796
sigma: 310.0
sigmaL: 348.07190034744633
sigmaR: 136.76675848145
widthL: 348.07190034744633
widthR: 136.76675848145
x0: 3051.6164039596974
