alphaL: 0.7679572574099621
alphaR: 0.01921323152904412
event_sum: 0.2550076924658813
mean: 3167.049031987665
nL: 0.1
nR: 2.5453415624004676
norm: 0.2550076924658813
sigma: 310.0
sigmaL: 318.67364648808643
sigmaR: 5.0
widthL: 318.67364648808643
widthR: 5.0
x0: 3167.049031987665
