alphaL: 0.9030685116029814
alphaR: 2.1908836179679354
event_sum: 3.590068554064847
mean: 3291.3153017585
nL: 27.817777868238444
nR: 3.1277801109334833
norm_2016: 0.925361162256287
norm_2017: 1.2546791945855846
norm_2018: 1.6711077558221517
norm_Run2: 3.590068554064847
sigma: 146.79103598753613
sigmaL: 110.61497532255275
sigmaR: 74.63179753120733
widthL: 110.61497532255275
widthR: 74.63179753120733
x0: 3291.3153017585
