alphaL: 0.775784674681861
alphaR: 1.208887153519161
event_sum: 1.7205941891254712
mean: 3253.0680591561427
nL: 0.10000592254378667
nR: 6.4853220430111485
norm_2016: 0.5217095783543267
norm_2017: 0.5330638135185521
norm_2018: 0.6919989496300586
norm_Run2: 1.7205941891254712
sigma: 330.0
sigmaL: 338.9174112901576
sigmaR: 136.70999526268554
widthL: 338.9174112901576
widthR: 136.70999526268554
x0: 3253.0680591561427
