alphaL: 0.8526834595226653
alphaR: 1.8668475421383417
event_sum: 4.472012198978003
mean: 3250.290170019115
nL: 1.2316367507807469
nR: 2.053330601457298
norm_2016: 0.8583066805853102
norm_2017: 1.4167609561751175
norm_2018: 2.2617230396502586
norm_Run2: 4.472012198978003
sigma: 184.8
sigmaL: 184.25510474003406
sigmaR: 133.34194943814308
widthL: 184.25510474003406
widthR: 133.34194943814308
x0: 3250.290170019115
