alphaL: 0.5939306471089273
alphaR: 2.09948406565314
event_sum: 48.889241681784355
mean: 3289.0688184702467
nL: 130.29833039602664
nR: 1.7957374814918023
norm_2016: 11.448959794540135
norm_2017: 15.742902609543773
norm_2018: 22.97504402065783
norm_Run2: 48.889241681784355
sigma: 291.35071799965135
sigmaL: 83.48829531843857
sigmaR: 78.54067494079067
widthL: 83.48829531843857
widthR: 78.54067494079067
x0: 3289.0688184702467
