alphaL: 0.9706890344662719
alphaR: 1.3771620472426824
event_sum: 2.9573517874214468
mean: 3250.313300490492
nL: 0.16961952553788967
nR: 3.6913509227946326
norm_2016: 0.8083267969508863
norm_2017: 1.0259312547222534
norm_2018: 1.1497436113818813
norm_Run2: 2.9573517874214468
sigma: 330.0
sigmaL: 392.8377000061895
sigmaR: 138.79863367578628
widthL: 392.8377000061895
widthR: 138.79863367578628
x0: 3250.313300490492
