alphaL: 1.1683373723416581
alphaR: 2.641838545311516
event_sum: 81.88352209383315
mean: 952.2573699878321
nL: 99.14401088725708
nR: 3.897688346166915
norm_2016: 21.346582984585385
norm_2017: 26.16332722769369
norm_2018: 38.73461335917023
norm_Run2: 81.88352209383315
sigma: 47.715023693354794
sigmaL: 47.24450996260266
sigmaR: 29.894039242172134
widthL: 47.24450996260266
widthR: 29.894039242172134
x0: 952.2573699878321
