alphaL: 0.9481924144887275
alphaR: 1.5274964953113168
event_sum: 32.194096206136265
mean: 942.6641974896404
nL: 4.29548316685282
nR: 4.204448369682182
norm_2016: 8.670142646296634
norm_2017: 9.968642680689092
norm_2018: 14.092793568435091
norm_Run2: 32.194096206136265
sigma: 53.2
sigmaL: 57.001857235359154
sigmaR: 49.41817002999332
widthL: 57.001857235359154
widthR: 49.41817002999332
x0: 942.6641974896404
