alphaL: 0.8984965271780812
alphaR: 1.4123891123913463
event_sum: 29.90897421719124
mean: 938.6228005110122
nL: 4.684717770540869
nR: 4.231077618418554
norm_2016: 8.127267133490767
norm_2017: 9.404378580167634
norm_2018: 12.860197832924465
norm_Run2: 29.90897421719124
sigma: 95.0
sigmaL: 80.66092763379885
sigmaR: 58.43524879380053
widthL: 80.66092763379885
widthR: 58.43524879380053
x0: 938.6228005110122
