alphaL: 1.0741499833710166
alphaR: 2.792224225763404
event_sum: 19.45771217872976
mean: 952.5653078991877
nL: 95.73163367454028
nR: 1.9299425823355163
norm_2016: 4.97455299078919
norm_2017: 6.054113047720104
norm_2018: 8.798659272908472
norm_Run2: 19.45771217872976
sigma: 49.171747568489735
sigmaL: 44.72799346340714
sigmaR: 29.538365403566143
widthL: 44.72799346340714
widthR: 29.538365403566143
x0: 952.5653078991877
