alphaL: 0.866889755422885
alphaR: 2.244418946375485
event_sum: 15.9678342572588
mean: 2395.6133932332255
nL: 136.5521826342902
nR: 2.4911194350748755
norm_2016: 4.168920673313551
norm_2017: 5.424591016635532
norm_2018: 7.7454326243605465
norm_Run2: 15.9678342572588
sigma: 110.69624305029808
sigmaL: 84.12725071391652
sigmaR: 56.748447316394945
widthL: 84.12725071391652
widthR: 56.748447316394945
x0: 2395.6133932332255
