alphaL: 1.1477995482578647
alphaR: 1.0395831627932062
event_sum: 9.786635652650148
mean: 2361.106675307598
nL: 0.4015712306274418
nR: 9.979234007928172
norm_2016: 2.2521652893628925
norm_2017: 3.2146998296957463
norm_2018: 4.463982754852623
norm_Run2: 9.786635652650148
sigma: 240.0
sigmaL: 260.53273103055005
sigmaR: 112.37721353801567
widthL: 260.53273103055005
widthR: 112.37721353801567
x0: 2361.106675307598
