alphaL: 1.0767583358391966
alphaR: 0.7562516123791596
event_sum: 0.665470948501048
mean: 2487.6403495963045
nL: 0.1
nR: 2.994270274111394
norm: 0.665470948501048
sigma: 250.0
sigmaL: 301.72896883092517
sigmaR: 68.25688787063727
widthL: 301.72896883092517
widthR: 68.25688787063727
x0: 2487.6403495963045
