alphaL: 0.7281476789146956
alphaR: 2.088620526886249
event_sum: 45.66995618355221
fraction: 0.9888407911792887
mean: 2495.8545900285426
nL: 93.97413089471243
nR: 1.8311154411193993
norm: 45.26264722040802
sigma: 148.85952156132475
sigmaL: 77.9725636816449
sigmaR: 61.37159189638795
widthL: 77.9725636816449
widthR: 61.37159189638795
x0: 2495.8545900285426
