alphaL: 0.8299983217799027
alphaR: 1.1758158585371705
event_sum: 16.585783982283605
fraction: 0.6817062231995612
mean: 2455.4317233270835
nL: 0.4
nR: 4.498496837549306
norm: 5.600129252585702
sigma: 250.0
sigmaL: 243.78270114307279
sigmaR: 115.94929484831235
widthL: 243.78270114307279
widthR: 115.94929484831235
x0: 2455.4317233270835
