alphaL: 0.34234883750104284
alphaR: 0.6716175846079551
event_sum: 0.8088205357366751
mean: 2540.648612345141
nL: 0.9999574862689966
nR: 3.4772954580322564
norm: 0.8088205357366751
sigma: 250.0
sigmaL: 436.2756907255543
sigmaR: 53.74776532098701
widthL: 436.2756907255543
widthR: 53.74776532098701
x0: 2540.648612345141
