alphaL: 0.6083855613573598
alphaR: 1.0619113883125593
event_sum: 1.0916498231587195
mean: 2477.2229352316217
nL: 1.0061170411438216
nR: 3.900987644141521
norm: 1.0916498231587195
sigma: 250.0
sigmaL: 240.1551994830211
sigmaR: 101.01504280492547
widthL: 240.1551994830211
widthR: 101.01504280492547
x0: 2477.2229352316217
