alphaL: 1.0778254132869711
alphaR: 1.2034003896940695
event_sum: 14.848081994165947
fraction: 0.7452344630998645
mean: 2464.0693324302924
nL: 0.47972961346063747
nR: 4.384560514826389
norm: 8.433651222132388
sigma: 250.0
sigmaL: 271.29859644835784
sigmaR: 116.23640236381983
widthL: 271.29859644835784
widthR: 116.23640236381983
x0: 2464.0693324302924
