alphaL: 1.3165373944401568
alphaR: 1.4866040552106043
event_sum: 0.9683725544912358
mean: 2448.337570021663
nL: 0.11478930226014893
nR: 2.786590652670417
norm: 0.9683725544912358
sigma: 250.0
sigmaL: 275.4455399545636
sigmaR: 134.24312464091955
widthL: 275.4455399545636
widthR: 134.24312464091955
x0: 2448.337570021663
