alphaL: 0.10000397435321771
alphaR: 1.6028753641888165
event_sum: 3.7001530273118988
mean: 691.8247040310869
nL: 2.9127476945809176
nR: 2.869935472624139
norm: 3.7001530273118988
sigma: 39.2
sigmaL: 10.21904245155004
sigmaR: 38.54977432823902
widthL: 10.21904245155004
widthR: 38.54977432823902
x0: 691.8247040310869
