alphaL: 0.7641104710863601
alphaR: 1.3935440837724788
event_sum: 21.329831435898086
fraction: 0.9940242448904091
mean: 699.0716513284514
nL: 1.2452447576778227
nR: 5.550201252099753
norm: 9.276308901025914
sigma: 39.2
sigmaL: 40.984634432528395
sigmaR: 37.73377254275639
widthL: 40.984634432528395
widthR: 37.73377254275639
x0: 699.0716513284514
