alphaL: 0.5608742110753672
alphaR: 1.0
event_sum: 0.4053814797080122
mean: 825.7284028976339
nL: 1.3835694756681158
nR: 0.2001717461207433
norm: 0.4053814797080122
sigma: 46.681442075630585
sigmaL: 17.8974500750562
sigmaR: 233.36617554181288
widthL: 17.8974500750562
widthR: 233.36617554181288
x0: 825.7284028976339
