alphaL: 0.4021995775188921
alphaR: 1.3714503625993353
event_sum: 0.9274315582806594
mean: 695.1218344742498
nL: 2.882056000193229
nR: 2.419329525618599
norm: 0.9274315582806594
sigma: 39.2
sigmaL: 32.262501003997244
sigmaR: 37.63262677944748
widthL: 32.262501003997244
widthR: 37.63262677944748
x0: 695.1218344742498
