alphaL: 0.40342354774734657
alphaR: 1.5600380583862588
event_sum: 0.9274315582806594
mean: 694.4545464076888
nL: 4.146753070205353
nR: 3.847253115081713
norm: 0.9274315582806594
sigma: 39.2
sigmaL: 27.909617001432856
sigmaR: 39.9466594578941
widthL: 27.909617001432856
widthR: 39.9466594578941
x0: 694.4545464076888
