alphaL: 0.10040531910080992
alphaR: 1.558011669747252
event_sum: 9.366718676756136
mean: 696.6973408385013
nL: 4.397565467795814
nR: 3.947686975008449
norm: 9.366718676756136
sigma: 39.2
sigmaL: 10.004829582728961
sigmaR: 38.89014693586167
widthL: 10.004829582728961
widthR: 38.89014693586167
x0: 696.6973408385013
