alphaL: 0.40162050771623126
alphaR: 1.2730555827613552
event_sum: 3.7001530273118988
fraction: 0.987757487885644
mean: 701.8411043972626
nL: 0.4000484112881075
nR: 2.9807160557267234
norm: 3.6695732502266765
sigma: 39.2
sigmaL: 38.756665059167574
sigmaR: 29.505735050810117
widthL: 38.756665059167574
widthR: 29.505735050810117
x0: 701.8411043972626
