alphaL: 0.10023347114564383
alphaR: 1.2963237289493184
event_sum: 0.36576076508208644
mean: 701.613048050813
nL: 1.0024719802610196
nR: 2.9772288629716153
norm: 0.36576076508208644
sigma: 39.2
sigmaL: 26.887781310017047
sigmaR: 29.926857497637407
widthL: 26.887781310017047
widthR: 29.926857497637407
x0: 701.613048050813
