alphaL: 0.7123911747885884
alphaR: 0.4993877869475398
event_sum: 0.2110004618880339
mean: 809.4433385661519
nL: 1.2042347394947586
nR: 0.20009901709496594
norm: 0.2110004618880339
sigma: 46.681442075630585
sigmaL: 15.179148713853671
sigmaR: 87.86529088297937
widthL: 15.179148713853671
widthR: 87.86529088297937
x0: 809.4433385661519
