alphaL: 0.054355874318943606
alphaR: 1.6592954873125036
event_sum: 0.36343404265790014
mean: 692.6260763070372
nL: 3.09868105436144
nR: 1.9298343164642537
norm: 0.36343404265790014
sigma: 39.2
sigmaL: 5.223162593054271
sigmaR: 37.47923432372492
widthL: 5.223162593054271
widthR: 37.47923432372492
x0: 692.6260763070372
