alphaL: 2.223874166532102
alphaR: 1.62474215937621
event_sum: 0.9226451578651904
mean: 703.7574820039429
nL: 2.903344148364571
nR: 1.774570213032077
norm: 0.9226451578651904
sigma: 39.2
sigmaL: 53.82070173509722
sigmaR: 35.392866490785906
widthL: 53.82070173509722
widthR: 35.392866490785906
x0: 703.7574820039429
