alphaL: 0.1002330131337757
alphaR: 1.296555821933878
event_sum: 0.36576076508208644
mean: 701.6203274610531
nL: 1.0024662943469274
nR: 2.9779342412961545
norm: 0.36576076508208644
sigma: 39.2
sigmaL: 26.90043289428288
sigmaR: 29.93101221721347
widthL: 26.90043289428288
widthR: 29.93101221721347
x0: 701.6203274610531
