alphaL: 0.5858837558667244
alphaR: 1.5554029074186457
event_sum: 9.366718676756136
fraction: 0.9949430694094668
mean: 696.0021695467892
nL: 7.698786839699449
nR: 4.133209512407608
norm: 9.302900011534803
sigma: 39.2
sigmaL: 36.73684600017013
sigmaR: 39.58500240458043
widthL: 36.73684600017013
widthR: 39.58500240458043
x0: 696.0021695467892
