alphaL: 0.9870816813248892
alphaR: 2.2470993847531586
event_sum: 35.43018959189067
mean: 904.1920420730235
nL: 129.63108090474373
nR: 3.124120568239987
norm_2016: 9.628143037843984
norm_2017: 11.024461777415127
norm_2018: 15.424173650681041
norm_Run2: 35.43018959189067
sigma: 46.710164012732626
sigmaL: 38.12477183125309
sigmaR: 30.861289064434484
widthL: 38.12477183125309
widthR: 30.861289064434484
x0: 904.1920420730235
