alphaL: 1.177620866833069
alphaR: 2.132518644785865
event_sum: 3.695051062897413
fraction: 0.9992823588198003
mean: 2636.1350662075483
nL: 10.0
nR: 3.0356071792208312
norm: 3.694565394134416
sigma: 116.608572609615
sigmaL: 97.02758371245015
sigmaR: 68.52463171596821
widthL: 97.02758371245015
widthR: 68.52463171596821
x0: 2636.1350662075483
