alphaL: 1.1344795014861369
alphaR: 1.9752804155987662
event_sum: 5.370698323892034
fraction: 0.9990674250482554
mean: 2639.7465254864396
nL: 9.814875844889794
nR: 3.9493350010375603
norm: 5.370689869402149
sigma: 116.608572609615
sigmaL: 100.20857034504174
sigmaR: 59.00034453267726
widthL: 100.20857034504174
widthR: 59.00034453267726
x0: 2639.7465254864396
