alphaL: 1.126976362537869
alphaR: 1.6204865802953765
event_sum: 11.622805361671155
fraction: 0.9984084580869895
mean: 2651.024641087056
nL: 10.0
nR: 3.294258394088552
norm: 11.557252790897632
sigma: 165.98628285338225
sigmaL: 107.35773984693998
sigmaR: 65.72553272137647
widthL: 107.35773984693998
widthR: 65.72553272137647
x0: 2651.024641087056
