alphaL: 1.514971329600861
alphaR: 1.95517431201142
event_sum: 2.17346195346949
mean: 2655.657085731548
nL: 4.491945366995744
nR: 1.728465937244612
norm: 2.17346195346949
sigma: 168.02310952706978
sigmaL: 125.21913480334311
sigmaR: 57.69006050455318
widthL: 125.21913480334311
widthR: 57.69006050455318
x0: 2655.657085731548
