alphaL: 1.163997688532458
alphaR: 1.9672705345866675
event_sum: 5.324485226865963
mean: 2639.9210396215144
nL: 4.880627986738524
nR: 4.019738022365358
norm: 5.324485226865963
sigma: 117.33563944139723
sigmaL: 99.63069638166009
sigmaR: 59.27232811458985
widthL: 99.63069638166009
widthR: 59.27232811458985
x0: 2639.9210396215144
