alphaL: 1.1472251246840148
alphaR: 2.07474445088536
event_sum: 3.6802907686243036
mean: 2635.230884128565
nL: 4.953702297551214
nR: 3.160915794886802
norm: 3.6802907686243036
sigma: 117.33563944139723
sigmaL: 93.32497937656439
sigmaR: 68.81407000336793
widthL: 93.32497937656439
widthR: 68.81407000336793
x0: 2635.230884128565
