alphaL: 1.3828285625656758
alphaR: 1.8072494118323827
event_sum: 3.694235671512019
mean: 2642.316394364345
nL: 4.480048288251577
nR: 4.279895821430456
norm: 3.694235671512019
sigma: 117.33563944139723
sigmaL: 105.255695100069
sigmaR: 64.23885062556923
widthL: 105.255695100069
widthR: 64.23885062556923
x0: 2642.316394364345
