alphaL: 1.1685535143504844
alphaR: 2.0005073238505946
event_sum: 21.78336018531302
fraction: 0.997461596186331
mean: 2650.0011149976335
nL: 9.998192018542156
nR: 1.797221153490763
norm: 21.73680857817013
sigma: 165.98628285338225
sigmaL: 110.90158754006424
sigmaR: 60.259837606971175
widthL: 110.90158754006424
widthR: 60.259837606971175
x0: 2650.0011149976335
