alphaL: 1.3287178134515043
alphaR: 1.7216133997186864
event_sum: 1.15577295207829
mean: 2646.2132098717516
nL: 4.117902245399789
nR: 3.1359594439280847
norm: 1.15577295207829
sigma: 168.02310952706978
sigmaL: 107.97083941037874
sigmaR: 69.74703658217256
widthL: 107.97083941037874
widthR: 69.74703658217256
x0: 2646.2132098717516
