alphaL: 1.3639186814466127
alphaR: 1.9141479284594813
event_sum: 5.348794942023364
mean: 2643.7977049364426
nL: 4.496323226106906
nR: 4.171639720525585
norm: 5.348794942023364
sigma: 117.33563944139723
sigmaL: 108.92179480778283
sigmaR: 57.522626796415025
widthL: 108.92179480778283
widthR: 57.522626796415025
x0: 2643.7977049364426
