alphaL: 1.4029425138388785
alphaR: 2.051243816036432
event_sum: 2.169094517848923
mean: 2651.428518407313
nL: 4.5109673698189106
nR: 1.616426317035592
norm: 2.169094517848923
sigma: 168.02310952706978
sigmaL: 118.04892462125571
sigmaR: 60.30156349780539
widthL: 118.04892462125571
widthR: 60.30156349780539
x0: 2651.428518407313
