alphaL: 1.2988258328324467
alphaR: 1.7492282154123855
event_sum: 1.154075484816418
mean: 2651.905386476562
nL: 4.482448870234551
nR: 2.837893426602747
norm: 1.154075484816418
sigma: 168.02310952706978
sigmaL: 111.5163381848577
sigmaR: 66.88670321448949
widthL: 111.5163381848577
widthR: 66.88670321448949
x0: 2651.905386476562
