alphaL: 0.923797302243662
alphaR: 1.0992893449794887
event_sum: 0.18591312159066556
mean: 3088.891459536012
nL: 1.0089067565281125
nR: 2.7527276407832346
norm: 0.18591312159066556
sigma: 173.6
sigmaL: 183.47313235769903
sigmaR: 90.46398905370191
widthL: 183.47313235769903
widthR: 90.46398905370191
x0: 3088.891459536012
