alphaL: 0.6071564645423617
alphaR: 1.572163559677773
event_sum: 4.139135248692902
fraction: 0.8615954540280074
mean: 3050.0
nL: 1.4401530658125608
nR: 4.395540873914727
norm: 1.9547828545003045
sigma: 173.6
sigmaL: 115.94128371915866
sigmaR: 142.87371257711698
widthL: 115.94128371915866
widthR: 142.87371257711698
x0: 3050.0
