alphaL: 1.0272137754361148
alphaR: 1.234793593028843
event_sum: 0.09606802708637581
mean: 3067.3073031126382
nL: 0.989389616805642
nR: 2.2905932497867947
norm: 0.09606802708637581
sigma: 173.6
sigmaL: 178.76497493378923
sigmaR: 92.33705552295675
widthL: 178.76497493378923
widthR: 92.33705552295675
x0: 3067.3073031126382
