alphaL: 1.1437659959229194
alphaR: 1.014173218882513
event_sum: 4.786339863538982
fraction: 0.7194438431979231
mean: 3060.570184973932
nL: 0.4008236370178549
nR: 4.5
norm: 1.0400014768300527
sigma: 173.6
sigmaL: 183.94235253982475
sigmaR: 103.64808448059821
widthL: 183.94235253982475
widthR: 103.64808448059821
x0: 3060.570184973932
