alphaL: 0.8563167867667771
alphaR: 0.7509549188694188
event_sum: 0.08681150463658932
mean: 3102.54077194945
nL: 0.3796912301167257
nR: 2.045004785640265
norm: 0.08681150463658932
sigma: 173.6
sigmaL: 173.32659917451204
sigmaR: 77.05983648814808
widthL: 173.32659917451204
widthR: 77.05983648814808
x0: 3102.54077194945
