alphaL: 0.407744073508459
alphaR: 1.648226114680205
event_sum: 0.17710142827923808
mean: 3012.9328393276683
nL: 2.9872028035754914
nR: 3.281313079959423
norm: 0.17710142827923808
sigma: 173.6
sigmaL: 94.16851463431875
sigmaR: 157.5813711934355
widthL: 94.16851463431875
widthR: 157.5813711934355
x0: 3012.9328393276683
