alphaL: 0.8318191291188947
alphaR: 2.3078763810518144
event_sum: 6.02173328439676
mean: 2991.177953815749
nL: 49.29035873068748
nR: 2.3730260343935603
norm_2016: 1.5390919080891763
norm_2017: 2.052208278008038
norm_2018: 2.9560349468083587
norm_Run2: 6.02173328439676
sigma: 135.33345866561928
sigmaL: 97.3912286331064
sigmaR: 69.7649245934485
widthL: 97.3912286331064
widthR: 69.7649245934485
x0: 2991.177953815749
