alphaL: 1.2978845819245608
alphaR: 2.4026847346717233
event_sum: 6.739188615497265
fraction: 0.9985838973204404
mean: 2257.259736971656
nL: 10.0
nR: 1.7679907101490082
norm: 6.7376362307158955
sigma: 103.22805521267945
sigmaL: 95.73813393642367
sigmaR: 52.72564921385834
widthL: 95.73813393642367
widthR: 52.72564921385834
x0: 2257.259736971656
