alphaL: 1.3562727236063714
alphaR: 2.080214337154218
event_sum: 1.3527382664056347
mean: 2262.1422101494986
nL: 4.419447036695636
nR: 1.8000984102609487
norm: 1.3527382664056347
sigma: 127.60441688508311
sigmaL: 95.53634751911555
sigmaR: 53.120365600034276
widthL: 95.53634751911555
widthR: 53.120365600034276
x0: 2262.1422101494986
