alphaL: 1.4572564685392126
alphaR: 2.39972937748337
event_sum: 6.724900096354812
mean: 2257.892098155569
nL: 4.484543869584374
nR: 1.648556745588699
norm: 6.724900096354812
sigma: 103.17812952595918
sigmaL: 97.28289804948014
sigmaR: 52.183829057006726
widthL: 97.28289804948014
widthR: 52.183829057006726
x0: 2257.892098155569
