alphaL: 1.3297992591263967
alphaR: 1.6866224514495691
event_sum: 0.9047417184735829
mean: 2267.719587498229
nL: 4.456435037171346
nR: 2.325845353823169
norm: 0.9047417184735829
sigma: 127.60441688508311
sigmaL: 98.13982993568435
sigmaR: 54.14223381566894
widthL: 98.13982993568435
widthR: 54.14223381566894
x0: 2267.719587498229
