alphaL: 1.318218072099175
alphaR: 2.322992401905929
event_sum: 6.690590034391071
mean: 2255.911719626099
nL: 4.935540778760221
nR: 2.3523101272050146
norm: 6.690590034391071
sigma: 103.17812952595918
sigmaL: 93.32673017075851
sigmaR: 53.2470096816662
widthL: 93.32673017075851
widthR: 53.2470096816662
x0: 2255.911719626099
