alphaL: 1.0899986595742417
alphaR: 1.6767560552171261
event_sum: 9.087491104999685
fraction: 0.9972556375985286
mean: 2265.7263941615975
nL: 10.0
nR: 2.6174370672447367
norm: 9.05538591456808
sigma: 127.65986814718906
sigmaL: 90.79418884314666
sigmaR: 54.61112123996016
widthL: 90.79418884314666
widthR: 54.61112123996016
x0: 2265.7263941615975
