alphaL: 0.9173610670561636
alphaR: 2.2969807525585906
event_sum: 19.847549001445707
fraction: 0.994420367639034
mean: 2244.6999747710342
nL: 122.4302507670967
nR: 2.417990210028988
norm: 6.7121275173873185
sigma: 103.47267982433024
sigmaL: 81.99816251612154
sigmaR: 55.23628237252572
widthL: 81.99816251612154
widthR: 55.23628237252572
x0: 2244.6999747710342
