alphaL: 1.0255503599177527
alphaR: 2.1104880376249935
event_sum: 13.551499700386557
fraction: 0.9970656052279212
mean: 2256.6966637177943
nL: 9.96329147756648
nR: 1.8386700023080162
norm: 13.537353883212102
sigma: 127.65986814718906
sigmaL: 82.41853142833725
sigmaR: 55.714816626660735
widthL: 82.41853142833725
widthR: 55.714816626660735
x0: 2256.6966637177943
