alphaL: 1.2871566692310255
alphaR: 2.0595738526336564
event_sum: 1.3497025107230975
mean: 2263.4303475812217
nL: 4.675873327514163
nR: 1.678258723616306
norm: 1.3497025107230975
sigma: 127.60441688508311
sigmaL: 95.71476702506752
sigmaR: 51.41144672599623
widthL: 95.71476702506752
widthR: 51.41144672599623
x0: 2263.4303475812217
