alphaL: 1.2442474937480874
alphaR: 2.0170877187297265
event_sum: 5.986188244006809
mean: 2255.235680304071
nL: 4.854231451637061
nR: 3.4581952165803855
norm: 5.986188244006809
sigma: 103.17812952595918
sigmaL: 84.53398045191014
sigmaR: 57.491005317168366
widthL: 84.53398045191014
widthR: 57.491005317168366
x0: 2255.235680304071
