alphaL: 1.4376343743569857
alphaR: 1.9101751074313662
event_sum: 6.002449328847999
mean: 2258.7798103533128
nL: 4.5077578094215465
nR: 3.9460229892561998
norm: 6.002449328847999
sigma: 103.17812952595918
sigmaL: 91.55437421751505
sigmaR: 55.30296290728009
widthL: 91.55437421751505
widthR: 55.30296290728009
x0: 2258.7798103533128
