alphaL: 1.1958459706877758
alphaR: 2.07096233532041
event_sum: 6.019649263217597
fraction: 0.9991347150648627
mean: 2255.1987908839715
nL: 9.784148686384162
nR: 3.0774245476699
norm: 6.017522279472736
sigma: 103.22805521267945
sigmaL: 85.5337418235219
sigmaR: 57.88240473664213
widthL: 85.5337418235219
widthR: 57.88240473664213
x0: 2255.1987908839715
