alphaL: 1.1957751426995653
alphaR: 1.7175957897102063
event_sum: 0.9018960652894926
mean: 2266.100556591718
nL: 3.832707242928175
nR: 2.392805142792572
norm: 0.9018960652894926
sigma: 127.60441688508311
sigmaL: 91.58644306730969
sigmaR: 54.61618075156984
widthL: 91.58644306730969
widthR: 54.61618075156984
x0: 2266.100556591718
