alphaL: 1.8315402967816476
alphaR: 2.0776544192305475
event_sum: 55.659775693906774
mean: 757.0094768883921
nL: 3.635613833570927
nR: 5.0
norm: 55.659775693906774
sigma: 37.58016767724209
sigmaL: 42.39641015955647
sigmaR: 24.09379241864545
widthL: 42.39641015955647
widthR: 24.09379241864545
x0: 757.0094768883921
