alphaL: 1.60216860922786
alphaR: 3.2152278003008505
event_sum: 16.979638347754697
mean: 753.6457584644212
nL: 4.882255408391198
nR: 3.110142554541438
norm: 16.979638347754697
sigma: 37.58016767724209
sigmaL: 44.51848677029839
sigmaR: 24.742437327475464
widthL: 44.51848677029839
widthR: 24.742437327475464
x0: 753.6457584644212
