alphaL: 1.701155167260508
alphaR: 2.1850523062044154
event_sum: 7.591093844980332
fraction: 0.9996722618533891
mean: 758.494670608026
nL: 9.211161291199138
nR: 3.184215141419623
norm: 7.590284355446156
sigma: 36.87798976477373
sigmaL: 41.35427895089109
sigmaR: 23.81266222330744
widthL: 41.35427895089109
widthR: 23.81266222330744
x0: 758.494670608026
