alphaL: 2.056767243941621
alphaR: 2.259125201345757
event_sum: 55.635055282223135
mean: 756.3049861700138
nL: 4.417286995074395
nR: 4.4680459765595435
norm: 55.635055282223135
sigma: 37.58016767724209
sigmaL: 41.84131099649477
sigmaR: 24.603161400214454
widthL: 41.84131099649477
widthR: 24.603161400214454
x0: 756.3049861700138
