alphaL: 2.289573201560532
alphaR: 2.4989046682040557
event_sum: 0.8200326582974087
mean: 756.6505174965145
nL: 2.1774481496413647
nR: 2.011621246194351
norm: 0.8200326582974087
sigma: 36.93143814471411
sigmaL: 41.63314633992047
sigmaR: 25.265320868414346
widthL: 41.63314633992047
widthR: 25.265320868414346
x0: 756.6505174965145
