alphaL: 1.5206421026706878
alphaR: 2.947074460636273
event_sum: 16.722728692185004
fraction: 0.9999793459928178
mean: 754.3348177598181
nL: 5.798756531348304
nR: 4.44829367366308
norm: 16.721842128592066
sigma: 37.507015870068926
sigmaL: 44.55292536412396
sigmaR: 24.213782287574453
widthL: 44.55292536412396
widthR: 24.213782287574453
x0: 754.3348177598181
