alphaL: 1.2231898683250735
alphaR: 2.770504798768185
event_sum: 3.0748889402057213
fraction: 0.9999599812984559
mean: 749.5434320267669
nL: 6.042244217790581
nR: 4.406586852412916
norm: 3.0744835756405355
sigma: 36.87798976477373
sigmaL: 36.51868490678089
sigmaR: 26.921378176980973
widthL: 36.51868490678089
widthR: 26.921378176980973
x0: 749.5434320267669
