alphaL: 1.5224622346263448
alphaR: 3.0994704796976382
event_sum: 16.965217293811364
mean: 753.6920683017156
nL: 4.33454981704519
nR: 4.449334171412275
norm: 16.965217293811364
sigma: 37.58016767724209
sigmaL: 44.14882605877943
sigmaR: 24.790094741762005
widthL: 44.14882605877943
widthR: 24.790094741762005
x0: 753.6920683017156
