alphaL: 1.5686004527003787
alphaR: 2.207535875619561
event_sum: 54.880965901030926
fraction: 0.9999602870855498
mean: 756.0895048317161
nL: 9.841804596821243
nR: 4.5
norm: 54.878312692925746
sigma: 37.507015870068926
sigmaL: 41.0644983227631
sigmaR: 24.714454173168843
widthL: 41.0644983227631
widthR: 24.714454173168843
x0: 756.0895048317161
