alphaL: 2.2174664916932914
alphaR: 2.0943868236527288
event_sum: 0.8202348966979115
mean: 757.002920428254
nL: 3.51830289672416
nR: 3.99943904753481
norm: 0.8202348966979115
sigma: 36.93143814471411
sigmaL: 40.57177775017671
sigmaR: 25.09892541232124
widthL: 40.57177775017671
widthR: 25.09892541232124
x0: 757.002920428254
