alphaL: 1.6384092401033004
alphaR: 2.3046912070417345
event_sum: 0.3354422456564431
mean: 753.2687446915398
nL: 1.766612007347039
nR: 2.173228029117323
norm: 0.3354422456564431
sigma: 36.93143814471411
sigmaL: 42.532919177925656
sigmaR: 24.60431358670044
widthL: 42.532919177925656
widthR: 24.60431358670044
x0: 753.2687446915398
