alphaL: 1.660664641394615
alphaR: 2.314905240450213
event_sum: 0.3352288156962786
mean: 752.1576339719151
nL: 3.838186737985207
nR: 3.8310087642298267
norm: 0.3352288156962786
sigma: 36.93143814471411
sigmaL: 38.59678795894362
sigmaR: 25.272397264829994
widthL: 38.59678795894362
widthR: 25.272397264829994
x0: 752.1576339719151
