alphaL: 1.1060031126149967
alphaR: 1.4318910776006657
event_sum: 31.092683419502148
mean: 848.5054070458525
nL: 21.914792353220804
nR: 4.431060592929374
norm_2016: 8.350798527215458
norm_2017: 9.630356841272633
norm_2018: 13.59496306256272
norm_Run2: 31.092683419502148
sigma: 47.6
sigmaL: 58.14908035628839
sigmaR: 42.17283335554761
widthL: 58.14908035628839
widthR: 42.17283335554761
x0: 848.5054070458525
