alphaL: 0.8231585927297692
alphaR: 1.4309962384990054
event_sum: 13.08496304534186
mean: 832.0233653076816
nL: 18.258856633685348
nR: 3.51851011037337
norm_2016: 3.354963927508634
norm_2017: 4.042300467591998
norm_2018: 5.902250750874388
norm_Run2: 13.08496304534186
sigma: 85.0
sigmaL: 61.95386505043761
sigmaR: 56.84514841058305
widthL: 61.95386505043761
widthR: 56.84514841058305
x0: 832.0233653076816
