alphaL: 1.1579043458477414
alphaR: 2.243443683489625
event_sum: 35.89367563981541
mean: 1097.0218289700376
nL: 4.965249555306723
nR: 4.911802559393385
norm: 35.89367563981541
sigma: 53.88585812619299
sigmaL: 47.96980891989986
sigmaR: 34.624329244490234
widthL: 47.96980891989986
widthR: 34.624329244490234
x0: 1097.0218289700376
