alphaL: 1.521057101853496
alphaR: 2.228912353308607
event_sum: 76.70869213681551
mean: 1100.6436189914934
nL: 5.0
nR: 4.526131698174404
norm: 76.70869213681551
sigma: 53.88585812619299
sigmaL: 52.531300295619936
sigmaR: 34.645739110240804
widthL: 52.531300295619936
widthR: 34.645739110240804
x0: 1100.6436189914934
