alphaL: 1.369045213040418
alphaR: 1.7314815669869783
event_sum: 15.967758417944431
fraction: 0.9991316998382597
mean: 1106.062937575177
nL: 10.0
nR: 4.419609669763077
norm: 15.961401230628885
sigma: 56.49746208669767
sigmaL: 53.85343756988735
sigmaR: 32.35800511900801
widthL: 53.85343756988735
widthR: 32.35800511900801
x0: 1106.062937575177
