alphaL: 1.3232473025317635
alphaR: 2.0118612362267183
event_sum: 10.793280534673977
fraction: 0.9989833409972131
mean: 1104.2775499075383
nL: 10.0
nR: 3.2219929211357368
norm: 10.793063964427516
sigma: 56.49746208669767
sigmaL: 54.58782739559861
sigmaR: 29.599836346923528
widthL: 54.58782739559861
widthR: 29.599836346923528
x0: 1104.2775499075383
