alphaL: 1.6731152969331757
alphaR: 2.1132990002548895
event_sum: 76.94258871944349
mean: 1101.869754210215
nL: 4.497565236094231
nR: 5.0
norm: 76.94258871944349
sigma: 53.88585812619299
sigmaL: 54.653609122685474
sigmaR: 33.950833341737386
widthL: 54.653609122685474
widthR: 33.950833341737386
x0: 1101.869754210215
