alphaL: 1.4924205965235615
alphaR: 2.5362375586589727
event_sum: 1.0745062022938485
mean: 1099.6892062993795
nL: 2.3953705676188153
nR: 2.7046240354146214
norm: 1.0745062022938485
sigma: 56.466254143170545
sigmaL: 50.797334962738134
sigmaR: 32.69939986903977
widthL: 50.797334962738134
widthR: 32.69939986903977
x0: 1099.6892062993795
