alphaL: 1.3253788741388195
alphaR: 2.30826603157594
event_sum: 36.03070616925505
mean: 1098.2213517772511
nL: 4.493219249742374
nR: 4.799900010852282
norm: 36.03070616925505
sigma: 53.88585812619299
sigmaL: 51.385825264237425
sigmaR: 34.10892539807307
widthL: 51.385825264237425
widthR: 34.10892539807307
x0: 1098.2213517772511
