alphaL: 0.9723836101666194
alphaR: 1.8625265756392433
event_sum: 36.47724703368137
fraction: 0.9933884628053116
mean: 1105.2005671806335
nL: 72.93098820671486
nR: 5.417133684383841
norm: 15.88644388548727
sigma: 57.050978364532675
sigmaL: 45.207167119107254
sigmaR: 34.106419840256265
widthL: 45.207167119107254
widthR: 34.106419840256265
x0: 1105.2005671806335
