alphaL: 1.5783012534389471
alphaR: 1.7468084709685094
event_sum: 1.5951710401094497
mean: 1107.257291989642
nL: 4.069879550535837
nR: 4.177778593967866
norm: 1.5951710401094497
sigma: 56.466254143170545
sigmaL: 56.23606701545783
sigmaR: 31.565629347674925
widthL: 56.23606701545783
widthR: 31.565629347674925
x0: 1107.257291989642
