alphaL: 1.1838102180824503
alphaR: 2.4139680212832197
event_sum: 36.06854384274917
fraction: 0.9995160483900772
mean: 1097.510916087203
nL: 9.909876577447925
nR: 4.031345652240375
norm: 36.06560393756839
sigma: 53.94957577460275
sigmaL: 49.66306602378129
sigmaR: 34.43118669045803
widthL: 49.66306602378129
widthR: 34.43118669045803
x0: 1097.510916087203
