alphaL: 1.46382902674065
alphaR: 1.9237699300739033
event_sum: 1.5900424235542596
mean: 1104.8214712856511
nL: 3.1428849723315215
nR: 2.9446853911860016
norm: 1.5900424235542596
sigma: 56.466254143170545
sigmaL: 53.003722614927355
sigmaR: 33.483356325903735
widthL: 53.003722614927355
widthR: 33.483356325903735
x0: 1104.8214712856511
