alphaL: 1.6065102254340036
alphaR: 2.041329460547122
event_sum: 1.0780077291932464
mean: 1106.8644492129047
nL: 4.539155873988498
nR: 2.5725972894447855
norm: 1.0780077291932464
sigma: 56.466254143170545
sigmaL: 58.6900603102567
sigmaR: 28.286347242315593
widthL: 58.6900603102567
widthR: 28.286347242315593
x0: 1106.8644492129047
