alphaL: 1.5084764217827746
alphaR: 2.1560320879627812
event_sum: 77.12092145432976
fraction: 0.9997472795738396
mean: 1101.0234881400834
nL: 10.0
nR: 4.5
norm: 77.1151338140482
sigma: 53.94957577460275
sigmaL: 53.43898881155724
sigmaR: 34.3634058473714
widthL: 53.43898881155724
widthR: 34.3634058473714
x0: 1101.0234881400834
