alphaL: 0.8487191722715512
alphaR: 2.444092859157996
event_sum: 33.11443299196119
fraction: 0.9850863243589673
mean: 1548.3490277507592
nL: 63.42254902816629
nR: 1.4600390380420833
norm: 8.39015500701654
sigma: 81.72780706591183
sigmaL: 55.973121535695306
sigmaR: 42.74279407100883
widthL: 55.973121535695306
widthR: 42.74279407100883
x0: 1548.3490277507592
