alphaL: 1.075008784589152
alphaR: 1.5600122090979878
event_sum: 0.6619614221610481
mean: 1532.4485345415117
nL: 1.5175790847524495
nR: 3.529042771959645
norm: 0.6619614221610481
sigma: 86.80000000000001
sigmaL: 103.04423092988611
sigmaR: 76.5654527878779
widthL: 103.04423092988611
widthR: 76.5654527878779
x0: 1532.4485345415117
