alphaL: 0.882669038314059
alphaR: 1.5668824662180216
event_sum: 0.5772150454986676
mean: 1529.8182452428787
nL: 4.446842858003102
nR: 2.9252672276377956
norm: 0.5772150454986676
sigma: 86.80000000000001
sigmaL: 94.7859764849499
sigmaR: 69.35988663196315
widthL: 94.7859764849499
widthR: 69.35988663196315
x0: 1529.8182452428787
