alphaL: 1.0283439460837636
alphaR: 1.5718490145440938
event_sum: 0.558556440009604
mean: 1533.6335624388778
nL: 2.6938851072322985
nR: 2.207650827078354
norm: 0.558556440009604
sigma: 86.80000000000001
sigmaL: 104.23139902819801
sigmaR: 66.88360016031699
widthL: 104.23139902819801
widthR: 66.88360016031699
x0: 1533.6335624388778
