alphaL: 0.993493320263422
alphaR: 1.5736906777653423
event_sum: 0.6341216466961876
mean: 1543.560315174769
nL: 2.5929880850873395
nR: 1.915943607428015
norm: 0.6341216466961876
sigma: 86.80000000000001
sigmaL: 111.75704236742901
sigmaR: 67.12416624213353
widthL: 111.75704236742901
widthR: 67.12416624213353
x0: 1543.560315174769
