alphaL: 1.2556530308902445
alphaR: 1.582112949665254
event_sum: 7.842504921304538
fraction: 0.9071973418170215
mean: 1531.5167205942857
nL: 0.7976655626136038
nR: 3.4269361583231612
norm: 6.8216541453313635
sigma: 86.80000000000001
sigmaL: 105.04408346355987
sigmaR: 77.16705687613576
widthL: 105.04408346355987
widthR: 77.16705687613576
x0: 1531.5167205942857
