alphaL: 1.0518203965657043
alphaR: 1.3058852629688493
event_sum: 6.376919417598603
fraction: 0.9537625604317702
mean: 1536.8379060001425
nL: 2.3311796082448284
nR: 4.085021534923078
norm: 5.8989528474690385
sigma: 86.80000000000001
sigmaL: 103.51054660599146
sigmaR: 61.89565059509497
widthL: 103.51054660599146
widthR: 61.89565059509497
x0: 1536.8379060001425
