alphaL: 1.4542169393880373
alphaR: 2.4926499890300335
event_sum: 13.99830943890382
mean: 1547.3266668336807
nL: 4.492388613198841
nR: 1.9437849534108524
norm: 13.99830943890382
sigma: 73.98233046134277
sigmaL: 69.5978923179546
sigmaR: 40.72688916482965
widthL: 69.5978923179546
widthR: 40.72688916482965
x0: 1547.3266668336807
