alphaL: 1.2306173478357358
alphaR: 2.363153006569049
event_sum: 20.561131193627165
mean: 1549.1025989146965
nL: 4.9335591345820236
nR: 2.000199238971808
norm: 20.561131193627165
sigma: 73.98233046134277
sigmaL: 61.77422322447266
sigmaR: 43.14203869662106
widthL: 61.77422322447266
widthR: 43.14203869662106
x0: 1549.1025989146965
