alphaL: 0.8943379006896551
alphaR: 2.348125512823114
event_sum: 70.28985938932385
fraction: 0.992553604408156
mean: 1547.7872267475093
nL: 132.66772076810452
nR: 2.3640277913344128
norm: 19.601956885146517
sigma: 73.98328649344951
sigmaL: 55.053092298515864
sigmaR: 45.82272823954196
widthL: 55.053092298515864
widthR: 45.82272823954196
x0: 1547.7872267475093
