alphaL: 1.2985277618535245
alphaR: 2.5070343899627323
event_sum: 13.327431896854288
fraction: 0.9983215753365232
mean: 1546.719745804621
nL: 9.83966079790976
nR: 2.0425509794135426
norm: 13.323503169857256
sigma: 73.94539048412854
sigmaL: 67.76120888808818
sigmaR: 40.637891046034845
widthL: 67.76120888808818
widthR: 40.637891046034845
x0: 1546.719745804621
