alphaL: 1.3818338589144863
alphaR: 2.2132047178182495
event_sum: 0.8481678688192038
mean: 1552.7379259608351
nL: 4.257229718336699
nR: 2.1169158816901086
norm: 0.8481678688192038
sigma: 83.62813730456139
sigmaL: 72.09361153497423
sigmaR: 39.229022676160916
widthL: 72.09361153497423
widthR: 39.229022676160916
x0: 1552.7379259608351
