alphaL: 1.1140933283299945
alphaR: 1.827848543022789
event_sum: 9.42632278527258
fraction: 0.9972868968102797
mean: 1554.8150632666793
nL: 9.95914143738324
nR: 2.4419860618126847
norm: 9.41377579237327
sigma: 83.64094656540952
sigmaL: 63.86671667919549
sigmaR: 39.63367346108757
widthL: 63.86671667919549
widthR: 39.63367346108757
x0: 1554.8150632666793
