alphaL: 1.187241536816857
alphaR: 2.2441734747368147
event_sum: 19.714591172949046
fraction: 0.9987227364094301
mean: 1548.7004189454426
nL: 9.984324131801074
nR: 2.554163247478846
norm: 19.7009120750408
sigma: 73.94539048412854
sigmaL: 61.79349605556885
sigmaR: 43.38760514263179
widthL: 61.79349605556885
widthR: 43.38760514263179
x0: 1548.7004189454426
