alphaL: 1.2895591534955282
alphaR: 2.5449954806166644
event_sum: 13.939688394329234
mean: 1545.5787076579145
nL: 4.592997663574101
nR: 1.8994714855891397
norm: 13.939688394329234
sigma: 73.98233046134277
sigmaL: 65.04516262185749
sigmaR: 41.41420106103467
widthL: 65.04516262185749
widthR: 41.41420106103467
x0: 1545.5787076579145
