alphaL: 2.7999815099229357
alphaR: 2.310337491658337
event_sum: 8.477130138342032
fraction: 0.9957287729750603
mean: 1567.2140185688281
nL: 9.208232808272111
nR: 1.3618168291279473
norm: 8.464591811711681
sigma: 83.64094656540952
sigmaL: 101.12565552673513
sigmaR: 32.418400870228844
widthL: 101.12565552673513
widthR: 32.418400870228844
x0: 1567.2140185688281
