alphaL: 1.4118682980471002
alphaR: 1.523188870501293
event_sum: 0.945557409987999
mean: 1558.205043945354
nL: 3.8306574834604143
nR: 3.812692230451399
norm: 0.945557409987999
sigma: 83.62813730456139
sigmaL: 71.04183091516276
sigmaR: 36.84230752731458
widthL: 71.04183091516276
widthR: 36.84230752731458
x0: 1558.205043945354
