alphaL: 1.3703969340428999
alphaR: 2.035882513058746
event_sum: 0.8510902963106298
mean: 1551.4916674134204
nL: 4.430767166468436
nR: 3.8581220085694836
norm: 0.8510902963106298
sigma: 83.62813730456139
sigmaL: 70.16430627492323
sigmaR: 40.340819494024124
widthL: 70.16430627492323
widthR: 40.340819494024124
x0: 1551.4916674134204
