alphaL: 1.3943106770015259
alphaR: 2.421477513972119
event_sum: 20.637605171610836
mean: 1550.758653591486
nL: 4.5018252907417295
nR: 1.875715612200879
norm: 20.637605171610836
sigma: 73.98233046134277
sigmaL: 65.61351284027721
sigmaR: 42.40079434377338
widthL: 65.61351284027721
widthR: 42.40079434377338
x0: 1550.758653591486
