alphaL: 1.4253190076260944
alphaR: 1.8990998782155595
event_sum: 0.942724184450597
mean: 1556.9339631490484
nL: 2.882588609933803
nR: 2.0036035544462436
norm: 0.942724184450597
sigma: 83.62813730456139
sigmaL: 69.93656187910928
sigmaR: 39.0672747535371
widthL: 69.93656187910928
widthR: 39.0672747535371
x0: 1556.9339631490484
