alphaL: 1.0727793736188314
alphaR: 1.4347547135821808
event_sum: 1.0046402577040647
mean: 3204.118685411199
nL: 4.665801702442775
nR: 2.794921139606834
norm: 1.0046402577040647
sigma: 247.36027291151595
sigmaL: 116.81535834338662
sigmaR: 65.15813565500224
widthL: 116.81535834338662
widthR: 65.15813565500224
x0: 3204.118685411199
