alphaL: 1.2718916168016488
alphaR: 2.107449093012565
event_sum: 1.3013376517316955
mean: 3192.733058969112
nL: 2.8487931737056043
nR: 1.9598763184205996
norm: 1.3013376517316955
sigma: 142.45401271537986
sigmaL: 113.21476840162737
sigmaR: 74.12370981180754
widthL: 113.21476840162737
widthR: 74.12370981180754
x0: 3192.733058969112
