alphaL: 0.860945977887594
alphaR: 1.6673273749880315
event_sum: 1.000126971656821
mean: 3183.6398788496977
nL: 4.666431112934308
nR: 2.9086487417337388
norm: 1.000126971656821
sigma: 247.36027291151595
sigmaL: 91.38513741303154
sigmaR: 79.42148418751347
widthL: 91.38513741303154
widthR: 79.42148418751347
x0: 3183.6398788496977
