alphaL: 0.9585100816579913
alphaR: 1.9737347617104914
event_sum: 2.7907115315682907
fraction: 0.993002180177462
mean: 3193.51476358699
nL: 14.733549417500534
nR: 3.0436572405106097
norm: 1.3124670002151304
sigma: 142.97184354689716
sigmaL: 106.03200762486938
sigmaR: 74.03525683849395
widthL: 106.03200762486938
widthR: 74.03525683849395
x0: 3193.51476358699
