alphaL: 0.8216977858718283
alphaR: 1.8699253895988546
event_sum: 22.979536779466546
fraction: 0.9991910801539884
mean: 3191.436245343475
nL: 9.998492653321915
nR: 2.330923826558319
norm: 22.91568423435472
sigma: 246.5950624365979
sigmaL: 98.01655126746444
sigmaR: 70.85170735985028
widthL: 98.01655126746444
widthR: 70.85170735985028
x0: 3191.436245343475
