alphaL: 1.2730968821226727
alphaR: 2.2769518143463614
event_sum: 2.0179596560446997
mean: 3197.6011506660457
nL: 4.63351251538926
nR: 2.8682613408769737
norm: 2.0179596560446997
sigma: 142.45401271537986
sigmaL: 129.4766934233542
sigmaR: 69.5332977853817
widthL: 129.4766934233542
widthR: 69.5332977853817
x0: 3197.6011506660457
