alphaL: 1.1413826177550306
alphaR: 1.8897426595110218
event_sum: 1.3167514272849468
fraction: 0.9988531232018614
mean: 3197.1151947320527
nL: 8.224437046411293
nR: 3.1600389633647508
norm: 1.3160826823540195
sigma: 143.79970273231413
sigmaL: 120.77307448357452
sigmaR: 71.08502752056295
widthL: 120.77307448357452
widthR: 71.08502752056295
x0: 3197.1151947320527
