alphaL: 1.5387690410931152
alphaR: 2.209867341506349
event_sum: 2.0284452607015813
mean: 3205.3918564564406
nL: 4.4244028583002795
nR: 2.317088818848791
norm: 2.0284452607015813
sigma: 142.45401271537986
sigmaL: 146.8973918419132
sigmaR: 65.82462397115569
widthL: 146.8973918419132
widthR: 65.82462397115569
x0: 3205.3918564564406
