alphaL: 0.8793187174416192
alphaR: 2.2298812056625614
event_sum: 4.2935145920760664
fraction: 0.9931260161796704
mean: 3191.2695191109165
nL: 34.975304822388125
nR: 2.8761954187535093
norm: 2.0236869676034823
sigma: 142.97184354689716
sigmaL: 106.20705975940398
sigmaR: 73.00950655195437
widthL: 106.20705975940398
widthR: 73.00950655195437
x0: 3191.2695191109165
