alphaL: 1.1102641828983921
alphaR: 1.4843692379558597
event_sum: 2.2910668964212557
mean: 3201.6912880042696
nL: 5.0
nR: 3.3513972930064866
norm: 2.2910668964212557
sigma: 247.36027291151595
sigmaL: 119.28189842660277
sigmaR: 63.0951155650166
widthL: 119.28189842660277
widthR: 63.0951155650166
x0: 3201.6912880042696
