alphaL: 1.217603829178163
alphaR: 1.9671173450180617
event_sum: 1.3106023723710605
mean: 3196.144172491532
nL: 4.066251482857772
nR: 2.6910755417332206
norm: 1.3106023723710605
sigma: 142.45401271537986
sigmaL: 116.63902241351177
sigmaR: 71.88285027907357
widthL: 116.63902241351177
widthR: 71.88285027907357
x0: 3196.144172491532
