alphaL: 1.3171972616773087
alphaR: 2.2090674690906993
event_sum: 2.0241836158279414
fraction: 0.9992044688049884
mean: 3198.0118553466364
nL: 9.512753808036768
nR: 2.6703630225714434
norm: 2.023119813366352
sigma: 143.79970273231413
sigmaL: 135.85310030526762
sigmaR: 69.8559020671729
widthL: 135.85310030526762
widthR: 69.8559020671729
x0: 3198.0118553466364
