alphaL: 1.3732797699670267
alphaR: 1.4891291913528613
event_sum: 2.293690806160195
mean: 3210.76409789122
nL: 4.408359579670826
nR: 3.172509754131629
norm: 2.293690806160195
sigma: 247.36027291151595
sigmaL: 138.34727395092884
sigmaR: 58.85299635546275
widthL: 138.34727395092884
widthR: 58.85299635546275
x0: 3210.76409789122
