alphaL: 0.6091831207952805
alphaR: 1.7254160611177618
event_sum: 10.201501827782558
fraction: 0.9984392824777261
mean: 3180.9266000206176
nL: 9.984783792520009
nR: 2.668320662338952
norm: 10.03299514025787
sigma: 246.5950624365979
sigmaL: 76.45833803856281
sigmaR: 81.21497847049898
widthL: 76.45833803856281
widthR: 81.21497847049898
x0: 3180.9266000206176
