alphaL: 0.8720609893116004
alphaR: 2.0572251361233747
event_sum: 4.855062057693934
mean: 2892.1067925293974
nL: 18.82521975983996
nR: 2.9251925259750964
norm_2016: 1.419420650047317
norm_2017: 1.6178150964023512
norm_2018: 2.2061292907355186
norm_Run2: 4.855062057693934
sigma: 130.74399069744027
sigmaL: 91.27905089250618
sigmaR: 70.69025330940079
widthL: 91.27905089250618
widthR: 70.69025330940079
x0: 2892.1067925293974
