alphaL: 0.8376704513211571
alphaR: 2.293925285015211
event_sum: 7.119674620059377
mean: 2891.6652730486403
nL: 51.44337764127826
nR: 2.422480367715733
norm_2016: 1.8202971615813193
norm_2017: 2.4100910110648552
norm_2018: 3.5387909770828707
norm_Run2: 7.119674620059377
sigma: 130.74399069744027
sigmaL: 94.95579291958224
sigmaR: 67.81542915798971
widthL: 94.95579291958224
widthR: 67.81542915798971
x0: 2891.6652730486403
