alphaL: 1.0536186199501536
alphaR: 1.2212150702726063
event_sum: 4.351415823523601
mean: 2850.52406087067
nL: 0.6131472334642932
nR: 6.138493480419659
norm_2016: 1.0933637895692039
norm_2017: 1.3191191199914698
norm_2018: 1.9877741107151607
norm_Run2: 4.351415823523601
sigma: 162.4
sigmaL: 163.39024670278508
sigmaR: 116.08757187014047
widthL: 163.39024670278508
widthR: 116.08757187014047
x0: 2850.52406087067
