alphaL: 1.131842333368767
alphaR: 1.1290834842846773
event_sum: 1.7753099838216853
mean: 3301.122615937108
nL: 0.45967327009489295
nR: 8.807590401792293
norm_2016: 0.3803867677770543
norm_2017: 0.6270481972648386
norm_2018: 0.7944201193168053
norm_Run2: 1.7753099838216853
sigma: 187.6
sigmaL: 231.32512250192994
sigmaR: 126.72738737814649
widthL: 231.32512250192994
widthR: 126.72738737814649
x0: 3301.122615937108
