alphaL: 0.9501528747161674
alphaR: 1.4251368239280007
event_sum: 2.7408063437689107
mean: 3300.240317525414
nL: 0.15915560224048475
nR: 3.279331118067848
norm_2016: 0.7481239767496639
norm_2017: 0.956253479837249
norm_2018: 1.0597590541663768
norm_Run2: 2.7408063437689107
sigma: 335.0
sigmaL: 403.58425228020354
sigmaR: 141.409714426836
widthL: 403.58425228020354
widthR: 141.409714426836
x0: 3300.240317525414
