alphaL: 1.1174945345711587
alphaR: 1.5693144642030437
event_sum: 11.483832180563287
fraction: 0.9385512581914656
mean: 1627.2394414171374
nL: 1.6906457437910403
nR: 3.175270907901422
norm: 10.437616340759131
sigma: 92.4
sigmaL: 104.72610487992603
sigmaR: 75.86915538404321
widthL: 104.72610487992603
widthR: 75.86915538404321
x0: 1627.2394414171374
