alphaL: 0.9556139219253211
alphaR: 1.372508189208939
event_sum: 12.163282690404891
fraction: 0.9093492788952781
mean: 1628.6297662146653
nL: 1.3814625121257686
nR: 4.212616862826119
norm: 10.191844717360084
sigma: 92.4
sigmaL: 95.20333635940335
sigmaR: 74.13154221316395
widthL: 95.20333635940335
widthR: 74.13154221316395
x0: 1628.6297662146653
