alphaL: 1.0085652060518522
alphaR: 2.5217051099527175
event_sum: 0.9809467864515258
mean: 1611.6280299866567
nL: 1.7951090268871968
nR: 2.6179166700707874
norm: 0.9809467864515258
sigma: 92.4
sigmaL: 94.79708065574015
sigmaR: 91.92611319537163
widthL: 94.79708065574015
widthR: 91.92611319537163
x0: 1611.6280299866567
