alphaL: 0.8703516481326808
alphaR: 1.470793049931183
event_sum: 0.9821224717888727
mean: 1630.2480888113328
nL: 1.9654966312917057
nR: 3.281331932672117
norm: 0.9821224717888727
sigma: 92.4
sigmaL: 96.33633706794873
sigmaR: 74.6736571455716
widthL: 96.33633706794873
widthR: 74.6736571455716
x0: 1630.2480888113328
