alphaL: 0.7469826900125024
alphaR: 1.8605437219979866
event_sum: 0.9396863163225929
mean: 1605.747189177247
nL: 1.5490271120638668
nR: 2.6472339367371696
norm: 0.9396863163225929
sigma: 92.4
sigmaL: 70.90237109956034
sigmaR: 93.16542085117925
widthL: 70.90237109956034
widthR: 93.16542085117925
x0: 1605.747189177247
