alphaL: 0.8650316790542691
alphaR: 1.956279570304789
event_sum: 33.49122821669389
fraction: 0.984977934210585
mean: 1651.1719478290868
nL: 17.051302084850086
nR: 2.346157949336609
norm: 14.276668787968129
sigma: 87.36321763172548
sigmaL: 56.767511959313836
sigmaR: 46.40157446858364
widthL: 56.767511959313836
widthR: 46.40157446858364
x0: 1651.1719478290868
