alphaL: 0.8630697203688219
alphaR: 1.5773151701459212
event_sum: 1.0165831229906626
mean: 1615.286121912115
nL: 2.811960716263174
nR: 4.121324750119015
norm: 1.0165831229906626
sigma: 92.4
sigmaL: 85.93209562814405
sigmaR: 82.01479055318288
widthL: 85.93209562814405
widthR: 82.01479055318288
x0: 1615.286121912115
