alphaL: 1.2817261907444333
alphaR: 1.83094574885634
event_sum: 2.07876024604775
mean: 2402.017008735477
nL: 4.4918351427885135
nR: 2.2944888583422727
norm: 2.07876024604775
sigma: 136.64216077461478
sigmaL: 99.11331761445012
sigmaR: 51.608565473384225
widthL: 99.11331761445012
widthR: 51.608565473384225
x0: 2402.017008735477
