alphaL: 1.208309690748081
alphaR: 1.9039240108341555
event_sum: 6.166833953408059
fraction: 0.9990417030875683
mean: 2397.6318653443486
nL: 9.879969576391616
nR: 3.563712355357362
norm: 6.164424798625987
sigma: 110.5232278121059
sigmaL: 96.60417517546259
sigmaR: 57.0549398078426
widthL: 96.60417517546259
widthR: 57.0549398078426
x0: 2397.6318653443486
