alphaL: 1.4616201089096228
alphaR: 2.1191889722045874
event_sum: 7.762898246292025
mean: 2398.4414821214436
nL: 4.499973606567308
nR: 2.612381768839226
norm: 7.762898246292025
sigma: 110.44305885184484
sigmaL: 107.10497384316874
sigmaR: 53.72950761848667
widthL: 107.10497384316874
widthR: 53.72950761848667
x0: 2398.4414821214436
