alphaL: 1.0160850992922446
alphaR: 1.0869669550644232
event_sum: 7.196219407487661
mean: 2356.7277659857964
nL: 1.0000737690034411
nR: 4.466795283726278
norm: 7.196219407487661
sigma: 680.5143598424477
sigmaL: 269.5198443018198
sigmaR: 104.33575636783297
widthL: 269.5198443018198
widthR: 104.33575636783297
x0: 2356.7277659857964
