alphaL: 1.065213610124034
alphaR: 1.6533333580269487
event_sum: 12.364866603165865
fraction: 0.9982365591590031
mean: 2397.8258080486794
nL: 9.97070202070876
nR: 3.1830636536560797
norm: 12.32497993670404
sigma: 136.07423851743113
sigmaL: 90.84619111419724
sigmaR: 59.01490552417415
widthL: 90.84619111419724
widthR: 59.01490552417415
x0: 2397.8258080486794
