alphaL: 1.5363086365094107
alphaR: 2.0643678358933055
event_sum: 7.762898246292025
mean: 2400.310788831973
nL: 3.9266275534361688
nR: 2.816034557561865
norm: 7.762898246292025
sigma: 110.44305885184484
sigmaL: 110.18047629669253
sigmaR: 52.620497933048306
widthL: 110.18047629669253
widthR: 52.620497933048306
x0: 2400.310788831973
