alphaL: 1.2055057155174373
alphaR: 2.0611390090805592
event_sum: 6.137321214191616
mean: 2394.9949351081937
nL: 4.574449408924935
nR: 2.8459809514310264
norm: 6.137321214191616
sigma: 110.44305885184484
sigmaL: 91.23207485400093
sigmaR: 58.132228563450575
widthL: 91.23207485400093
widthR: 58.132228563450575
x0: 2394.9949351081937
