alphaL: 1.4095890837302922
alphaR: 1.8173772703136568
event_sum: 6.163821914233267
mean: 2400.6289460518865
nL: 4.4999563642729274
nR: 3.8674834992413643
norm: 6.163821914233267
sigma: 110.44305885184484
sigmaL: 102.59575388755441
sigmaR: 55.219122584070284
widthL: 102.59575388755441
widthR: 55.219122584070284
x0: 2400.6289460518865
