alphaL: 1.0142507353660202
alphaR: 1.9982904602749298
event_sum: 20.835797392996028
fraction: 0.9971150559877987
mean: 2396.835170170829
nL: 9.991791461584292
nR: 1.932763407464877
norm: 20.80754433758557
sigma: 136.07423851743113
sigmaL: 88.5957549064337
sigmaR: 54.85396251273214
widthL: 88.5957549064337
widthR: 54.85396251273214
x0: 2396.835170170829
