alphaL: 1.3157871169549078
alphaR: 1.8173157501407995
event_sum: 1.233661441190634
mean: 2398.882427430733
nL: 3.662204451982885
nR: 2.4365593405179915
norm: 1.233661441190634
sigma: 136.95433615078176
sigmaL: 97.914507455508
sigmaR: 59.79277021424257
widthL: 97.914507455508
widthR: 59.79277021424257
x0: 2398.882427430733
