alphaL: 1.273162729796441
alphaR: 1.7020652621083396
event_sum: 1.2310023299069144
mean: 2399.7277282691816
nL: 4.4693537608860225
nR: 2.8108393116653185
norm: 1.2310023299069144
sigma: 136.64216077461478
sigmaL: 96.33680020740002
sigmaR: 58.20182344790565
widthL: 96.33680020740002
widthR: 58.20182344790565
x0: 2399.7277282691816
