alphaL: 1.2530677844033415
alphaR: 2.105364834553652
event_sum: 7.768319594790228
fraction: 0.9989929809867548
mean: 2394.9571108484643
nL: 9.833065413654529
nR: 2.9927141670539346
norm: 7.765910440008156
sigma: 110.5232278121059
sigmaL: 100.55489757026062
sigmaR: 55.94307569518318
widthL: 100.55489757026062
widthR: 55.94307569518318
x0: 2394.9571108484643
