alphaL: 1.1920499418140573
alphaR: 1.8750297751993783
event_sum: 2.072777245659381
mean: 2398.3541634360836
nL: 4.620968919605868
nR: 2.23351248886831
norm: 2.072777245659381
sigma: 136.64216077461478
sigmaL: 94.60567611096504
sigmaR: 53.68622400328311
widthL: 94.60567611096504
widthR: 53.68622400328311
x0: 2398.3541634360836
