alphaL: 1.5641384751865797
alphaR: 1.758933460393401
event_sum: 6.166833953408059
mean: 2403.102219473029
nL: 4.499658940756803
nR: 4.119847270811963
norm: 6.166833953408059
sigma: 110.5232278121059
sigmaL: 107.06317712798055
sigmaR: 53.284562129797465
widthL: 107.06317712798055
widthR: 53.284562129797465
x0: 2403.102219473029
