alphaL: 1.2347569928033995
alphaR: 2.172640405154578
event_sum: 7.724954062141478
mean: 2395.2558080100803
nL: 4.952611752614685
nR: 2.67945772452194
norm: 7.724954062141478
sigma: 110.44305885184484
sigmaL: 98.4352664238174
sigmaR: 55.3444479934371
widthL: 98.4352664238174
widthR: 55.3444479934371
x0: 2395.2558080100803
