alphaL: 3.0199023869814483
alphaR: 1.1930694309274739
event_sum: 7.786209682235494
mean: 2392.881751341965
nL: 1.0000545569911206
nR: 2.7707998928197273
norm: 7.786209682235494
sigma: 680.5143598424477
sigmaL: 495.50021097581424
sigmaR: 98.70287841484615
widthL: 495.50021097581424
widthR: 98.70287841484615
x0: 2392.881751341965
