alphaL: 1.4301608449315457
alphaR: 2.026809718254222
event_sum: 6.163821914233267
mean: 2398.775471591913
nL: 3.9975312191407775
nR: 2.635355531588152
norm: 6.163821914233267
sigma: 110.44305885184484
sigmaL: 100.96435592002891
sigmaR: 56.545753984189666
widthL: 100.96435592002891
widthR: 56.545753984189666
x0: 2398.775471591913
