alphaL: 1.410134641195039
alphaR: 1.8160635607393676
event_sum: 6.163821914233267
mean: 2400.523730015723
nL: 4.499912945263071
nR: 3.870035858206068
norm: 6.163821914233267
sigma: 110.44305885184484
sigmaL: 102.60981681064287
sigmaR: 55.19382202656045
widthL: 102.60981681064287
widthR: 55.19382202656045
x0: 2400.523730015723
