alphaL: 1.699312541556233
alphaR: 1.861940308855921
event_sum: 7.768319594790228
mean: 2403.222816281574
nL: 4.499204636191834
nR: 3.8535077960225137
norm: 7.768319594790228
sigma: 110.5232278121059
sigmaL: 116.8552418660863
sigmaR: 51.170170295858995
widthL: 116.8552418660863
widthR: 51.170170295858995
x0: 2403.222816281574
