alphaL: 1.4653801354305607
alphaR: 2.120204420541526
event_sum: 7.762898246292025
mean: 2398.5849276659465
nL: 4.499872827085439
nR: 2.6853390562759216
norm: 7.762898246292025
sigma: 110.44305885184484
sigmaL: 107.35076525661583
sigmaR: 53.69740489990163
widthL: 107.35076525661583
widthR: 53.69740489990163
x0: 2398.5849276659465
