alphaL: 1.279983641784699
alphaR: 1.832263398576724
event_sum: 2.07876024604775
mean: 2401.927756567068
nL: 4.49219372834258
nR: 2.293321912994726
norm: 2.07876024604775
sigma: 136.64216077461478
sigmaL: 98.9931638677477
sigmaR: 51.65517591678385
widthL: 98.9931638677477
widthR: 51.65517591678385
x0: 2401.927756567068
