alphaL: 1.5544560041280528
alphaR: 1.357533248736338
event_sum: 1.2310023299069144
mean: 2413.6338736172843
nL: 4.053485006775334
nR: 3.4770976294975893
norm: 1.2310023299069144
sigma: 136.64216077461478
sigmaL: 114.62170304468674
sigmaR: 46.83091088461009
widthL: 114.62170304468674
widthR: 46.83091088461009
x0: 2413.6338736172843
