alphaL: 1.1953619205132808
alphaR: 1.8417826645403799
event_sum: 1.2275122463470325
mean: 2394.27949248944
nL: 4.426114792310015
nR: 2.2428467888253367
norm: 1.2275122463470325
sigma: 136.64216077461478
sigmaL: 90.13967320984827
sigmaR: 61.607854122809265
widthL: 90.13967320984827
widthR: 61.607854122809265
x0: 2394.27949248944
