alphaL: 1.342838948588152
alphaR: 1.8416737689192455
event_sum: 2.077264495950658
mean: 2402.9095900822854
nL: 3.8594079142348368
nR: 2.2075092774623997
norm: 2.077264495950658
sigma: 136.95433615078176
sigmaL: 103.04530763263614
sigmaR: 51.209003489378716
widthL: 103.04530763263614
widthR: 51.209003489378716
x0: 2402.9095900822854
