alphaL: 1.082479450235116
alphaR: 0.6964818828499949
event_sum: 2.7651420181141555
fraction: 0.7138789905257427
mean: 2953.6113750695736
nL: 0.4846848982054308
nR: 3.1814760596155107
norm: 1.0358237486412245
sigma: 295.0
sigmaL: 407.71242288276636
sigmaR: 64.68422614451372
widthL: 407.71242288276636
widthR: 64.68422614451372
x0: 2953.6113750695736
