alphaL: 1.1313077833805738
alphaR: 1.0612499988450972
event_sum: 0.1276692693447921
mean: 2957.3909486629495
nL: 0.247886141686591
nR: 1.5319032412449949
norm: 0.1276692693447921
sigma: 295.0
sigmaL: 353.59567935896973
sigmaR: 66.06417014820262
widthL: 353.59567935896973
widthR: 66.06417014820262
x0: 2957.3909486629495
