alphaL: 0.6390022000002459
alphaR: 0.7454787954810933
event_sum: 3.7410348881423374
fraction: 0.6293835282229489
mean: 2935.879998420018
nL: 0.4032904915883387
nR: 4.274928748920342
norm: 0.6718672053472512
sigma: 295.0
sigmaL: 299.00773686845304
sigmaR: 94.06136647917049
widthL: 299.00773686845304
widthR: 94.06136647917049
x0: 2935.879998420018
