alphaL: 0.14817312268025729
alphaR: 0.7820481861460992
event_sum: 0.11501019522523963
mean: 3036.00834343382
nL: 1.000577106729005
nR: 3.7161775684633827
norm: 0.11501019522523963
sigma: 295.0
sigmaL: 802.3218153956053
sigmaR: 72.14141305392873
widthL: 802.3218153956053
widthR: 72.14141305392873
x0: 3036.00834343382
