alphaL: 0.6169798104196818
alphaR: 0.8452839784515384
event_sum: 0.14983276977295384
mean: 2958.9636736230264
nL: 0.9999795469805566
nR: 1.916124316517973
norm: 0.14983276977295384
sigma: 295.0
sigmaL: 434.38587635857976
sigmaR: 63.023940485466035
widthL: 434.38587635857976
widthR: 63.023940485466035
x0: 2958.9636736230264
