alphaL: 0.9376400717435629
alphaR: 0.9507635790099871
event_sum: 0.08783613075276349
mean: 2990.86194326802
nL: 0.11300189381972205
nR: 1.4066587670414803
norm: 0.08783613075276349
sigma: 295.0
sigmaL: 340.7454397799568
sigmaR: 52.29021704757242
widthL: 340.7454397799568
widthR: 52.29021704757242
x0: 2990.86194326802
