alphaL: 1.009115291611886
alphaR: 1.299819169191965
event_sum: 2.9298395539371827
mean: 2144.566658960584
nL: 0.2063550270312097
nR: 2.994855725468546
norm: 2.9298395539371827
sigma: 149
sigmaL: 216.10452304465255
sigmaR: 120.70940622988978
widthL: 216.10452304465255
widthR: 120.70940622988978
x0: 2144.566658960584
