alphaL: 1.1682333522763542
alphaR: 1.3877257044433788
event_sum: 1.3470724102401974
mean: 2170.7594750812636
nL: 0.20040394434541706
nR: 2.6111220128179924
norm: 1.3470724102401974
sigma: 149.1853487711815
sigmaL: 260.2338567819431
sigmaR: 110.00328141912806
widthL: 260.2338567819431
widthR: 110.00328141912806
x0: 2170.7594750812636
