alphaL: 4.675541138258952
alphaR: 2.582672507799883
event_sum: 14.762744773470958
mean: 2050.9063735227933
nL: 2.403517296718511
nR: 1.8327918045225493
norm: 14.762744773470958
sigma: 615
sigmaL: 1030.1289247329885
sigmaR: 210.59275786024122
widthL: 1030.1289247329885
widthR: 210.59275786024122
x0: 2050.9063735227933
