alphaL: 1.8455824028544827
alphaR: 1.2527225117496867
event_sum: 6.647210707991092
mean: 2176.918200223277
nL: 1.1536809122191303
nR: 2.9812231829989395
norm: 6.647210707991092
sigma: 149
sigmaL: 294.97404955302966
sigmaR: 98.43110378653967
widthL: 294.97404955302966
widthR: 98.43110378653967
x0: 2176.918200223277
