alphaL: 1.2208144495943947
alphaR: 1.3678157217417684
event_sum: 8.909533117709422
mean: 2166.7740313534896
nL: 0.32311217733468534
nR: 2.9593593381178267
norm: 8.909533117709422
sigma: 149.0981655210439
sigmaL: 243.35566794105625
sigmaR: 111.00887560477443
widthL: 243.35566794105625
widthR: 111.00887560477443
x0: 2166.7740313534896
