alphaL: 0.7460424258659885
alphaR: 1.3724143286537451
event_sum: 1.0037918140207254
mean: 2152.619283080924
nL: 1.3500203551943215
nR: 3.696113061548306
norm: 1.0037918140207254
sigma: 149.1853487711815
sigmaL: 208.95244591260453
sigmaR: 116.24748570509615
widthL: 208.95244591260453
widthR: 116.24748570509615
x0: 2152.619283080924
