alphaL: 1.0068184934978537
alphaR: 1.0521113816771304
event_sum: 1.0037918140207254
mean: 2200.789003757975
nL: 0.2007870634806308
nR: 1.814089257795928
norm: 1.0037918140207254
sigma: 149.1853487711815
sigmaL: 276.3407143817153
sigmaR: 69.85685346425754
widthL: 276.3407143817153
widthR: 69.85685346425754
x0: 2200.789003757975
