alphaL: 1.1642415932441117
alphaR: 1.381009038655971
event_sum: 8.909533117709422
mean: 2166.8562425454643
nL: 0.5588996858490676
nR: 2.9769265337732866
norm: 8.909533117709422
sigma: 149.2539233884913
sigmaL: 242.7939108611354
sigmaR: 111.66900412452655
widthL: 242.7939108611354
widthR: 111.66900412452655
x0: 2166.8562425454643
