alphaL: 0.6755781231357746
alphaR: 1.540702350315618
event_sum: 6.647210707991092
mean: 2141.35704924292
nL: 1.0963107528684486
nR: 2.681042635549722
norm: 6.647210707991092
sigma: 149.0981655210439
sigmaL: 184.901253175283
sigmaR: 123.59278365118674
widthL: 184.901253175283
widthR: 123.59278365118674
x0: 2141.35704924292
