alphaL: 0.10005194696776026
alphaR: 1.6906310190894642
event_sum: 8.020411912193993
mean: 2178.049119929853
nL: 0.20001167530321998
nR: 2.9349283953703798
norm: 8.020411912193993
sigma: 149
sigmaL: 745.4897917492526
sigmaR: 132.96532987123962
widthL: 745.4897917492526
widthR: 132.96532987123962
x0: 2178.049119929853
