alphaL: 1.1708909402245802
alphaR: 1.4004736243340288
event_sum: 1.3470724102401974
mean: 2172.1136656656995
nL: 0.20459935467222917
nR: 2.3148782999035644
norm: 1.3470724102401974
sigma: 149.1853487711815
sigmaL: 261.64916511143247
sigmaR: 108.03468462914772
widthL: 261.64916511143247
widthR: 108.03468462914772
x0: 2172.1136656656995
