alphaL: 1.716727257706275
alphaR: 1.3109687197072755
event_sum: 6.652122317393346
mean: 2170.2222646291434
nL: 1.7902221576915989
nR: 2.987816089368524
norm: 6.652122317393346
sigma: 149.2539233884913
sigmaL: 286.2397199742328
sigmaR: 103.39215588922434
widthL: 286.2397199742328
widthR: 103.39215588922434
x0: 2170.2222646291434
