alphaL: 1.2239307246836448
alphaR: 1.6319156833413468
event_sum: 8.909533117709422
mean: 2159.766910849514
nL: 0.2000002344884603
nR: 1.8534932536667397
norm: 8.909533117709422
sigma: 149
sigmaL: 234.58017226192882
sigmaR: 121.12044616649341
widthL: 234.58017226192882
widthR: 121.12044616649341
x0: 2159.766910849514
