alphaL: 0.8232664868271512
alphaR: 1.725817771202257
event_sum: 27.548742927342097
mean: 2139.000975757832
nL: 0.20000001400635137
nR: 2.9999677102730105
norm: 27.548742927342097
sigma: 149
sigmaL: 141.8041902706952
sigmaR: 131.08036607709914
widthL: 141.8041902706952
widthR: 131.08036607709914
x0: 2139.000975757832
