alphaL: 1.2042371346944176
alphaR: 1.4959172771704548
event_sum: 13.634761424480192
mean: 2171.4860772719435
nL: 0.2011794762473998
nR: 2.1172861061536428
norm: 13.634761424480192
sigma: 149
sigmaL: 254.2107195877832
sigmaR: 107.4439155507097
widthL: 254.2107195877832
widthR: 107.4439155507097
x0: 2171.4860772719435
