alphaL: 0.764237595084943
alphaR: 1.6655933662838305
event_sum: 0.7043203208741033
mean: 2144.0728447287347
nL: 0.20673405286863952
nR: 1.6805072689215867
norm: 0.7043203208741033
sigma: 123.28843197153483
sigmaL: 202.36855800477227
sigmaR: 129.55367508589626
widthL: 202.36855800477227
widthR: 129.55367508589626
x0: 2144.0728447287347
