alphaL: 0.42266725787641757
alphaR: 1.0952966162428215
event_sum: 1.2256728904540068
mean: 2190.8110190045772
nL: 1.0014713880729695
nR: 3.60962849944093
norm: 1.2256728904540068
sigma: 220.0
sigmaL: 223.2835488034477
sigmaR: 86.38311488783293
widthL: 223.2835488034477
widthR: 86.38311488783293
x0: 2190.8110190045772
