alphaL: 0.36767480774845823
alphaR: 1.3363730881582672
event_sum: 1.2256728904540068
mean: 2173.3912862541047
nL: 1.0000054093276787
nR: 3.6706321095570753
norm: 1.2256728904540068
sigma: 220.0
sigmaL: 193.04457567769376
sigmaR: 107.29667017186215
widthL: 193.04457567769376
widthR: 107.29667017186215
x0: 2173.3912862541047
