alphaL: 0.8729407900287232
alphaR: 1.550748441589953
event_sum: 0.978668846153596
mean: 2150.8524391374904
nL: 0.20000041022455067
nR: 1.7796145136188324
norm: 0.978668846153596
sigma: 123.28843197153483
sigmaL: 191.79108010477532
sigmaR: 125.91137163870336
widthL: 191.79108010477532
widthR: 125.91137163870336
x0: 2150.8524391374904
