alphaL: 1.004355649529838
alphaR: 1.1734216748657316
event_sum: 1.8490596908595762
mean: 2178.513250618994
nL: 1.0000004086891743
nR: 3.9832159055372354
norm: 1.8490596908595762
sigma: 220.0
sigmaL: 248.2889693585709
sigmaR: 98.11225540612034
widthL: 248.2889693585709
widthR: 98.11225540612034
x0: 2178.513250618994
