alphaL: 0.9476366287461058
alphaR: 1.1093191242311795
event_sum: 1.9957392879732652
mean: 2169.909270102843
nL: 0.5412427840245391
nR: 4.499764159151872
norm: 1.9957392879732652
sigma: 220.0
sigmaL: 240.2427912908972
sigmaR: 94.33824582957251
widthL: 240.2427912908972
widthR: 94.33824582957251
x0: 2169.909270102843
