alphaL: 1.1740568567502783
alphaR: 1.0272770625535204
event_sum: 1.8490596908595762
mean: 2185.8181786605114
nL: 0.5505767261839978
nR: 4.3387981161239475
norm: 1.8490596908595762
sigma: 220.0
sigmaL: 261.8097545447649
sigmaR: 87.78626949949354
widthL: 261.8097545447649
widthR: 87.78626949949354
x0: 2185.8181786605114
