alphaL: 0.7233704224390383
alphaR: 1.337567413000858
event_sum: 1.9957392879732652
mean: 2158.472873644195
nL: 1.112938125742129
nR: 3.4399448256569953
norm: 1.9957392879732652
sigma: 220.0
sigmaL: 216.72916086922302
sigmaR: 109.03413221028897
widthL: 216.72916086922302
widthR: 109.03413221028897
x0: 2158.472873644195
