alphaL: 1.208432610990244
alphaR: 1.492168473343797
event_sum: 1.0333815431731637
mean: 2156.9485819352335
nL: 0.12618852560741356
nR: 2.689552711720883
norm: 1.0333815431731637
sigma: 220.0
sigmaL: 243.96500047052325
sigmaR: 116.03601394523396
widthL: 243.96500047052325
widthR: 116.03601394523396
x0: 2156.9485819352335
