alphaL: 0.6810853300276274
alphaR: 1.3539672907632316
event_sum: 1.4823737539845752
mean: 2162.8039625834003
nL: 1.0000086317081927
nR: 4.0176817964703995
norm: 1.4823737539845752
sigma: 220.0
sigmaL: 187.34679205017304
sigmaR: 116.18478124270064
widthL: 187.34679205017304
widthR: 116.18478124270064
x0: 2162.8039625834003
