alphaL: 1.1873638733093344
alphaR: 1.1328647373917966
event_sum: 17.7780134457862
fraction: 0.7840592724093672
mean: 2171.4587693560698
nL: 0.4580617764868987
nR: 5.988343636265611
norm: 12.11348154838197
sigma: 220.0
sigmaL: 246.8633704961994
sigmaR: 104.18871206359076
widthL: 246.8633704961994
widthR: 104.18871206359076
x0: 2171.4587693560698
