alphaL: 1.2988545332646302
alphaR: 1.4715813706392127
event_sum: 1.3425500223020208
mean: 2162.944129226294
nL: 0.23291119675249702
nR: 3.0604071790469654
norm: 1.3425500223020208
sigma: 220.0
sigmaL: 241.65656261438903
sigmaR: 115.45699820061692
widthL: 241.65656261438903
widthR: 115.45699820061692
x0: 2162.944129226294
