alphaL: 1.1914398995297615
alphaR: 1.2043666816296392
event_sum: 17.7780134457862
fraction: 0.7797503963643855
mean: 2174.3742714510754
nL: 0.46609398620456455
nR: 4.45187532741682
norm: 12.020309242769144
sigma: 220.0
sigmaL: 249.917066046117
sigmaR: 103.94236238555678
widthL: 249.917066046117
widthR: 103.94236238555678
x0: 2174.3742714510754
