alphaL: 0.8841579399249545
alphaR: 1.3051029847718036
event_sum: 19.21378263295628
fraction: 0.7467560831856931
mean: 2151.2165048148795
nL: 0.5320485240984885
nR: 4.805816596558666
norm: 9.14861769892741
sigma: 220.0
sigmaL: 210.2681007248733
sigmaR: 114.775685298306
widthL: 210.2681007248733
widthR: 114.775685298306
x0: 2151.2165048148795
