alphaL: 1.0071003370411848
alphaR: 1.1405493483512084
event_sum: 19.21378263295628
fraction: 0.727942030650657
mean: 2168.7998112580804
nL: 0.40005388136482284
nR: 4.491319238642367
norm: 9.046442197170109
sigma: 220.0
sigmaL: 234.92023355910507
sigmaR: 98.11928459638534
widthL: 234.92023355910507
widthR: 98.11928459638534
x0: 2168.7998112580804
