alphaL: 0.8664796292568903
alphaR: 1.268338452559412
event_sum: 19.21378263295628
fraction: 0.7495015657994825
mean: 2150.007010036707
nL: 0.5572500548396616
nR: 5.413540201594007
norm: 9.14861769892741
sigma: 220.0
sigmaL: 205.60514593230715
sigmaR: 114.56749150558544
widthL: 205.60514593230715
widthR: 114.56749150558544
x0: 2150.007010036707
