alphaL: 0.6667543518157635
alphaR: 1.3402874963673554
event_sum: 1.4823737539845752
mean: 2163.720838021196
nL: 1.000019014455003
nR: 4.031430581431937
norm: 1.4823737539845752
sigma: 220.0
sigmaL: 182.9110787743586
sigmaR: 114.01404659233802
widthL: 182.9110787743586
widthR: 114.01404659233802
x0: 2163.720838021196
