alphaL: 0.8131796091251041
alphaR: 1.0183715568502492
event_sum: 2.2802856873001924
mean: 3051.0585681589073
nL: 0.10001110250873818
nR: 7.68523137901115
norm_2016: 0.6275855908623198
norm_2017: 0.6990548964316229
norm_2018: 0.980398786604669
norm_Run2: 2.2802856873001924
sigma: 310.0
sigmaL: 244.90494502992624
sigmaR: 123.34763994642154
widthL: 244.90494502992624
widthR: 123.34763994642154
x0: 3051.0585681589073
