alphaL: 0.6299560782545968
alphaR: 2.125005016288167
event_sum: 48.621268636793225
mean: 3091.0360034498804
nL: 131.26643973476357
nR: 1.6703520059993575
norm_2016: 11.673082545325983
norm_2017: 15.623334639273711
norm_2018: 22.63459770551296
norm_Run2: 48.621268636793225
sigma: 241.87366907350489
sigmaL: 82.67669913474151
sigmaR: 74.36826718877425
widthL: 82.67669913474151
widthR: 74.36826718877425
x0: 3091.0360034498804
