alphaL: 0.7620926143989911
alphaR: 1.6217811346703475
event_sum: 6.029422727766258
mean: 3050.1025270989803
nL: 1.7686257836301804
nR: 2.8265519111194046
norm_2016: 1.2389008681290472
norm_2017: 1.8927480803848975
norm_2018: 2.970304950573656
norm_Run2: 6.029422727766258
sigma: 173.6
sigmaL: 172.23109667939133
sigmaR: 127.81553252616513
widthL: 172.23109667939133
widthR: 127.81553252616513
x0: 3050.1025270989803
