alphaL: 1.1553041826415806
alphaR: 2.17555945517229
event_sum: 34.53818660439912
mean: 855.7527601009593
nL: 94.68518310294058
nR: 3.6840517855291988
norm_2016: 9.138383867603519
norm_2017: 10.861042983629684
norm_2018: 15.140631510477402
norm_Run2: 34.53818660439912
sigma: 43.649539569828335
sigmaL: 39.69666032976449
sigmaR: 28.892874843152047
widthL: 39.69666032976449
widthR: 28.892874843152047
x0: 855.7527601009593
