alphaL: 0.8019375957299404
alphaR: 1.4461727416654444
event_sum: 28.08231118510886
mean: 834.9828262941525
nL: 11.607011938759477
nR: 4.759906088789662
norm_2016: 7.278087800416319
norm_2017: 8.844271513039876
norm_2018: 12.359585336838741
norm_Run2: 28.08231118510886
sigma: 85.0
sigmaL: 61.55410011861145
sigmaR: 57.99263315823426
widthL: 61.55410011861145
widthR: 57.99263315823426
x0: 834.9828262941525
