alphaL: 1.106624129794552
alphaR: 2.8709263740054976
event_sum: 16.465175393459486
mean: 852.4258704746642
nL: 109.06143225997573
nR: 4.977136496066666
norm_2016: 4.180118899064658
norm_2017: 5.1973902489412005
norm_2018: 7.3907223736938885
norm_Run2: 16.465175393459486
sigma: 43.649539569828335
sigmaL: 41.4585179142686
sigmaR: 27.8609603391634
widthL: 41.4585179142686
widthR: 27.8609603391634
x0: 852.4258704746642
