alphaL: 1.1920716278164667
alphaR: 1.4321255109200508
event_sum: 14.70615436511262
mean: 848.1340799203866
nL: 30.387136665108095
nR: 3.3580636259843666
norm_2016: 3.7528585772757563
norm_2017: 4.500632567844736
norm_2018: 6.659615462189533
norm_Run2: 14.70615436511262
sigma: 47.6
sigmaL: 62.31915641769635
sigmaR: 39.49716478379034
widthL: 62.31915641769635
widthR: 39.49716478379034
x0: 848.1340799203866
