alphaL: 1.385935067967643
alphaR: 2.4790065741993907
event_sum: 14.729238079412342
mean: 1497.975440244579
nL: 4.278836000810151
nR: 2.27736905709492
norm: 14.729238079412342
sigma: 72.05295567432701
sigmaL: 67.46175603123385
sigmaR: 39.48313489215302
widthL: 67.46175603123385
widthR: 39.48313489215302
x0: 1497.975440244579
