alphaL: 1.3559496575935732
alphaR: 1.601727770494708
event_sum: 0.952433929019663
mean: 1504.787818825783
nL: 3.897129263808401
nR: 4.111440014816703
norm: 0.952433929019663
sigma: 80.05305788202489
sigmaL: 65.86551807657794
sigmaR: 38.871952410181194
widthL: 65.86551807657794
widthR: 38.871952410181194
x0: 1504.787818825783
