alphaL: 1.3914152116372593
alphaR: 2.395444144683618
event_sum: 14.074656448725856
fraction: 0.9986267972462565
mean: 1499.4484592947294
nL: 9.705370238584178
nR: 2.5952563793188475
norm: 14.07139805173186
sigma: 71.98278402425231
sigmaL: 70.1631547814782
sigmaR: 38.59402737830508
widthL: 70.1631547814782
widthR: 38.59402737830508
x0: 1499.4484592947294
