alphaL: 1.1180324618172028
alphaR: 1.909984279642057
event_sum: 9.482899044723942
fraction: 0.9973203298282913
mean: 1503.2623742315222
nL: 9.94954826812699
nR: 2.2951726306422016
norm: 9.471933668177522
sigma: 79.98805497179751
sigmaL: 61.59858733351824
sigmaR: 40.23748834173048
widthL: 61.59858733351824
widthR: 40.23748834173048
x0: 1503.2623742315222
