alphaL: 1.4699301039603352
alphaR: 2.070799083079722
event_sum: 0.8318076853767913
mean: 1503.2321282724977
nL: 4.324982466948062
nR: 3.5310779308038605
norm: 0.8318076853767913
sigma: 80.05305788202489
sigmaL: 71.51859398511387
sigmaR: 38.21849205268508
widthL: 71.51859398511387
widthR: 38.21849205268508
x0: 1503.2321282724977
