alphaL: 1.257920233104925
alphaR: 2.318422893428725
event_sum: 22.54828709992235
mean: 1499.727528202892
nL: 4.955355946878435
nR: 2.3881285741349436
norm: 22.54828709992235
sigma: 72.05295567432701
sigmaL: 60.711656127411196
sigmaR: 41.85352092111603
widthL: 60.711656127411196
widthR: 41.85352092111603
x0: 1499.727528202892
