alphaL: 1.2114737959903004
alphaR: 2.2275935971819307
event_sum: 21.58619255541107
fraction: 0.9988345537331815
mean: 1499.6372979178302
nL: 9.968465608941147
nR: 2.718448920156802
norm: 21.570052988817647
sigma: 71.98278402425231
sigmaL: 60.94580290669503
sigmaR: 41.90069690164087
widthL: 60.94580290669503
widthR: 41.90069690164087
x0: 1499.6372979178302
