alphaL: 1.4226120362577848
alphaR: 2.317230933492776
event_sum: 22.638911331632116
mean: 1501.5622209156786
nL: 4.502847655883636
nR: 2.5242009636980955
norm: 22.638911331632116
sigma: 72.05295567432701
sigmaL: 64.59657492383067
sigmaR: 40.95564650776983
widthL: 64.59657492383067
widthR: 40.95564650776983
x0: 1501.5622209156786
