alphaL: 1.537947353884774
alphaR: 1.918600598902963
event_sum: 0.9494589796564461
mean: 1507.0653900433108
nL: 2.39822575281853
nR: 1.9695607472867855
norm: 0.9494589796564461
sigma: 80.05305788202489
sigmaL: 69.62523417860469
sigmaR: 38.25252990120646
widthL: 69.62523417860469
widthR: 38.25252990120646
x0: 1507.0653900433108
