alphaL: 2.3706955519117843
alphaR: 2.2899961423398656
event_sum: 8.277042177929838
fraction: 0.9967056557161682
mean: 1513.1997507098147
nL: 9.473196151727416
nR: 1.6407661805432063
norm: 8.266378266579707
sigma: 79.98805497179751
sigmaL: 91.32089608531163
sigmaR: 33.158425575711384
widthL: 91.32089608531163
widthR: 33.158425575711384
x0: 1513.1997507098147
