alphaL: 1.4956542634155825
alphaR: 2.4135224296161137
event_sum: 14.79644663713873
mean: 1499.0571402386738
nL: 4.483273046033891
nR: 2.4620223144007216
norm: 14.79644663713873
sigma: 72.05295567432701
sigmaL: 70.42495141614961
sigmaR: 39.06789509018765
widthL: 70.42495141614961
widthR: 39.06789509018765
x0: 1499.0571402386738
