alphaL: 1.4194699152003871
alphaR: 2.159884705187366
event_sum: 0.8290708768180605
mean: 1503.821092638929
nL: 4.644106149331233
nR: 2.610954085598571
norm: 0.8290708768180605
sigma: 80.05305788202489
sigmaL: 72.13970667359781
sigmaR: 37.662347586523474
widthL: 72.13970667359781
widthR: 37.662347586523474
x0: 1503.821092638929
