alphaL: 0.9088715962257796
alphaR: 2.0182267336477375
event_sum: 34.57312488389115
fraction: 0.9873957904424292
mean: 1501.5704442856245
nL: 19.164444118037135
nR: 2.244108478192376
norm: 9.405197649442027
sigma: 78.7350974323431
sigmaL: 54.57169654067944
sigmaR: 43.895452988196254
widthL: 54.57169654067944
widthR: 43.895452988196254
x0: 1501.5704442856245
