alphaL: 1.1980633024722018
alphaR: 2.0920113275277523
event_sum: 1.9784234966238536
mean: 2803.1437414252846
nL: 4.556218012486628
nR: 3.6522541196786493
norm: 1.9784234966238536
sigma: 123.81555599406347
sigmaL: 101.97550428954317
sigmaR: 68.21455277669608
widthL: 101.97550428954317
widthR: 68.21455277669608
x0: 2803.1437414252846
