alphaL: 1.1228716620206123
alphaR: 1.7986304555104355
event_sum: 0.7769099432615849
mean: 2806.2749352180763
nL: 4.74933955072372
nR: 2.3879148804661905
norm: 0.7769099432615849
sigma: 182.01659258214343
sigmaL: 102.3549577312683
sigmaR: 73.63310040398315
widthL: 102.3549577312683
widthR: 73.63310040398315
x0: 2806.2749352180763
