alphaL: 1.1607071298566576
alphaR: 1.9957592778698858
event_sum: 2.8468941886339354
fraction: 0.99928373161938
mean: 2803.9692502808757
nL: 10.0
nR: 4.258474506788892
norm: 2.8461642382561223
sigma: 123.88840738157502
sigmaL: 106.97975836084969
sigmaR: 64.41731116442135
widthL: 106.97975836084969
widthR: 64.41731116442135
x0: 2803.9692502808757
