alphaL: 1.0670063827262175
alphaR: 1.5127325232127395
event_sum: 7.851206837513081
fraction: 0.9984697461516032
mean: 2811.0801337719695
nL: 9.471750452660961
nR: 3.451387118259137
norm: 7.78416454104075
sigma: 181.36085027592327
sigmaL: 107.2695630768102
sigmaR: 67.80601104132985
widthL: 107.2695630768102
widthR: 67.80601104132985
x0: 2811.0801337719695
