alphaL: 1.3674325939502712
alphaR: 2.0013548439630204
event_sum: 2.841809232879791
mean: 2807.14743433486
nL: 4.490178593504128
nR: 3.4960586812188312
norm: 2.841809232879791
sigma: 123.81555599406347
sigmaL: 115.13207577464681
sigmaR: 63.43824074141461
widthL: 115.13207577464681
widthR: 63.43824074141461
x0: 2807.14743433486
