alphaL: 1.0436323663143763
alphaR: 2.095577683473636
event_sum: 15.288780436048556
fraction: 0.9985516516119843
mean: 2804.0756701684786
nL: 9.982716243218348
nR: 1.8292775402633787
norm: 15.254281786507
sigma: 181.36085027592327
sigmaL: 102.45439410921952
sigmaR: 66.53220674667668
widthL: 102.45439410921952
widthR: 66.53220674667668
x0: 2804.0756701684786
