alphaL: 1.5168303092337365
alphaR: 1.609676817466614
event_sum: 1.5248433898168188
mean: 2817.9116612450034
nL: 4.319896150723519
nR: 2.8516741659768967
norm: 1.5248433898168188
sigma: 182.01659258214343
sigmaL: 128.55901224179232
sigmaR: 56.86692086589696
widthL: 128.55901224179232
widthR: 56.86692086589696
x0: 2817.9116612450034
