alphaL: 1.3502339538879773
alphaR: 1.9801189665146124
event_sum: 1.9880231159265354
mean: 2803.39326594567
nL: 3.4953453679504585
nR: 3.9996934275249085
norm: 1.9880231159265354
sigma: 123.81555599406347
sigmaL: 105.66542789788812
sigmaR: 66.35535770815977
widthL: 105.66542789788812
widthR: 66.35535770815977
x0: 2803.39326594567
