alphaL: 1.4661079637994126
alphaR: 1.4229803908390655
event_sum: 0.7779000349206731
mean: 2818.163177137702
nL: 4.016795132436016
nR: 3.5109647639458514
norm: 0.7779000349206731
sigma: 182.01659258214343
sigmaL: 124.05908392332229
sigmaR: 63.330183648239974
widthL: 124.05908392332229
widthR: 63.330183648239974
x0: 2818.163177137702
