alphaL: 0.2285655864021645
alphaR: 2.445827327821348
event_sum: 1.522321428221571
mean: 2776.439879666108
nL: 5.0
nR: 1.4088544349157521
norm: 1.522321428221571
sigma: 182.01659258214343
sigmaL: 24.853839741338216
sigmaR: 81.14224683301003
widthL: 24.853839741338216
widthR: 81.14224683301003
x0: 2776.439879666108
