alphaL: 1.3377902743910581
alphaR: 1.3812146355425918
event_sum: 2.8304771189715154
mean: 2822.7004856665326
nL: 4.731238378048331
nR: 3.409757363812281
norm: 2.8304771189715154
sigma: 123.81555599406347
sigmaL: 122.04256047187658
sigmaR: 40.83279639824011
widthL: 122.04256047187658
widthR: 40.83279639824011
x0: 2822.7004856665326
