alphaL: 1.8892392170343215
alphaR: 2.2574004234935354
event_sum: 1.991714749327869
fraction: 0.9994735787018112
mean: 2819.219780949485
nL: 9.14002088400697
nR: 1.6942980529934508
norm: 1.9913980923914611
sigma: 123.88840738157502
sigmaL: 129.80187568757424
sigmaR: 60.21047567884299
widthL: 129.80187568757424
widthR: 60.21047567884299
x0: 2819.219780949485
