alphaL: 1.0185262266882302
alphaR: 1.3771469354437913
event_sum: 7.079251334556983
fraction: 0.7688705397425285
mean: 1817.9700819856366
nL: 0.41189113959248824
nR: 4.355772600681798
norm: 4.623436521943437
sigma: 185.0
sigmaL: 165.67689689150882
sigmaR: 103.52924051332052
widthL: 165.67689689150882
widthR: 103.52924051332052
x0: 1817.9700819856366
