alphaL: 1.3668461898007838
alphaR: 0.8945026297376171
event_sum: 6.364133427634531
fraction: 0.8147043678605823
mean: 1845.7782329772742
nL: 0.4
nR: 4.477576141950233
norm: 5.047017475922494
sigma: 185.0
sigmaL: 190.93046085351273
sigmaR: 66.07006681551634
widthL: 190.93046085351273
widthR: 66.07006681551634
x0: 1845.7782329772742
