alphaL: 1.4015780144164827
alphaR: 1.4659805202930987
event_sum: 0.5361666918767992
mean: 1824.251020912936
nL: 0.22467736602816926
nR: 2.411153091891296
norm: 0.5361666918767992
sigma: 185.0
sigmaL: 177.18653317754348
sigmaR: 98.41576630036852
widthL: 177.18653317754348
widthR: 98.41576630036852
x0: 1824.251020912936
