alphaL: 1.3209702903759215
alphaR: 1.7427803814395253
event_sum: 0.49940567746103337
mean: 1828.3617489575358
nL: 0.10984048729684334
nR: 1.9694443137169597
norm: 0.49940567746103337
sigma: 185.0
sigmaL: 186.7011249423753
sigmaR: 102.17801445788643
widthL: 186.7011249423753
widthR: 102.17801445788643
x0: 1828.3617489575358
