alphaL: 0.6953522410644101
alphaR: 1.0035951515688029
event_sum: 0.5683425548355618
mean: 1868.35416361104
nL: 0.9976642449254202
nR: 2.4654221847539137
norm: 0.5683425548355618
sigma: 185.0
sigmaL: 231.63941984102146
sigmaR: 57.78844073848423
widthL: 231.63941984102146
widthR: 57.78844073848423
x0: 1868.35416361104
