alphaL: 0.9364489835933676
alphaR: 1.137845118639223
event_sum: 0.5761398689091692
mean: 1844.9694964534974
nL: 1.0074094864323062
nR: 3.1613119877389027
norm: 0.5761398689091692
sigma: 185.0
sigmaL: 175.82751865850815
sigmaR: 74.11498781241133
widthL: 175.82751865850815
widthR: 74.11498781241133
x0: 1844.9694964534974
