alphaL: 1.1681377669492456
alphaR: 0.8829210895695379
event_sum: 3.0528973820619285
fraction: 0.7367595606289684
mean: 2587.6672315590868
nL: 0.41428101936590256
nR: 3.127082135475575
norm: 1.5606449875049293
sigma: 260.0
sigmaL: 319.5579751815425
sigmaR: 80.90633393231774
widthL: 319.5579751815425
widthR: 80.90633393231774
x0: 2587.6672315590868
