alphaL: 1.0718757028226789
alphaR: 1.0506012570130572
event_sum: 0.15717661601229338
mean: 2627.2987163836233
nL: 0.10362633224410171
nR: 1.4051685376677194
norm: 0.15717661601229338
sigma: 260.0
sigmaL: 335.2181865233855
sigmaR: 49.6957737037697
widthL: 335.2181865233855
widthR: 49.6957737037697
x0: 2627.2987163836233
