alphaL: 0.32451649495298995
alphaR: 0.8351528624277722
event_sum: 0.1930594539589947
mean: 2639.054219894806
nL: 1.00000888297244
nR: 2.842588716128506
norm: 0.1930594539589947
sigma: 260.0
sigmaL: 527.1739425584736
sigmaR: 61.75415672019082
widthL: 527.1739425584736
widthR: 61.75415672019082
x0: 2639.054219894806
