alphaL: 0.6766851031637762
alphaR: 0.8974552322102026
event_sum: 0.465634632302681
mean: 2599.644667517305
nL: 1.0000069611983113
nR: 1.8960916048439056
norm: 0.465634632302681
sigma: 260.0
sigmaL: 340.284779985541
sigmaR: 63.73744233275055
widthL: 340.284779985541
widthR: 63.73744233275055
x0: 2599.644667517305
