alphaL: 0.8047226511595174
alphaR: 1.0855817952485625
event_sum: 0.15021173271816224
mean: 2577.937488453427
nL: 0.20016500550820676
nR: 1.4790073769995051
norm: 0.15021173271816224
sigma: 155.59673703363774
sigmaL: 219.6826667924618
sigmaR: 96.51179001585872
widthL: 219.6826667924618
widthR: 96.51179001585872
x0: 2577.937488453427
