alphaL: 0.6918518593006691
alphaR: 0.8946395855009327
event_sum: 0.24049243699846556
mean: 2603.109419024227
nL: 1.0000000184576903
nR: 1.9508477008008125
norm: 0.24049243699846556
sigma: 260.0
sigmaL: 344.7753341554373
sigmaR: 64.21734903246447
widthL: 344.7753341554373
widthR: 64.21734903246447
x0: 2603.109419024227
