alphaL: 0.8292756812736128
alphaR: 0.9342406536022185
event_sum: 0.10269936044642236
mean: 2598.1687761276785
nL: 0.20000237753149916
nR: 1.006267383645799
norm: 0.10269936044642236
sigma: 155.59673703363774
sigmaL: 250.88958868337446
sigmaR: 51.93459208885722
widthL: 250.88958868337446
widthR: 51.93459208885722
x0: 2598.1687761276785
