alphaL: 1.3368123363506987
alphaR: 0.8528214794454748
event_sum: 0.2092044550809078
mean: 2589.269361530256
nL: 0.1082928509083936
nR: 2.4925812857043033
norm: 0.2092044550809078
sigma: 260.0
sigmaL: 318.3696403322052
sigmaR: 74.6463121104988
widthL: 318.3696403322052
widthR: 74.6463121104988
x0: 2589.269361530256
