alphaL: 0.6918894595898007
alphaR: 0.894547920128868
event_sum: 0.24049243699846556
mean: 2603.0514918930457
nL: 1.000000018422892
nR: 1.9506877833179557
norm: 0.24049243699846556
sigma: 260.0
sigmaL: 344.7534991605441
sigmaR: 64.22491937342326
widthL: 344.7534991605441
widthR: 64.22491937342326
x0: 2603.0514918930457
