alphaL: 0.8852795962344325
alphaR: 0.9427006809661118
event_sum: 0.37388367157109315
mean: 2594.6415755712246
nL: 1.0000593447378836
nR: 1.9864649265208794
norm: 0.37388367157109315
sigma: 260.0
sigmaL: 295.25692870534397
sigmaR: 69.21330084180818
widthL: 295.25692870534397
widthR: 69.21330084180818
x0: 2594.6415755712246
