alphaL: 0.316493852653257
alphaR: 0.8353661608874147
event_sum: 0.1930594539589947
mean: 2636.6208879863343
nL: 1.0000089135021746
nR: 2.918637230743633
norm: 0.1930594539589947
sigma: 260.0
sigmaL: 529.8686531144295
sigmaR: 62.21353644137017
widthL: 529.8686531144295
widthR: 62.21353644137017
x0: 2636.6208879863343
