alphaL: 0.7090014832338625
alphaR: 0.6453825164962712
event_sum: 3.767393574176822
fraction: 0.646925605153525
mean: 2588.7139756852625
nL: 0.400001663263346
nR: 3.439435854079086
norm: 1.1223144000396132
sigma: 260.0
sigmaL: 257.8155562155728
sigmaR: 58.4603748357727
widthL: 257.8155562155728
widthR: 58.4603748357727
x0: 2588.7139756852625
