alphaL: 0.9592977437192705
alphaR: 1.389794857902433
event_sum: 0.3635908275604696
mean: 2851.401634497869
nL: 0.9752790085544991
nR: 3.017901497338448
norm: 0.3635908275604696
sigma: 162.4
sigmaL: 179.25429269279007
sigmaR: 114.20722389601809
widthL: 179.25429269279007
widthR: 114.20722389601809
x0: 2851.401634497869
