alphaL: 1.0228542921883992
alphaR: 1.5775979182029922
event_sum: 0.34509603955530066
mean: 2825.8662484227066
nL: 0.14635341591368367
nR: 2.462521360292256
norm: 0.34509603955530066
sigma: 162.4
sigmaL: 162.4902132671184
sigmaR: 144.55341410571174
widthL: 162.4902132671184
widthR: 144.55341410571174
x0: 2825.8662484227066
