alphaL: 1.0809920166410012
alphaR: 1.8321098164264316
event_sum: 0.19092788816158104
mean: 2822.990641835713
nL: 1.0037659239791694
nR: 3.810742746282528
norm: 0.19092788816158104
sigma: 162.4
sigmaL: 189.1525151691199
sigmaR: 143.39087602821084
widthL: 189.1525151691199
widthR: 143.39087602821084
x0: 2822.990641835713
