alphaL: 1.2800287811693996
alphaR: 1.4423037970090633
event_sum: 6.873245364185447
fraction: 0.8142407005477028
mean: 2855.2110905417817
nL: 0.660871128941297
nR: 3.564923277411471
norm: 3.7918045484935123
sigma: 162.4
sigmaL: 219.08957689489193
sigmaR: 116.77891121330593
widthL: 219.08957689489193
widthR: 116.77891121330593
x0: 2855.2110905417817
