alphaL: 0.8548330027172854
alphaR: 1.2885474745793821
event_sum: 0.17823203820654226
mean: 2858.069787173247
nL: 2.4219200993126355
nR: 2.5826462549450158
norm: 0.17823203820654226
sigma: 162.4
sigmaL: 184.74115499525024
sigmaR: 97.55045180033484
widthL: 184.74115499525024
widthR: 97.55045180033484
x0: 2858.069787173247
