alphaL: 1.3299006823996096
alphaR: 1.1116380098266756
event_sum: 7.097831421334967
fraction: 0.7220378128869263
mean: 2850.0
nL: 0.4
nR: 3.6278516293422305
norm: 2.058243873997619
sigma: 162.4
sigmaL: 185.7963520363821
sigmaR: 99.75670759044482
widthL: 185.7963520363821
widthR: 99.75670759044482
x0: 2850.0
