alphaL: 1.0544019450865763
alphaR: 1.6975750056318577
event_sum: 2.3592460911797506
mean: 3343.678707820163
nL: 4.513564416005934
nR: 2.784865352930323
norm: 2.3592460911797506
sigma: 300.9583117800854
sigmaL: 114.18603283500015
sigmaR: 81.25289658001185
widthL: 114.18603283500015
widthR: 81.25289658001185
x0: 3343.678707820163
