alphaL: 1.408490705783329
alphaR: 1.6522335386548463
event_sum: 5.173560684739904
mean: 3359.499958774958
nL: 4.4994975057353415
nR: 2.6958618623262924
norm: 5.173560684739904
sigma: 300.9583117800854
sigmaL: 144.61329556176207
sigmaR: 66.8015793625165
widthL: 144.61329556176207
widthR: 66.8015793625165
x0: 3359.499958774958
