alphaL: 1.04536981957607
alphaR: 1.7532302059727924
event_sum: 2.3478775537778507
mean: 3344.2257829311416
nL: 4.86750921273609
nR: 2.9782920663424224
norm: 2.3478775537778507
sigma: 300.9583117800854
sigmaL: 114.67497636615008
sigmaR: 81.93889666312865
widthL: 114.67497636615008
widthR: 81.93889666312865
x0: 3344.2257829311416
