alphaL: 0.7228798444992948
alphaR: 1.827818633018984
event_sum: 22.697943244668522
fraction: 0.9985637135576337
mean: 3337.2129338068526
nL: 10.0
nR: 2.5554695227594615
norm: 22.238662883766366
sigma: 297.9096501688255
sigmaL: 92.74009204398573
sigmaR: 83.75376856579288
widthL: 92.74009204398573
widthR: 83.75376856579288
x0: 3337.2129338068526
