alphaL: 1.3126889788017841
alphaR: 2.002231490009568
event_sum: 3.2750621124908643
fraction: 0.9991291956214566
mean: 3352.742276272943
nL: 9.055808061630886
nR: 3.4638579654132005
norm: 3.274132488278685
sigma: 150.99251272109248
sigmaL: 142.16995669575687
sigmaR: 69.54760430579964
widthL: 142.16995669575687
widthR: 69.54760430579964
x0: 3352.742276272943
