alphaL: 0.9444489938379226
alphaR: 1.6597144950697462
event_sum: 49.228257177709025
fraction: 0.9993396060855001
mean: 3348.2479368067916
nL: 9.959326103017295
nR: 3.604470744024053
norm: 49.011148128043295
sigma: 297.9096501688255
sigmaL: 114.88659738387962
sigmaR: 72.5759753042368
widthL: 114.88659738387962
widthR: 72.5759753042368
x0: 3348.2479368067916
