alphaL: 1.2373091954486661
alphaR: 1.7579447498213725
event_sum: 5.162297070657408
mean: 3353.1371056563107
nL: 4.8978109719592995
nR: 2.668459906820404
norm: 5.162297070657408
sigma: 300.9583117800854
sigmaL: 131.94586394203867
sigmaR: 71.13554393823345
widthL: 131.94586394203867
widthR: 71.13554393823345
x0: 3353.1371056563107
