alphaL: 1.11639163539401
alphaR: 1.9188011870729489
event_sum: 2.2972252092505574
mean: 3346.621097559747
nL: 4.579057579479816
nR: 2.7462442604217916
norm: 2.2972252092505574
sigma: 150.63649597493279
sigmaL: 118.85283281958489
sigmaR: 74.78602107364031
widthL: 118.85283281958489
widthR: 74.78602107364031
x0: 3346.621097559747
