alphaL: 1.0309866834724841
alphaR: 1.9256226285785385
event_sum: 2.082298225817776
fraction: 0.9928678048092546
mean: 3344.6348178915528
nL: 11.942710662883114
nR: 3.174737504065837
norm: 2.0788655549361374
sigma: 148.7006322078556
sigmaL: 115.46446170318141
sigmaR: 75.41960968337249
widthL: 115.46446170318141
widthR: 75.41960968337249
x0: 3344.6348178915528
