alphaL: 0.5542273534012083
alphaR: 2.435680915544637
event_sum: 3.510059636663427
mean: 3329.2440225501578
nL: 4.5680751184400865
nR: 2.4339129443410297
norm: 3.510059636663427
sigma: 150.63649597493279
sigmaL: 76.67275886448807
sigmaR: 80.51523635599591
widthL: 76.67275886448807
widthR: 80.51523635599591
x0: 3329.2440225501578
