alphaL: 1.4043485527248463
alphaR: 2.1102417820975847
event_sum: 3.529100189455174
mean: 3353.0615693207624
nL: 4.496423921450876
nR: 2.9560068515157853
norm: 3.529100189455174
sigma: 150.63649597493279
sigmaL: 143.3075764475742
sigmaR: 70.4394427504118
widthL: 143.3075764475742
widthR: 70.4394427504118
x0: 3353.0615693207624
