alphaL: 1.1642525169204923
alphaR: 1.8757672469191657
event_sum: 2.082298225817776
fraction: 0.9991886328916386
mean: 3350.8460782823436
nL: 9.665161263522677
nR: 2.8273269562974543
norm: 2.0799242275095673
sigma: 150.99251272109248
sigmaL: 125.93357186039363
sigmaR: 71.58734764184328
widthL: 125.93357186039363
widthR: 71.58734764184328
x0: 3350.8460782823436
