alphaL: 1.3501668888522633
alphaR: 1.6681204658867603
event_sum: 2.3112791073215697
mean: 3354.3472624685587
nL: 4.455669958421823
nR: 4.157172007040717
norm: 2.3112791073215697
sigma: 150.63649597493279
sigmaL: 134.2504994371868
sigmaR: 70.11604537777299
widthL: 134.2504994371868
widthR: 70.11604537777299
x0: 3354.3472624685587
