alphaL: 0.9865270479565529
alphaR: 1.9248649888985947
event_sum: 2.0788655549361374
mean: 3342.755330820028
nL: 12.991679285734085
nR: 3.304920321320786
norm_2016: 2.0788655549361374
norm_2017: 2.0788655549361374
norm_2018: 2.0788655549361374
norm_Run2: 2.0788655549361374
sigma: 148.7006322078556
sigmaL: 111.82138031819225
sigmaR: 77.09255299317255
widthL: 111.82138031819225
widthR: 77.09255299317255
x0: 3342.755330820028
