alphaL: 1.0309866834724841
alphaR: 1.9256226285785385
event_sum: 2.0788655549361374
mean: 3344.6348178915528
nL: 11.942710662883114
nR: 3.174737504065837
norm_2016: 0.6461405770156838
norm_2017: 0.642526301713602
norm_2018: 1.0002406996975264
norm_Run2: 2.0788655549361374
sigma: 148.7006322078556
sigmaL: 115.46446170318141
sigmaR: 75.41960968337249
widthL: 115.46446170318141
widthR: 75.41960968337249
x0: 3344.6348178915528
