alphaL: 0.8920833305966454
alphaR: 2.1601593849871183
event_sum: 3.2720065840009274
mean: 3340.9116216797584
nL: 25.93860646277751
nR: 3.48116827714124
norm_2016: 0.8435069540482338
norm_2017: 1.1447119930944696
norm_2018: 1.5225633806381145
norm_Run2: 3.5107823277808192
sigma: 148.7006322078556
sigmaL: 111.7120876716865
sigmaR: 75.74547077285712
widthL: 111.7120876716865
widthR: 75.74547077285712
x0: 3340.9116216797584
