alphaL: 0.7664359410710502
alphaR: 1.256516052686389
event_sum: 1.5693241541808394
mean: 3303.570431905451
nL: 0.10000462755254878
nR: 6.185344709011147
norm_2016: 0.4761789165198581
norm_2017: 0.48820109893347186
norm_2018: 0.6288229939684745
norm_Run2: 1.5693241541808394
sigma: 335.0
sigmaL: 362.42052785521537
sigmaR: 140.05058409175152
widthL: 362.42052785521537
widthR: 140.05058409175152
x0: 3303.570431905451
