alphaL: 0.7532099338521808
alphaR: 1.3774760463529063
event_sum: 1.5693241541808394
mean: 3290.258685266867
nL: 0.10009374322798308
nR: 5.195248004635081
norm_2016: 1.5693241541808394
norm_2017: 1.5693241541808394
norm_2018: 1.5693241541808394
norm_Run2: 1.5693241541808394
sigma: 335.0
sigmaL: 331.03914073813337
sigmaR: 150.74649224672507
widthL: 331.03914073813337
widthR: 150.74649224672507
x0: 3290.258685266867
