alphaL: 0.7277619497492471
alphaR: 1.5786162711003466
event_sum: 22.105515510066738
mean: 3345.9239547925017
nL: 21.858340253666267
nR: 3.2508189758995485
norm_2016: 22.105515510066738
norm_2017: 22.105515510066738
norm_2018: 22.105515510066738
norm_Run2: 22.105515510066738
sigma: 303.719980231188
sigmaL: 97.96857517819234
sigmaR: 78.93304079571011
widthL: 97.96857517819234
widthR: 78.93304079571011
x0: 3345.9239547925017
