alphaL: 0.7532099338521808
alphaR: 1.3774760463529063
event_sum: 1.5693241541808394
mean: 3290.258685266867
nL: 0.10009374322798308
nR: 5.195248004635081
norm_2016: 0.4761789165198581
norm_2017: 0.48820109893347186
norm_2018: 0.6288229939684745
norm_Run2: 1.5932030094218044
sigma: 335.0
sigmaL: 331.03914073813337
sigmaR: 150.74649224672507
widthL: 331.03914073813337
widthR: 150.74649224672507
x0: 3290.258685266867
