alphaL: 1.0714550134808958
alphaR: 1.2074799418166624
event_sum: 1.7753099838216853
mean: 3292.3911322864747
nL: 0.5298591170465783
nR: 8.732967114809114
norm_2016: 1.7753099838216853
norm_2017: 1.7753099838216853
norm_2018: 1.7753099838216853
norm_Run2: 1.7753099838216853
sigma: 187.6
sigmaL: 222.0115571999896
sigmaR: 135.39113292736786
widthL: 222.0115571999896
widthR: 135.39113292736786
x0: 3292.3911322864747
