alphaL: 0.8753311708035839
alphaR: 1.9281141440053404
event_sum: 4.12056432773745
mean: 3300.3370807491488
nL: 1.0973894925683885
nR: 1.860025274041771
norm_2016: 0.7956135978285609
norm_2017: 1.3100538950613887
norm_2018: 2.07608627748579
norm_Run2: 4.12056432773745
sigma: 187.6
sigmaL: 187.26110675519473
sigmaR: 134.72355366613758
widthL: 187.26110675519473
widthR: 134.72355366613758
x0: 3300.3370807491488
