alphaL: 0.6033751884749962
alphaR: 2.093003218265346
event_sum: 48.85462769435094
mean: 3339.0604508074102
nL: 121.8808728074362
nR: 1.7880062526911487
norm_2016: 48.85462769435094
norm_2017: 48.85462769435094
norm_2018: 48.85462769435094
norm_Run2: 48.85462769435094
sigma: 303.719980231188
sigmaL: 85.98017439935192
sigmaR: 79.39033570582572
widthL: 85.98017439935192
widthR: 79.39033570582572
x0: 3339.0604508074102
