alphaL: 0.750814651676263
alphaR: 1.4824652236759122
event_sum: 2.7408063437689107
mean: 3263.0240571469926
nL: 0.27284560719356965
nR: 4.691749348785683
norm_2016: 0.7481239767496639
norm_2017: 0.956253479837249
norm_2018: 1.0597590541663768
norm_Run2: 2.764136510753289
sigma: 335.0
sigmaL: 275.8855579854198
sigmaR: 165.0912199295577
widthL: 275.8855579854198
widthR: 165.0912199295577
x0: 3263.0240571469926
