alphaL: 0.8197712156411746
alphaR: 2.192223455542524
event_sum: 4.12056432773745
mean: 3267.4736625304363
nL: 1.0454827985421122
nR: 1.4124160130014345
norm_2016: 0.7956135978285609
norm_2017: 1.3100538950613887
norm_2018: 2.07608627748579
norm_Run2: 4.12056432773745
sigma: 187.6
sigmaL: 140.1538180213749
sigmaR: 154.9186871385587
widthL: 140.1538180213749
widthR: 154.9186871385587
x0: 3267.4736625304363
