alphaL: 1.108670717467095
alphaR: 2.110144156117921
event_sum: 4.4797189316134
fraction: 0.9986880057093694
mean: 2344.0092413909106
nL: 9.985689304252038
nR: 3.1060610312415835
norm: 4.478023339425049
sigma: 110.50690170490793
sigmaL: 91.8115248267772
sigmaR: 54.8023712063762
widthL: 91.8115248267772
widthR: 54.8023712063762
x0: 2344.0092413909106
