alphaL: 0.8212975581941725
alphaR: 2.0821125709046138
event_sum: 14.568761102203549
fraction: 0.9952591880014632
mean: 2342.842486814081
nL: 61.1956297033188
nR: 3.2822108222661974
norm: 4.136321679474637
sigma: 108.28838864164213
sigmaL: 74.04049131988245
sigmaR: 61.44848372210136
widthL: 74.04049131988245
widthR: 61.44848372210136
x0: 2342.842486814081
