alphaL: 1.060733172874779
alphaR: 1.916095934208277
event_sum: 4.148148992325149
fraction: 0.9990546104502267
mean: 2343.0962700053933
nL: 9.970366075821206
nR: 4.30281325045055
norm: 4.146233834243015
sigma: 110.50690170490793
sigmaL: 83.28462720663498
sigmaR: 58.06879216889361
widthL: 83.28462720663498
widthR: 58.06879216889361
x0: 2343.0962700053933
