alphaL: 0.6043902038461818
alphaR: 2.1407036084958375
event_sum: 7.464433251170243
fraction: 0.9965718981720683
mean: 2334.785641357122
nL: 10.0
nR: 1.8647743704950777
norm: 7.436903639712046
sigma: 138.79963574508787
sigmaL: 51.47523422569574
sigmaR: 68.09156035723892
widthL: 51.47523422569574
widthR: 68.09156035723892
x0: 2334.785641357122
