alphaL: 1.124711743259005
alphaR: 2.2561842704054116
event_sum: 4.693409677411425
mean: 2343.0806030918015
nL: 4.243294351379786
nR: 2.493024007358669
norm: 4.693409677411425
sigma: 110.03133562837208
sigmaL: 89.82141306735791
sigmaR: 55.43934526594407
widthL: 89.82141306735791
widthR: 55.43934526594407
x0: 2343.0806030918015
