alphaL: 0.9313142074390377
alphaR: 1.961680249519766
event_sum: 0.7908283810169021
mean: 2337.496509456192
nL: 4.528093028564249
nR: 2.5147118671150803
norm: 0.7908283810169021
sigma: 138.87329873381816
sigmaL: 68.15883311475343
sigmaR: 66.79255444324296
widthL: 68.15883311475343
widthR: 66.79255444324296
x0: 2337.496509456192
