alphaL: 1.0038614442854583
alphaR: 2.053929367049451
event_sum: 0.7882960509309993
mean: 2344.556205427254
nL: 4.133603310451181
nR: 1.8620138012704968
norm: 0.7882960509309993
sigma: 138.87329873381816
sigmaL: 78.96027079800533
sigmaR: 63.75942690342175
widthL: 78.96027079800533
widthR: 63.75942690342175
x0: 2344.556205427254
