alphaL: 1.381153216983361
alphaR: 1.9424525787436098
event_sum: 4.715757130286625
mean: 2351.503027289816
nL: 4.502160959153355
nR: 3.5933424656411637
norm: 4.715757130286625
sigma: 110.03133562837208
sigmaL: 104.93002223528629
sigmaR: 50.22868308518388
widthL: 104.93002223528629
widthR: 50.22868308518388
x0: 2351.503027289816
