alphaL: 1.2960045580772455
alphaR: 1.883042014827877
event_sum: 1.1346580317431147
mean: 2354.0484481080157
nL: 4.177105897095636
nR: 2.064796450581163
norm: 1.1346580317431147
sigma: 138.87329873381816
sigmaL: 102.9361935754704
sigmaR: 50.91864779278259
widthL: 102.9361935754704
widthR: 50.91864779278259
x0: 2354.0484481080157
