alphaL: 1.0757280442204196
alphaR: 2.117657074562687
event_sum: 4.340125728509659
mean: 2341.656026141129
nL: 4.761047982143357
nR: 2.8713345449231817
norm: 4.340125728509659
sigma: 110.03133562837208
sigmaL: 79.86139514713375
sigmaR: 59.25580430781071
widthL: 79.86139514713375
widthR: 59.25580430781071
x0: 2341.656026141129
