alphaL: 0.8837135259673112
alphaR: 2.26193954843652
event_sum: 17.22098555898558
fraction: 0.9945222324479774
mean: 2345.3089204124954
nL: 131.84487201189236
nR: 2.4667430267262462
norm: 4.462223324849864
sigma: 108.28838864164213
sigmaL: 83.41755464798487
sigmaR: 56.2443923351052
widthL: 83.41755464798487
widthR: 56.2443923351052
x0: 2345.3089204124954
