alphaL: 1.0947843983063925
alphaR: 1.9652694308145806
event_sum: 10.679253963379104
fraction: 0.9968203902087004
mean: 2351.145480147007
nL: 9.957933656190207
nR: 1.957210334517478
norm: 10.664609588757639
sigma: 138.79963574508787
sigmaL: 95.38247824281157
sigmaR: 52.52229200494851
widthL: 95.38247824281157
widthR: 52.52229200494851
x0: 2351.145480147007
