alphaL: 1.4272554149543226
alphaR: 1.8561375699841678
event_sum: 1.1365711841182715
mean: 2358.044737826241
nL: 4.486931353171217
nR: 2.0850782402166543
norm: 1.1365711841182715
sigma: 138.87329873381816
sigmaL: 109.56600545802253
sigmaR: 48.64487720532519
widthL: 109.56600545802253
widthR: 48.64487720532519
x0: 2358.044737826241
