alphaL: 1.2675271927858378
alphaR: 2.082535849258396
event_sum: 4.357165351859787
mean: 2346.340559347481
nL: 4.56816396698382
nR: 2.779750315049953
norm: 4.357165351859787
sigma: 110.03133562837208
sigmaL: 90.13927442678354
sigmaR: 56.703851771178755
widthL: 90.13927442678354
widthR: 56.703851771178755
x0: 2346.340559347481
