alphaL: 0.9101923471149962
alphaR: 2.0058095171317936
event_sum: 3.348973490541222
fraction: 0.993091763756267
mean: 3092.7680607172815
nL: 16.59410858724548
nR: 2.956270398140458
norm: 1.0754616790309204
sigma: 139.15265110625822
sigmaL: 99.7437049059947
sigmaR: 73.11235494190825
widthL: 99.7437049059947
widthR: 73.11235494190825
x0: 3092.7680607172815
