alphaL: 1.9428085577284644
alphaR: 2.1472946330105507
event_sum: 1.5709961477160563
mean: 3129.6114333645237
nL: 4.569040064686684
nR: 1.26231292153133
norm: 1.5709961477160563
sigma: 241.30434501028247
sigmaL: 180.37463737368088
sigmaR: 62.79951877687399
widthL: 180.37463737368088
widthR: 62.79951877687399
x0: 3129.6114333645237
