alphaL: 1.1502841885076482
alphaR: 2.0047516081998933
event_sum: 0.7402641423470524
mean: 3093.930276370637
nL: 4.627698846484946
nR: 1.807471974925857
norm: 0.7402641423470524
sigma: 241.30434501028247
sigmaL: 104.84858428306066
sigmaR: 84.2052795617367
widthL: 104.84858428306066
widthR: 84.2052795617367
x0: 3093.930276370637
