alphaL: 1.2114333314963779
alphaR: 1.9874877980224415
event_sum: 0.7390400068375529
mean: 3091.7447752496296
nL: 4.424154677260243
nR: 1.8880780464833817
norm: 0.7390400068375529
sigma: 241.30434501028247
sigmaL: 105.50147131532984
sigmaR: 85.15759877190483
widthL: 105.50147131532984
widthR: 85.15759877190483
x0: 3091.7447752496296
