alphaL: 1.3009281597979205
alphaR: 1.0706530887489152
event_sum: 7.4892221206266525
fraction: 0.9990677772035642
mean: 3121.007756786423
nL: 8.458341745983647
nR: 4.5
norm: 7.396044562087981
sigma: 238.71113010765396
sigmaL: 133.3751167572499
sigmaR: 56.361975451788396
widthL: 133.3751167572499
widthR: 56.361975451788396
x0: 3121.007756786423
