alphaL: 1.3691453200313264
alphaR: 2.2201166280367186
event_sum: 1.5717570692245335
mean: 3108.642756962825
nL: 4.597561229316332
nR: 1.381207832420642
norm: 1.5717570692245335
sigma: 241.30434501028247
sigmaL: 128.99645650397667
sigmaR: 72.69336776219072
widthL: 128.99645650397667
widthR: 72.69336776219072
x0: 3108.642756962825
