alphaL: 1.2482488497204312
alphaR: 2.315077828908644
event_sum: 1.7522844836769638
fraction: 0.9992939032017342
mean: 3107.899553311711
nL: 9.819283647509069
nR: 2.035896674535111
norm: 1.7520742802197102
sigma: 135.75504625099683
sigmaL: 124.87475108488863
sigmaR: 66.63467749057253
widthL: 124.87475108488863
widthR: 66.63467749057253
x0: 3107.899553311711
