alphaL: 1.7576460141002361
alphaR: 0.01
event_sum: 1.743881544637268
mean: 3169.011854156262
nL: 4.73389630853455
nR: 4.9285865163026035
norm: 1.743881544637268
sigma: 135.99348910426164
sigmaL: 175.02613384664232
sigmaR: 5.0
widthL: 175.02613384664232
widthR: 5.0
x0: 3169.011854156262
