alphaL: 1.5383472700648757
alphaR: 1.4149136662511725
event_sum: 1.0756284970320629
mean: 3120.7653585509534
nL: 4.26482597921778
nR: 3.9208244928763216
norm: 1.0756284970320629
sigma: 135.99348910426164
sigmaL: 137.41105623679346
sigmaR: 56.521358022933974
widthL: 137.41105623679346
widthR: 56.521358022933974
x0: 3120.7653585509534
