alphaL: 3.0
alphaR: 2.1494636780237677
event_sum: 1.0783872665597172
fraction: 1.0000124371543482
mean: 3149.2798962212582
nL: 8.850320082105243
nR: 1.0
norm: 1.077928071439586
sigma: 135.75504625099683
sigmaL: 191.6115942851739
sigmaR: 50.114522984702226
widthL: 191.6115942851739
widthR: 50.114522984702226
x0: 3149.2798962212582
