alphaL: 1.3607048055758653
alphaR: 2.4939452127000856
event_sum: 1.7501575652114312
mean: 3107.256746526246
nL: 4.479476403080856
nR: 1.3866805087568876
norm: 1.7501575652114312
sigma: 135.99348910426164
sigmaL: 125.41791243545327
sigmaR: 66.68078754250993
widthL: 125.41791243545327
widthR: 66.68078754250993
x0: 3107.256746526246
