alphaL: 1.2161161275268504
alphaR: 1.536209596219194
event_sum: 1.0708604956349392
mean: 3110.4708589400857
nL: 4.2861963012962985
nR: 4.452985317630737
norm: 1.0708604956349392
sigma: 135.99348910426164
sigmaL: 116.83948720855345
sigmaR: 63.84354812741319
widthL: 116.83948720855345
widthR: 63.84354812741319
x0: 3110.4708589400857
