alphaL: 0.8785831159113988
alphaR: 2.3111488601237715
event_sum: 15.745841265256388
fraction: 0.9989068918811528
mean: 3096.2085914059708
nL: 9.992143669060697
nR: 1.4487856197288684
norm: 15.705410039540311
sigma: 238.71113010765396
sigmaL: 97.39019356305027
sigmaR: 78.78674421913476
widthL: 97.39019356305027
widthR: 78.78674421913476
x0: 3096.2085914059708
