alphaL: 1.0561042673924361
alphaR: 1.9611923245188159
event_sum: 2.7622949030576938
fraction: 0.9990003069297871
mean: 2544.6411400661377
nL: 9.872861969025829
nR: 3.5325626666414456
norm: 2.7608088830581314
sigma: 117.25829562072437
sigmaL: 89.3642899322369
sigmaR: 60.59513012153406
widthL: 89.3642899322369
widthR: 60.59513012153406
x0: 2544.6411400661377
