alphaL: 1.2792637154611715
alphaR: 2.0930007568895417
event_sum: 2.9145939299255823
mean: 2544.2263817656144
nL: 3.8657885982386544
nR: 3.6641979742020174
norm: 2.9145939299255823
sigma: 117.14003628904528
sigmaL: 94.63043930918379
sigmaR: 62.10854800643619
widthL: 94.63043930918379
widthR: 62.10854800643619
x0: 2544.2263817656144
