alphaL: 0.9364959768873269
alphaR: 1.70833797817566
event_sum: 7.378403897648465
fraction: 0.9973939350605272
mean: 2552.672566935655
nL: 9.724504451792216
nR: 2.4988645862194185
norm: 7.348756664689127
sigma: 151.45112775255689
sigmaL: 88.62814924938326
sigmaR: 58.09628810555184
widthL: 88.62814924938326
widthR: 58.09628810555184
x0: 2552.672566935655
