alphaL: 1.0050077926474892
alphaR: 2.1233769095718356
event_sum: 11.326775448527453
fraction: 0.997071974948025
mean: 2548.494864731822
nL: 9.989284473259714
nR: 1.6864184423929243
norm: 11.306571793225267
sigma: 151.45112775255689
sigmaL: 95.1546555741653
sigmaR: 58.149394336996814
widthL: 95.1546555741653
widthR: 58.149394336996814
x0: 2548.494864731822
