alphaL: 1.303534077750381
alphaR: 2.082140849104619
event_sum: 1.1763026694632233
mean: 2553.1425744959365
nL: 4.496412406115285
nR: 1.6971627460134333
norm: 1.1763026694632233
sigma: 151.84470142488618
sigmaL: 108.00928168718727
sigmaR: 55.83929453084174
widthL: 108.00928168718727
widthR: 55.83929453084174
x0: 2553.1425744959365
