alphaL: 0.8581407523016796
alphaR: 2.2501587342729232
event_sum: 12.717849072442908
fraction: 0.9929082543595955
mean: 2543.7487713687915
nL: 77.5648714383605
nR: 2.550912384530408
norm: 3.3013347097208956
sigma: 115.40575085725196
sigmaL: 86.76892701273646
sigmaR: 60.66231896780877
widthL: 86.76892701273646
widthR: 60.66231896780877
x0: 2543.7487713687915
