alphaL: 1.322043474204905
alphaR: 1.9974787762450124
event_sum: 3.5106692015942653
mean: 2551.2930618850824
nL: 4.479698710272032
nR: 3.071578411120472
norm: 3.5106692015942653
sigma: 117.14003628904528
sigmaL: 108.91554375827783
sigmaR: 54.27730698935752
widthL: 108.91554375827783
widthR: 54.27730698935752
x0: 2551.2930618850824
