alphaL: 1.0788050649392478
alphaR: 1.9145332892137332
event_sum: 2.9036899004478203
mean: 2544.9610364455343
nL: 4.681398118625281
nR: 3.644350470921702
norm: 2.9036899004478203
sigma: 117.14003628904528
sigmaL: 87.70129212245632
sigmaR: 59.75996359963816
widthL: 87.70129212245632
widthR: 59.75996359963816
x0: 2544.9610364455343
