alphaL: 1.094131664467537
alphaR: 2.087030875984629
event_sum: 1.1738295192961172
mean: 2546.615596850708
nL: 4.6372264874413105
nR: 1.79370924091285
norm: 1.1738295192961172
sigma: 151.84470142488618
sigmaL: 94.53982555149078
sigmaR: 58.80052463025626
widthL: 94.53982555149078
widthR: 58.80052463025626
x0: 2546.615596850708
