alphaL: 1.16676934775124
alphaR: 1.855684810769218
event_sum: 0.7620966294486778
mean: 2551.8353340825574
nL: 3.641580954951695
nR: 2.0907555060860754
norm: 0.7620966294486778
sigma: 151.84470142488618
sigmaL: 95.9670245701779
sigmaR: 61.37860753731399
widthL: 95.9670245701779
widthR: 61.37860753731399
x0: 2551.8353340825574
