alphaL: 1.1108286660966293
alphaR: 2.1532036900595735
event_sum: 3.494421223514383
mean: 2545.497500099436
nL: 4.538924826234386
nR: 2.7204115557332873
norm: 3.494421223514383
sigma: 117.14003628904528
sigmaL: 96.94753042064217
sigmaR: 57.592882891342676
widthL: 96.94753042064217
widthR: 57.592882891342676
x0: 2545.497500099436
