alphaL: 1.2885655543443966
alphaR: 1.4768035871192022
event_sum: 0.7640072726546312
mean: 2559.5027581922113
nL: 3.970404322267727
nR: 3.183408034817375
norm: 0.7640072726546312
sigma: 151.84470142488618
sigmaL: 104.09645144735416
sigmaR: 53.805199182518855
widthL: 104.09645144735416
widthR: 53.805199182518855
x0: 2559.5027581922113
