alphaL: 1.0900813569494348
alphaR: 2.373214768880334
event_sum: 3.3164474465688083
fraction: 0.9984278727317065
mean: 2543.7147249185355
nL: 9.885541426361552
nR: 1.844638047671825
norm: 3.315936018990444
sigma: 117.25829562072437
sigmaL: 97.11896953630263
sigmaR: 59.492752404370535
widthL: 97.11896953630263
widthR: 59.492752404370535
x0: 2543.7147249185355
