alphaL: 0.6690273714916629
alphaR: 1.038605615408271
event_sum: 3.834211223637807
fraction: 0.6335689530320241
mean: 3026.578254925666
nL: 0.4
nR: 4.5
norm: 0.6193439682904632
sigma: 305.0
sigmaL: 339.11354901781135
sigmaR: 127.57273110888414
widthL: 339.11354901781135
widthR: 127.57273110888414
x0: 3026.578254925666
