alphaL: 0.09514962405551874
alphaR: 0.793226710962331
event_sum: 0.09993970388265519
mean: 3149.0681392868933
nL: 1.0006196345097174
nR: 4.012628970567618
norm: 0.09993970388265519
sigma: 305.0
sigmaL: 878.6034706346271
sigmaR: 76.46997238564727
widthL: 878.6034706346271
widthR: 76.46997238564727
x0: 3149.0681392868933
