alphaL: 0.934621555570547
alphaR: 0.7165817870094549
event_sum: 2.75147888634546
fraction: 0.7034731212746569
mean: 3050.4127224179974
nL: 0.5708420677319055
nR: 3.6482125837352344
norm: 0.9668242541803065
sigma: 305.0
sigmaL: 400.5906594605986
sigmaR: 68.45776127030064
widthL: 400.5906594605986
widthR: 68.45776127030064
x0: 3050.4127224179974
