alphaL: 0.8582106911657702
alphaR: 0.892639105774058
event_sum: 0.07419222402563729
mean: 3102.4844556560474
nL: 0.12851150263666533
nR: 1.4483474002849628
norm: 0.07419222402563729
sigma: 305.0
sigmaL: 362.2860686703282
sigmaR: 52.2698566235133
widthL: 362.2860686703282
widthR: 52.2698566235133
x0: 3102.4844556560474
