alphaL: 0.5994671163716128
alphaR: 0.8456272550836436
event_sum: 0.13014101774920558
mean: 3063.053690155276
nL: 1.0000215654776645
nR: 2.037845324291151
norm: 0.13014101774920558
sigma: 305.0
sigmaL: 461.56509271345897
sigmaR: 63.863670192523834
widthL: 461.56509271345897
widthR: 63.863670192523834
x0: 3063.053690155276
