alphaL: 0.9647874332109003
alphaR: 1.1654138177810691
event_sum: 0.111727559160553
mean: 3065.7569931344583
nL: 0.3829128555073259
nR: 1.2675984080318312
norm: 0.111727559160553
sigma: 305.0
sigmaL: 353.6609298165372
sigmaR: 63.3645157596477
widthL: 353.6609298165372
widthR: 63.3645157596477
x0: 3065.7569931344583
