alphaL: 0.7347507970637563
alphaR: 1.4308798702806311
event_sum: 0.07683895935573619
mean: 3058.837918971385
nL: 1.0061838781347672
nR: 4.091210380787631
norm: 0.07683895935573619
sigma: 173.6
sigmaL: 166.85002350410213
sigmaR: 113.70218086197379
widthL: 166.85002350410213
widthR: 113.70218086197379
x0: 3058.837918971385
