alphaL: 1.1634372528724788
alphaR: 1.5944720685350353
event_sum: 2.977086673152737
fraction: 0.7813660674136758
mean: 3050.3538394942243
nL: 0.7499187626314675
nR: 1.871231819568009
norm: 1.292324682744855
sigma: 173.6
sigmaL: 246.08011940160367
sigmaR: 130.29672733440387
widthL: 246.08011940160367
widthR: 130.29672733440387
x0: 3050.3538394942243
