alphaL: 0.9875563505301003
alphaR: 1.4314504339794132
event_sum: 0.14262894184731442
mean: 3049.1202308081884
nL: 0.9310587897729815
nR: 2.9961503392790387
norm: 0.14262894184731442
sigma: 173.6
sigmaL: 197.34000734444248
sigmaR: 121.65024837415231
widthL: 197.34000734444248
widthR: 121.65024837415231
x0: 3049.1202308081884
