alphaL: 1.4329088699209702
alphaR: 1.4594515596504831
event_sum: 0.07080324845314366
mean: 3113.1085117203415
nL: 0.1
nR: 1.9122414531811185
norm: 0.07080324845314366
sigma: 173.6
sigmaL: 286.0201770008334
sigmaR: 86.27447412285159
widthL: 286.0201770008334
widthR: 86.27447412285159
x0: 3113.1085117203415
