alphaL: 1.070034695287049
alphaR: 1.4384081062496241
event_sum: 3.5927380037960663
fraction: 0.7096248144013858
mean: 3066.8805793712577
nL: 0.420645257081401
nR: 3.1131556948477805
norm: 0.7120843480392912
sigma: 173.6
sigmaL: 186.47333836685246
sigmaR: 111.54307031109694
widthL: 186.47333836685246
widthR: 111.54307031109694
x0: 3066.8805793712577
