alphaL: 1.7273397615953392
alphaR: 1.1310023805508602
event_sum: 0.13436786435149609
mean: 3079.8325423936462
nL: 0.4131382640024953
nR: 2.1151947518951975
norm: 0.13436786435149609
sigma: 173.6
sigmaL: 291.03496152330194
sigmaR: 97.80520563814488
widthL: 291.03496152330194
widthR: 97.80520563814488
x0: 3079.8325423936462
