alphaL: 0.6209497204681794
alphaR: 2.1186247786294103
event_sum: 49.109572300659046
fraction: 0.9911958989499993
mean: 3140.5442072049723
nL: 131.02441240007934
nR: 1.7016983748724688
norm: 15.672178071903021
sigma: 254.2429313050415
sigmaL: 82.87959818066578
sigmaR: 75.41136912677835
widthL: 82.87959818066578
widthR: 75.41136912677835
x0: 3140.5442072049723
