alphaL: 0.867443820360938
alphaR: 2.2493799995098747
event_sum: 4.681757295083886
fraction: 0.9932759867019617
mean: 3141.2466277871245
nL: 38.55406829946296
nR: 2.750403072663522
norm: 1.6140378725468874
sigma: 141.0622473265777
sigmaL: 104.00310197782957
sigmaR: 72.1983610623279
widthL: 104.00310197782957
widthR: 72.1983610623279
x0: 3141.2466277871245
