alphaL: 1.3629296481574773
alphaR: 2.555923266387567
event_sum: 1.6144562658042796
mean: 3157.3162331763588
nL: 4.479149106568991
nR: 1.1050007144977079
norm: 1.6144562658042796
sigma: 138.13816822438432
sigmaL: 127.39163836738072
sigmaR: 67.18537799357323
widthL: 127.39163836738072
widthR: 67.18537799357323
x0: 3157.3162331763588
