alphaL: 1.2245195001770937
alphaR: 2.0083047514112367
event_sum: 0.7340296874260919
mean: 3140.4078569182566
nL: 4.374706008761053
nR: 1.8434413716769964
norm: 0.7340296874260919
sigma: 253.22348347145166
sigmaL: 106.65905071755546
sigmaR: 86.42297031263278
widthL: 106.65905071755546
widthR: 86.42297031263278
x0: 3140.4078569182566
