alphaL: 1.557367533853402
alphaR: 1.3458225605878504
event_sum: 0.9711026262165382
mean: 3172.65687982299
nL: 4.359470831542133
nR: 3.887304900267225
norm: 0.9711026262165382
sigma: 138.13816822438432
sigmaL: 141.19925463949625
sigmaR: 55.65203737720374
widthL: 141.19925463949625
widthR: 55.65203737720374
x0: 3172.65687982299
