alphaL: 3.0
alphaR: 2.125223272764429
event_sum: 0.9736747763746627
fraction: 0.9999215684963497
mean: 3200.0
nL: 8.623520303935608
nR: 1.0323137110890368
norm: 0.9732058025316038
sigma: 137.85830875593356
sigmaL: 196.42318913881334
sigmaR: 50.15437699479617
widthL: 196.42318913881334
widthR: 50.15437699479617
x0: 3200.0
