alphaL: 1.8014932603137959
alphaR: 0.01
event_sum: 1.6086756858258333
mean: 3222.577140712977
nL: 4.672669508077389
nR: 5.0
norm: 1.6086756858258333
sigma: 138.13816822438432
sigmaL: 180.66237097292296
sigmaR: 5.0
widthL: 180.66237097292296
widthR: 5.0
x0: 3222.577140712977
