alphaL: 1.2297733867715426
alphaR: 1.4059134476593236
event_sum: 0.9669273747572529
mean: 3163.3811540326847
nL: 4.25263231839984
nR: 4.525570112653658
norm: 0.9669273747572529
sigma: 138.13816822438432
sigmaL: 120.73635813110434
sigmaR: 60.99254239132687
widthL: 120.73635813110434
widthR: 60.99254239132687
x0: 3163.3811540326847
