alphaL: 1.1070086689961345
alphaR: 2.075996497935003
event_sum: 0.7354964951170946
mean: 3141.175987354701
nL: 4.72244692544654
nR: 1.600574585470355
norm: 0.7354964951170946
sigma: 253.22348347145166
sigmaL: 102.83902741089906
sigmaR: 86.6737558738149
widthL: 102.83902741089906
widthR: 86.6737558738149
x0: 3141.175987354701
