alphaL: 0.8635430372813695
alphaR: 2.3150249317632965
event_sum: 15.791563129636744
fraction: 0.998916489760695
mean: 3145.799045325768
nL: 9.994035185402465
nR: 1.4822137586137414
norm: 15.748049412462727
sigma: 250.27910004087988
sigmaL: 97.9592202198266
sigmaR: 80.14439515159418
widthL: 97.9592202198266
widthR: 80.14439515159418
x0: 3145.799045325768
