alphaL: 1.2675642246501615
alphaR: 2.346906406888835
event_sum: 1.616156875841406
fraction: 0.9992738269537491
mean: 3158.692270108112
nL: 9.679275600204146
nR: 1.7753082234835333
norm: 1.61604432323655
sigma: 137.85830875593356
sigmaL: 128.30202304213645
sigmaR: 66.91123168510933
widthL: 128.30202304213645
widthR: 66.91123168510933
x0: 3158.692270108112
