alphaL: 1.3464758002749593
alphaR: 2.302124121629316
event_sum: 1.5765894322870029
mean: 3157.4666572290885
nL: 4.638883131593183
nR: 1.1816886204686727
norm: 1.5765894322870029
sigma: 253.22348347145166
sigmaL: 129.48737424058245
sigmaR: 74.99089887852145
widthL: 129.48737424058245
widthR: 74.99089887852145
x0: 3157.4666572290885
