alphaL: 1.3146754820049467
alphaR: 1.0407243020391863
event_sum: 7.444323802593071
fraction: 0.9990941795006327
mean: 3171.5287097187465
nL: 8.388479845537718
nR: 4.5
norm: 7.344898270037849
sigma: 250.27910004087988
sigmaL: 135.5844064088413
sigmaR: 55.710449107412295
widthL: 135.5844064088413
widthR: 55.710449107412295
x0: 3171.5287097187465
