alphaL: 2.193860876819408
alphaR: 2.0718682313363463
event_sum: 1.5757397798583548
mean: 3187.8663949787865
nL: 4.494719603975107
nR: 1.3157625430901891
norm: 1.5757397798583548
sigma: 253.22348347145166
sigmaL: 203.7290001964496
sigmaR: 59.7134940546007
widthL: 203.7290001964496
widthR: 59.7134940546007
x0: 3187.8663949787865
