alphaL: 1.8590584513418922
alphaR: 2.1386958452785403
event_sum: 26.144052233284924
mean: 1408.3348840022925
nL: 2.999933577086255
nR: 2.3102174963630695
norm: 26.144052233284924
sigma: 91.86299115266979
sigmaL: 74.10668922542212
sigmaR: 33.87867874287701
widthL: 74.10668922542212
widthR: 33.87867874287701
x0: 1408.3348840022925
