alphaL: 1.9492408638576126
alphaR: 2.092265333541518
event_sum: 62.50912845085963
mean: 1409.5861281532602
nL: 2.999540891204526
nR: 2.9802671462596244
norm: 62.50912845085963
sigma: 85
sigmaL: 70.49203528249257
sigmaR: 37.41546033739294
widthL: 70.49203528249257
widthR: 37.41546033739294
x0: 1409.5861281532602
