alphaL: 1.8624586126743787
alphaR: 2.3273176040134804
event_sum: 175.0546767016271
mean: 1406.06311577832
nL: 2.9999031834828767
nR: 2.267022039937094
norm: 175.0546767016271
sigma: 85
sigmaL: 71.6131641334297
sigmaR: 36.58792404440915
widthL: 71.6131641334297
widthR: 36.58792404440915
x0: 1406.06311577832
