alphaL: 1.7900155995030684
alphaR: 1.9386544350640635
event_sum: 47.74623705987024
mean: 1408.2325146618023
nL: 2.999862240096591
nR: 2.69845231237451
norm: 47.74623705987024
sigma: 91
sigmaL: 71.71371566056972
sigmaR: 35.4861222664652
widthL: 71.71371566056972
widthR: 35.4861222664652
x0: 1408.2325146618023
