alphaL: 1.6793911912578687
alphaR: 2.2308295075432625
event_sum: 133.95973420815415
mean: 1405.9904422010522
nL: 3.997532362948291
nR: 2.5702975860121424
norm: 133.95973420815415
sigma: 85.6458015044968
sigmaL: 67.23634826192274
sigmaR: 38.06945944718177
widthL: 67.23634826192274
widthR: 38.06945944718177
x0: 1405.9904422010522
