alphaL: 1.822519705679993
alphaR: 2.0354803507810852
event_sum: 101.53455167242494
mean: 1408.4576847154772
nL: 3.999970089021732
nR: 3.3494747975787145
norm: 101.53455167242494
sigmaL: 70.27197073070892
sigmaR: 36.834677835261786
widthL: 70.27197073070892
widthR: 36.834677835261786
x0: 1408.4576847154772
