alphaL: 2.052212660764022
alphaR: 2.156834354974088
event_sum: 175.11541496161152
mean: 1408.1126911699434
nL: 2.999996014073562
nR: 2.9074345232998224
norm: 175.11541496161152
sigma: 85
sigmaL: 74.88504439005148
sigmaR: 35.27690150275289
widthL: 74.88504439005148
widthR: 35.27690150275289
x0: 1408.1126911699434
