alphaL: 1.8267584417251805
alphaR: 2.2910868362312993
event_sum: 63.88767292781792
mean: 1406.611798255322
nL: 3.9999513563249103
nR: 2.6982236636959587
norm: 63.88767292781792
sigmaL: 73.08736087723847
sigmaR: 35.16134331135161
widthL: 73.08736087723847
widthR: 35.16134331135161
x0: 1406.611798255322
