alphaL: 1.8357849987740003
alphaR: 2.1710656771007426
event_sum: 133.78678526299163
mean: 1407.0186571584368
nL: 2.9999409744501704
nR: 2.7032310479424244
norm: 133.78678526299163
sigma: 85.68841008194168
sigmaL: 69.25458690770039
sigmaR: 37.50928958712327
widthL: 69.25458690770039
widthR: 37.50928958712327
x0: 1407.0186571584368
