alphaL: 1.6591789397321244
alphaR: 1.9998060153152786
event_sum: 20.226178237013116
mean: 1407.3001776269073
nL: 3.998737675261959
nR: 2.964588395717872
norm: 20.226178237013116
sigmaL: 71.02737626553714
sigmaR: 34.811084775369125
widthL: 71.02737626553714
widthR: 34.811084775369125
x0: 1407.3001776269073
