alphaL: 1.8434232806254407
alphaR: 2.181755868858276
event_sum: 133.95973420815415
mean: 1407.3551499977473
nL: 2.9999265305178144
nR: 2.653533348285255
norm: 133.95973420815415
sigma: 85.6458015044968
sigmaL: 69.55106593710622
sigmaR: 37.360880163365465
widthL: 69.55106593710622
widthR: 37.360880163365465
x0: 1407.3551499977473
