alphaL: 1.8384568571790532
alphaR: 2.1692022476787356
event_sum: 133.78678526299163
mean: 1407.1080631406414
nL: 2.9999942404608317
nR: 2.7356062511369483
norm: 133.78678526299163
sigma: 85.70905606263459
sigmaL: 69.3255873066747
sigmaR: 37.40267259696782
widthL: 69.3255873066747
widthR: 37.40267259696782
x0: 1407.1080631406414
