alphaL: 1.724755739468156
alphaR: 2.37290442606557
event_sum: 83.05529757624043
mean: 1405.3718432213977
nL: 3.9960811727491126
nR: 2.2797677972696766
norm: 83.05529757624043
sigma: 85.6458015044968
sigmaL: 72.12659665295337
sigmaR: 35.40572414918818
widthL: 72.12659665295337
widthR: 35.40572414918818
x0: 1405.3718432213977
