alphaL: 1.858470319053487
alphaR: 2.142142632305032
event_sum: 26.144052233284924
mean: 1408.306481209291
nL: 2.9999089613974568
nR: 2.3017149645412016
norm: 26.144052233284924
sigma: 91.93316762793071
sigmaL: 74.08209758822257
sigmaR: 33.90353831501541
widthL: 74.08209758822257
widthR: 33.90353831501541
x0: 1408.306481209291
