alphaL: 1.4990202059633349
alphaR: 1.9652408175240546
event_sum: 23.909930359003468
mean: 1407.5454803915534
nL: 3.995420048075573
nR: 2.6749280995171563
norm: 23.909930359003468
sigmaL: 64.66177635789272
sigmaR: 39.67112784629783
widthL: 64.66177635789272
widthR: 39.67112784629783
x0: 1407.5454803915534
