alphaL: 1.6350343206017248
alphaR: 1.9021665763964841
event_sum: 23.93558503191695
mean: 1409.5158784931757
nL: 3.9999931985265142
nR: 2.869919792704686
norm: 23.93558503191695
sigmaL: 68.19318320667792
sigmaR: 38.74090389437699
widthL: 68.19318320667792
widthR: 38.74090389437699
x0: 1409.5158784931757
