alphaL: 1.7576899253190124
alphaR: 2.0839688764791693
event_sum: 50.28817265665414
mean: 1406.2721161533816
nL: 3.992990662976343
nR: 2.4945469211879376
norm: 50.28817265665414
sigmaL: 62.77945653355845
sigmaR: 39.49824745534226
widthL: 62.77945653355845
widthR: 39.49824745534226
x0: 1406.2721161533816
