alphaL: 1.659660582918452
alphaR: 2.0145695050845673
event_sum: 27.226240929044263
mean: 1406.7291576364757
nL: 3.999517236603857
nR: 2.9161940353160407
norm: 27.226240929044263
sigmaL: 69.63586788817992
sigmaR: 35.952848718752925
widthL: 69.63586788817992
widthR: 35.952848718752925
x0: 1406.7291576364757
