alphaL: 1.7223799492447316
alphaR: 2.021460554765626
event_sum: 20.215890982312995
mean: 1407.312318862581
nL: 2.999912200175536
nR: 2.6996131166166646
norm: 20.215890982312995
sigmaL: 71.17258757904742
sigmaR: 34.853864945955216
widthL: 71.17258757904742
widthR: 34.853864945955216
x0: 1407.312318862581
