alphaL: 1.9573402997290614
alphaR: 1.8575059701856576
event_sum: 47.7825064147114
mean: 1410.2667922568885
nL: 2.9999956441858067
nR: 2.913558397596451
norm: 47.7825064147114
sigma: 91
sigmaL: 75.06634984257161
sigmaR: 34.227869334426785
widthL: 75.06634984257161
widthR: 34.227869334426785
x0: 1410.2667922568885
