alphaL: 1.6885404370425015
alphaR: 2.429548090150636
event_sum: 63.87509369067178
mean: 1405.2344168543996
nL: 3.999987558923905
nR: 2.1129392596021144
norm: 63.87509369067178
sigmaL: 70.55661464929678
sigmaR: 35.88657216795659
widthL: 70.55661464929678
widthR: 35.88657216795659
x0: 1405.2344168543996
