alphaL: 1.3855357504960262
alphaR: 1.9857326764994743
event_sum: 23.921387238227318
mean: 1406.6401508028025
nL: 5.999996023606379
nR: 2.6759590158023028
norm: 23.921387238227318
sigmaL: 63.18513767367214
sigmaR: 40.277113988642135
widthL: 63.18513767367214
widthR: 40.277113988642135
x0: 1406.6401508028025
