alphaL: 1.8596644227845855
alphaR: 2.380319499856795
event_sum: 83.10085513792788
mean: 1406.3256106761278
nL: 2.9996468836149814
nR: 2.1527334867072696
norm: 83.10085513792788
sigma: 85
sigmaL: 73.85256602780098
sigmaR: 34.90138629183805
widthL: 73.85256602780098
widthR: 34.90138629183805
x0: 1406.3256106761278
