alphaL: 1.7044510508537747
alphaR: 1.9033391708573402
event_sum: 137.39741029650935
mean: 1368.6678584036854
nL: 3.9995222667752874
nR: 3.553562352674186
norm: 137.39741029650935
sigmaL: 79.68104633016544
sigmaR: 56.75488919898966
widthL: 79.68104633016544
widthR: 56.75488919898966
x0: 1368.6678584036854
