alphaL: 1.825322322532095
alphaR: 2.2390236334036073
event_sum: 91.5845340240972
mean: 1406.3130897737706
nL: 3.999891857760399
nR: 2.7838187838608293
norm: 91.5845340240972
sigmaL: 72.13338271197192
sigmaR: 35.82093919684371
widthL: 72.13338271197192
widthR: 35.82093919684371
x0: 1406.3130897737706
