alphaL: 1.8689805694110875
alphaR: 2.353176849654082
event_sum: 83.05529757624043
mean: 1406.3569188862675
nL: 2.999918862651013
nR: 2.300462412787353
norm: 83.05529757624043
sigma: 85.6458015044968
sigmaL: 73.97606014035873
sigmaR: 34.978010596912796
widthL: 73.97606014035873
widthR: 34.978010596912796
x0: 1406.3569188862675
