alphaL: 1.4585592541649957
alphaR: 2.0379355527178147
event_sum: 20.22203234676412
mean: 1405.620255598038
nL: 5.996972822648637
nR: 2.6895839648493416
norm: 20.22203234676412
sigmaL: 67.59195607679067
sigmaR: 35.66004333494263
widthL: 67.59195607679067
widthR: 35.66004333494263
x0: 1405.620255598038
