alphaL: 1.8268559175069468
alphaR: 2.4137481269560896
event_sum: 63.87509369067178
mean: 1406.2147129092343
nL: 2.99947544874027
nR: 2.0990350917406757
norm: 63.87509369067178
sigma: 85
sigmaL: 72.21968527897279
sigmaR: 35.405499326386774
widthL: 72.21968527897279
widthR: 35.405499326386774
x0: 1406.2147129092343
