alphaL: 1.5618459862076421
alphaR: 2.1575633022933323
event_sum: 101.51640139626114
mean: 1405.939878236669
nL: 5.999804171950408
nR: 2.8741075446223348
norm: 101.51640139626114
sigmaL: 66.09510748822966
sigmaR: 38.28983032193118
widthL: 66.09510748822966
widthR: 38.28983032193118
x0: 1405.939878236669
