alphaL: 1.7691786177691184
alphaR: 1.8803709597932714
event_sum: 14.5590780711555
mean: 1411.6724482221694
nL: 2.9873210866388367
nR: 2.2669622540785666
norm: 14.5590780711555
sigma: 91
sigmaL: 70.9316941597762
sigmaR: 38.77277465207234
widthL: 70.9316941597762
widthR: 38.77277465207234
x0: 1411.6724482221694
