alphaL: 1.6914656827313246
alphaR: 1.8436049245096024
event_sum: 31.052186154436196
mean: 1407.9598528286256
nL: 2.9999427037130477
nR: 2.919751526931814
norm: 31.052186154436196
sigma: 91.86299115266979
sigmaL: 68.08623738068295
sigmaR: 38.57108151631474
widthL: 68.08623738068295
widthR: 38.57108151631474
x0: 1407.9598528286256
