alphaL: 1.5131661814856203
alphaR: 1.8999283888725613
event_sum: 4.696112653047527
mean: 1406.0877611403287
nL: 3.9996561749423543
nR: 2.853491182968311
norm: 4.696112653047527
sigma: 91.95076007908963
sigmaL: 64.98584587004967
sigmaR: 39.608739474972815
widthL: 64.98584587004967
widthR: 39.608739474972815
x0: 1406.0877611403287
