alphaL: 1.849859356957835
alphaR: 2.147685932360535
event_sum: 101.48658866307014
mean: 1407.8006612682827
nL: 2.999740089088466
nR: 2.740673034888497
norm: 101.48658866307014
sigmaL: 69.67421632858448
sigmaR: 37.41172938559302
widthL: 69.67421632858448
widthR: 37.41172938559302
x0: 1407.8006612682827
