alphaL: 1.8428372096760537
alphaR: 1.882265129648242
event_sum: 26.50688512936565
mean: 1371.877361818944
nL: 3.9501179603654295
nR: 3.601239219882663
norm: 26.50688512936565
sigmaL: 84.84424336969917
sigmaR: 53.47717579609201
widthL: 84.84424336969917
widthR: 53.47717579609201
x0: 1371.877361818944
