alphaL: 1.4410703127946793
alphaR: 1.9609054884598125
event_sum: 12.67573774974264
mean: 1410.2518944449535
nL: 3.993695965722738
nR: 1.7850521578722034
norm: 12.67573774974264
sigmaL: 62.74468655143596
sigmaR: 40.40452979579603
widthL: 62.74468655143596
widthR: 40.40452979579603
x0: 1410.2518944449535
