alphaL: 1.6249280199255707
alphaR: 2.039417661630594
event_sum: 4.696112653047527
mean: 1405.618271019057
nL: 2.9870073080092316
nR: 2.3113676353247135
norm: 4.696112653047527
sigma: 91.95076007908963
sigmaL: 66.00194214260007
sigmaR: 40.81152535487364
widthL: 66.00194214260007
widthR: 40.81152535487364
x0: 1405.618271019057
