alphaL: 4.601111352170771
alphaR: 1.9627478835337988
event_sum: 83.10085513792788
mean: 1418.0435845835902
nL: 2.9898468615745215
nR: 2.9997971964111567
norm: 83.10085513792788
sigma: 85.68841008194168
sigmaL: 91.84537800863451
sigmaR: 28.574400682671943
widthL: 91.84537800863451
widthR: 28.574400682671943
x0: 1418.0435845835902
