alphaL: 1.6840587041606723
alphaR: 1.8898656379074183
event_sum: 31.052186154436196
mean: 1407.5140152103236
nL: 2.9999995067962453
nR: 2.715271562875776
norm: 31.052186154436196
sigma: 91.93316762793071
sigmaL: 67.7888717494182
sigmaR: 39.09985148910828
widthL: 67.7888717494182
widthR: 39.09985148910828
x0: 1407.5140152103236
