alphaL: 1.8632708092377706
alphaR: 2.399255638897527
event_sum: 83.10085513792788
mean: 1406.1360929798418
nL: 2.9998503269041312
nR: 2.0974460959807883
norm: 83.10085513792788
sigma: 85.70905606263459
sigmaL: 73.79967190262057
sigmaR: 35.06544704539316
widthL: 73.79967190262057
widthR: 35.06544704539316
x0: 1406.1360929798418
