alphaL: 1.6165840576356516
alphaR: 2.424021615468329
event_sum: 63.88257172065854
mean: 1405.1584021479812
nL: 5.999999141105192
nR: 2.102013877981773
norm: 63.88257172065854
sigmaL: 70.39057967971937
sigmaR: 35.92180161926016
widthL: 70.39057967971937
widthR: 35.92180161926016
x0: 1405.1584021479812
