alphaL: 1.8458812773822184
alphaR: 2.1248556818913755
event_sum: 3.9536919491440976
mean: 1407.8798776476096
nL: 2.973219562815201
nR: 2.3232054100530015
norm: 3.9536919491440976
sigma: 91.95076007908963
sigmaL: 73.5301217853097
sigmaR: 34.19069221927064
widthL: 73.5301217853097
widthR: 34.19069221927064
x0: 1407.8798776476096
