alphaL: 1.8341801495909336
alphaR: 2.191886847756855
event_sum: 133.78678526299163
mean: 1406.8139898633106
nL: 2.9996358279940436
nR: 2.613573331674934
norm: 133.78678526299163
sigma: 85
sigmaL: 69.09140152033166
sigmaR: 37.642363489098685
widthL: 69.09140152033166
widthR: 37.642363489098685
x0: 1406.8139898633106
