alphaL: 1.6779765686455577
alphaR: 2.18442120794243
event_sum: 101.48658866307014
mean: 1406.6200298186266
nL: 3.9998004459094014
nR: 2.7302650872644874
norm: 101.48658866307014
sigmaL: 67.44245839038913
sigmaR: 38.04307228350366
widthL: 67.44245839038913
widthR: 38.04307228350366
x0: 1406.6200298186266
