alphaL: 1.834632648206942
alphaR: 1.8584007102923417
event_sum: 84.28592061174294
mean: 1372.0997561433217
nL: 3.999874020784492
nR: 3.489012490592994
norm: 84.28592061174294
sigmaL: 86.3979786280982
sigmaR: 52.4504048687429
widthL: 86.3979786280982
widthR: 52.4504048687429
x0: 1372.0997561433217
