alphaL: 1.6938628825505258
alphaR: 2.150142412321898
event_sum: 3.9536919491440976
mean: 1406.4204900926038
nL: 3.8741901789045414
nR: 2.318721193385417
norm: 3.9536919491440976
sigma: 91.95076007908963
sigmaL: 71.0423568763573
sigmaR: 34.990756068755275
widthL: 71.0423568763573
widthR: 34.990756068755275
x0: 1406.4204900926038
