alphaL: 1.7746575894638434
alphaR: 2.1129566124893526
event_sum: 62.4703241056001
mean: 1407.7405797479475
nL: 2.9999714010549132
nR: 2.996709487075974
norm: 62.4703241056001
sigma: 85
sigmaL: 67.06598307368397
sigmaR: 38.249151452909494
widthL: 67.06598307368397
widthR: 38.249151452909494
x0: 1407.7405797479475
