alphaL: 2.3170788719997155
alphaR: 0.11494662469220533
event_sum: 14.580099572366736
mean: 1439.2372972676326
nL: 2.990969654592448
nR: 2.9999983838192885
norm: 14.580099572366736
sigma: 91
sigmaL: 91.04277580974318
sigmaR: 1.9241702810189194
widthL: 91.04277580974318
widthR: 1.9241702810189194
x0: 1439.2372972676326
