alphaL: 1.698542294971694
alphaR: 1.9998857176736675
event_sum: 23.909930359003468
mean: 1409.5363874822488
nL: 2.9993836763967208
nR: 2.3990113674501963
norm: 23.909930359003468
sigma: 92
sigmaL: 68.37822019596807
sigmaR: 38.81764742127444
widthL: 68.37822019596807
widthR: 38.81764742127444
x0: 1409.5363874822488
