alphaL: 1.563839660373575
alphaR: 2.051097574008148
event_sum: 20.215890982312995
mean: 1406.0943706947833
nL: 3.99580287506205
nR: 2.664016517366365
norm: 20.215890982312995
sigmaL: 68.67616464167725
sigmaR: 35.56370115729901
widthL: 68.67616464167725
widthR: 35.56370115729901
x0: 1406.0943706947833
