alphaL: 1.7100425585445231
alphaR: 1.85461132043811
event_sum: 31.71633142396139
mean: 1371.7008443078744
nL: 3.9975593208190565
nR: 3.599553751248869
norm: 31.71633142396139
sigmaL: 81.77331296356357
sigmaR: 57.9448411899027
widthL: 81.77331296356357
widthR: 57.9448411899027
x0: 1371.7008443078744
