alphaL: 1.5536214888503894
alphaR: 2.2360641087882764
event_sum: 102.21451682038605
mean: 1405.5705578573088
nL: 3.9997335453021288
nR: 2.615769097403449
norm: 102.21451682038605
sigma: 67.60930135501711
sigmaL: 64.99176864168379
sigmaR: 38.61549767206825
widthL: 64.99176864168379
widthR: 38.61549767206825
x0: 1405.5705578573088
