alphaL: 1.5426900813721254
alphaR: 2.409107417044413
event_sum: 64.08174549601972
mean: 1404.3450065581646
nL: 4.49986480003174
nR: 2.274350346024626
norm: 64.08174549601972
sigma: 67.60930135501711
sigmaL: 68.29323554804644
sigmaR: 36.389879840492924
widthL: 68.29323554804644
widthR: 36.389879840492924
x0: 1404.3450065581646
