alphaL: 1.0528421385173377
alphaR: 1.205712589744106
event_sum: 21.32557125459425
mean: 1378.7731202295622
nL: 1.7992615572481898
nR: 4.424961706831999
norm: 21.32557125459425
sigma: 252.01385418813106
sigmaL: 128.62479154689805
sigmaR: 72.34181572336374
widthL: 128.62479154689805
widthR: 72.34181572336374
x0: 1378.7731202295622
