alphaL: 1.3656050940866462
alphaR: 1.9201691064455308
event_sum: 3.622126075271808
mean: 1404.8522094047114
nL: 3.9097335243846962
nR: 2.9111734679267247
norm: 3.622126075271808
sigma: 72.76032668510206
sigmaL: 61.33749538679339
sigmaR: 40.59846763394918
widthL: 61.33749538679339
widthR: 40.59846763394918
x0: 1404.8522094047114
