alphaL: 1.4996716013781004
alphaR: 2.2155072717224025
event_sum: 102.21451682038605
mean: 1405.0817819522026
nL: 4.499977965345287
nR: 2.761040913710559
norm: 102.21451682038605
sigma: 67.60930135501711
sigmaL: 64.06666816138504
sigmaR: 38.86680164435902
widthL: 64.06666816138504
widthR: 38.86680164435902
x0: 1405.0817819522026
