alphaL: 0.8042479634635664
alphaR: 1.386776007620874
event_sum: 28.136713648447767
mean: 1381.7052971068629
nL: 1.3175230829119335
nR: 4.384551868386438
norm: 28.136713648447767
sigma: 252.01385418813106
sigmaL: 116.42804150529591
sigmaR: 76.61923687903807
widthL: 116.42804150529591
widthR: 76.61923687903807
x0: 1381.7052971068629
