alphaL: 1.338097708389874
alphaR: 1.9022011966267596
event_sum: 3.62040905997128
mean: 1404.1554263806427
nL: 4.420925359697568
nR: 3.2235640484983734
norm: 3.62040905997128
sigma: 72.9154191565156
sigmaL: 60.93875912740012
sigmaR: 41.19744966895168
widthL: 60.93875912740012
widthR: 41.19744966895168
x0: 1404.1554263806427
