alphaL: 1.2895685047441983
alphaR: 2.15813343516642
event_sum: 30.00895074743312
fraction: 0.9984160243433833
mean: 1403.8173732436762
nL: 9.988695184772176
nR: 2.4218361517692832
norm: 29.990484223584644
sigma: 72.74967816520562
sigmaL: 64.07483813504459
sigmaR: 36.27520058245487
widthL: 64.07483813504459
widthR: 36.27520058245487
x0: 1403.8173732436762
