alphaL: 1.1965850360975538
alphaR: 2.477372160830584
event_sum: 59.05756056518294
fraction: 0.998915106656383
mean: 1402.7472434255258
nL: 19.99796067074107
nR: 2.139882648683339
norm: 59.04495142539963
sigma: 67.72338127051341
sigmaL: 63.061111256379846
sigmaR: 37.22528074253569
widthL: 63.061111256379846
widthR: 37.22528074253569
x0: 1402.7472434255258
