alphaL: 1.1723714032199446
alphaR: 1.9840616860338416
event_sum: 3.608860797852685
mean: 1402.5107132811079
nL: 4.608592093855611
nR: 2.6371425051369854
norm: 3.608860797852685
sigma: 72.9154191565156
sigmaL: 56.77994978801125
sigmaR: 42.00747344929564
widthL: 56.77994978801125
widthR: 42.00747344929564
x0: 1402.5107132811079
