alphaL: 1.359288116993696
alphaR: 2.0736881930672584
event_sum: 59.05756056518294
fraction: 0.9991405404618292
mean: 1404.5059059638465
nL: 9.999806819571637
nR: 4.439817631137962
norm: 59.05005512479693
sigma: 67.72338127051341
sigmaL: 66.51451089512227
sigmaR: 36.007363826451126
widthL: 66.51451089512227
widthR: 36.007363826451126
x0: 1404.5059059638465
