alphaL: 1.528119630774741
alphaR: 2.428728610660158
event_sum: 64.10578748118132
mean: 1403.925123001801
nL: 4.499934822596055
nR: 2.149385741511362
norm: 64.10578748118132
sigma: 67.51418886911982
sigmaL: 67.8589069610153
sigmaR: 36.59125594774975
widthL: 67.8589069610153
widthR: 36.59125594774975
x0: 1403.925123001801
