alphaL: 1.1327076926373623
alphaR: 2.2761836826439628
event_sum: 94.23546617897227
fraction: 0.9991497783407003
mean: 1402.4582767199972
nL: 19.997839218922948
nR: 2.7321448352689166
norm: 94.19537913007662
sigma: 67.72338127051341
sigmaL: 58.03076019029611
sigmaR: 40.287584525271505
widthL: 58.03076019029611
widthR: 40.287584525271505
x0: 1402.4582767199972
