alphaL: 1.5412362412736789
alphaR: 2.403999691800689
event_sum: 64.08174549601972
mean: 1404.397307537798
nL: 4.499845219688603
nR: 2.298292525380729
norm: 64.08174549601972
sigma: 67.60930135501711
sigmaL: 68.35556053083181
sigmaR: 36.3456220520708
widthL: 68.35556053083181
widthR: 36.3456220520708
x0: 1404.397307537798
