alphaL: 1.6662901203560818
alphaR: 2.3843465944773543
event_sum: 64.2165622455068
mean: 1405.1530677600467
nL: 4.499847922829831
nR: 2.28519273595662
norm: 64.2165622455068
sigma: 67.51418886911982
sigmaL: 70.4582536647213
sigmaR: 35.99298319093148
widthL: 70.4582536647213
widthR: 35.99298319093148
x0: 1405.1530677600467
