alphaL: 1.3383303570176415
alphaR: 1.9019134505085609
event_sum: 3.62040905997128
mean: 1404.1432434565675
nL: 4.420048035724233
nR: 3.2250414405443
norm: 3.62040905997128
sigma: 72.9154191565156
sigmaL: 60.948864011433045
sigmaR: 41.193610466858495
widthL: 60.948864011433045
widthR: 41.193610466858495
x0: 1404.1432434565675
