alphaL: 0.7800501559390886
alphaR: 1.424172006550089
event_sum: 28.136713648447767
mean: 1378.1195773763873
nL: 1.3167436513178916
nR: 4.497064060662647
norm: 28.136713648447767
sigma: 252.01762630936426
sigmaL: 111.42416317901576
sigmaR: 79.73583462015614
widthL: 111.42416317901576
widthR: 79.73583462015614
x0: 1378.1195773763873
