alphaL: 1.641629838928284
alphaR: 2.1620128595782973
event_sum: 102.30061930511147
mean: 1406.3652265649646
nL: 4.499989242506349
nR: 2.8897645058144903
norm: 102.30061930511147
sigma: 67.75541717210281
sigmaL: 66.99017569052188
sigmaR: 38.14074581898265
widthL: 66.99017569052188
widthR: 38.14074581898265
x0: 1406.3652265649646
