alphaL: 1.4330152223043517
alphaR: 2.1954300725638474
event_sum: 3.0632039711708785
mean: 1404.9606234929133
nL: 3.7019331257197634
nR: 2.258963682668063
norm: 3.0632039711708785
sigma: 72.9154191565156
sigmaL: 66.8457831904492
sigmaR: 35.76531786655468
widthL: 66.8457831904492
widthR: 35.76531786655468
x0: 1404.9606234929133
