alphaL: 1.4955814959741824
alphaR: 2.2091850646098825
event_sum: 102.13832646119408
mean: 1404.9425364673552
nL: 4.499999284241579
nR: 2.793968962712635
norm: 102.13832646119408
sigma: 67.51418886911982
sigmaL: 64.02500636894302
sigmaR: 38.8707369527745
widthL: 64.02500636894302
widthR: 38.8707369527745
x0: 1404.9425364673552
