alphaL: 1.2876424047965611
alphaR: 2.2424175257938193
event_sum: 94.23546617897227
fraction: 0.9989433976806681
mean: 1403.7011116135704
nL: 9.999986019984194
nR: 2.755549776009376
norm: 94.20687721855938
sigma: 67.72338127051341
sigmaL: 61.110381904064596
sigmaR: 39.664047600913385
widthL: 61.110381904064596
widthR: 39.664047600913385
x0: 1403.7011116135704
