alphaL: 0.6715400203027644
alphaR: 1.5071827463428475
event_sum: 28.136713648447767
mean: 1373.380573559554
nL: 1.0007577855849459
nR: 4.457908127904989
norm: 28.136713648447767
sigma: 252.01762630936426
sigmaL: 91.2388180014478
sigmaR: 82.91684667870688
widthL: 91.2388180014478
widthR: 82.91684667870688
x0: 1373.380573559554
