alphaL: 1.6687023710534912
alphaR: 2.410104026468101
event_sum: 64.2165622455068
mean: 1405.3363842485041
nL: 4.499999816166431
nR: 2.1709928869740036
norm: 64.2165622455068
sigma: 67.75541717210281
sigmaL: 70.58894535222842
sigmaR: 35.83132086738366
widthL: 70.58894535222842
widthR: 35.83132086738366
x0: 1405.3363842485041
