alphaL: 1.503025053707137
alphaR: 2.208010628240014
event_sum: 102.21451682038605
mean: 1405.1901107743674
nL: 4.499989910152401
nR: 2.779631295766154
norm: 102.21451682038605
sigma: 67.60930135501711
sigmaL: 64.17362304645353
sigmaR: 38.76020386126332
widthL: 64.17362304645353
widthR: 38.76020386126332
x0: 1405.1901107743674
