alphaL: 1.2175196911697261
alphaR: 1.175373154142579
event_sum: 21.32557125459425
mean: 1382.1347546376423
nL: 1.0047947538213124
nR: 4.402028973747248
norm: 21.32557125459425
sigma: 252.01762630936426
sigmaL: 135.23095959906584
sigmaR: 69.8746857039326
widthL: 135.23095959906584
widthR: 69.8746857039326
x0: 1382.1347546376423
