alphaL: 1.6448665473325221
alphaR: 2.157410233618251
event_sum: 102.30061930511147
mean: 1406.3499638417527
nL: 4.499952836605884
nR: 2.9109111603155746
norm: 102.30061930511147
sigma: 67.51418886911982
sigmaL: 67.057445518625
sigmaR: 38.17935222998196
widthL: 67.057445518625
widthR: 38.17935222998196
x0: 1406.3499638417527
