alphaL: 1.3887265231578547
alphaR: 2.4601566425200443
event_sum: 63.79525063256733
mean: 1403.282129571792
nL: 4.988415372898201
nR: 2.0495066553228023
norm: 63.79525063256733
sigma: 67.60930135501711
sigmaL: 65.43104838219008
sigmaR: 36.87454988783856
widthL: 65.43104838219008
widthR: 36.87454988783856
x0: 1403.282129571792
