alphaL: 1.0133258167322234
alphaR: 2.0152067322319374
event_sum: 35.36427804001141
fraction: 0.998230763733276
mean: 1402.4295517425576
nL: 19.99032901293311
nR: 2.6597324828155644
norm: 35.33075853064656
sigma: 72.74967816520562
sigmaL: 55.593213401678526
sigmaR: 42.18650032336265
widthL: 55.593213401678526
widthR: 42.18650032336265
x0: 1402.4295517425576
