alphaL: 1.5833997587318824
alphaR: 2.4259730869585736
event_sum: 64.08174549601972
mean: 1404.707955596886
nL: 3.991573954694616
nR: 2.1400795580674585
norm: 64.08174549601972
sigma: 67.60930135501711
sigmaL: 68.88215414621588
sigmaR: 36.19571132987716
widthL: 68.88215414621588
widthR: 36.19571132987716
x0: 1404.707955596886
