alphaL: 1.114797114528088
alphaR: 2.2714047960107493
event_sum: 30.00895074743312
fraction: 0.9983796130373422
mean: 1401.6975356923172
nL: 19.983544101610345
nR: 2.1461444855717002
norm: 29.988822279148735
sigma: 72.74967816520562
sigmaL: 59.82903781801746
sigmaR: 37.602849194593
widthL: 59.82903781801746
widthR: 37.602849194593
x0: 1401.6975356923172
