alphaL: 1.5384435818653677
alphaR: 1.9651656797293025
event_sum: 3.073271855355415
mean: 1406.7078418575168
nL: 4.481321278863133
nR: 2.865996258400819
norm: 3.073271855355415
sigma: 72.9154191565156
sigmaL: 69.10016041058843
sigmaR: 34.493506602823786
widthL: 69.10016041058843
widthR: 34.493506602823786
x0: 1406.7078418575168
