alphaL: 1.019936467426459
alphaR: 1.2238486604718695
event_sum: 21.32557125459425
mean: 1378.6505183417091
nL: 1.9687043696081599
nR: 4.195655224048381
norm: 21.32557125459425
sigma: 252.01762630936426
sigmaL: 127.40863047214482
sigmaR: 72.7599155140903
widthL: 127.40863047214482
widthR: 72.7599155140903
x0: 1378.6505183417091
