alphaL: 1.324975622951344
alphaR: 2.265443603988296
event_sum: 101.82276308303699
mean: 1403.3890115061502
nL: 4.99678901155823
nR: 2.64345455126872
norm: 101.82276308303699
sigma: 67.60930135501711
sigmaL: 60.31941403650115
sigmaR: 39.68684244088846
widthL: 60.31941403650115
widthR: 39.68684244088846
x0: 1403.3890115061502
