alphaL: 1.1561831934566766
alphaR: 1.9715921087750237
event_sum: 35.36427804001141
fraction: 0.9980849089476037
mean: 1403.8105394833233
nL: 9.9995471202332
nR: 2.768702310255409
norm: 35.336386863840744
sigma: 72.74967816520562
sigmaL: 58.797048654750384
sigmaR: 41.44736958125842
widthL: 58.797048654750384
widthR: 41.44736958125842
x0: 1403.8105394833233
