alphaL: 1.5156703247057541
alphaR: 1.9641258149881151
event_sum: 3.073271855355415
mean: 1406.2635540881254
nL: 4.498824438929948
nR: 3.0728715418401444
norm: 3.073271855355415
sigma: 72.9154191565156
sigmaL: 68.5738058867369
sigmaR: 34.79304158788806
widthL: 68.5738058867369
widthR: 34.79304158788806
x0: 1406.2635540881254
