alphaL: 1.5292183236090922
alphaR: 2.219970930915536
event_sum: 3.078980549784319
mean: 1405.4372178512301
nL: 3.8658535206838804
nR: 2.137672282952158
norm: 3.078980549784319
sigma: 72.76032668510206
sigmaL: 68.20766546262858
sigmaR: 35.62940142009926
widthL: 68.20766546262858
widthR: 35.62940142009926
x0: 1405.4372178512301
