alphaL: 0.9734529908320361
alphaR: 2.265065277881615
event_sum: 93.91807279433124
mean: 1401.339229585581
nL: 116.15618086914539
nR: 2.995782564828833
norm_2016: 25.788491002982482
norm_2017: 31.211673664161935
norm_2018: 43.64623721409589
norm_Run2: 93.91807279433124
sigma: 67.72338127051341
sigmaL: 54.27538912784643
sigmaR: 40.73019031328445
widthL: 54.27538912784643
widthR: 40.73019031328445
x0: 1401.339229585581
