alphaL: 0.9728556446567899
alphaR: 2.2653103491807127
event_sum: 93.91807279433124
mean: 1401.3363848247154
nL: 116.3736053034094
nR: 2.9958049621589034
norm_2016: 25.788491002982482
norm_2017: 31.211673664161935
norm_2018: 43.64623721409589
norm_norm_Run2: 100.64640188124031
sigma: 67.72338127051341
sigmaL: 54.25101868791317
sigmaR: 40.7316855645688
widthL: 54.25101868791317
widthR: 40.7316855645688
x0: 1401.3363848247154
