alphaL: 1.033214339215386
alphaR: 2.4989879920415614
event_sum: 58.86147662764415
mean: 1401.7950895120885
nL: 110.02973480188152
nR: 2.064808291449371
norm_2016: 15.580077134771273
norm_2017: 19.353228114545345
norm_2018: 28.257055413443595
norm_Run2: 58.86147662764415
sigma: 67.72338127051341
sigmaL: 59.429062104970754
sigmaR: 37.620816361002724
widthL: 59.429062104970754
widthR: 37.620816361002724
x0: 1401.7950895120885
