alphaL: 1.047418734880446
alphaR: 2.4785303069619324
event_sum: 58.86147662764415
mean: 1401.916245764992
nL: 106.71932405342443
nR: 2.105414930950598
norm_2016: 58.86147662764415
norm_2017: 58.86147662764415
norm_2018: 58.86147662764415
norm_Run2: 58.86147662764415
sigma: 67.72338127051341
sigmaL: 60.19890601878035
sigmaR: 37.59038604258939
widthL: 60.19890601878035
widthR: 37.59038604258939
x0: 1401.916245764992
