alphaL: 1.0271556408559652
alphaR: 1.4930701869288634
event_sum: 26.982900164439343
mean: 1388.3925195345337
nL: 1.9153761660981108
nR: 3.6662850337949817
norm_2016: 26.982900164439343
norm_2017: 26.982900164439343
norm_2018: 26.982900164439343
norm_Run2: 26.982900164439343
sigma: 78.4
sigmaL: 91.51974362210117
sigmaR: 65.19771970339772
widthL: 91.51974362210117
widthR: 65.19771970339772
x0: 1388.3925195345337
