alphaL: 0.7657142120572998
alphaR: 1.3963384829995538
event_sum: 24.095715379808098
mean: 1375.734496933607
nL: 1.208772008698302
nR: 5.123806338183477
norm_2016: 6.518666938995011
norm_2017: 7.4917484920006245
norm_2018: 10.491855223895982
norm_norm_Run2: 24.502270654891618
sigma: 140.0
sigmaL: 105.35858372193258
sigmaR: 80.52866561517102
widthL: 105.35858372193258
widthR: 80.52866561517102
x0: 1375.734496933607
