alphaL: 0.9985123484004088
alphaR: 2.073983988017708
event_sum: 35.1890027577756
mean: 1402.0077828010685
nL: 15.518599267536032
nR: 2.2480486986239323
norm_2016: 35.1890027577756
norm_2017: 35.1890027577756
norm_2018: 35.1890027577756
norm_Run2: 35.1890027577756
sigma: 72.74967816520562
sigmaL: 55.040750733646604
sigmaR: 42.67904834137387
widthL: 55.040750733646604
widthR: 42.67904834137387
x0: 1402.0077828010685
