alphaL: 0.9495019085489553
alphaR: 2.0717052925288937
event_sum: 35.1890027577756
mean: 1402.009094236593
nL: 20.746130212932282
nR: 2.263079467751147
norm_2016: 9.597996471682563
norm_2017: 11.044049414922483
norm_2018: 15.401239087572321
norm_Run2: 35.1890027577756
sigma: 72.74967816520562
sigmaL: 53.8128410760534
sigmaR: 42.47545100651224
widthL: 53.8128410760534
widthR: 42.47545100651224
x0: 1402.009094236593
