alphaL: 0.9606476860871485
alphaR: 2.2527256772676223
event_sum: 29.88772283680737
mean: 1401.3191443809721
nL: 61.96006229077597
nR: 2.263269936043992
norm_2016: 29.88772283680737
norm_2017: 29.88772283680737
norm_2018: 29.88772283680737
norm_Run2: 29.88772283680737
sigma: 72.74967816520562
sigmaL: 56.17602930482993
sigmaR: 37.5834253792121
widthL: 56.17602930482993
widthR: 37.5834253792121
x0: 1401.3191443809721
