alphaL: 1.016747361039271
alphaR: 1.0876420093540986
event_sum: 19.253484730841592
mean: 1380.7113701438113
nL: 1.9671654478068383
nR: 5.689801391283136
norm_2016: 4.888389536528848
norm_2017: 6.015751903527416
norm_2018: 8.685321622062474
norm_Run2: 19.58946306211874
sigma: 140.0
sigmaL: 128.0564120563353
sigmaR: 68.71909252045417
widthL: 128.0564120563353
widthR: 68.71909252045417
x0: 1380.7113701438113
