alphaL: 0.9606476860871485
alphaR: 2.2527256772676223
event_sum: 29.88772283680737
mean: 1401.3191443809721
nL: 61.96006229077597
nR: 2.263269936043992
norm_2016: 7.808273395872675
norm_2017: 9.32839061692357
norm_2018: 13.46673576417379
norm_norm_Run2: 30.603399776970036
sigma: 72.74967816520562
sigmaL: 56.17602930482993
sigmaR: 37.5834253792121
widthL: 56.17602930482993
widthR: 37.5834253792121
x0: 1401.3191443809721
