alphaL: 0.9512464034766709
alphaR: 1.3320037368468705
event_sum: 22.242061382276006
mean: 1385.6887221037096
nL: 5.0356005890863225
nR: 5.617976558506826
norm_2016: 5.638954302528873
norm_2017: 7.020489628077485
norm_2018: 10.00656744861044
norm_norm_Run2: 22.666011379216798
sigma: 78.4
sigmaL: 89.52709808282994
sigmaR: 62.642811216950584
widthL: 89.52709808282994
widthR: 62.642811216950584
x0: 1385.6887221037096
