alphaL: 1.0053501060618268
alphaR: 1.3838157252681513
event_sum: 20.245861521884976
fraction: 0.7402711005191391
mean: 2006.931189625165
nL: 0.4
nR: 4.4158501940210275
norm: 11.149979593620712
sigma: 205.0
sigmaL: 193.88185834161914
sigmaR: 111.25854937379624
widthL: 193.88185834161914
widthR: 111.25854937379624
x0: 2006.931189625165
