alphaL: 1.2720189262095338
alphaR: 1.5747518598518835
event_sum: 1.2743745035442138
mean: 2000.6101868620858
nL: 0.1
nR: 3.681479913239387
norm: 1.2743745035442138
sigma: 205.0
sigmaL: 207.8827494618932
sigmaR: 122.72466498060346
widthL: 207.8827494618932
widthR: 122.72466498060346
x0: 2000.6101868620858
