alphaL: 1.4856350207224802
alphaR: 1.4266820870208583
event_sum: 1.5026977263197117
mean: 2021.8299426786225
nL: 0.14036218660829244
nR: 2.72830655707559
norm: 1.5026977263197117
sigma: 205.0
sigmaL: 221.04939425883882
sigmaR: 101.32320347739356
widthL: 221.04939425883882
widthR: 101.32320347739356
x0: 2021.8299426786225
