alphaL: 1.1107747381974793
alphaR: 1.2401971310692146
event_sum: 18.44882618269722
fraction: 0.8126054228626074
mean: 2019.2312183615825
nL: 0.6724108499773344
nR: 4.1563864576287815
norm: 13.489719146311835
sigma: 205.0
sigmaL: 195.28103014736428
sigmaR: 99.71682861683412
widthL: 195.28103014736428
widthR: 99.71682861683412
x0: 2019.2312183615825
