alphaL: 0.7078908437437953
alphaR: 1.444463088807426
event_sum: 1.6352296940970121
mean: 1998.9632613083072
nL: 1.0004775308955665
nR: 3.6056382697709966
norm: 1.6352296940970121
sigma: 205.0
sigmaL: 142.77469155466005
sigmaR: 116.48864302369608
widthL: 142.77469155466005
widthR: 116.48864302369608
x0: 1998.9632613083072
