alphaL: 0.44650716223422
alphaR: 1.3057759983125787
event_sum: 1.471291472628658
mean: 2025.212547756946
nL: 1.003431561537157
nR: 3.6300820109326146
norm: 1.471291472628658
sigma: 205.0
sigmaL: 174.3737634946909
sigmaR: 99.6690117686345
widthL: 174.3737634946909
widthR: 99.6690117686345
x0: 2025.212547756946
