alphaL: 0.09881511498776654
alphaR: 1.2872766234245554
event_sum: 0.19384732629809234
mean: 3473.3807892048567
nL: 0.9999688659537201
nR: 3.2791019087753277
norm: 0.19384732629809234
sigma: 345.0
sigmaL: 910.7467354989311
sigmaR: 100.77244965889913
widthL: 910.7467354989311
widthR: 100.77244965889913
x0: 3473.3807892048567
