alphaL: 0.8758553085087671
alphaR: 1.055310076584688
event_sum: 0.26102630838246516
mean: 3441.8667459725584
nL: 0.10446467410640073
nR: 1.337499747194594
norm: 0.26102630838246516
sigma: 345.0
sigmaL: 487.5224961352627
sigmaR: 89.00955992686401
widthL: 487.5224961352627
widthR: 89.00955992686401
x0: 3441.8667459725584
