alphaL: 0.5072709552338244
alphaR: 1.007543868172185
event_sum: 13.837857090791655
fraction: 0.5737822826645511
mean: 3474.203224358404
nL: 0.4
nR: 3.2178147945076176
norm: 1.1465105629167216
sigma: 345.0
sigmaL: 530.537855395861
sigmaR: 95.13201745003596
widthL: 530.537855395861
widthR: 95.13201745003596
x0: 3474.203224358404
