alphaL: 0.671570015067907
alphaR: 0.5068837465205327
event_sum: 0.13885865545169113
mean: 3519.6664871689636
nL: 0.1
nR: 1.9458374005954429
norm: 0.13885865545169113
sigma: 345.0
sigmaL: 397.27031014112913
sigmaR: 25.713063446408427
widthL: 397.27031014112913
widthR: 25.713063446408427
x0: 3519.6664871689636
