alphaL: 0.26742130530959646
alphaR: 1.1499055710716246
event_sum: 0.3218689068994577
mean: 3489.6224541750985
nL: 0.9977179820937017
nR: 2.932893428190984
norm: 0.3218689068994577
sigma: 345.0
sigmaL: 711.8460045020342
sigmaR: 106.06911680176816
widthL: 711.8460045020342
widthR: 106.06911680176816
x0: 3489.6224541750985
