alphaL: 0.5669115737496753
alphaR: 2.08034335267687
event_sum: 49.11539350047913
fraction: 0.992417840757458
mean: 3437.5934297355216
nL: 129.57224839197397
nR: 1.8897765881111357
norm: 48.64576093819818
sigma: 328.45850469426125
sigmaL: 84.09699245621138
sigmaR: 81.66998075480296
widthL: 84.09699245621138
widthR: 81.66998075480296
x0: 3437.5934297355216
