alphaL: 0.6488025793587153
alphaR: 1.3204206115472819
event_sum: 9.685056690891003
fraction: 0.6178400222364739
mean: 3400.0
nL: 0.43341350815442703
nR: 4.4855666742137
norm: 2.2310730323581462
sigma: 345.0
sigmaL: 349.38740835122195
sigmaR: 146.28751006367239
widthL: 349.38740835122195
widthR: 146.28751006367239
x0: 3400.0
