alphaL: 0.8297397633875127
alphaR: 1.0985331197226957
event_sum: 0.70464904962871
mean: 2082.002272623345
nL: 0.9991194438468602
nR: 3.7499149881309712
norm: 0.70464904962871
sigma: 210.0
sigmaL: 207.486418078685
sigmaR: 87.62664370332374
widthL: 207.486418078685
widthR: 87.62664370332374
x0: 2082.002272623345
