alphaL: 0.469464066334405
alphaR: 1.2383398678114292
event_sum: 0.5840679601277291
mean: 2097.586128786094
nL: 0.9976209161948699
nR: 3.2275894171276676
norm: 0.5840679601277291
sigma: 210.0
sigmaL: 248.92042871435987
sigmaR: 86.84837658657376
widthL: 248.92042871435987
widthR: 86.84837658657376
x0: 2097.586128786094
