alphaL: 0.9077313642408849
alphaR: 1.282795354808167
event_sum: 8.760554545869407
fraction: 0.7472184842843117
mean: 2063.8895694320017
nL: 0.5605889449777172
nR: 4.435019219481705
norm: 4.552447181185019
sigma: 210.0
sigmaL: 213.63342373005776
sigmaR: 104.00963501711428
widthL: 213.63342373005776
widthR: 104.00963501711428
x0: 2063.8895694320017
