alphaL: 1.097786651752303
alphaR: 1.776891838645615
event_sum: 0.500789264229518
mean: 2030.1634707749956
nL: 0.16055127318956958
nR: 2.7561341542488473
norm: 0.500789264229518
sigma: 210.0
sigmaL: 194.83668530415522
sigmaR: 139.125721131431
widthL: 194.83668530415522
widthR: 139.125721131431
x0: 2030.1634707749956
