alphaL: 1.4310757119970277
alphaR: 1.366987025188047
event_sum: 0.647742159571311
mean: 2076.682913371746
nL: 0.17498732088874247
nR: 2.7528485925083093
norm: 0.647742159571311
sigma: 210.0
sigmaL: 238.79269734509765
sigmaR: 98.15673062758336
widthL: 238.79269734509765
widthR: 98.15673062758336
x0: 2076.682913371746
