alphaL: 1.2745720418577775
alphaR: 1.2380488760692094
event_sum: 8.459747676921713
fraction: 0.8002896751742403
mean: 2077.4309007783054
nL: 0.4715187592381172
nR: 3.4417354647079406
norm: 6.059223364005076
sigma: 210.0
sigmaL: 232.0309656621408
sigmaR: 96.17008419402893
widthL: 232.0309656621408
widthR: 96.17008419402893
x0: 2077.4309007783054
