alphaL: 1.0792766276980088
alphaR: 1.6901488157404665
event_sum: 2.8090804612645424
mean: 1295.1181856716937
nL: 2.075148705642894
nR: 1.890279307755868
norm: 2.8090804612645424
sigma: 72.8
sigmaL: 90.9651356847666
sigmaR: 58.52646972815185
widthL: 90.9651356847666
widthR: 58.52646972815185
x0: 1295.1181856716937
