alphaL: 1.0718880181813906
alphaR: 1.463891261893178
event_sum: 31.53454301054067
fraction: 0.950186328321055
mean: 1292.8537530103122
nL: 1.8789412992197372
nR: 3.82654971690014
norm: 29.387114922312865
sigma: 72.8
sigmaL: 86.77384720620526
sigmaR: 59.1446692225492
widthL: 86.77384720620526
widthR: 59.1446692225492
x0: 1292.8537530103122
