alphaL: 1.1813197979350856
alphaR: 1.4193963622323014
event_sum: 22.992100341353435
fraction: 0.9683974719988463
mean: 1289.3298173067074
nL: 2.1894991156912864
nR: 4.124095017066567
norm: 22.018475161531242
sigma: 72.8
sigmaL: 88.93630954163973
sigmaR: 58.7539724301912
widthL: 88.93630954163973
widthR: 58.7539724301912
x0: 1289.3298173067074
