alphaL: 1.0396034436621564
alphaR: 1.430091065888966
event_sum: 2.202915862017657
mean: 1289.0835717775458
nL: 3.863142813430418
nR: 3.816404709694587
norm: 2.202915862017657
sigma: 72.8
sigmaL: 85.83265979299593
sigmaR: 58.42282915265854
widthL: 85.83265979299593
widthR: 58.42282915265854
x0: 1289.0835717775458
