alphaL: 1.1496951245616134
alphaR: 1.5971178114284317
event_sum: 2.1391207704824913
mean: 1288.9843606032216
nL: 2.5894305780718674
nR: 2.6341273985068088
norm: 2.1391207704824913
sigma: 72.8
sigmaL: 88.52894668793631
sigmaR: 60.555566168781176
widthL: 88.52894668793631
widthR: 60.555566168781176
x0: 1288.9843606032216
