alphaL: 0.9342393860459198
alphaR: 1.3840885281079869
event_sum: 2.916857092008146
mean: 1296.1458499306316
nL: 2.930850182864796
nR: 3.6244279330871163
norm: 2.916857092008146
sigma: 72.8
sigmaL: 87.0110589456877
sigmaR: 55.75804807124976
widthL: 87.0110589456877
widthR: 55.75804807124976
x0: 1296.1458499306316
