alphaL: 2.060907645692359
alphaR: 2.072088600031409
event_sum: 129.23282783098858
mean: 1607.6709198669266
nL: 2.9999827921859548
nR: 2.9966763910929997
norm: 129.23282783098858
sigma: 99
sigmaL: 83.83869446472043
sigmaR: 38.77693844372783
widthL: 83.83869446472043
widthR: 38.77693844372783
x0: 1607.6709198669266
