alphaL: 1.6645367311521777
alphaR: 2.0377834880794006
event_sum: 90.67344422243585
mean: 1604.8653426047492
nL: 3.9999048076033286
nR: 3.2528907070169097
norm: 90.67344422243585
sigma: 99.26453453723033
sigmaL: 75.05467527313218
sigmaR: 42.240172208196185
widthL: 75.05467527313218
widthR: 42.240172208196185
x0: 1604.8653426047492
