alphaL: 1.338701795075043
alphaR: 1.7453044010249659
event_sum: 22.615992046526078
mean: 1607.795250958514
nL: 5.999938483342018
nR: 2.6601018501701152
norm: 22.615992046526078
sigmaL: 70.12390871691899
sigmaR: 41.138139826881854
widthL: 70.12390871691899
widthR: 41.138139826881854
x0: 1607.795250958514
