alphaL: 1.7641416971361816
alphaR: 0.3273903523911149
event_sum: 4.506640388092141
mean: 1632.4351050299717
nL: 3.9573737718923883
nR: 3.907444160265747
norm: 4.506640388092141
sigma: 102.35720436254937
sigmaL: 89.58864119890525
sigmaR: 7.037554219827552
widthL: 89.58864119890525
widthR: 7.037554219827552
x0: 1632.4351050299717
