alphaL: 1.9053959456731049
alphaR: 2.372639805323708
event_sum: 66.59300574153113
mean: 1604.208487383627
nL: 2.9999974096725746
nR: 2.097028198173656
norm: 66.59300574153113
sigma: 99.26946738069566
sigmaL: 81.12142144804483
sigmaR: 39.23276971327054
widthL: 81.12142144804483
widthR: 39.23276971327054
x0: 1604.208487383627
