alphaL: 1.7600074109263708
alphaR: 2.115089069076722
event_sum: 29.50998178022938
mean: 1608.4740377011728
nL: 2.999999999983793
nR: 1.9739269033398392
norm: 29.50998178022938
sigma: 102.1942937206754
sigmaL: 81.98375531131792
sigmaR: 38.19010003760085
widthL: 81.98375531131792
widthR: 38.19010003760085
x0: 1608.4740377011728
