alphaL: 1.4355047282612838
alphaR: 2.226403850428325
event_sum: 22.887824403801524
mean: 1604.8223868154646
nL: 5.99769268191023
nR: 1.7887446237659594
norm: 22.887824403801524
sigmaL: 74.61701096422271
sigmaR: 40.34069479827348
widthL: 74.61701096422271
widthR: 40.34069479827348
x0: 1604.8223868154646
