alphaL: 1.8954285002578017
alphaR: 2.0580050582907816
event_sum: 68.75805580041282
mean: 1607.9363811661774
nL: 2.999999997710507
nR: 2.987726913825389
norm: 68.75805580041282
sigma: 99
sigmaL: 79.84405404704346
sigmaR: 41.27429209827974
widthL: 79.84405404704346
widthR: 41.27429209827974
x0: 1607.9363811661774
