alphaL: 1.7002637281676338
alphaR: 2.1521304924870805
event_sum: 4.460990964455633
mean: 1607.5876035650265
nL: 2.9892412530231542
nR: 1.9186403817082818
norm: 4.460990964455633
sigma: 102.35720436254937
sigmaL: 80.63329244200523
sigmaR: 38.83918054949604
widthL: 80.63329244200523
widthR: 38.83918054949604
x0: 1607.5876035650265
