alphaL: 1.9169448857493299
alphaR: 2.154203911779538
event_sum: 51.18951452000409
mean: 1606.210522644249
nL: 3.999987627373324
nR: 2.9874614356240516
norm: 51.18951452000409
sigmaL: 82.87280715950588
sigmaR: 38.304214103888654
widthL: 82.87280715950588
widthR: 38.304214103888654
x0: 1606.210522644249
