alphaL: 1.8589919806350443
alphaR: 2.05221864318241
event_sum: 90.67344422243585
mean: 1606.989630154707
nL: 2.9999984125118706
nR: 2.977975806863132
norm: 90.67344422243585
sigma: 99.26453453723033
sigmaL: 78.59328382265632
sigmaR: 41.0878352664925
widthL: 78.59328382265632
widthR: 41.0878352664925
x0: 1606.989630154707
