alphaL: 1.7657814684819038
alphaR: 1.93381372498671
event_sum: 22.897738395383897
mean: 1610.1182083672775
nL: 3.999382844358613
nR: 2.5957420079800833
norm: 22.897738395383897
sigmaL: 83.25056998276766
sigmaR: 36.92555588661156
widthL: 83.25056998276766
widthR: 36.92555588661156
x0: 1610.1182083672775
