alphaL: 1.7237870668783601
alphaR: 1.9040976152137532
event_sum: 29.744808327115322
mean: 1609.2037792998242
nL: 3.9999733479356165
nR: 2.6467614140463036
norm: 29.744808327115322
sigmaL: 81.02704128380819
sigmaR: 38.118743009736676
widthL: 81.02704128380819
widthR: 38.118743009736676
x0: 1609.2037792998242
