alphaL: 1.8759756046165919
alphaR: 1.9152266954132953
event_sum: 68.79256778288753
mean: 1608.7706013617108
nL: 3.9998070403631836
nR: 3.622926519211713
norm: 68.79256778288753
sigmaL: 80.63217951065951
sigmaR: 40.398086237976145
widthL: 80.63217951065951
widthR: 40.398086237976145
x0: 1608.7706013617108
