alphaL: 1.8339523874141508
alphaR: 1.4573344708022
event_sum: 14.037367625713106
mean: 1615.482056788242
nL: 2.9999995167868985
nR: 2.9993027709196443
norm: 14.037367625713106
sigma: 102
sigmaL: 81.87670722028935
sigmaR: 35.81995344998712
widthL: 81.87670722028935
widthR: 35.81995344998712
x0: 1615.482056788242
