alphaL: 1.7679314095585124
alphaR: 2.337201435533909
event_sum: 51.172605922149764
mean: 1604.4881784055067
nL: 3.999948582893813
nR: 2.283391458263027
norm: 51.172605922149764
sigmaL: 80.20202847691483
sigmaR: 39.44035180806216
widthL: 80.20202847691483
widthR: 39.44035180806216
x0: 1604.4881784055067
