alphaL: 1.7592563380407389
alphaR: 1.8336574927281897
event_sum: 29.959118639935266
mean: 1569.5759035314366
nL: 3.9903949539428165
nR: 3.5399126602000197
norm: 29.959118639935266
sigmaL: 97.22457372942883
sigmaR: 62.56109386721547
widthL: 97.22457372942883
widthR: 62.56109386721547
x0: 1569.5759035314366
