alphaL: 1.6568328277436648
alphaR: 1.639274961446153
event_sum: 29.797418176170176
mean: 1611.852543482844
nL: 2.999999557584286
nR: 2.863660279992749
norm: 29.797418176170176
sigma: 102.20570224812309
sigmaL: 76.82552650233407
sigmaR: 37.58598482922247
widthL: 76.82552650233407
widthR: 37.58598482922247
x0: 1611.852543482844
