alphaL: 1.511205499635459
alphaR: 1.776370712722462
event_sum: 22.59775237709003
mean: 1609.616410049618
nL: 3.9933422181453424
nR: 2.468630032174733
norm: 22.59775237709003
sigmaL: 73.65383542000451
sigmaR: 40.30957867411394
widthL: 73.65383542000451
widthR: 40.30957867411394
x0: 1609.616410049618
