alphaL: 1.9053725193746742
alphaR: 2.3629001002923316
event_sum: 66.59300574153113
mean: 1604.2243362424776
nL: 2.9949448762658486
nR: 2.090789927471702
norm: 66.59300574153113
sigma: 99
sigmaL: 81.04511376801089
sigmaR: 39.18616088037459
widthL: 81.04511376801089
widthR: 39.18616088037459
x0: 1604.2243362424776
