alphaL: 1.8970830166092587
alphaR: 1.921128014597121
event_sum: 70.71632397283962
mean: 1607.1661114065014
nL: 3.9999554906699233
nR: 3.9936484968592074
norm: 70.71632397283962
sigmaL: 82.35373992858491
sigmaR: 37.699102754031564
widthL: 82.35373992858491
widthR: 37.699102754031564
x0: 1607.1661114065014
