alphaL: 1.6673626177467642
alphaR: 1.7366854776403264
event_sum: 22.59775237709003
mean: 1610.7791781377675
nL: 2.9999810563965523
nR: 2.5209367998287124
norm: 22.59775237709003
sigmaL: 76.36285494136423
sigmaR: 39.53332567264158
widthL: 76.36285494136423
widthR: 39.53332567264158
x0: 1610.7791781377675
