alphaL: 1.6685395278091801
alphaR: 2.316015604496251
event_sum: 51.187856621337424
mean: 1603.9289888555618
nL: 5.9986601536029935
nR: 2.258872643906529
norm: 51.187856621337424
sigmaL: 79.06074225841438
sigmaR: 39.61552329170226
widthL: 79.06074225841438
widthR: 39.61552329170226
x0: 1603.9289888555618
