alphaL: 1.955939136298176
alphaR: 0.28674441565706127
event_sum: 29.797418176170176
mean: 1636.4633756788382
nL: 2.9993437834347954
nR: 2.999955004713398
norm: 29.797418176170176
sigma: 102.1942937206754
sigmaL: 94.38238076467721
sigmaR: 5.178014182852551
widthL: 94.38238076467721
widthR: 5.178014182852551
x0: 1636.4633756788382
