alphaL: 1.6996049409801885
alphaR: 1.4938689130887834
event_sum: 14.014937600528146
mean: 1613.771943139298
nL: 2.9999912973250207
nR: 2.912882636123513
norm: 14.014937600528146
sigma: 102
sigmaL: 78.90319838745646
sigmaR: 37.00239453169479
widthL: 78.90319838745646
widthR: 37.00239453169479
x0: 1613.771943139298
