alphaL: 1.719795508361543
alphaR: 1.938264595771288
event_sum: 68.75805580041282
mean: 1606.879550856176
nL: 3.999804380982113
nR: 3.7805324481434237
norm: 68.75805580041282
sigmaL: 77.21572480073503
sigmaR: 41.39635529835344
widthL: 77.21572480073503
widthR: 41.39635529835344
x0: 1606.879550856176
