alphaL: 1.6246061409466979
alphaR: 1.5675072145228148
event_sum: 22.62795994536988
mean: 1611.9054309821856
nL: 3.99920037266374
nR: 3.2908099303540963
norm: 22.62795994536988
sigmaL: 76.99279283377479
sigmaR: 38.037930177865896
widthL: 76.99279283377479
widthR: 38.037930177865896
x0: 1611.9054309821856
