alphaL: 1.8669681390112824
alphaR: 2.0541956049863703
event_sum: 90.77044170507122
mean: 1607.1189107311873
nL: 2.9999859729736196
nR: 2.9990251195312028
norm: 90.77044170507122
sigma: 99.26946738069566
sigmaL: 79.01076394719186
sigmaR: 41.111910118457615
widthL: 79.01076394719186
widthR: 41.111910118457615
x0: 1607.1189107311873
