alphaL: 1.9217979176398077
alphaR: 2.3346661555755364
event_sum: 51.172605922149764
mean: 1605.642286222312
nL: 2.999675519856271
nR: 2.1442748309870114
norm: 51.172605922149764
sigma: 99
sigmaL: 82.13096059781613
sigmaR: 38.82560112843235
widthL: 82.13096059781613
widthR: 38.82560112843235
x0: 1605.642286222312
