alphaL: 1.7639236592844423
alphaR: 2.110720800417752
event_sum: 29.50998178022938
mean: 1608.4300396161293
nL: 2.999984344946567
nR: 1.999512117392532
norm: 29.50998178022938
sigma: 102.20570224812309
sigmaL: 82.01269146518467
sigmaR: 38.22873836000166
widthL: 82.01269146518467
widthR: 38.22873836000166
x0: 1608.4300396161293
