alphaL: 1.9170725585977189
alphaR: 0.3665253426070933
event_sum: 4.506640388092141
mean: 1635.7892472980793
nL: 2.9933573490522685
nR: 2.9939326439136553
norm: 4.506640388092141
sigma: 102.35720436254937
sigmaL: 93.69314426186891
sigmaR: 6.73434622616001
widthL: 93.69314426186891
widthR: 6.73434622616001
x0: 1635.7892472980793
