alphaL: 2.1393419538827114
alphaR: 1.9280030155644752
event_sum: 42.645855127375114
mean: 1611.727856907322
nL: 2.999808882729486
nR: 2.951143507925673
norm: 42.645855127375114
sigma: 99
sigmaL: 82.77483364912356
sigmaR: 39.10000614428455
widthL: 82.77483364912356
widthR: 39.10000614428455
x0: 1611.727856907322
