alphaL: 1.8898187649813636
alphaR: 2.374475528031981
event_sum: 66.44715326479404
mean: 1603.5243728064115
nL: 2.9997172195452286
nR: 2.180649153535324
norm: 66.44715326479404
sigma: 99.26453453723033
sigmaL: 80.55279004763861
sigmaR: 39.68001776874785
widthL: 80.55279004763861
widthR: 39.68001776874785
x0: 1603.5243728064115
