alphaL: 1.6526200011531207
alphaR: 2.081039289891596
event_sum: 34.73397764981215
mean: 1604.847511410069
nL: 3.999825233612242
nR: 2.263975788444393
norm: 34.73397764981215
sigmaL: 68.16326505785533
sigmaR: 43.60422980977118
widthL: 68.16326505785533
widthR: 43.60422980977118
x0: 1604.847511410069
