alphaL: 1.8760985075906718
alphaR: 2.0518507174402463
event_sum: 90.77044170507122
mean: 1607.301164039658
nL: 2.9999767154885935
nR: 2.977703508261688
norm: 90.77044170507122
sigma: 99.34156374560108
sigmaL: 79.24033441481808
sigmaR: 40.926004870184386
widthL: 79.24033441481808
widthR: 40.926004870184386
x0: 1607.301164039658
