alphaL: 1.919824643812764
alphaR: 1.973418018193593
event_sum: 42.62558504404367
mean: 1609.434584588959
nL: 2.999993534025817
nR: 2.988977364596052
norm: 42.62558504404367
sigma: 99
sigmaL: 78.82379273139654
sigmaR: 40.28044466082543
widthL: 78.82379273139654
widthR: 40.28044466082543
x0: 1609.434584588959
