alphaL: 1.6502927110828032
alphaR: 1.8500214878541035
event_sum: 30.49091651342324
mean: 1566.9991055693868
nL: 3.996822291438863
nR: 3.30914070170043
norm: 30.49091651342324
sigmaL: 91.40243372160919
sigmaR: 68.14865955138195
widthL: 91.40243372160919
widthR: 68.14865955138195
x0: 1566.9991055693868
