alphaL: 1.6873418791171384
alphaR: 2.0086752634185467
event_sum: 50.224545091058054
mean: 1608.2037288502002
nL: 2.9999972890477853
nR: 2.1204176450071395
norm: 50.224545091058054
sigma: 102
sigmaL: 78.24353929667438
sigmaR: 39.23168283147837
widthL: 78.24353929667438
widthR: 39.23168283147837
x0: 1608.2037288502002
