alphaL: 1.5307325422976574
alphaR: 2.121438702240127
event_sum: 4.460990964455633
mean: 1605.911355147408
nL: 3.9802343249813625
nR: 2.0579335721515073
norm: 4.460990964455633
sigma: 102.35720436254937
sigmaL: 76.59444765633654
sigmaR: 39.71499167618595
widthL: 76.59444765633654
widthR: 39.71499167618595
x0: 1605.911355147408
