alphaL: 1.7410059653017673
alphaR: 2.348233025666536
event_sum: 66.44715326479404
mean: 1602.609826667959
nL: 3.99753984222325
nR: 2.3653983133237912
norm: 66.44715326479404
sigma: 99.26453453723033
sigmaL: 78.52607175376528
sigmaR: 40.0212860094455
widthL: 78.52607175376528
widthR: 40.0212860094455
x0: 1602.609826667959
