alphaL: 1.9520675093833606
alphaR: 1.766471358386456
event_sum: 50.28476918940555
mean: 1613.3888209393788
nL: 2.999963147205332
nR: 2.7512956747375195
norm: 50.28476918940555
sigma: 102
sigmaL: 86.1553668441332
sigmaR: 35.87495297734982
widthL: 86.1553668441332
widthR: 35.87495297734982
x0: 1613.3888209393788
