alphaL: 1.7157416450488632
alphaR: 1.9366270672446309
event_sum: 92.85217406592915
mean: 1564.1979096109092
nL: 3.99887323191425
nR: 3.364121270423573
norm: 92.85217406592915
sigmaL: 91.53469999646892
sigmaR: 67.42501617721902
widthL: 91.53469999646892
widthR: 67.42501617721902
x0: 1564.1979096109092
