alphaL: 1.8735798276931366
alphaR: 2.0462760124690025
event_sum: 90.77044170507122
mean: 1607.338136245643
nL: 2.9999999735175824
nR: 2.995626425414865
norm: 90.77044170507122
sigma: 99
sigmaL: 79.22902524178697
sigmaR: 40.91493626523106
widthL: 79.22902524178697
widthR: 40.91493626523106
x0: 1607.338136245643
