alphaL: 1.587200574210748
alphaR: 2.1700976448433273
event_sum: 22.875567790471617
mean: 1606.8219383099058
nL: 3.9998853402469545
nR: 1.865751868354814
norm: 22.875567790471617
sigmaL: 77.983630260303
sigmaR: 39.21176300766476
widthL: 77.983630260303
widthR: 39.21176300766476
x0: 1606.8219383099058
