alphaL: 1.7814863903988236
alphaR: 2.1080942619890886
event_sum: 22.875567790471617
mean: 1609.3923179586864
nL: 2.990309064742448
nR: 1.9639683158166135
norm: 22.875567790471617
sigma: 102
sigmaL: 82.07296504812537
sigmaR: 37.64145836295806
widthL: 82.07296504812537
widthR: 37.64145836295806
x0: 1609.3923179586864
