alphaL: 1.5734455376328935
alphaR: 1.9334400849229283
event_sum: 68.7698122364801
mean: 1605.5252832579686
nL: 5.999953310221104
nR: 4.114465207248437
norm: 68.7698122364801
sigmaL: 74.93414904742798
sigmaR: 42.103098793910696
widthL: 74.93414904742798
widthR: 42.103098793910696
x0: 1605.5252832579686
