alphaL: 1.3400568223266662
alphaR: 1.9056456337123049
event_sum: 12.49798151381102
mean: 1605.3705691339621
nL: 3.992130939673502
nR: 2.1437231254886475
norm: 12.49798151381102
sigmaL: 62.92476302176603
sigmaR: 48.57997714167459
widthL: 62.92476302176603
widthR: 48.57997714167459
x0: 1605.3705691339621
