alphaL: 1.7235811953662075
alphaR: 1.897097694086525
event_sum: 67.64216044638661
mean: 1561.5258829041968
nL: 3.9902499714041917
nR: 3.573240586526241
norm: 67.64216044638661
sigmaL: 92.27796766646362
sigmaR: 66.12720530092935
widthL: 92.27796766646362
widthR: 66.12720530092935
x0: 1561.5258829041968
