alphaL: 1.8687089789835067
alphaR: 2.1787373251076816
event_sum: 129.17253706558088
mean: 1605.2648482446289
nL: 2.999776798606051
nR: 2.5993972870033106
norm: 129.17253706558088
sigma: 99
sigmaL: 79.98981186329002
sigmaR: 40.20209187639492
widthL: 79.98981186329002
widthR: 40.20209187639492
x0: 1605.2648482446289
