alphaL: 1.9061489916890997
alphaR: 2.37399890457303
event_sum: 66.59300574153113
mean: 1604.0763217628594
nL: 2.9992976018245217
nR: 2.078103439638465
norm: 66.59300574153113
sigma: 99.34156374560108
sigmaL: 81.0561338414759
sigmaR: 39.29022722746613
widthL: 81.0561338414759
widthR: 39.29022722746613
x0: 1604.0763217628594
