alphaL: 1.625137523601387
alphaR: 2.331849242347496
event_sum: 51.392133050831035
mean: 1603.5435417674012
nL: 4.498294955191214
nR: 2.337002340872963
norm: 51.392133050831035
sigma: 75.87798908118434
sigmaL: 77.82866154642625
sigmaR: 39.72780577028212
widthL: 77.82866154642625
widthR: 39.72780577028212
x0: 1603.5435417674012
