alphaL: 1.6637000627068914
alphaR: 1.892881189236351
event_sum: 69.1085089566186
mean: 1606.616714277703
nL: 4.499940955342591
nR: 4.235148472584985
norm: 69.1085089566186
sigma: 75.87798908118434
sigmaL: 76.45525670862295
sigmaR: 41.38841969683958
widthL: 76.45525670862295
widthR: 41.38841969683958
x0: 1606.616714277703
