alphaL: 1.48856946032897
alphaR: 2.261975264727614
event_sum: 68.90464517229702
mean: 1602.1378561648748
nL: 3.9989778043416453
nR: 2.5407204419120237
norm: 68.90464517229702
sigma: 75.96910794956716
sigmaL: 70.25246467056463
sigmaR: 44.82008010744465
widthL: 70.25246467056463
widthR: 44.82008010744465
x0: 1602.1378561648748
