alphaL: 1.0904865140629976
alphaR: 1.8430204403485106
event_sum: 33.841040649218485
fraction: 0.9975296207993369
mean: 1603.9293121875314
nL: 9.998784888587986
nR: 2.61404891363523
norm: 33.801474485895596
sigma: 84.72051669948057
sigmaL: 62.998879872110265
sigmaR: 43.4806529054321
widthL: 62.998879872110265
widthR: 43.4806529054321
x0: 1603.9293121875314
