alphaL: 1.065172852584197
alphaR: 2.4548858147126467
event_sum: 47.317349357297644
fraction: 0.991447376336186
mean: 1599.5130830102328
nL: 90.46757787148681
nR: 1.9993158799967483
norm: 47.02692958584521
sigma: 76.06992156776154
sigmaL: 66.79562713850326
sigmaR: 41.61857309988688
widthL: 66.79562713850326
widthR: 41.61857309988688
x0: 1599.5130830102328
