alphaL: 1.621038459444325
alphaR: 0.29791861159929706
event_sum: 3.4782982062533847
mean: 1629.4993695805556
nL: 4.650108258005582
nR: 4.870121437101824
norm: 3.4782982062533847
sigma: 84.76071251838411
sigmaL: 91.00939894815251
sigmaR: 6.217470316874569
widthL: 91.00939894815251
widthR: 6.217470316874569
x0: 1629.4993695805556
