alphaL: 1.5821977348932386
alphaR: 2.380379340639604
event_sum: 51.2471912545152
mean: 1601.9822609734379
nL: 4.499781045540153
nR: 2.2972819665963353
norm: 51.2471912545152
sigma: 75.96910794956716
sigmaL: 75.99313576985072
sigmaR: 40.85308030890304
widthL: 75.99313576985072
widthR: 40.85308030890304
x0: 1601.9822609734379
