alphaL: 1.4511128379030207
alphaR: 2.074224999251382
event_sum: 68.90464517229702
mean: 1602.5734404672169
nL: 4.499982192965505
nR: 3.3765826652761217
norm: 68.90464517229702
sigma: 75.96910794956716
sigmaL: 69.92444717506842
sigmaR: 43.92228177780983
widthL: 69.92444717506842
widthR: 43.92228177780983
x0: 1602.5734404672169
