alphaL: 1.4423467314679377
alphaR: 2.0606086945444813
event_sum: 68.90464517229702
mean: 1602.4667943649526
nL: 4.499724603200885
nR: 3.574923776340233
norm: 68.90464517229702
sigma: 75.96910794956716
sigmaL: 69.63379454892464
sigmaR: 43.95032069212377
widthL: 69.63379454892464
widthR: 43.95032069212377
x0: 1602.4667943649526
