alphaL: 1.6344921543356437
alphaR: 2.3701970258440883
event_sum: 51.2471912545152
mean: 1602.3969663489002
nL: 3.9890080532892056
nR: 2.265043822363916
norm: 51.2471912545152
sigma: 75.96910794956716
sigmaL: 76.86166909542325
sigmaR: 40.57161554799042
widthL: 76.86166909542325
widthR: 40.57161554799042
x0: 1602.3969663489002
