alphaL: 1.348970880515784
alphaR: 1.7615210991122254
event_sum: 34.6198067573132
mean: 1606.9121817998243
nL: 4.4999569024837385
nR: 2.7788335892244076
norm: 34.6198067573132
sigma: 84.63284025363308
sigmaL: 69.04287780244766
sigmaR: 41.51855548412941
widthL: 69.04287780244766
widthR: 41.51855548412941
x0: 1606.9121817998243
