alphaL: 1.2396020159078487
alphaR: 1.8780050713911802
event_sum: 3.449689703498734
mean: 1604.4928779178474
nL: 4.310462364469389
nR: 2.366606661138957
norm: 3.449689703498734
sigma: 84.76071251838411
sigmaL: 64.70930637133179
sigmaR: 43.14133599804834
widthL: 64.70930637133179
widthR: 43.14133599804834
x0: 1604.4928779178474
