alphaL: 1.4412554220885232
alphaR: 1.7116933798020837
event_sum: 34.709961076499894
mean: 1608.5126198027895
nL: 4.499999921569023
nR: 2.8406164551298163
norm: 34.709961076499894
sigma: 84.63284025363308
sigmaL: 71.90174203498101
sigmaR: 40.359752965862164
widthL: 71.90174203498101
widthR: 40.359752965862164
x0: 1608.5126198027895
