alphaL: 1.2405017236193723
alphaR: 2.0175677177772116
event_sum: 63.60523152293172
fraction: 0.9991635744838098
mean: 1601.129341735844
nL: 9.990167399575125
nR: 3.9528444830329628
norm: 63.57612529373728
sigma: 76.06992156776154
sigmaL: 66.39296422572515
sigmaR: 44.70081654262028
widthL: 66.39296422572515
widthR: 44.70081654262028
x0: 1601.129341735844
