alphaL: 1.3935844871323368
alphaR: 2.3543019413356574
event_sum: 47.317349357297644
fraction: 0.9989432737267083
mean: 1602.0070105688092
nL: 9.999986014136885
nR: 2.360161765867786
norm: 47.31061414361466
sigma: 76.06992156776154
sigmaL: 74.1978004674533
sigmaR: 40.4551713936114
widthL: 74.1978004674533
widthR: 40.4551713936114
x0: 1602.0070105688092
