alphaL: 1.2432568028278435
alphaR: 2.261081393900634
event_sum: 68.64859679329675
mean: 1599.5089490519006
nL: 4.997089333998742
nR: 2.795080201571771
norm: 68.64859679329675
sigma: 75.96910794956716
sigmaL: 64.12116815451888
sigmaR: 45.888111109906646
widthL: 64.12116815451888
widthR: 45.888111109906646
x0: 1599.5089490519006
