alphaL: 1.3706084552257347
alphaR: 1.7137220749822717
event_sum: 3.461980854794092
mean: 1608.0121513610297
nL: 4.444127574255822
nR: 2.9035142668008267
norm: 3.461980854794092
sigma: 84.76071251838411
sigmaL: 70.6873898384658
sigmaR: 40.626429419834054
widthL: 70.6873898384658
widthR: 40.626429419834054
x0: 1608.0121513610297
