alphaL: 0.9589533760867697
alphaR: 1.856442937091471
event_sum: 33.841040649218485
fraction: 0.9982840573743987
mean: 1602.8680913829405
nL: 19.998672013309854
nR: 2.6451822082633236
norm: 33.803630823269486
sigma: 84.72051669948057
sigmaL: 59.60720718518643
sigmaR: 44.014893808938766
widthL: 59.60720718518643
widthR: 44.014893808938766
x0: 1602.8680913829405
