alphaL: 1.1526228306954052
alphaR: 2.337316949279884
event_sum: 34.055814857711084
fraction: 0.9966953592261237
mean: 1600.6512348830743
nL: 9.99999611243392
nR: 1.6578963476597857
norm: 34.0274394727312
sigma: 84.72051669948057
sigmaL: 67.07887750073255
sigmaR: 42.97984607755271
widthL: 67.07887750073255
widthR: 42.97984607755271
x0: 1600.6512348830743
