alphaL: 1.3720705662294037
alphaR: 1.7195970614346088
event_sum: 3.461980854794092
mean: 1607.995426051546
nL: 4.440887603633307
nR: 2.870756424990075
norm: 3.461980854794092
sigma: 84.76071251838411
sigmaL: 70.67458778100533
sigmaR: 40.67493649509335
widthL: 70.67458778100533
widthR: 40.67493649509335
x0: 1607.995426051546
