alphaL: 1.3959368893759247
alphaR: 2.26850188503188
event_sum: 3.4903883371080155
mean: 1603.5598329352877
nL: 4.499990582429602
nR: 1.738301125206452
norm: 3.4903883371080155
sigma: 84.76071251838411
sigmaL: 72.58369910975006
sigmaR: 41.25146474405146
widthL: 72.58369910975006
widthR: 41.25146474405146
x0: 1603.5598329352877
