alphaL: 1.4052151857753554
alphaR: 1.831140335860238
event_sum: 3.466607281327015
mean: 1607.1408528555976
nL: 3.9502872611156556
nR: 2.5944234893131135
norm: 3.466607281327015
sigma: 84.97279788037397
sigmaL: 69.90515851185027
sigmaR: 41.43748757560314
widthL: 69.90515851185027
widthR: 41.43748757560314
x0: 1607.1408528555976
