alphaL: 1.7399212749744617
alphaR: 2.2828789119538224
event_sum: 51.48763124283869
mean: 1604.1925054969147
nL: 4.499068450483916
nR: 2.4983973846445426
norm: 51.48763124283869
sigma: 75.87798908118434
sigmaL: 79.66234582705837
sigmaR: 39.49675107115508
widthL: 79.66234582705837
widthR: 39.49675107115508
x0: 1604.1925054969147
