alphaL: 1.4843205897109526
alphaR: 2.038937665484066
event_sum: 68.99387952999678
mean: 1604.0121107115458
nL: 4.492965818773737
nR: 3.469197259469655
norm: 68.99387952999678
sigma: 75.87798908118434
sigmaL: 71.73945591404184
sigmaR: 43.0454689242258
widthL: 71.73945591404184
widthR: 43.0454689242258
x0: 1604.0121107115458
