alphaL: 1.4391905280699142
alphaR: 2.4509034096689555
event_sum: 51.049265687703155
mean: 1600.9213382458602
nL: 4.9999713312838665
nR: 1.9353463591295805
norm: 51.049265687703155
sigma: 75.96910794956716
sigmaL: 73.40813205337197
sigmaR: 41.248405127469354
widthL: 73.40813205337197
widthR: 41.248405127469354
x0: 1600.9213382458602
