alphaL: 1.4059768108703496
alphaR: 2.299196153867976
event_sum: 3.4903883371080155
mean: 1603.604587857084
nL: 4.499983146727308
nR: 1.6441561908473963
norm: 3.4903883371080155
sigma: 84.76071251838411
sigmaL: 73.08838691168167
sigmaR: 41.2789636522543
widthL: 73.08838691168167
widthR: 41.2789636522543
x0: 1603.604587857084
