alphaL: 1.4378656622748631
alphaR: 1.7300827644009331
event_sum: 34.709961076499894
mean: 1608.276350447691
nL: 4.4999998349423755
nR: 2.8005545023464786
norm: 34.709961076499894
sigma: 84.63778661017977
sigmaL: 71.70969898112952
sigmaR: 40.62089984017114
widthL: 71.70969898112952
widthR: 40.62089984017114
x0: 1608.276350447691
