alphaL: 1.5185652925347697
alphaR: 2.2303156578967083
event_sum: 34.97583114169538
mean: 1604.9645195396822
nL: 4.4999816050728905
nR: 1.8354750312784598
norm: 34.97583114169538
sigma: 84.63778661017977
sigmaL: 76.36757199881218
sigmaR: 40.58283077704198
widthL: 76.36757199881218
widthR: 40.58283077704198
x0: 1604.9645195396822
