alphaL: 1.237026162694474
alphaR: 2.3663826322635684
event_sum: 47.317349357297644
fraction: 0.9993928567711907
mean: 1600.9133290244129
nL: 19.993464544398595
nR: 2.437084091547209
norm: 47.3122720423853
sigma: 76.06992156776154
sigmaL: 71.11168946535027
sigmaR: 40.96466938132661
widthL: 71.11168946535027
widthR: 40.96466938132661
x0: 1600.9133290244129
