alphaL: 1.3801591346429392
alphaR: 2.5875289039438387
event_sum: 34.90388156461995
mean: 1602.3465068078801
nL: 4.475713684202902
nR: 1.0017823807067272
norm: 34.90388156461995
sigma: 84.63284025363308
sigmaL: 71.71620188873928
sigmaR: 42.1870728091772
widthL: 71.71620188873928
widthR: 42.1870728091772
x0: 1602.3465068078801
