alphaL: 1.7478983383497384
alphaR: 2.30604461050387
event_sum: 51.48763124283869
mean: 1604.3680278045017
nL: 4.499842472830997
nR: 2.3888571888024384
norm: 51.48763124283869
sigma: 75.91803542005994
sigmaL: 79.90768391517352
sigmaR: 39.39865030333895
widthL: 79.90768391517352
widthR: 39.39865030333895
x0: 1604.3680278045017
