alphaL: 1.4712012337018163
alphaR: 2.296303967074233
event_sum: 3.490250579910935
mean: 1604.40938883887
nL: 3.877137536319962
nR: 1.619397975482975
norm: 3.490250579910935
sigma: 84.97279788037397
sigmaL: 74.12603278235154
sigmaR: 40.97521521808617
widthL: 74.12603278235154
widthR: 40.97521521808617
x0: 1604.40938883887
