alphaL: 1.5937848950058893
alphaR: 2.3954739093743975
event_sum: 51.2471912545152
mean: 1602.1277972253495
nL: 4.493353143702168
nR: 2.2109313429588364
norm: 51.2471912545152
sigma: 75.96910794956716
sigmaL: 76.27708300626682
sigmaR: 40.72422375651347
widthL: 76.27708300626682
widthR: 40.72422375651347
x0: 1602.1277972253495
