alphaL: 1.0543778810657278
alphaR: 2.1987991714856583
event_sum: 63.60523152293172
fraction: 0.9994494489705485
mean: 1598.4695738541207
nL: 19.999866109817784
nR: 3.0726601183826956
norm: 63.58109899004921
sigma: 76.06992156776154
sigmaL: 61.08520799886115
sigmaR: 46.358442276856316
widthL: 61.08520799886115
widthR: 46.358442276856316
x0: 1598.4695738541207
