alphaL: 1.525287036706503
alphaR: 2.2128060639217786
event_sum: 34.97583114169538
mean: 1605.2405824703878
nL: 4.498905096678377
nR: 1.8848187661636455
norm: 34.97583114169538
sigma: 84.63284025363308
sigmaL: 76.79134553063531
sigmaR: 40.419524235680846
widthL: 76.79134553063531
widthR: 40.419524235680846
x0: 1605.2405824703878
