alphaL: 1.0074589015139928
alphaR: 2.346964955245556
event_sum: 34.055814857711084
fraction: 0.9975467476948918
mean: 1599.663121294866
nL: 19.99992975321808
nR: 1.688009409769709
norm: 34.029606791445985
sigma: 84.72051669948057
sigmaL: 63.194933166353984
sigmaR: 43.2741895764826
widthL: 63.194933166353984
widthR: 43.2741895764826
x0: 1599.663121294866
