alphaL: 1.6655895959427967
alphaR: 1.953491527893867
event_sum: 69.1085089566186
mean: 1606.1618938425986
nL: 4.499937001108034
nR: 3.832749456547414
norm: 69.1085089566186
sigma: 75.91803542005994
sigmaL: 76.17625133886898
sigmaR: 41.794588586282735
widthL: 76.17625133886898
widthR: 41.794588586282735
x0: 1606.1618938425986
