alphaL: 0.8855289078091787
alphaR: 2.337934987837149
event_sum: 63.2316446066834
mean: 1596.903348921948
nL: 126.14899198655532
nR: 2.3308104295619962
norm_2016: 17.847112070652656
norm_2017: 20.847558086388744
norm_2018: 29.17324396315962
norm_Run2: 63.2316446066834
sigma: 76.06992156776154
sigmaL: 56.17101081279211
sigmaR: 47.32594076809734
widthL: 56.17101081279211
widthR: 47.32594076809734
x0: 1596.903348921948
