alphaL: 1.0828356841328917
alphaR: 2.4579952602117277
event_sum: 47.02692958584521
mean: 1599.549662717344
nL: 64.64584654156484
nR: 2.0228906622340466
norm_2016: 47.02692958584521
norm_2017: 47.02692958584521
norm_2018: 47.02692958584521
norm_Run2: 47.02692958584521
sigma: 76.06992156776154
sigmaL: 67.29883373687372
sigmaR: 41.6550717495111
widthL: 67.29883373687372
widthR: 41.6550717495111
x0: 1599.549662717344
