alphaL: 1.0828356841328917
alphaR: 2.4579952602117277
event_sum: 47.02692958584521
mean: 1599.549662717344
nL: 64.64584654156484
nR: 2.0228906622340466
norm_2016: 12.4816720392555
norm_2017: 15.545390799525194
norm_2018: 22.49353151069954
norm_Run2: 50.520594349480234
sigma: 76.06992156776154
sigmaL: 67.29883373687372
sigmaR: 41.6550717495111
widthL: 67.29883373687372
widthR: 41.6550717495111
x0: 1599.549662717344
