alphaL: 1.2080508293905465
alphaR: 1.2008444011985941
event_sum: 19.987241474096663
mean: 1572.3575229742219
nL: 0.34682933815343486
nR: 7.227582311862106
norm_2016: 19.987241474096663
norm_2017: 19.987241474096663
norm_2018: 19.987241474096663
norm_Run2: 19.987241474096663
sigma: 160.0
sigmaL: 159.1446442876734
sigmaR: 86.40872503194772
widthL: 159.1446442876734
widthR: 86.40872503194772
x0: 1572.3575229742219
