alphaL: 1.2080508293905465
alphaR: 1.2008444011985941
event_sum: 19.987241474096663
mean: 1572.3575229742219
nL: 0.34682933815343486
nR: 7.227582311862106
norm_2016: 5.371051849913783
norm_2017: 6.294589666533284
norm_2018: 8.630477455677465
norm_norm_Run2: 20.296118972124532
sigma: 160.0
sigmaL: 159.1446442876734
sigmaR: 86.40872503194772
widthL: 159.1446442876734
widthR: 86.40872503194772
x0: 1572.3575229742219
