alphaL: 0.9614990062740586
alphaR: 1.455504526595535
event_sum: 23.92397586198058
mean: 1579.1729114676605
nL: 1.4308088726507255
nR: 4.467424539618655
norm_2016: 23.92397586198058
norm_2017: 23.92397586198058
norm_2018: 23.92397586198058
norm_Run2: 23.92397586198058
sigma: 89.60000000000001
sigmaL: 92.40827748592761
sigmaR: 77.25620426763075
widthL: 92.40827748592761
widthR: 77.25620426763075
x0: 1579.1729114676605
