alphaL: 0.8679641488307451
alphaR: 1.9650928261066989
event_sum: 33.49664601881523
mean: 1601.116837078044
nL: 17.577923059345043
nR: 2.2245294173581267
norm_2016: 33.49664601881523
norm_2017: 33.49664601881523
norm_2018: 33.49664601881523
norm_Run2: 33.49664601881523
sigma: 84.72051669948057
sigmaL: 55.31088346371045
sigmaR: 45.325144036490826
widthL: 55.31088346371045
widthR: 45.325144036490826
x0: 1601.116837078044
