alphaL: 0.9614990062740586
alphaR: 1.455504526595535
event_sum: 23.92397586198058
mean: 1579.1729114676605
nL: 1.4308088726507255
nR: 4.467424539618655
norm_2016: 6.477706860750914
norm_2017: 7.401875163428485
norm_2018: 10.490193279460073
norm_Run2: 24.36977530363947
sigma: 89.60000000000001
sigmaL: 92.40827748592761
sigmaR: 77.25620426763075
widthL: 92.40827748592761
widthR: 77.25620426763075
x0: 1579.1729114676605
