alphaL: 0.8115786609819753
alphaR: 2.5103132229397804
event_sum: 33.75372180121485
mean: 1597.3886053714057
nL: 62.74085233746651
nR: 1.1877935086979787
norm_2016: 8.589620498707518
norm_2017: 10.735253875725903
norm_2018: 15.293212699238211
norm_Run2: 33.75372180121485
sigma: 84.72051669948057
sigmaL: 55.914327773553424
sigmaR: 44.44659158072059
widthL: 55.914327773553424
widthR: 44.44659158072059
x0: 1597.3886053714057
