alphaL: 0.8859239360832366
alphaR: 1.350457892398597
event_sum: 18.50829123298172
mean: 1565.157401053874
nL: 1.7606349288728438
nR: 3.967987981922299
norm_2016: 4.659824633621611
norm_2017: 5.730000807554461
norm_2018: 8.42605829006061
norm_Run2: 18.81588373123668
sigma: 160.0
sigmaL: 126.84778478842824
sigmaR: 89.27132173837862
widthL: 126.84778478842824
widthR: 89.27132173837862
x0: 1565.157401053874
