alphaL: 1.0824750562211904
alphaR: 1.5919220260766693
event_sum: 23.020190596813336
mean: 1583.5333292225532
nL: 2.006503355971531
nR: 2.8384839339104557
norm_2016: 23.020190596813336
norm_2017: 23.020190596813336
norm_2018: 23.020190596813336
norm_Run2: 23.020190596813336
sigma: 89.60000000000001
sigmaL: 102.794813991856
sigmaR: 72.02802873834975
widthL: 102.794813991856
widthR: 72.02802873834975
x0: 1583.5333292225532
