alphaL: 1.1321823315897859
alphaR: 1.5131557087492067
event_sum: 23.020190596813336
mean: 1585.058253016679
nL: 1.8527054238752203
nR: 3.2462972729953212
norm_2016: 5.874878807109781
norm_2017: 7.2152151733171195
norm_2018: 10.412081890972331
norm_Run2: 23.020190596813336
sigma: 89.60000000000001
sigmaL: 106.0610980021617
sigmaR: 70.5357428378336
widthL: 106.0610980021617
widthR: 70.5357428378336
x0: 1585.058253016679
