alphaL: 0.880733839786911
alphaR: 0.8543571531690153
event_sum: 7.27232726315706
fraction: 0.6805077220384285
mean: 2513.9494772749595
nL: 0.4
nR: 4.105410884727647
norm: 2.288582038467373
sigma: 255.0
sigmaL: 231.81106043161887
sigmaR: 84.47343571286275
widthL: 231.81106043161887
widthR: 84.47343571286275
x0: 2513.9494772749595
