alphaL: 0.6930238249378894
alphaR: 0.8406570238894432
event_sum: 0.45757173932057976
mean: 2566.551959020972
nL: 0.9999052684362536
nR: 3.0882834180494876
norm: 0.45757173932057976
sigma: 255.0
sigmaL: 316.7027305375648
sigmaR: 62.65949662350364
widthL: 316.7027305375648
widthR: 62.65949662350364
x0: 2566.551959020972
