alphaL: 1.2902432704969042
alphaR: 1.3935821655034037
event_sum: 0.40494692217731354
mean: 2510.220833721204
nL: 0.15854734477442092
nR: 2.806014671216966
norm: 0.40494692217731354
sigma: 255.0
sigmaL: 314.43594598747103
sigmaR: 122.71636980747871
widthL: 314.43594598747103
widthR: 122.71636980747871
x0: 2510.220833721204
