alphaL: 1.0868624511578115
alphaR: 1.4983500050122696
event_sum: 0.25861215957308664
mean: 2513.950751830581
nL: 0.1
nR: 2.1425230179488275
norm: 0.25861215957308664
sigma: 255.0
sigmaL: 300.3784348109979
sigmaR: 125.30314324845925
widthL: 300.3784348109979
widthR: 125.30314324845925
x0: 2513.950751830581
