alphaL: 1.122127346688025
alphaR: 1.2071329466469138
event_sum: 6.836313787963519
fraction: 0.7323005054896452
mean: 2509.232821427061
nL: 0.4
nR: 4.065267141399063
norm: 3.751381626830365
sigma: 255.0
sigmaL: 297.46439867126855
sigmaR: 118.33916304563209
widthL: 297.46439867126855
widthR: 118.33916304563209
x0: 2509.232821427061
