alphaL: 0.3105448174571368
alphaR: 0.9570770690536919
event_sum: 0.31685667950597224
mean: 2583.5069248841914
nL: 0.9998973870368788
nR: 3.11160288448668
norm: 0.31685667950597224
sigma: 255.0
sigmaL: 453.1639088762407
sigmaR: 75.4204698129298
widthL: 453.1639088762407
widthR: 75.4204698129298
x0: 2583.5069248841914
