alphaL: 0.9240970944272501
alphaR: 1.4131202155913487
event_sum: 1.2876428211989077
mean: 942.0461294306626
nL: 3.9714083315182567
nR: 3.4965907715919684
norm: 1.2876428211989077
sigma: 95.0
sigmaL: 87.57474961188296
sigmaR: 54.27428971893762
widthL: 87.57474961188296
widthR: 54.27428971893762
x0: 942.0461294306626
