alphaL: 1.027102752525354
alphaR: 1.5543698633123098
event_sum: 1.2864846962547565
mean: 937.6336821854138
nL: 2.4970087840127824
nR: 2.843259344084301
norm: 1.2864846962547565
sigma: 95.0
sigmaL: 86.00608845074349
sigmaR: 59.32299736400413
widthL: 86.00608845074349
widthR: 59.32299736400413
x0: 937.6336821854138
