alphaL: 1.4298572936152092
alphaR: 1.6610230088805285
event_sum: 0.6896828666875671
mean: 926.6303482466988
nL: 3.924687105909354
nR: 3.3803017905756705
norm: 0.6896828666875671
sigma: 95.0
sigmaL: 90.14066439829098
sigmaR: 68.50443119372748
widthL: 90.14066439829098
widthR: 68.50443119372748
x0: 926.6303482466988
