alphaL: 0.9360434885249348
alphaR: 1.500864738998233
event_sum: 12.898352548517439
fraction: 0.9906147358293065
mean: 935.925372764579
nL: 3.2022830137445517
nR: 3.570178954104746
norm: 12.797878701723462
sigma: 95.0
sigmaL: 81.5138048969138
sigmaR: 59.67004673400449
widthL: 81.5138048969138
widthR: 59.67004673400449
x0: 935.925372764579
