alphaL: 1.1266557928506051
alphaR: 1.2628404252123493
event_sum: 6.915895533155543
fraction: 0.9912303303329265
mean: 931.9964813820469
nL: 3.604608887246941
nR: 4.5
norm: 6.847502465476345
sigma: 95.0
sigmaL: 85.94212123614004
sigmaR: 57.486180354549
widthL: 85.94212123614004
widthR: 57.486180354549
x0: 931.9964813820469
