alphaL: 1.649290375332178
alphaR: 1.4815419445564806
event_sum: 0.6890285788635727
mean: 941.3558324273553
nL: 1.212241415520027
nR: 1.894953484954695
norm: 0.6890285788635727
sigma: 95.0
sigmaL: 97.97016046372894
sigmaR: 53.462463844840094
widthL: 97.97016046372894
widthR: 53.462463844840094
x0: 941.3558324273553
