alphaL: 0.848186763958535
alphaR: 0.9710341235160012
event_sum: 0.5420898408629
mean: 2198.5210131653043
nL: 1.000095338625766
nR: 2.2187663624780782
norm: 0.5420898408629
sigma: 220.0
sigmaL: 257.7777736540121
sigmaR: 59.59943271185065
widthL: 257.7777736540121
widthR: 59.59943271185065
x0: 2198.5210131653043
