alphaL: 0.6209388836745078
alphaR: 2.0531487590118975
event_sum: 0.24663144786609337
mean: 2160.4897320656573
nL: 0.20000664295536819
nR: 2.197950385682787
norm: 0.24663144786609337
sigma: 124.02632387172332
sigmaL: 252.3579827836188
sigmaR: 129.11315935538832
widthL: 252.3579827836188
widthR: 129.11315935538832
x0: 2160.4897320656573
