alphaL: 0.8550536295835492
alphaR: 0.8799541408308144
event_sum: 0.4608843548776349
mean: 2214.835423248265
nL: 1.0000775164667766
nR: 2.172504788532552
norm: 0.4608843548776349
sigma: 220.0
sigmaL: 257.34864084143567
sigmaR: 53.1051594467261
widthL: 257.34864084143567
widthR: 53.1051594467261
x0: 2214.835423248265
