alphaL: 1.1557303933224152
alphaR: 1.344240157939285
event_sum: 0.19426345943065826
mean: 2173.213718497798
nL: 0.2020186468883891
nR: 2.4642499775687057
norm: 0.19426345943065826
sigma: 124.02632387172332
sigmaL: 278.4027540127251
sigmaR: 96.92632020483443
widthL: 278.4027540127251
widthR: 96.92632020483443
x0: 2173.213718497798
