alphaL: 0.5543551182729932
alphaR: 0.975470679630571
event_sum: 0.3336998439626768
mean: 2222.6194954902417
nL: 1.0000024037278195
nR: 2.7653606917741733
norm: 0.3336998439626768
sigma: 220.0
sigmaL: 318.44802111122124
sigmaR: 57.48584644370003
widthL: 318.44802111122124
widthR: 57.48584644370003
x0: 2222.6194954902417
