alphaL: 1.2671822974929379
alphaR: 1.7461462457740515
event_sum: 0.2823626939934911
mean: 2143.821687070642
nL: 0.10776065383996682
nR: 2.0594010061576715
norm: 0.2823626939934911
sigma: 220.0
sigmaL: 262.9220999809308
sigmaR: 125.52945855905526
widthL: 262.9220999809308
widthR: 125.52945855905526
x0: 2143.821687070642
