alphaL: 1.0873377051808175
alphaR: 1.4939469090178854
event_sum: 4.166403786512092
fraction: 0.7499531480135835
mean: 2157.0613586838226
nL: 0.40347509939172366
nR: 3.6190124179721743
norm: 2.863143913447857
sigma: 220.0
sigmaL: 225.20778782143984
sigmaR: 121.83182203880519
widthL: 225.20778782143984
widthR: 121.83182203880519
x0: 2157.0613586838226
