alphaL: 0.787640218650125
alphaR: 0.9347781179102655
event_sum: 0.37633939579245634
mean: 2218.3161534903043
nL: 1.000000382592403
nR: 2.3999272076505793
norm: 0.37633939579245634
sigma: 220.0
sigmaL: 263.95355287171395
sigmaR: 58.92424847890094
widthL: 263.95355287171395
widthR: 58.92424847890094
x0: 2218.3161534903043
