alphaL: 1.1672394527520216
alphaR: 0.5843328142452413
event_sum: 4.892587718786672
fraction: 0.7520097259144621
mean: 2209.9392208557942
nL: 0.42984314096278214
nR: 4.150142497198252
norm: 2.302020146511495
sigma: 220.0
sigmaL: 321.05059898862174
sigmaR: 45.18865711799358
widthL: 321.05059898862174
widthR: 45.18865711799358
x0: 2209.9392208557942
