alphaL: 1.3641976973518815
alphaR: 1.415029083344227
event_sum: 0.340577721799491
mean: 2172.601445498359
nL: 0.15019662238397827
nR: 2.83347633653162
norm: 0.340577721799491
sigma: 220.0
sigmaL: 257.1490854158472
sigmaR: 112.05088292210134
widthL: 257.1490854158472
widthR: 112.05088292210134
x0: 2172.601445498359
