alphaL: 0.5535417900538377
alphaR: 0.9757158246243791
event_sum: 0.3336998439626768
mean: 2221.9696339260868
nL: 1.0000023680240184
nR: 2.773919523509354
norm: 0.3336998439626768
sigma: 220.0
sigmaL: 318.39978333777236
sigmaR: 57.573133682230846
widthL: 318.39978333777236
widthR: 57.573133682230846
x0: 2221.9696339260868
