alphaL: 0.787774613405855
alphaR: 0.9356378525315332
event_sum: 0.37633939579245634
mean: 2218.6266704978157
nL: 1.0000003914467892
nR: 2.3971008435914225
norm: 0.37633939579245634
sigma: 220.0
sigmaL: 264.0365010209978
sigmaR: 58.827525828354865
widthL: 264.0365010209978
widthR: 58.827525828354865
x0: 2218.6266704978157
