alphaL: 1.0340394212346398
alphaR: 1.4503318198668582
event_sum: 0.4814896927433839
mean: 2604.114433206507
nL: 0.9850500564016097
nR: 3.080751437965506
norm: 0.4814896927433839
sigma: 148.39999999999998
sigmaL: 160.1069939765556
sigmaR: 110.99971234170906
widthL: 160.1069939765556
widthR: 110.99971234170906
x0: 2604.114433206507
