alphaL: 1.3060526996522035
alphaR: 1.2874060309016901
event_sum: 7.659774638975037
fraction: 0.7326860975213526
mean: 2602.119540331085
nL: 0.4
nR: 3.2126035915286133
norm: 2.969013845744661
sigma: 148.39999999999998
sigmaL: 173.63574167176853
sigmaR: 100.64920652759166
widthL: 173.63574167176853
widthR: 100.64920652759166
x0: 2602.119540331085
