alphaL: 1.2238657028030588
alphaR: 1.345512520616119
event_sum: 0.4576285767645499
mean: 2604.3790456693564
nL: 0.1
nR: 3.2461060747300263
norm: 0.4576285767645499
sigma: 148.39999999999998
sigmaL: 165.74587736732477
sigmaR: 112.85284778657442
widthL: 165.74587736732477
widthR: 112.85284778657442
x0: 2604.3790456693564
