alphaL: 1.0015043981989287
alphaR: 1.8517736386344361
event_sum: 0.2793821017368052
mean: 2582.078527854412
nL: 1.0031125607642004
nR: 3.7745338206123225
norm: 0.2793821017368052
sigma: 148.39999999999998
sigmaL: 182.93160122291027
sigmaR: 139.6171085941021
widthL: 182.93160122291027
widthR: 139.6171085941021
x0: 2582.078527854412
