alphaL: 1.066375869353922
alphaR: 1.4158777295059388
event_sum: 7.81241599697169
fraction: 0.8509332537593041
mean: 2605.223757099133
nL: 0.9718611111336029
nR: 4.426421782726344
norm: 5.012598396186494
sigma: 148.39999999999998
sigmaL: 164.5897059269575
sigmaR: 111.32530181910109
widthL: 164.5897059269575
widthR: 111.32530181910109
x0: 2605.223757099133
