alphaL: 0.43632123923211014
alphaR: 0.9978619329123114
event_sum: 0.2618884340091706
mean: 2627.9365437065517
nL: 4.0820621333632685
nR: 3.5014889606552577
norm: 0.2618884340091706
sigma: 148.39999999999998
sigmaL: 127.36110873051058
sigmaR: 74.84679171957598
widthL: 127.36110873051058
widthR: 74.84679171957598
x0: 2627.9365437065517
