alphaL: 1.2902026594030638
alphaR: 1.789317795805097
event_sum: 1.1861471041237834
mean: 2549.88195314208
nL: 4.399966359246043
nR: 2.534883799860609
norm: 1.1861471041237834
sigma: 155.08739940624648
sigmaL: 105.34235344757455
sigmaR: 64.37814941127489
widthL: 105.34235344757455
widthR: 64.37814941127489
x0: 2549.88195314208
