alphaL: 1.309873890366264
alphaR: 2.029279570280009
event_sum: 2.13406344762429
mean: 2549.499318888856
nL: 4.632313782755652
nR: 1.7566733779721981
norm: 2.13406344762429
sigma: 155.08739940624648
sigmaL: 108.36387565357117
sigmaR: 58.29935244409568
widthL: 108.36387565357117
widthR: 58.29935244409568
x0: 2549.499318888856
