alphaL: 1.104807837489808
alphaR: 2.032695785620191
event_sum: 21.440567981015086
fraction: 0.997176392770795
mean: 2548.4808145723177
nL: 9.995091330727899
nR: 1.7607325628452184
norm: 21.401769371768363
sigma: 153.5030656206522
sigmaL: 102.18566587225435
sigmaR: 58.30795109388904
widthL: 102.18566587225435
widthR: 58.30795109388904
x0: 2548.4808145723177
