alphaL: 1.1412540308100034
alphaR: 1.6011663107884735
event_sum: 11.944909759983414
fraction: 0.998346119758987
mean: 2551.3260991627285
nL: 9.98690966481513
nR: 3.339931021884734
norm: 11.8903630467387
sigma: 153.5030656206522
sigmaL: 104.13873773658577
sigmaR: 62.13338749785798
widthL: 104.13873773658577
widthR: 62.13338749785798
x0: 2551.3260991627285
