alphaL: 1.1959090631652671
alphaR: 2.049767155024704
event_sum: 6.19345995548307
mean: 2542.0611667429625
nL: 4.903298488646767
nR: 3.447399431840636
norm: 6.19345995548307
sigma: 114.76784833739073
sigmaL: 99.21527653203869
sigmaR: 57.57551072619121
widthL: 99.21527653203869
widthR: 57.57551072619121
x0: 2542.0611667429625
