alphaL: 1.3910884639031211
alphaR: 2.006443728467924
event_sum: 6.224327012386181
mean: 2545.197759303404
nL: 4.501024446128223
nR: 3.5136070675226514
norm: 6.224327012386181
sigma: 114.76784833739073
sigmaL: 107.20876019543074
sigmaR: 56.07093789919253
widthL: 107.20876019543074
widthR: 56.07093789919253
x0: 2545.197759303404
