alphaL: 1.4107503702701119
alphaR: 1.7894651877621244
event_sum: 4.580533236562374
mean: 2546.122197235079
nL: 4.508664258840435
nR: 4.189613817858228
norm: 4.580533236562374
sigma: 114.76784833739073
sigmaL: 105.56733405590096
sigmaR: 60.31647159556946
widthL: 105.56733405590096
widthR: 60.31647159556946
x0: 2546.122197235079
