alphaL: 1.1654404646380339
alphaR: 2.0207231958510206
event_sum: 6.240674197097751
fraction: 0.9990260773227552
mean: 2541.363694056952
nL: 9.78924984436122
nR: 3.643262947638353
norm: 6.2396961074661865
sigma: 114.2655522318176
sigmaL: 99.14557388678296
sigmaR: 57.88287613643589
widthL: 99.14557388678296
widthR: 57.88287613643589
x0: 2541.363694056952
