alphaL: 1.177907658699734
alphaR: 2.072492590870616
event_sum: 4.561967660591584
mean: 2539.410706128469
nL: 4.880595620695691
nR: 3.022699738221165
norm: 4.561967660591584
sigma: 114.76784833739073
sigmaL: 93.40196570486827
sigmaR: 64.40156387312177
widthL: 93.40196570486827
widthR: 64.40156387312177
x0: 2539.410706128469
