alphaL: 1.4120212564976307
alphaR: 1.9315509300519087
event_sum: 2.1392811314622704
mean: 2553.5912965044918
nL: 4.4951726252718975
nR: 1.8876164809397424
norm: 2.1392811314622704
sigma: 155.08739940624648
sigmaL: 114.20675270359575
sigmaR: 55.619613831766614
widthL: 114.20675270359575
widthR: 55.619613831766614
x0: 2553.5912965044918
