alphaL: 1.3096744570981351
alphaR: 1.7292238174405241
event_sum: 1.1885639660539393
mean: 2546.613781861202
nL: 4.238562441264022
nR: 2.9880903206406075
norm: 1.1885639660539393
sigma: 155.08739940624648
sigmaL: 103.06215443049577
sigmaR: 66.02104123843746
widthL: 103.06215443049577
widthR: 66.02104123843746
x0: 2546.613781861202
