alphaL: 1.2104206389072414
alphaR: 2.0397337811499514
event_sum: 4.578907208574781
fraction: 0.9991904473487168
mean: 2541.0737741643343
nL: 9.941582534020283
nR: 3.2386187054817994
norm: 4.577607423881141
sigma: 114.2655522318176
sigmaL: 98.0905478694976
sigmaR: 63.79946814591722
widthL: 98.0905478694976
widthR: 63.79946814591722
x0: 2541.0737741643343
