alphaL: 0.7362154667139902
alphaR: 2.122622079689601
event_sum: 43.46257126006684
fraction: 0.9888186441519558
mean: 2296.554220451103
nL: 70.37248971349285
nR: 1.7145262771332508
norm: 10.437163758553432
sigma: 131.40972988367963
sigmaL: 72.19433845460051
sigmaR: 57.27477757743782
widthL: 72.19433845460051
widthR: 57.27477757743782
x0: 2296.554220451103
