alphaL: 0.6975320748055184
alphaR: 1.9068375919404075
event_sum: 0.2778240225263832
mean: 2247.465375011134
nL: 3.3960033376393195
nR: 1.9776522103486454
norm: 0.2778240225263832
sigma: 128.8
sigmaL: 117.35617606752382
sigmaR: 116.49921995726402
widthL: 117.35617606752382
widthR: 116.49921995726402
x0: 2247.465375011134
