alphaL: 0.9769043583354564
alphaR: 1.3193284627260498
event_sum: 0.40190858255888146
mean: 2280.5621790811683
nL: 1.5012185588502946
nR: 3.1770467108974443
norm: 0.40190858255888146
sigma: 128.8
sigmaL: 137.22850095038072
sigmaR: 82.6401153420869
widthL: 137.22850095038072
widthR: 82.6401153420869
x0: 2280.5621790811683
