alphaL: 1.134601706299035
alphaR: 1.9680621990353182
event_sum: 0.2953736013384163
mean: 2243.7647795892863
nL: 0.99778000660233
nR: 3.870072065237699
norm: 0.2953736013384163
sigma: 128.8
sigmaL: 144.03274131726596
sigmaR: 125.63116969931998
widthL: 144.03274131726596
widthR: 125.63116969931998
x0: 2243.7647795892863
