alphaL: 0.8919914195438365
alphaR: 1.414193432735162
event_sum: 5.1542792523738346
fraction: 0.8899206345527404
mean: 2264.0498818813144
nL: 1.423029473850075
nR: 3.8715501601033973
norm: 3.9235357725489637
sigma: 128.8
sigmaL: 119.97277451848848
sigmaR: 93.36898839568242
widthL: 119.97277451848848
widthR: 93.36898839568242
x0: 2264.0498818813144
