alphaL: 1.020253694564986
alphaR: 1.8527209289404407
event_sum: 0.3837411348344426
mean: 2249.029706793935
nL: 2.6015981447524927
nR: 2.8726819867343982
norm: 0.3837411348344426
sigma: 128.8
sigmaL: 136.05393323922885
sigmaR: 114.7489461055723
widthL: 136.05393323922885
widthR: 114.7489461055723
x0: 2249.029706793935
