alphaL: 1.2951067102233618
alphaR: 1.5240226712329055
event_sum: 5.295936645745548
fraction: 0.7966118400543888
mean: 2268.305946984904
nL: 0.43803928231820544
nR: 3.36266828720942
norm: 2.9357496777206076
sigma: 128.8
sigmaL: 152.4282703545322
sigmaR: 100.61867326384089
widthL: 152.4282703545322
widthR: 100.61867326384089
x0: 2268.305946984904
