alphaL: 0.6821722877551154
alphaR: 1.1929006462252083
event_sum: 2.1783502421730097
mean: 1695.5876985922835
nL: 0.9737243348502662
nR: 3.2342634895917524
norm: 2.1783502421730097
sigma: 170.0
sigmaL: 165.68778625730263
sigmaR: 71.08959196786655
widthL: 165.68778625730263
widthR: 71.08959196786655
x0: 1695.5876985922835
