alphaL: 1.2341138733633648
alphaR: 1.414587359118178
event_sum: 1.946774167830382
mean: 1669.7073486357917
nL: 0.25188008766779924
nR: 3.162999608545367
norm: 1.946774167830382
sigma: 170.0
sigmaL: 170.26243454591375
sigmaR: 92.81536701599991
widthL: 170.26243454591375
widthR: 92.81536701599991
x0: 1669.7073486357917
