alphaL: 1.1240879047134527
alphaR: 1.2935456254059812
event_sum: 24.623856637676866
fraction: 0.8034673169698382
mean: 1672.0522823692258
nL: 0.41142163503079154
nR: 4.465962159423046
norm: 17.840880770654714
sigma: 170.0
sigmaL: 166.69892417023664
sigmaR: 88.85804265023891
widthL: 166.69892417023664
widthR: 88.85804265023891
x0: 1672.0522823692258
