alphaL: 1.1413552697219977
alphaR: 1.4035523844109776
event_sum: 1.8866908343134297
mean: 1666.561199063488
nL: 0.7751180624880898
nR: 3.4587277298442984
norm: 1.8866908343134297
sigma: 170.0
sigmaL: 152.74557985415706
sigmaR: 92.77140160590614
widthL: 152.74557985415706
widthR: 92.77140160590614
x0: 1666.561199063488
