alphaL: 0.9421515583473742
alphaR: 1.3638060374356216
event_sum: 2.0179152914691807
mean: 1666.4333978300474
nL: 1.0079310523657485
nR: 3.917317006977488
norm: 2.0179152914691807
sigma: 170.0
sigmaL: 143.35115766365394
sigmaR: 93.21524275425493
widthL: 143.35115766365394
widthR: 93.21524275425493
x0: 1666.4333978300474
