alphaL: 0.9581706468272704
alphaR: 1.3554726146152989
event_sum: 21.2447072351667
fraction: 0.8770966913114225
mean: 1661.7537257321144
nL: 1.3763875470736924
nR: 4.5
norm: 17.642497970917642
sigma: 170.0
sigmaL: 141.1156918714722
sigmaR: 96.02808337016798
widthL: 141.1156918714722
widthR: 96.02808337016798
x0: 1661.7537257321144
