alphaL: 1.1200826175106677
alphaR: 2.1821606991934344
event_sum: 36.54239511138779
fraction: 0.9969430810921355
mean: 1749.9561458769417
nL: 9.985408909282084
nR: 1.8689334645643392
norm: 36.508081689503186
sigma: 92.57886476809614
sigmaL: 71.20651539325746
sigmaR: 45.81150882309034
widthL: 71.20651539325746
widthR: 45.81150882309034
x0: 1749.9561458769417
