alphaL: 1.348201242655337
alphaR: 2.1572831710513616
event_sum: 3.7463628093604977
mean: 1752.52453636112
nL: 4.502508329558393
nR: 1.785450207223242
norm: 3.7463628093604977
sigma: 92.60671371321821
sigmaL: 76.2786839060717
sigmaR: 44.33952869687176
widthL: 76.2786839060717
widthR: 44.33952869687176
x0: 1752.52453636112
