alphaL: 1.297061424448088
alphaR: 1.6135735361736603
event_sum: 3.7319544979303747
mean: 1758.0683889186687
nL: 5.0
nR: 2.605266460378592
norm: 3.7319544979303747
sigma: 92.60671371321821
sigmaL: 77.94626446185298
sigmaR: 35.62323376627936
widthL: 77.94626446185298
widthR: 35.62323376627936
x0: 1758.0683889186687
