alphaL: 1.6102218685426593
alphaR: 2.340550513796188
event_sum: 42.83347726752736
mean: 1754.9607702559233
nL: 4.497165862455968
nR: 2.203585010963857
norm: 42.83347726752736
sigma: 82.65957475498303
sigmaL: 85.30877810073699
sigmaR: 42.02905860933047
widthL: 85.30877810073699
widthR: 42.02905860933047
x0: 1754.9607702559233
