alphaL: 1.3949239391951405
alphaR: 2.3855135359461626
event_sum: 42.66436516808532
mean: 1752.144857072002
nL: 4.974610514738953
nR: 2.16959677832123
norm: 42.66436516808532
sigma: 82.65957475498303
sigmaL: 79.84606828983524
sigmaR: 43.41986172419437
widthL: 79.84606828983524
widthR: 43.41986172419437
x0: 1752.144857072002
