alphaL: 1.2693348884408286
alphaR: 2.259670972571669
event_sum: 51.070608174494325
mean: 1750.4032932265377
nL: 4.999141134924781
nR: 2.417968509837794
norm: 51.070608174494325
sigma: 82.65957475498303
sigmaL: 70.94222822120167
sigmaR: 48.1349653446967
widthL: 70.94222822120167
widthR: 48.1349653446967
x0: 1750.4032932265377
