alphaL: 1.0172055774923896
alphaR: 1.8689780998329892
event_sum: 32.78213801638549
fraction: 0.9978018931078861
mean: 1752.3748753960617
nL: 9.987866338821249
nR: 2.7519263750025855
norm: 32.74024638367797
sigma: 92.57886476809614
sigmaL: 64.36687943286574
sigmaR: 47.687408429522726
widthL: 64.36687943286574
widthR: 47.687408429522726
x0: 1752.3748753960617
