alphaL: 1.253124291810277
alphaR: 1.8595894450373383
event_sum: 3.3503089161794986
mean: 1755.139192132915
nL: 4.499025865176305
nR: 2.5817595852964557
norm: 3.3503089161794986
sigma: 92.60671371321821
sigmaL: 70.98046952628862
sigmaR: 46.19377565893578
widthL: 70.98046952628862
widthR: 46.19377565893578
x0: 1755.139192132915
