alphaL: 1.2180807587446378
alphaR: 2.206782316006575
event_sum: 47.216698307329175
fraction: 0.998975872197793
mean: 1749.9352873405999
nL: 9.99671494460641
nR: 2.938263484451496
norm: 47.203294167502975
sigma: 82.78740725210243
sigmaL: 70.6190458036554
sigmaR: 48.58045745813535
widthL: 70.6190458036554
widthR: 48.58045745813535
x0: 1749.9352873405999
