alphaL: 1.1806990182725725
alphaR: 1.9278425379752224
event_sum: 3.3385287566947923
mean: 1755.267831398737
nL: 4.462542679099969
nR: 2.235930914687584
norm: 3.3385287566947923
sigma: 92.60671371321821
sigmaL: 69.80890832260313
sigmaR: 45.42377316596986
widthL: 69.80890832260313
widthR: 45.42377316596986
x0: 1755.267831398737
