alphaL: 1.3686265228024792
alphaR: 2.4246861275177825
event_sum: 39.30616137853776
fraction: 0.9986564282106373
mean: 1753.2596753049454
nL: 9.990598667985804
nR: 1.9186067241991018
norm: 39.29102715340492
sigma: 82.78740725210243
sigmaL: 81.10973369503832
sigmaR: 43.13487989413413
widthL: 81.10973369503832
widthR: 43.13487989413413
x0: 1753.2596753049454
