alphaL: 1.4368401029700455
alphaR: 2.0962361000688134
event_sum: 51.279518615959546
mean: 1752.7964112237034
nL: 4.499409503464852
nR: 3.1143427889155038
norm: 51.279518615959546
sigma: 82.65957475498303
sigmaL: 75.77225404412584
sigmaR: 46.63233136195709
widthL: 75.77225404412584
widthR: 46.63233136195709
x0: 1752.7964112237034
