alphaL: 0.8457128436671122
alphaR: 2.369971819551094
event_sum: 46.96366947642176
mean: 1746.2234755406314
nL: 128.5701332880308
nR: 2.3312954319895933
norm_2016: 46.96366947642176
norm_2017: 46.96366947642176
norm_2018: 46.96366947642176
norm_Run2: 46.96366947642176
sigma: 82.75215406337183
sigmaL: 58.49717631049107
sigmaR: 50.28528566971793
widthL: 58.49717631049107
widthR: 50.28528566971793
x0: 1746.2234755406314
