alphaL: 0.9747738119140702
alphaR: 2.4355026398225315
event_sum: 39.06137823082302
mean: 1749.2349231660355
nL: 121.65965879102853
nR: 2.142698660559263
norm_2016: 39.06137823082302
norm_2017: 39.06137823082302
norm_2018: 39.06137823082302
norm_Run2: 39.06137823082302
sigma: 82.75215406337183
sigmaL: 69.12934001462439
sigmaR: 44.88999859563519
widthL: 69.12934001462439
widthR: 44.88999859563519
x0: 1749.2349231660355
