alphaL: 0.9708358339247725
alphaR: 2.4343237823420774
event_sum: 39.06137823082302
mean: 1749.231825009141
nL: 127.3774103313607
nR: 2.138259448466924
norm_2016: 10.185107790562213
norm_2017: 13.03752227239451
norm_2018: 18.871453458342057
norm_Run2: 39.06137823082302
sigma: 82.75215406337183
sigmaL: 68.99211910856677
sigmaR: 44.900369741142846
widthL: 68.99211910856677
widthR: 44.900369741142846
x0: 1749.231825009141
