alphaL: 0.8584627042556978
alphaR: 1.939375450684176
event_sum: 32.47594623029449
mean: 1751.2494997242384
nL: 16.002518461354402
nR: 2.5882746614966488
norm_2016: 32.47594623029449
norm_2017: 32.47594623029449
norm_2018: 32.47594623029449
norm_Run2: 32.47594623029449
sigma: 92.64861949621528
sigmaL: 59.63568173459928
sigmaR: 48.57542326742621
widthL: 59.63568173459928
widthR: 48.57542326742621
x0: 1751.2494997242384
