alphaL: 0.9589533146860871
alphaR: 1.3032925442269172
event_sum: 17.316256261528945
mean: 1704.6080875067973
nL: 0.5301745873119915
nR: 8.52878610345216
norm_2016: 4.680315468234784
norm_2017: 5.339910136782049
norm_2018: 7.577068115207143
norm_Run2: 17.597293720223973
sigma: 175.0
sigmaL: 144.50726206223376
sigmaR: 103.36050449326264
widthL: 144.50726206223376
widthR: 103.36050449326264
x0: 1704.6080875067973
