alphaL: 0.9770354685868867
alphaR: 1.4983783472172265
event_sum: 20.729196326291355
mean: 1730.2401703634137
nL: 1.4397993143098482
nR: 3.991719559395621
norm_2016: 5.6953961929749815
norm_2017: 6.433033338395307
norm_2018: 8.987485824959515
norm_Run2: 21.115915356329804
sigma: 98.0
sigmaL: 107.30276385304214
sigmaR: 81.07440080439903
widthL: 107.30276385304214
widthR: 81.07440080439903
x0: 1730.2401703634137
