alphaL: 1.1149214525862028
alphaR: 1.4742873746461438
event_sum: 22.334829247112744
mean: 1731.4489564595933
nL: 1.755132499379046
nR: 3.397480551053018
norm_2016: 5.729274093737609
norm_2017: 6.941923726051209
norm_2018: 10.08263735901298
norm_Run2: 22.334829247112744
sigma: 98.0
sigmaL: 113.67553743208082
sigmaR: 76.19228573756524
widthL: 113.67553743208082
widthR: 76.19228573756524
x0: 1731.4489564595933
