alphaL: 1.0774882593383623
alphaR: 1.4780590724729041
event_sum: 22.334829247112744
mean: 1730.9073840333328
nL: 1.8951385034852009
nR: 3.41829981902914
norm_2016: 22.334829247112744
norm_2017: 22.334829247112744
norm_2018: 22.334829247112744
norm_Run2: 22.334829247112744
sigma: 98.0
sigmaL: 111.70225936309728
sigmaR: 76.35665854282598
widthL: 111.70225936309728
widthR: 76.35665854282598
x0: 1730.9073840333328
