alphaL: 1.0620037306862593
alphaR: 1.3213211642543117
event_sum: 17.528915990532973
mean: 1710.704311305073
nL: 0.9392231720439679
nR: 4.852923784136754
norm_2016: 17.528915990532973
norm_2017: 17.528915990532973
norm_2018: 17.528915990532973
norm_Run2: 17.528915990532973
sigma: 175.0
sigmaL: 148.61324466623918
sigmaR: 97.93394925882487
widthL: 148.61324466623918
widthR: 97.93394925882487
x0: 1710.704311305073
