alphaL: 0.7865900791468321
alphaR: 2.2901027782300165
event_sum: 36.21022903609265
mean: 1746.9494012306063
nL: 75.0861429679606
nR: 1.6097368068482758
norm_2016: 9.294408898490321
norm_2017: 11.384841193956005
norm_2018: 16.479419233609914
norm_Run2: 36.21022903609265
sigma: 92.64861949621528
sigmaL: 58.82522073690583
sigmaR: 47.151948818806034
widthL: 58.82522073690583
widthR: 47.151948818806034
x0: 1746.9494012306063
