alphaL: 0.9880059261789155
alphaR: 1.356392670814859
event_sum: 0.11115874364654396
mean: 3202.0158245901075
nL: 0.8598387745292757
nR: 2.7969530730185124
norm: 0.11115874364654396
sigma: 182.0
sigmaL: 207.1552314475347
sigmaR: 111.74935577811453
widthL: 207.1552314475347
widthR: 111.74935577811453
x0: 3202.0158245901075
