alphaL: 1.791083785649827
alphaR: 0.7191118709182022
event_sum: 0.10479988141869166
mean: 3248.5048340056014
nL: 0.8856490898671912
nR: 1.663634959617545
norm: 0.10479988141869166
sigma: 182.0
sigmaL: 307.10150723038157
sigmaR: 67.60290364497602
widthL: 307.10150723038157
widthR: 67.60290364497602
x0: 3248.5048340056014
