alphaL: 0.7096446507159356
alphaR: 1.2972705406693723
event_sum: 0.05394148176123475
mean: 3211.9463539995277
nL: 1.0066918047372704
nR: 3.9665362357936473
norm: 0.05394148176123475
sigma: 182.0
sigmaL: 171.4817031816953
sigmaR: 104.59843229411656
widthL: 171.4817031816953
widthR: 104.59843229411656
x0: 3211.9463539995277
