alphaL: 1.4343417307512079
alphaR: 1.339407778341873
event_sum: 0.04846258850606647
mean: 3256.8203121022348
nL: 0.1
nR: 1.9573714396339417
norm: 0.04846258850606647
sigma: 182.0
sigmaL: 271.6220609662847
sigmaR: 75.94205949718652
widthL: 271.6220609662847
widthR: 75.94205949718652
x0: 3256.8203121022348
