alphaL: 0.9040874712973953
alphaR: 1.5840421212062874
event_sum: 2.7284594773256607
fraction: 0.7781877991340865
mean: 3200.0
nL: 1.1208338278145191
nR: 1.1372514926378416
norm: 0.9953252351140253
sigma: 182.0
sigmaL: 231.58471472010973
sigmaR: 122.55521825173584
widthL: 231.58471472010973
widthR: 122.55521825173584
x0: 3200.0
