alphaL: 0.9850146491662731
alphaR: 1.2480204489314284
event_sum: 3.495810441192185
fraction: 0.7044908689072394
mean: 3220.9403777814246
nL: 0.4839229045654277
nR: 2.6912278245172523
norm: 0.5014576312819952
sigma: 182.0
sigmaL: 179.52008975653644
sigmaR: 100.03179877689992
widthL: 179.52008975653644
widthR: 100.03179877689992
x0: 3220.9403777814246
