alphaL: 0.954619069034877
alphaR: 2.3420602038086695
event_sum: 28.947589304140056
fraction: 0.9931069095117749
mean: 1351.2151405314835
nL: 64.7890076391957
nR: 2.1629220669092466
norm: 7.556921757468729
sigma: 70.17941502510884
sigmaL: 54.33549418235837
sigmaR: 37.02116302820858
widthL: 54.33549418235837
widthR: 37.02116302820858
x0: 1351.2151405314835
