alphaL: 1.5533626141519736
alphaR: 2.043154560946158
event_sum: 17.202208009767322
mean: 1354.4491627874681
nL: 4.134794682306388
nR: 4.520711562310966
norm: 17.202208009767322
sigma: 66.16376153506658
sigmaL: 71.80758509044044
sigmaR: 33.871177651273314
widthL: 71.80758509044044
widthR: 33.871177651273314
x0: 1354.4491627874681
