alphaL: 1.6229802302210954
alphaR: 2.0859871914144152
event_sum: 0.7619392880851744
mean: 1357.3982479604895
nL: 4.143399917334846
nR: 3.053723852508738
norm: 0.7619392880851744
sigma: 69.99804478020616
sigmaL: 72.07770751354033
sigmaR: 32.721954564325905
widthL: 72.07770751354033
widthR: 32.721954564325905
x0: 1357.3982479604895
