alphaL: 1.3342308075122318
alphaR: 2.2302219529820992
event_sum: 0.7596507555844909
mean: 1354.454012553378
nL: 4.668547430407296
nR: 2.9035273820746177
norm: 0.7596507555844909
sigma: 69.99804478020616
sigmaL: 65.47122073706967
sigmaR: 34.494800040543936
widthL: 65.47122073706967
widthR: 34.494800040543936
x0: 1354.454012553378
