alphaL: 1.6314706815773192
alphaR: 2.0563227554975554
event_sum: 17.285676415691345
mean: 1354.908800818956
nL: 4.4782728775053435
nR: 4.079170740455753
norm: 17.285676415691345
sigma: 66.16376153506658
sigmaL: 72.66997852271159
sigmaR: 33.55705096418902
widthL: 72.66997852271159
widthR: 33.55705096418902
x0: 1354.908800818956
