alphaL: 1.0719376115467767
alphaR: 2.0457720585687746
event_sum: 9.776764950324058
fraction: 0.9978856876469252
mean: 1350.0781093346764
nL: 9.622816915467087
nR: 2.917632623178215
norm: 9.771026910086556
sigma: 69.71019031165379
sigmaL: 53.500840302541
sigmaR: 40.68065118823231
widthL: 53.500840302541
widthR: 40.68065118823231
x0: 1350.0781093346764
