alphaL: 1.101168938150382
alphaR: 2.4506031973959477
event_sum: 7.587919147027138
fraction: 0.998410332667695
mean: 1350.8554016682265
nL: 9.831082469374987
nR: 2.033585387890267
norm: 7.583289975945111
sigma: 69.71019031165379
sigmaL: 60.45026280288256
sigmaR: 36.06517635938994
widthL: 60.45026280288256
widthR: 36.06517635938994
x0: 1350.8554016682265
