alphaL: 1.5136622822378851
alphaR: 2.18518162602651
event_sum: 16.490180081561626
fraction: 0.9991769027366078
mean: 1354.807239098399
nL: 10.0
nR: 3.3495293488527755
norm: 16.48825563990877
sigma: 65.93481396737847
sigmaL: 72.6088952311261
sigmaR: 33.96366125312699
widthL: 72.6088952311261
widthR: 33.96366125312699
x0: 1354.807239098399
