alphaL: 1.5282600051020443
alphaR: 2.0480234216824527
event_sum: 0.9775354082065323
mean: 1354.5542334510692
nL: 2.0678329879835737
nR: 2.092919618585954
norm: 0.9775354082065323
sigma: 69.99804478020616
sigmaL: 60.40939391793111
sigmaR: 37.46633470649508
widthL: 60.40939391793111
widthR: 37.46633470649508
x0: 1354.5542334510692
