alphaL: 1.5039474638599692
alphaR: 2.034798340453871
event_sum: 29.776770030416237
mean: 1354.1868067817304
nL: 4.495553118283613
nR: 4.269573635582583
norm: 29.776770030416237
sigma: 66.16376153506658
sigmaL: 62.09625122199865
sigmaR: 36.504875899686596
widthL: 62.09625122199865
widthR: 36.504875899686596
x0: 1354.1868067817304
