alphaL: 1.2761635434839094
alphaR: 2.150957607223657
event_sum: 28.43924493808362
fraction: 0.9991139904754417
mean: 1352.4034740613822
nL: 9.929748823153208
nR: 3.3350920383437686
norm: 28.423764353011677
sigma: 65.93481396737847
sigmaL: 58.69833301537552
sigmaR: 37.29630601644208
widthL: 58.69833301537552
widthR: 37.29630601644208
x0: 1352.4034740613822
