alphaL: 1.3031228605555574
alphaR: 2.161354977360613
event_sum: 29.659999822809564
mean: 1351.8991060900194
nL: 5.0
nR: 3.623495204645388
norm: 29.659999822809564
sigma: 66.16376153506658
sigmaL: 57.63877470268478
sigmaR: 37.72101033495749
widthL: 57.63877470268478
widthR: 37.72101033495749
x0: 1351.8991060900194
