alphaL: 1.2430748473166078
alphaR: 1.8131527510191654
event_sum: 0.981191148285859
mean: 1350.4244463586226
nL: 3.918785968771598
nR: 4.267052632926122
norm: 0.981191148285859
sigma: 69.99804478020616
sigmaL: 54.31966691081763
sigmaR: 40.63857416014932
widthL: 54.31966691081763
widthR: 40.63857416014932
x0: 1350.4244463586226
