alphaL: 1.230204184409541
alphaR: 1.0298880821552205
event_sum: 2.6493488529642977
mean: 1352.7490838419524
nL: 0.5358235653846815
nR: 4.289867412181524
norm: 2.6493488529642977
sigma: 135.0
sigmaL: 154.62603060234449
sigmaR: 54.54659439758866
widthL: 154.62603060234449
widthR: 54.54659439758866
x0: 1352.7490838419524
