alphaL: 1.1544480307118448
alphaR: 1.2546132875003757
event_sum: 2.0887864017652826
mean: 1330.0816937536729
nL: 1.1989204316598647
nR: 3.9226191952978438
norm: 2.0887864017652826
sigma: 135.0
sigmaL: 124.75318015719287
sigmaR: 70.39570732476626
widthL: 124.75318015719287
widthR: 70.39570732476626
x0: 1330.0816937536729
