alphaL: 1.0266273583257162
alphaR: 1.1905094840715296
event_sum: 20.70164502347905
fraction: 0.9300395295068312
mean: 1331.87982805736
nL: 2.1170987013628517
nR: 4.4384095964877535
norm: 18.989859738146922
sigma: 135.0
sigmaL: 124.57596182093803
sigmaR: 68.86517214027475
widthL: 124.57596182093803
widthR: 68.86517214027475
x0: 1331.87982805736
