alphaL: 0.7008761962759624
alphaR: 1.419650539224891
event_sum: 28.243007409730954
fraction: 0.907051759005446
mean: 1328.6346172835076
nL: 2.010393020072908
nR: 4.5
norm: 24.636310352070435
sigma: 135.0
sigmaL: 103.42990779536345
sigmaR: 77.82441334010691
widthL: 103.42990779536345
widthR: 77.82441334010691
x0: 1328.6346172835076
