alphaL: 0.8158556292696645
alphaR: 1.429206221465003
event_sum: 2.8333480998991627
mean: 1327.9913179563964
nL: 0.8083624998208645
nR: 4.499798019357705
norm: 2.8333480998991627
sigma: 135.0
sigmaL: 104.59412192979484
sigmaR: 78.56292189079798
widthL: 104.59412192979484
widthR: 78.56292189079798
x0: 1327.9913179563964
