alphaL: 1.1444063636120934
alphaR: 1.415177792995954
event_sum: 2.002174917973033
mean: 1330.7184683655548
nL: 1.4787975257202264
nR: 2.6117713546286003
norm: 2.002174917973033
sigma: 135.0
sigmaL: 129.4125437931351
sigmaR: 73.04526393140928
widthL: 129.4125437931351
widthR: 73.04526393140928
x0: 1330.7184683655548
