alphaL: 1.1154452021742716
alphaR: 1.0875481951518071
event_sum: 5.10328206702246
mean: 2852.7864733603265
nL: 0.23591741979485376
nR: 6.1329152295475815
norm_2016: 1.090424706312779
norm_2017: 1.6419746006596512
norm_2018: 2.4347441197702153
norm_Run2: 5.10328206702246
sigma: 290.0
sigmaL: 318.1333763934569
sigmaR: 121.52693276879464
widthL: 318.1333763934569
widthR: 121.52693276879464
x0: 2852.7864733603265
