alphaL: 0.6665989343944645
alphaR: 2.1361215515257475
event_sum: 47.824449768483575
mean: 2892.813281209979
nL: 128.20378246438932
nR: 1.6415577322052566
norm_2016: 11.694305269727051
norm_2017: 15.329113563958067
norm_2018: 22.2015077260326
norm_Run2: 47.824449768483575
sigma: 202.3260083104489
sigmaL: 81.92080978128355
sigmaR: 70.19529327173868
widthL: 81.92080978128355
widthR: 70.19529327173868
x0: 2892.813281209979
