alphaL: 0.47958858911993507
alphaR: 1.1254128215493546
event_sum: 0.4462704147049383
mean: 1930.928626930104
nL: 1.004583289828641
nR: 4.362587149275722
norm: 0.4462704147049383
sigma: 195.0
sigmaL: 157.63742252607102
sigmaR: 83.63211531828824
widthL: 157.63742252607102
widthR: 83.63211531828824
x0: 1930.928626930104
