alphaL: 1.027675538431969
alphaR: 1.2684693561949119
event_sum: 4.605023318099525
fraction: 0.8485929779817736
mean: 1930.6126560804457
nL: 1.0864452420580248
nR: 3.305339540950178
norm: 3.487627626668334
sigma: 195.0
sigmaL: 199.15703216883782
sigmaR: 85.262082766059
widthL: 199.15703216883782
widthR: 85.262082766059
x0: 1930.6126560804457
