alphaL: 0.9403658410283495
alphaR: 1.4770079267438982
event_sum: 5.418921143276026
fraction: 0.7668764078605809
mean: 1906.9591568930339
nL: 0.5789883526011617
nR: 4.257102592458017
norm: 3.314919530788761
sigma: 195.0
sigmaL: 179.51833798838453
sigmaR: 113.04145832608188
widthL: 179.51833798838453
widthR: 113.04145832608188
x0: 1906.9591568930339
