alphaL: 0.9269112464929231
alphaR: 0.9623625260808502
event_sum: 0.4392715511906788
mean: 1961.9041897800762
nL: 0.9982313370730147
nR: 2.5534399284100324
norm: 0.4392715511906788
sigma: 195.0
sigmaL: 206.11674572772745
sigmaR: 50.41601575454726
widthL: 206.11674572772745
widthR: 50.41601575454726
x0: 1961.9041897800762
