alphaL: 1.0998232980484863
alphaR: 1.5278899355172622
event_sum: 0.39002085982280005
mean: 1910.270672719311
nL: 0.2523766851338538
nR: 2.6970077656289346
norm: 0.39002085982280005
sigma: 195.0
sigmaL: 187.58813731163252
sigmaR: 106.67670544535407
widthL: 187.58813731163252
widthR: 106.67670544535407
x0: 1910.270672719311
