alphaL: 1.1559952024437798
alphaR: 1.4335944382313819
event_sum: 0.40567391921194657
mean: 1922.4658139618602
nL: 0.5303785633714702
nR: 2.3708094012277012
norm: 0.40567391921194657
sigma: 195.0
sigmaL: 190.20256296325272
sigmaR: 92.4548383791638
widthL: 190.20256296325272
widthR: 92.4548383791638
x0: 1922.4658139618602
