alphaL: 1.1598094779581962
alphaR: 1.6376048598167223
event_sum: 0.8618656554961074
mean: 1601.789032960988
nL: 0.6119177240182755
nR: 3.028887010548132
norm: 0.8618656554961074
sigma: 165.0
sigmaL: 136.38729243326796
sigmaR: 103.6061596477039
widthL: 136.38729243326796
widthR: 103.6061596477039
x0: 1601.789032960988
