alphaL: 1.1769624229216091
alphaR: 1.4596574366070125
event_sum: 0.8713098445402069
mean: 1615.5122158181684
nL: 0.3824590612715939
nR: 2.9357568824740325
norm: 0.8713098445402069
sigma: 165.0
sigmaL: 163.76451789894114
sigmaR: 94.42580617946942
widthL: 163.76451789894114
widthR: 94.42580617946942
x0: 1615.5122158181684
