alphaL: 0.6950779831640287
alphaR: 1.247001616534947
event_sum: 0.9705927506644272
mean: 1626.4376813261447
nL: 0.9687925475547898
nR: 3.460501094308141
norm: 0.9705927506644272
sigma: 165.0
sigmaL: 149.37474701826963
sigmaR: 80.5093518101534
widthL: 149.37474701826963
widthR: 80.5093518101534
x0: 1626.4376813261447
