alphaL: 1.0196941121257204
alphaR: 1.282228479311065
event_sum: 10.920317957696238
fraction: 0.8364755133931889
mean: 1618.6421255729429
nL: 0.7640526193137256
nR: 4.498592328124003
norm: 8.130076597598746
sigma: 165.0
sigmaL: 161.18436553096822
sigmaR: 88.76519846358514
widthL: 161.18436553096822
widthR: 88.76519846358514
x0: 1618.6421255729429
