alphaL: 1.1006944093825297
alphaR: 1.090881069736174
event_sum: 0.9200731217836942
mean: 1635.5600561223528
nL: 0.9748310736471913
nR: 3.568363117500184
norm: 0.9200731217836942
sigma: 165.0
sigmaL: 169.55048817516894
sigmaR: 68.70611630036989
widthL: 169.55048817516894
widthR: 68.70611630036989
x0: 1635.5600561223528
