alphaL: 0.9120038414861237
alphaR: 1.4116087676975166
event_sum: 9.712139622844449
fraction: 0.8910517276334043
mean: 1607.921957751592
nL: 1.4738569255128586
nR: 4.5
norm: 8.195908013157583
sigma: 165.0
sigmaL: 133.31674660625583
sigmaR: 95.58480242420165
widthL: 133.31674660625583
widthR: 95.58480242420165
x0: 1607.921957751592
