alphaL: 0.8809411329464493
alphaR: 1.493933021696052
event_sum: 0.5602502626176734
mean: 1726.8050107134109
nL: 2.9538923259632366
nR: 3.394002426735058
norm: 0.5602502626176734
sigma: 98.0
sigmaL: 99.95538255809569
sigmaR: 76.48920063816445
widthL: 99.95538255809569
widthR: 76.48920063816445
x0: 1726.8050107134109
