alphaL: 1.1943986874581065
alphaR: 1.6077663977321643
event_sum: 7.240409264633012
fraction: 0.8814415342648942
mean: 1729.1732405762982
nL: 0.8575256443355637
nR: 3.4661719744477844
norm: 5.810781192388724
sigma: 98.0
sigmaL: 121.2063340396942
sigmaR: 83.10096084617699
widthL: 121.2063340396942
widthR: 83.10096084617699
x0: 1729.1732405762982
