alphaL: 1.0719128480790847
alphaR: 1.380404071449663
event_sum: 6.533802441131543
fraction: 0.9257086621413946
mean: 1728.732106477205
nL: 1.598412402995911
nR: 4.051375266199529
norm: 5.807537429448046
sigma: 98.0
sigmaL: 105.76208794122027
sigmaR: 74.01426771431643
widthL: 105.76208794122027
widthR: 74.01426771431643
x0: 1728.732106477205
