alphaL: 1.0571580816499335
alphaR: 1.3868931494920755
event_sum: 0.5404961880550966
mean: 1743.814136103056
nL: 1.8415823295461116
nR: 2.177809531488001
norm: 0.5404961880550966
sigma: 98.0
sigmaL: 118.34189106969302
sigmaR: 61.069035864500606
widthL: 118.34189106969302
widthR: 61.069035864500606
x0: 1743.814136103056
