alphaL: 1.147518348101296
alphaR: 1.4846630107450747
event_sum: 0.5553557872391607
mean: 1732.7421476220647
nL: 1.0699416073357306
nR: 4.312124471180837
norm: 0.5553557872391607
sigma: 98.0
sigmaL: 124.16051549573244
sigmaR: 77.73116338418362
widthL: 124.16051549573244
widthR: 77.73116338418362
x0: 1732.7421476220647
