alphaL: 0.781633203425601
alphaR: 1.9545780719371746
event_sum: 0.5301336874817435
mean: 1717.771057178062
nL: 2.664283669554545
nR: 1.5210621310244314
norm: 0.5301336874817435
sigma: 98.0
sigmaL: 94.4260239127125
sigmaR: 90.38411426438012
widthL: 94.4260239127125
widthR: 90.38411426438012
x0: 1717.771057178062
