alphaL: 1.1153837232506982
alphaR: 1.4821407231953616
event_sum: 0.6562722675890108
mean: 1836.4653046028802
nL: 1.885060838037407
nR: 3.096609282714085
norm: 0.6562722675890108
sigma: 103.6
sigmaL: 116.04769757249134
sigmaR: 78.82487380969803
widthL: 116.04769757249134
widthR: 78.82487380969803
x0: 1836.4653046028802
