alphaL: 0.9473531263910033
alphaR: 1.3989551980130202
event_sum: 7.801601140588934
fraction: 0.898037434828249
mean: 1841.9680717600697
nL: 1.3753126359771854
nR: 3.235531550246464
norm: 5.949988961374039
sigma: 103.6
sigmaL: 113.31133348535967
sigmaR: 77.14033780443941
widthL: 113.31133348535967
widthR: 77.14033780443941
x0: 1841.9680717600697
