alphaL: 1.1193650084640623
alphaR: 1.5368611562607628
event_sum: 0.6338214882962335
mean: 1841.8712165378258
nL: 1.8788544250829426
nR: 2.1787460284352322
norm: 0.6338214882962335
sigma: 103.6
sigmaL: 126.62104372786057
sigmaR: 75.83963101330487
widthL: 126.62104372786057
widthR: 75.83963101330487
x0: 1841.8712165378258
