alphaL: 0.7918802538178594
alphaR: 1.2797908549019175
event_sum: 0.5733923188963691
mean: 1850.961042467533
nL: 2.52941925185765
nR: 3.026350712952327
norm: 0.5733923188963691
sigma: 103.6
sigmaL: 111.05909574158939
sigmaR: 65.91806136118745
widthL: 111.05909574158939
widthR: 65.91806136118745
x0: 1850.961042467533
