alphaL: 1.1624556847513066
alphaR: 1.5000796400984011
event_sum: 7.714617503689061
fraction: 0.9305542722489836
mean: 1833.0117540015178
nL: 1.50930665951859
nR: 3.4751942846852715
norm: 6.735740578000211
sigma: 103.6
sigmaL: 117.77187608956851
sigmaR: 81.99266470691866
widthL: 117.77187608956851
widthR: 81.99266470691866
x0: 1833.0117540015178
