alphaL: 0.9273792520827401
alphaR: 1.5271047835225067
event_sum: 0.5457639184615576
mean: 1849.9800784163167
nL: 1.3022961435159668
nR: 1.8435770298644558
norm: 0.5457639184615576
sigma: 103.6
sigmaL: 110.4229594341497
sigmaR: 70.41590264129893
widthL: 110.4229594341497
widthR: 70.41590264129893
x0: 1849.9800784163167
