alphaL: 1.1546365444632292
alphaR: 1.37960174548683
event_sum: 0.7135970699674531
mean: 1921.042561825239
nL: 1.1889630869015138
nR: 4.0271609965129755
norm: 0.7135970699674531
sigma: 109.2
sigmaL: 138.07797729859683
sigmaR: 88.21859708961749
widthL: 138.07797729859683
widthR: 88.21859708961749
x0: 1921.042561825239
