alphaL: 1.0250038622480404
alphaR: 1.3659120195801187
event_sum: 0.8745267526464044
mean: 1940.3784135776436
nL: 2.726049264404188
nR: 2.338678184271948
norm: 0.8745267526464044
sigma: 109.2
sigmaL: 136.51960871586186
sigmaR: 69.22723282754497
widthL: 136.51960871586186
widthR: 69.22723282754497
x0: 1940.3784135776436
