alphaL: 1.0164701567998713
alphaR: 1.314332961220513
event_sum: 11.041819845878392
fraction: 0.9224166468537146
mean: 1930.519312219281
nL: 1.804870340632842
nR: 3.8620767583626696
norm: 9.395398423004195
sigma: 109.2
sigmaL: 119.96255647552016
sigmaR: 73.61412959620422
widthL: 119.96255647552016
widthR: 73.61412959620422
x0: 1930.519312219281
