alphaL: 1.2229554656841994
alphaR: 1.3605535781138487
event_sum: 10.312768569377033
fraction: 0.8756059537431312
mean: 1930.1084880533397
nL: 0.8605111114727048
nR: 4.307048995069243
norm: 7.418386830764709
sigma: 109.2
sigmaL: 145.26962015985436
sigmaR: 83.74641143399442
widthL: 145.26962015985436
widthR: 83.74641143399442
x0: 1930.1084880533397
