alphaL: 0.8896854304021276
alphaR: 2.140766296529907
event_sum: 0.6795360952510244
mean: 1910.1153454932007
nL: 3.1687623289158156
nR: 1.782281010356758
norm: 0.6795360952510244
sigma: 109.2
sigmaL: 126.72996617746
sigmaR: 106.29811092717827
widthL: 126.72996617746
widthR: 106.29811092717827
x0: 1910.1153454932007
