alphaL: 0.8857526398859621
alphaR: 1.4592927624055234
event_sum: 0.9118400958169253
mean: 1926.665114634747
nL: 2.5935531096912636
nR: 3.267651897938381
norm: 0.9118400958169253
sigma: 109.2
sigmaL: 114.8407881202422
sigmaR: 79.64249779768357
widthL: 114.8407881202422
widthR: 79.64249779768357
x0: 1926.665114634747
