alphaL: 0.8836612808446469
alphaR: 1.6147763110437676
event_sum: 0.5745346247775156
mean: 1626.4404463591538
nL: 4.184261803903287
nR: 2.8482554904124426
norm: 0.5745346247775156
sigma: 92.4
sigmaL: 96.90845311753047
sigmaR: 74.57594617998785
widthL: 96.90845311753047
widthR: 74.57594617998785
x0: 1626.4404463591538
