alphaL: 1.067974490822557
alphaR: 1.2322419675851612
event_sum: 6.53263559904304
fraction: 0.9432624699377145
mean: 1636.568532975546
nL: 2.1273042550825036
nR: 4.45650064826113
norm: 5.927433632862392
sigma: 92.4
sigmaL: 107.23998565786064
sigmaR: 63.5719145144405
widthL: 107.23998565786064
widthR: 63.5719145144405
x0: 1636.568532975546
