alphaL: 1.0742739536318777
alphaR: 1.400563720843134
event_sum: 0.5555264920616207
mean: 1642.0130922574886
nL: 2.3860719980164173
nR: 2.26861348651269
norm: 0.5555264920616207
sigma: 92.4
sigmaL: 115.59292821075036
sigmaR: 61.2046896970104
widthL: 115.59292821075036
widthR: 61.2046896970104
x0: 1642.0130922574886
