alphaL: 1.090106871553486
alphaR: 1.562795951989088
event_sum: 0.608233055653927
mean: 1629.7329968312108
nL: 1.2857131720772463
nR: 4.09060415389805
norm: 0.608233055653927
sigma: 92.4
sigmaL: 110.63476461929491
sigmaR: 80.61932468202073
widthL: 110.63476461929491
widthR: 80.61932468202073
x0: 1629.7329968312108
