alphaL: 1.2418587437626598
alphaR: 1.6372690649145918
event_sum: 7.55184236074092
fraction: 0.8908103267428584
mean: 1628.2434030087777
nL: 0.8265730776270946
nR: 3.4799769778951988
norm: 6.3279652618580435
sigma: 92.4
sigmaL: 111.24111227304196
sigmaR: 82.65324510424055
widthL: 111.24111227304196
widthR: 82.65324510424055
x0: 1628.2434030087777
