alphaL: 0.9178068334445981
alphaR: 1.7365699164502393
event_sum: 0.5813812909292155
mean: 1632.3647041550616
nL: 2.8713550218200354
nR: 1.7688102672730404
norm: 0.5813812909292155
sigma: 92.4
sigmaL: 107.67786020097876
sigmaR: 77.65288630338175
widthL: 107.67786020097876
widthR: 77.65288630338175
x0: 1632.3647041550616
