alphaL: 1.1692932251927044
alphaR: 1.0831352152043932
event_sum: 7.0933837584048
mean: 2607.8746610587405
nL: 0.24470330597619042
nR: 6.056528925528183
norm_2016: 1.4579009693886653
norm_2017: 2.2909603278111534
norm_2018: 3.442454518907025
norm_Run2: 7.0933837584048
sigma: 265.0
sigmaL: 292.57085147183705
sigmaR: 117.51389176706107
widthL: 292.57085147183705
widthR: 117.51389176706107
x0: 2607.8746610587405
