alphaL: 0.9574491926425049
alphaR: 1.4580041668977217
event_sum: 10.653780626658689
mean: 2605.0379938375236
nL: 1.2330788834356208
nR: 4.148016771539219
norm_2016: 2.507087445606984
norm_2017: 3.3446737315024513
norm_2018: 4.943970637676205
norm_Run2: 10.653780626658689
sigma: 148.4
sigmaL: 150.84477787286067
sigmaR: 116.06162667466039
widthL: 150.84477787286067
widthR: 116.06162667466039
x0: 2605.0379938375236
