alphaL: 2.696753802819045
alphaR: 1.9212564671709942
event_sum: 13.547933150271511
mean: 2563.716961983077
nL: 0.6676746094350027
nR: 2.813772532060624
norm: 13.547933150271511
sigma: 801
sigmaL: 1460.921326567437
sigmaR: 147.29455020406235
widthL: 1460.921326567437
widthR: 147.29455020406235
x0: 2563.716961983077
