alphaL: 0.6774564107549715
alphaR: 1.7438236064206647
event_sum: 0.8614140666373523
mean: 2551.341787450271
nL: 1.6393375421947167
nR: 2.997716453298067
norm: 0.8614140666373523
sigma: 186.1019535756622
sigmaL: 129.373560842298
sigmaR: 123.4505653056261
widthL: 129.373560842298
widthR: 123.4505653056261
x0: 2551.341787450271
