alphaL: 0.7727608765925094
alphaR: 1.592715491406565
event_sum: 9.096285401211587
mean: 2553.4118016526963
nL: 2.3613676185863897
nR: 2.812025380674624
norm: 9.096285401211587
sigma: 186.30998570579143
sigmaL: 140.7431535800347
sigmaR: 117.02839858445863
widthL: 140.7431535800347
widthR: 117.02839858445863
x0: 2553.4118016526963
