alphaL: 0.8421595860454407
alphaR: 1.5200989776559357
event_sum: 1.3758084138765567
mean: 2553.180168985291
nL: 1.7643685914268132
nR: 3.3239456834228855
norm: 1.3758084138765567
sigma: 186.1019535756622
sigmaL: 144.08673483120248
sigmaR: 116.29287833036929
widthL: 144.08673483120248
widthR: 116.29287833036929
x0: 2553.180168985291
