alphaL: 0.5433890184059945
alphaR: 1.6279088943641937
event_sum: 0.8614140666373523
mean: 2551.7462216764497
nL: 2.7683978625215313
nR: 3.7121483428218442
norm: 0.8614140666373523
sigma: 186.1019535756622
sigmaL: 114.15963401231451
sigmaR: 121.643995326344
widthL: 114.15963401231451
widthR: 121.643995326344
x0: 2551.7462216764497
