alphaL: 0.10000000374408763
alphaR: 1.060342059013763
event_sum: 6.998590054198734
mean: 2668.278305414811
nL: 0.20000172806974656
nR: 2.9375702880881556
norm: 6.998590054198734
sigma: 186
sigmaL: 930.5493955459453
sigmaR: 70.37100359011698
widthL: 930.5493955459453
widthR: 70.37100359011698
x0: 2668.278305414811
