alphaL: 0.7695641486217689
alphaR: 1.582506249655116
event_sum: 9.096285401211587
mean: 2553.9252325890484
nL: 2.379004686573876
nR: 2.8381491653600968
norm: 9.096285401211587
sigma: 186.12963673153496
sigmaL: 140.82076769586175
sigmaR: 116.41601290680165
widthL: 140.82076769586175
widthR: 116.41601290680165
x0: 2553.9252325890484
