alphaL: 0.2571167195150558
alphaR: 1.857469078327486
event_sum: 5.695903883165952
mean: 2535.9067554429166
nL: 2.562509814907857
nR: 2.997718494077764
norm: 5.695903883165952
sigma: 186.30998570579143
sigmaL: 50.664723366163166
sigmaR: 132.44021874425346
widthL: 50.664723366163166
widthR: 132.44021874425346
x0: 2535.9067554429166
