alphaL: 0.3380464970699337
alphaR: 1.8863116386545804
event_sum: 5.693654235309267
mean: 2535.073162721503
nL: 2.519816704958551
nR: 2.9207421019312636
norm: 5.693654235309267
sigma: 186.12963673153496
sigmaL: 66.4259724388267
sigmaR: 133.74564935510304
widthL: 66.4259724388267
widthR: 133.74564935510304
x0: 2535.073162721503
