alphaL: 1.3548025579727967
alphaR: 1.8902692846727438
event_sum: 2.4285390364064345
mean: 2559.347194437405
nL: 0.2012962266941277
nR: 1.9908446508968465
norm: 2.4285390364064345
sigma: 186
sigmaL: 191.61786249050314
sigmaR: 129.86843424819108
widthL: 191.61786249050314
widthR: 129.86843424819108
x0: 2559.347194437405
