alphaL: 0.8609588001815693
alphaR: 1.613433720020298
event_sum: 1.3758084138765567
mean: 2558.8496552132256
nL: 2.07154579176644
nR: 2.508103761300396
norm: 1.3758084138765567
sigma: 186.1019535756622
sigmaL: 158.66111767145307
sigmaR: 116.29884690379463
widthL: 158.66111767145307
widthR: 116.29884690379463
x0: 2558.8496552132256
