alphaL: 0.35365618073023397
alphaR: 1.9313080141351937
event_sum: 5.693654235309267
mean: 2536.036969288261
nL: 2.7848432501417597
nR: 2.4605565991967357
norm: 5.693654235309267
sigma: 186
sigmaL: 71.52503451020942
sigmaR: 133.27351452587584
widthL: 71.52503451020942
widthR: 133.27351452587584
x0: 2536.036969288261
