alphaL: 1.060400386994908
alphaR: 1.719865692769599
event_sum: 26.414163659971685
mean: 2549.1519953747074
nL: 0.20000925458609495
nR: 2.9686021294046614
norm: 26.414163659971685
sigma: 186
sigmaL: 115.30479722846077
sigmaR: 121.30060099424993
widthL: 115.30479722846077
widthR: 121.30060099424993
x0: 2549.1519953747074
