alphaL: 0.7183872607469883
alphaR: 1.6282821487384829
event_sum: 13.21822739676994
mean: 2555.1584122576137
nL: 2.246231157765531
nR: 2.84507717387386
norm: 13.21822739676994
sigma: 186
sigmaL: 134.12854247072823
sigmaR: 116.24182206192076
widthL: 134.12854247072823
widthR: 116.24182206192076
x0: 2555.1584122576137
