alphaL: 0.9277132344691289
alphaR: 1.232386211038237
event_sum: 0.7044989101777901
mean: 2591.0276649236
nL: 1.0000601997898004
nR: 2.809065085968757
norm: 0.7044989101777901
sigma: 145.6
sigmaL: 162.8536065582205
sigmaR: 84.93014177824318
widthL: 162.8536065582205
widthR: 84.93014177824318
x0: 2591.0276649236
