alphaL: 0.5146666008553166
alphaR: 1.3205109309838128
event_sum: 17.44348056439776
fraction: 0.8193205127385372
mean: 2551.9724388197487
nL: 1.259359735915193
nR: 6.197474255490855
norm: 7.010176867828704
sigma: 145.6
sigmaL: 87.24306102711765
sigmaR: 112.00470341929143
widthL: 87.24306102711765
widthR: 112.00470341929143
x0: 2551.9724388197487
