alphaL: 1.2802880791366746
alphaR: 1.3116598209516086
event_sum: 17.44348056439776
fraction: 0.7632249900090742
mean: 2583.2156234213644
nL: 0.4030079196711321
nR: 3.69893472497022
norm: 7.187392072635703
sigma: 145.6
sigmaL: 200.80127492825264
sigmaR: 96.53140746131417
widthL: 200.80127492825264
widthR: 96.53140746131417
x0: 2583.2156234213644
