alphaL: 0.8379594476994424
alphaR: 1.5834535515053865
event_sum: 1.0321331706581987
mean: 2557.8905473610275
nL: 2.3136531308857546
nR: 2.132658963108177
norm: 1.0321331706581987
sigma: 157.51653212637459
sigmaL: 147.30291344459266
sigmaR: 112.05213109815233
widthL: 147.30291344459266
widthR: 112.05213109815233
x0: 2557.8905473610275
