alphaL: 0.5196244249657641
alphaR: 1.36599247669516
event_sum: 17.44348056439776
fraction: 0.8257039990955829
mean: 2551.8654426602516
nL: 1.1969994627201628
nR: 5.740740840140661
norm: 7.141469456488267
sigma: 145.6
sigmaL: 87.15351512671127
sigmaR: 113.14158122395598
widthL: 87.15351512671127
widthR: 113.14158122395598
x0: 2551.8654426602516
