alphaL: 1.1381704128710513
alphaR: 1.2660395649094345
event_sum: 1.1463151691277744
mean: 2573.952273158908
nL: 1.0000433178542194
nR: 3.6441825115127164
norm: 1.1463151691277744
sigma: 145.6
sigmaL: 174.01727890960026
sigmaR: 97.82796830449169
widthL: 174.01727890960026
widthR: 97.82796830449169
x0: 2573.952273158908
