alphaL: 0.8147289960818747
alphaR: 1.4189928147765585
event_sum: 18.1473528156057
mean: 2563.951289795224
nL: 1.0000743953484315
nR: 4.297190496427881
norm: 18.1473528156057
sigma: 145.6
sigmaL: 139.92109589595748
sigmaR: 110.5837642061728
widthL: 139.92109589595748
widthR: 110.5837642061728
x0: 2563.951289795224
