alphaL: 0.9942705338183772
alphaR: 1.5252962562035863
event_sum: 17.530329898465425
fraction: 0.8583964809692687
mean: 2550.1673356131005
nL: 1.0314205573556223
nR: 3.8702128247387564
norm: 11.497270944179036
sigma: 145.6
sigmaL: 142.99652549340627
sigmaR: 119.02027956704933
widthL: 142.99652549340627
widthR: 119.02027956704933
x0: 2550.1673356131005
