alphaL: 1.416196363095777
alphaR: 1.3802600157104454
event_sum: 0.6234703829759383
mean: 2594.2162489475545
nL: 0.2000179098632763
nR: 1.8467970681607977
norm: 0.6234703829759383
sigma: 157.51653212637459
sigmaL: 213.35625205305527
sigmaR: 85.80475158003976
widthL: 213.35625205305527
widthR: 85.80475158003976
x0: 2594.2162489475545
