alphaL: 1.0349915617293919
alphaR: 1.4053322428869883
event_sum: 18.242663532262668
mean: 2559.313849420996
nL: 1.0126592990531225
nR: 4.489230075260827
norm: 18.242663532262668
sigma: 145.6
sigmaL: 154.09362579538063
sigmaR: 111.13137751793855
widthL: 154.09362579538063
widthR: 111.13137751793855
x0: 2559.313849420996
