alphaL: 0.9738065213125761
alphaR: 1.3317978918954785
event_sum: 7.044988709385507
mean: 2576.3466420886652
nL: 1.0001369282149106
nR: 3.7282802641378994
norm: 7.044988709385507
sigma: 145.6
sigmaL: 173.1517120213644
sigmaR: 100.57943741800473
widthL: 173.1517120213644
widthR: 100.57943741800473
x0: 2576.3466420886652
