alphaL: 1.138087171084893
alphaR: 1.2873362161720665
event_sum: 11.463151062373072
mean: 2573.917292657153
nL: 1.0000364890048068
nR: 3.7287647135814943
norm: 11.463151062373072
sigma: 145.6
sigmaL: 176.10096974063848
sigmaR: 97.20484433222407
widthL: 176.10096974063848
widthR: 97.20484433222407
x0: 2573.917292657153
