alphaL: 0.8287132097278229
alphaR: 1.5293359621533587
event_sum: 1.0880902441131184
mean: 2559.238101909809
nL: 1.984630211837764
nR: 2.908715779294447
norm: 1.0880902441131184
sigma: 145.6
sigmaL: 142.23436039795794
sigmaR: 110.78554897984378
widthL: 142.23436039795794
widthR: 110.78554897984378
x0: 2559.238101909809
