alphaL: 0.9918280499004122
alphaR: 1.452112200606489
event_sum: 17.530329898465425
fraction: 0.8517628315234461
mean: 2555.7564635801823
nL: 1.1182158239185813
nR: 4.281567372337614
norm: 11.283273129258305
sigma: 145.6
sigmaL: 148.64844719054506
sigmaR: 114.77724133244385
widthL: 148.64844719054506
widthR: 114.77724133244385
x0: 2555.7564635801823
