alphaL: 1.0453044811418666
alphaR: 1.4159806385566547
event_sum: 17.530329898465425
fraction: 0.8523125730591931
mean: 2556.372327469111
nL: 0.9793979987273453
nR: 4.527974498677
norm: 11.453053237637505
sigma: 145.6
sigmaL: 150.3823804901472
sigmaR: 113.44469160787857
widthL: 150.3823804901472
widthR: 113.44469160787857
x0: 2556.372327469111
