alphaL: 0.9762866968728485
alphaR: 1.4375144217517792
event_sum: 18.242663532262668
mean: 2554.8044964504534
nL: 1.092677419129418
nR: 4.499996496594887
norm: 18.242663532262668
sigma: 145.6
sigmaL: 144.8299171278396
sigmaR: 114.97133029481253
widthL: 144.8299171278396
widthR: 114.97133029481253
x0: 2554.8044964504534
