alphaL: 1.195828626284217
alphaR: 1.328264563998951
event_sum: 18.1473528156057
mean: 2575.070627199613
nL: 0.5001194748555395
nR: 4.379973246403148
norm: 18.1473528156057
sigma: 145.6
sigmaL: 183.9263391230543
sigmaR: 102.27600735716808
widthL: 183.9263391230543
widthR: 102.27600735716808
x0: 2575.070627199613
