alphaL: 1.1339208366068385
alphaR: 1.261376949415317
event_sum: 1.1463151691277744
mean: 2573.1184185489424
nL: 1.0000348727355093
nR: 3.5200855065858785
norm: 1.1463151691277744
sigma: 145.6
sigmaL: 172.48857374257932
sigmaR: 96.55883277723002
widthL: 172.48857374257932
widthR: 96.55883277723002
x0: 2573.1184185489424
