alphaL: 1.1197410509528833
alphaR: 1.5205142137158205
event_sum: 0.6619224799287622
mean: 2568.4383169287457
nL: 0.6301053411869565
nR: 3.3119217842114694
norm: 0.6619224799287622
sigma: 145.6
sigmaL: 174.59637730865342
sigmaR: 111.15700360300305
widthL: 174.59637730865342
widthR: 111.15700360300305
x0: 2568.4383169287457
