alphaL: 0.9236246825830793
alphaR: 1.2377685776986591
event_sum: 0.7044989101777901
mean: 2591.701154396624
nL: 1.0000583906226936
nR: 2.7595006659427317
norm: 0.7044989101777901
sigma: 145.6
sigmaL: 163.96067895297222
sigmaR: 84.90498061783826
widthL: 163.96067895297222
widthR: 84.90498061783826
x0: 2591.701154396624
