alphaL: 0.9536297760335242
alphaR: 1.3598839664324982
event_sum: 0.31045759487668423
mean: 2647.527890587759
nL: 1.379393347820507
nR: 1.7049263164622825
norm: 0.31045759487668423
sigma: 148.39999999999998
sigmaL: 150.69395578015272
sigmaR: 84.63094661277073
widthL: 150.69395578015272
widthR: 84.63094661277073
x0: 2647.527890587759
