alphaL: 1.014474470542479
alphaR: 2.3771288935030634
event_sum: 0.17696923715346569
mean: 2601.0995539841924
nL: 4.2559108068712295
nR: 1.7937044990930677
norm: 0.17696923715346569
sigma: 148.39999999999998
sigmaL: 199.7499307861787
sigmaR: 142.37381138111584
widthL: 199.7499307861787
widthR: 142.37381138111584
x0: 2601.0995539841924
