alphaL: 1.1049769419261013
alphaR: 1.4865592709841617
event_sum: 0.32684104080085863
mean: 2620.567965423886
nL: 0.9945151163598918
nR: 3.1186033396189687
norm: 0.32684104080085863
sigma: 148.39999999999998
sigmaL: 151.64272523349027
sigmaR: 111.50141443268683
widthL: 151.64272523349027
widthR: 111.50141443268683
x0: 2620.567965423886
