alphaL: 1.2060794566182769
alphaR: 1.5882504240967816
event_sum: 5.314034707772978
fraction: 0.7543189513139317
mean: 2629.4846573831064
nL: 0.4
nR: 3.6834397572400612
norm: 2.0246776214248725
sigma: 148.39999999999998
sigmaL: 174.29669504433798
sigmaR: 118.04374304380475
widthL: 174.29669504433798
widthR: 118.04374304380475
x0: 2629.4846573831064
