alphaL: 0.8560545092094644
alphaR: 1.1410963807671057
event_sum: 0.1887586193557728
mean: 2664.0231776448227
nL: 1.007985084875558
nR: 3.348555566783934
norm: 0.1887586193557728
sigma: 148.39999999999998
sigmaL: 163.9903367690664
sigmaR: 81.38187658304824
widthL: 163.9903367690664
widthR: 81.38187658304824
x0: 2664.0231776448227
