alphaL: 0.8180455192776513
alphaR: 1.7342530706619599
event_sum: 26.40653075563644
fraction: 0.9878342684827699
mean: 2649.984616150387
nL: 26.106810424589426
nR: 2.826235438694988
norm: 8.03947439954766
sigma: 165.3031675604921
sigmaL: 88.71694814589041
sigmaR: 67.17798597322216
widthL: 88.71694814589041
widthR: 67.17798597322216
x0: 2649.984616150387
