alphaL: 1.1746284934582334
alphaR: 1.0716697349084052
event_sum: 5.356979809123783
fraction: 0.852410569344392
mean: 2648.20645986901
nL: 0.9149539692713732
nR: 3.9844503561555427
norm: 3.406131313942926
sigma: 148.39999999999998
sigmaL: 180.72099279638496
sigmaR: 83.23795415065237
widthL: 180.72099279638496
widthR: 83.23795415065237
x0: 2648.20645986901
