alphaL: 1.2618949878960857
alphaR: 1.8940636707416594
event_sum: 2.0107395974149043
mean: 2942.5681077833524
nL: 4.22299439182316
nR: 3.5293449747077745
norm: 2.0107395974149043
sigma: 130.10137098569913
sigmaL: 108.4049281656892
sigmaR: 69.59736133779539
widthL: 108.4049281656892
widthR: 69.59736133779539
x0: 2942.5681077833524
