alphaL: 0.8228464168118074
alphaR: 1.7297619200820835
event_sum: 10.748566637652191
fraction: 0.9984415958240149
mean: 2939.158875848428
nL: 10.0
nR: 2.766598482165858
norm: 10.63713150819785
sigma: 202.93246732792102
sigmaL: 89.06052979324707
sigmaR: 76.08259901610893
widthL: 89.06052979324707
widthR: 76.08259901610893
x0: 2939.158875848428
