alphaL: 1.1903291814258232
alphaR: 1.5700347058474955
event_sum: 1.0639917639683896
mean: 2950.939221888399
nL: 4.357079033055747
nR: 2.9897174916666174
norm: 1.0639917639683896
sigma: 204.4658738520685
sigmaL: 113.43430476686328
sigmaR: 67.99514884506706
widthL: 113.43430476686328
widthR: 67.99514884506706
x0: 2950.939221888399
