alphaL: 1.4449566161061311
alphaR: 2.0133456241202667
event_sum: 3.2364790827166443
mean: 2949.0364430495956
nL: 4.454818427923988
nR: 3.5646516345159642
norm: 3.2364790827166443
sigma: 130.10137098569913
sigmaL: 128.01034778946865
sigmaR: 61.85099375853413
widthL: 128.01034778946865
widthR: 61.85099375853413
x0: 2949.0364430495956
