alphaL: 1.0997358432342448
alphaR: 2.0760296077241707
event_sum: 2.0164248243833365
fraction: 0.999145978624454
mean: 2938.630291233057
nL: 9.496358709573837
nR: 2.9678850846269764
norm: 2.016331699954831
sigma: 130.39196750057081
sigmaL: 105.10960625403922
sigmaR: 72.14505403692692
widthL: 105.10960625403922
widthR: 72.14505403692692
x0: 2938.630291233057
