alphaL: 1.0206708936955688
alphaR: 1.713078181881231
event_sum: 1.0617095117090223
mean: 2941.4829373174675
nL: 4.746583647077596
nR: 3.043643215699227
norm: 1.0617095117090223
sigma: 204.4658738520685
sigmaL: 98.74676285365548
sigmaR: 75.17030018274282
widthL: 98.74676285365548
widthR: 75.17030018274282
x0: 2941.4829373174675
