alphaL: 1.5092113329404373
alphaR: 1.7064684924389906
event_sum: 2.2491430963446115
mean: 2960.3975094123352
nL: 4.437675554760968
nR: 2.4296720262484017
norm: 2.2491430963446115
sigma: 204.4658738520685
sigmaL: 137.42829573372453
sigmaR: 58.25811815854222
widthL: 137.42829573372453
widthR: 58.25811815854222
x0: 2960.3975094123352
