alphaL: 1.1808371865174971
alphaR: 2.049082334142226
event_sum: 3.222916129690747
mean: 2941.903995687274
nL: 4.859400622117482
nR: 3.9659996268538533
norm: 3.222916129690747
sigma: 130.10137098569913
sigmaL: 111.57305458821693
sigmaR: 64.92108858726733
widthL: 111.57305458821693
widthR: 64.92108858726733
x0: 2941.903995687274
