alphaL: 1.0268383471747895
alphaR: 1.8814474733689588
event_sum: 22.54187468845749
fraction: 0.9985678605803999
mean: 2947.044655165702
nL: 10.0
nR: 2.191535813976091
norm: 22.489439012218195
sigma: 202.93246732792102
sigmaL: 107.90727091507853
sigmaR: 65.71949902848944
widthL: 107.90727091507853
widthR: 65.71949902848944
x0: 2947.044655165702
