alphaL: 1.1507988093683539
alphaR: 2.086051432840186
event_sum: 2.0014476070426652
mean: 2936.7950666472307
nL: 4.103268355089592
nR: 2.665970186243456
norm: 2.0014476070426652
sigma: 130.10137098569913
sigmaL: 100.56724453426001
sigmaR: 73.46498662201667
widthL: 100.56724453426001
widthR: 73.46498662201667
x0: 2936.7950666472307
