alphaL: 1.297003533034649
alphaR: 1.7580276556591024
event_sum: 2.247314682660873
mean: 2952.6608089887986
nL: 4.816473139383123
nR: 2.4281338168846696
norm: 2.247314682660873
sigma: 204.4658738520685
sigmaL: 121.83872877992647
sigmaR: 62.11155419394303
widthL: 121.83872877992647
widthR: 62.11155419394303
x0: 2952.6608089887986
