alphaL: 1.2008333492799292
alphaR: 2.0744604984957284
event_sum: 3.2487117050703174
fraction: 0.9991921585509828
mean: 2943.0427145206127
nL: 9.926695653244014
nR: 3.352074252758648
norm: 3.2487351706028407
sigma: 130.39196750057081
sigmaL: 117.25022243521668
sigmaR: 64.37727164783111
widthL: 117.25022243521668
widthR: 64.37727164783111
x0: 2943.0427145206127
