alphaL: 1.199047235339267
alphaR: 2.619848998845784
event_sum: 28.146091299131513
mean: 1395.8268993676243
nL: 4.971673853512793
nR: 1.3410093919584603
norm: 28.146091299131513
sigma: 67.56875002143418
sigmaL: 56.88382179407864
sigmaR: 38.77827807650418
widthL: 56.88382179407864
widthR: 38.77827807650418
x0: 1395.8268993676243
