alphaL: 1.1196879714792258
alphaR: 1.1711542702815148
event_sum: 9.471421340247616
mean: 1378.3624046276113
nL: 1.6520336158149636
nR: 4.155841068454621
norm: 9.471421340247616
sigma: 250.36236341640802
sigmaL: 136.93945169794958
sigmaR: 70.63911969483506
widthL: 136.93945169794958
widthR: 70.63911969483506
x0: 1378.3624046276113
