alphaL: 1.0155832767609985
alphaR: 1.3502130029370172
event_sum: 12.042449382599443
mean: 1392.5553579404625
nL: 1.0067263556017165
nR: 4.290123796316797
norm: 12.042449382599443
sigma: 250.36236341640802
sigmaL: 149.1147223611549
sigmaR: 68.46811658894511
widthL: 149.1147223611549
widthR: 68.46811658894511
x0: 1392.5553579404625
