alphaL: 1.4818462087930135
alphaR: 2.475720641439041
event_sum: 28.36011618608609
mean: 1398.3137960061163
nL: 4.49999924316412
nR: 1.723414337136578
norm: 28.36011618608609
sigma: 67.9930008292456
sigmaL: 63.27323105002893
sigmaR: 37.60024799521518
widthL: 63.27323105002893
widthR: 37.60024799521518
x0: 1398.3137960061163
