alphaL: 1.4752945392870924
alphaR: 2.1507111288511953
event_sum: 43.77508685179055
mean: 1400.9925391451766
nL: 4.499592842916818
nR: 2.681526895414429
norm: 43.77508685179055
sigma: 67.56875002143418
sigmaL: 62.51098571548226
sigmaR: 38.83099404863862
widthL: 62.51098571548226
widthR: 38.83099404863862
x0: 1400.9925391451766
