alphaL: 1.6707187177593168
alphaR: 2.1760406706607873
event_sum: 1.3443469483754598
mean: 1401.7190967166225
nL: 1.8376926440897652
nR: 2.0127175389199254
norm: 1.3443469483754598
sigma: 71.9296087670733
sigmaL: 66.05196412955637
sigmaR: 35.57659495103757
widthL: 66.05196412955637
widthR: 35.57659495103757
x0: 1401.7190967166225
