alphaL: 1.4740021525537255
alphaR: 2.1535887498678026
event_sum: 43.77508685179055
mean: 1400.8970402261941
nL: 4.499632530975769
nR: 2.6755154738185607
norm: 43.77508685179055
sigma: 67.56875002143418
sigmaL: 62.43585969424455
sigmaR: 38.89329867071799
widthL: 62.43585969424455
widthR: 38.89329867071799
x0: 1400.8970402261941
