alphaL: 1.4997179727486427
alphaR: 2.0601366122231153
event_sum: 1.3494989764876664
mean: 1401.7211783750417
nL: 4.178433759602849
nR: 2.757198300209253
norm: 1.3494989764876664
sigma: 71.9296087670733
sigmaL: 66.18216433921044
sigmaR: 35.48579077865911
widthL: 66.18216433921044
widthR: 35.48579077865911
x0: 1401.7211783750417
