alphaL: 1.4936640004415422
alphaR: 2.061511229219783
event_sum: 1.3494989764876664
mean: 1401.4893140605955
nL: 4.158825114824351
nR: 2.7190628900708655
norm: 1.3494989764876664
sigma: 71.9296087670733
sigmaL: 65.86055659386126
sigmaR: 35.58674865279095
widthL: 65.86055659386126
widthR: 35.58674865279095
x0: 1401.4893140605955
