alphaL: 1.2101927306811575
alphaR: 2.2311895324169657
event_sum: 43.778743921779096
fraction: 0.998660181174974
mean: 1397.3171300287788
nL: 9.999661286079272
nR: 2.512418221568889
norm: 43.76402095425874
sigma: 67.9930008292456
sigmaL: 56.96613211262445
sigmaR: 40.78994314979607
widthL: 56.96613211262445
widthR: 40.78994314979607
x0: 1397.3171300287788
