alphaL: 1.3558603619223197
alphaR: 2.5120901423152677
event_sum: 28.273501588962972
mean: 1397.282787430664
nL: 4.499099594014391
nR: 1.746580041121924
norm: 28.273501588962972
sigma: 67.56875002143418
sigmaL: 60.45288738928778
sigmaR: 38.16440163253554
widthL: 60.45288738928778
widthR: 38.16440163253554
x0: 1397.282787430664
