alphaL: 1.3040338059025776
alphaR: 2.001293271716883
event_sum: 1.5436141001991928
mean: 1397.244543595
nL: 3.7379110580856203
nR: 3.920501345497599
norm: 1.5436141001991928
sigma: 71.9296087670733
sigmaL: 55.949651527231445
sigmaR: 44.12632045856994
widthL: 55.949651527231445
widthR: 44.12632045856994
x0: 1397.244543595
