alphaL: 1.5348136975460658
alphaR: 2.162646848635532
event_sum: 1.3534876434132457
mean: 1402.1143675203073
nL: 3.998401905249351
nR: 2.1578305918005745
norm: 1.3534876434132457
sigma: 71.8173303506837
sigmaL: 66.87598687692878
sigmaR: 35.26382867443646
widthL: 66.87598687692878
widthR: 35.26382867443646
x0: 1402.1143675203073
