alphaL: 1.5280835878756367
alphaR: 2.2238656223292903
event_sum: 43.77508685179055
mean: 1401.0496993521808
nL: 3.9845471959734207
nR: 2.3503883405125507
norm: 43.77508685179055
sigma: 67.56875002143418
sigmaL: 63.34859969612505
sigmaR: 38.96381326978109
widthL: 63.34859969612505
widthR: 38.96381326978109
x0: 1401.0496993521808
