alphaL: 1.294337789839998
alphaR: 2.1951617798880716
event_sum: 13.516594097251073
fraction: 0.9978337408359992
mean: 1400.4548477227781
nL: 9.999650782058502
nR: 2.0471819215035802
norm: 13.509946319507435
sigma: 71.56473375368618
sigmaL: 63.38191597679732
sigmaR: 36.06168207359232
widthL: 63.38191597679732
widthR: 36.06168207359232
x0: 1400.4548477227781
