alphaL: 1.2752978385970066
alphaR: 1.7631081196074885
event_sum: 1.5436141001991928
mean: 1398.692504947628
nL: 4.491435486071608
nR: 4.46957404136107
norm: 1.5436141001991928
sigma: 71.9296087670733
sigmaL: 56.74649430964844
sigmaR: 41.526231010706866
widthL: 56.74649430964844
widthR: 41.526231010706866
x0: 1398.692504947628
