alphaL: 1.3565930263466488
alphaR: 1.8592076408758376
event_sum: 1.5446112669305876
mean: 1401.1607144102804
nL: 3.4970141890212005
nR: 2.8456279432103235
norm: 1.5446112669305876
sigma: 71.8173303506837
sigmaL: 59.84749955553291
sigmaR: 39.840096096535845
widthL: 59.84749955553291
widthR: 39.840096096535845
x0: 1401.1607144102804
