alphaL: 1.033214339215386
alphaR: 2.4989879920415614
event_sum: 59.05756056518294
fraction: 0.9946146543493863
mean: 1401.7950895120885
nL: 110.02973480188152
nR: 2.064808291449371
norm: 28.257055413443595
sigma: 67.72338127051341
sigmaL: 59.429062104970754
sigmaR: 37.620816361002724
widthL: 59.429062104970754
widthR: 37.620816361002724
x0: 1401.7950895120885
