alphaL: 1.2273993982775817
alphaR: 2.2918218160837807
event_sum: 43.61678921896964
mean: 1397.596885290938
nL: 4.971019385870495
nR: 2.2362439842743056
norm: 43.61678921896964
sigma: 67.56875002143418
sigmaL: 55.816294553179006
sigmaR: 40.68422141211828
widthL: 55.816294553179006
widthR: 40.68422141211828
x0: 1397.596885290938
