alphaL: 1.3637523573563042
alphaR: 2.50700414124088
event_sum: 28.273501588962972
mean: 1397.3952685589782
nL: 4.4999443816779845
nR: 1.7541949001423758
norm: 28.273501588962972
sigma: 67.56875002143418
sigmaL: 60.74278315939002
sigmaR: 38.10021001443933
widthL: 60.74278315939002
widthR: 38.10021001443933
x0: 1397.3952685589782
