alphaL: 1.2154073517277018
alphaR: 1.8819766191065288
event_sum: 1.5384620720869862
mean: 1399.8540443932068
nL: 3.6070761582455946
nR: 2.936701791294701
norm: 1.5384620720869862
sigma: 71.9296087670733
sigmaL: 56.36896074403545
sigmaR: 40.79941588331793
widthL: 56.36896074403545
widthR: 40.79941588331793
x0: 1399.8540443932068
