alphaL: 1.6004701993865318
alphaR: 2.116045258209604
event_sum: 43.778743921779096
mean: 1401.5282942269873
nL: 4.499869742521058
nR: 2.7283473887266405
norm: 43.778743921779096
sigma: 67.9930008292456
sigmaL: 64.90396502236912
sigmaR: 38.551144269261734
widthL: 64.90396502236912
widthR: 38.551144269261734
x0: 1401.5282942269873
