alphaL: 1.420539463742489
alphaR: 2.410138445492881
event_sum: 28.273501588962972
mean: 1398.0758226299522
nL: 3.998301504229533
nR: 2.0668790883127004
norm: 28.273501588962972
sigma: 67.56875002143418
sigmaL: 62.03416825847583
sigmaR: 37.66573709298146
widthL: 62.03416825847583
widthR: 37.66573709298146
x0: 1398.0758226299522
