alphaL: 1.1128419241080858
alphaR: 1.756293660343302
event_sum: 15.474364642752334
fraction: 0.9986582310513161
mean: 1399.8127211630085
nL: 9.976485877408972
nR: 4.0576797070393384
norm: 15.462731031700969
sigma: 71.56473375368618
sigmaL: 56.2161067141193
sigmaR: 40.55130764159473
widthL: 56.2161067141193
widthR: 40.55130764159473
x0: 1399.8127211630085
