alphaL: 1.1480729147907245
alphaR: 2.526566582609432
event_sum: 28.36011618608609
fraction: 0.9976667244214465
mean: 1395.5564025260257
nL: 9.999966211650761
nR: 1.672275021855627
norm: 28.36011618608609
sigma: 67.9930008292456
sigmaL: 56.77764604530897
sigmaR: 38.82022727880566
widthL: 56.77764604530897
widthR: 38.82022727880566
x0: 1395.5564025260257
