alphaL: 1.136013422962581
alphaR: 1.07989946303595
event_sum: 6.704043071211293
fraction: 0.7619351000125708
mean: 3057.283586014674
nL: 0.6318121337838023
nR: 4.5
norm: 1.4531231758636285
sigma: 173.6
sigmaL: 202.2430474899794
sigmaR: 102.6484433200392
widthL: 202.2430474899794
widthR: 102.6484433200392
x0: 3057.283586014674
