alphaL: 0.6492095225902305
alphaR: 2.2713345797008166
event_sum: 0.27981262188233064
mean: 2994.7310043334364
nL: 2.0237225206689122
nR: 1.4493499716035618
norm: 0.27981262188233064
sigma: 173.6
sigmaL: 149.5805235230977
sigmaR: 176.5357420423377
widthL: 149.5805235230977
widthR: 176.5357420423377
x0: 2994.7310043334364
