alphaL: 0.9682046165845136
alphaR: 1.4022590461751594
event_sum: 0.29546365499094385
mean: 3049.1318051707744
nL: 1.0282131939263432
nR: 2.9964179971539475
norm: 0.29546365499094385
sigma: 173.6
sigmaL: 196.84519279486875
sigmaR: 112.47984716076024
widthL: 196.84519279486875
widthR: 112.47984716076024
x0: 3049.1318051707744
