alphaL: 1.1545148449904326
alphaR: 1.8758140877198748
event_sum: 0.13446604870399817
mean: 3017.089556361903
nL: 0.9958166404520208
nR: 3.9755202213712377
norm: 0.13446604870399817
sigma: 173.6
sigmaL: 189.7773867977414
sigmaR: 148.57534637957517
widthL: 189.7773867977414
widthR: 148.57534637957517
x0: 3017.089556361903
