alphaL: 1.6371441704509095
alphaR: 1.3345782826749488
event_sum: 6.399751853466834
fraction: 0.7693994518259785
mean: 3065.3742674386663
nL: 0.4
nR: 2.894607508879527
norm: 3.0755908875716638
sigma: 173.6
sigmaL: 272.4654735147325
sigmaR: 107.15644734813803
widthL: 272.4654735147325
widthR: 107.15644734813803
x0: 3065.3742674386663
