alphaL: 1.5151646259853675
alphaR: 2.1166580208385475
event_sum: 0.126086488580455
mean: 3018.949465273537
nL: 0.1
nR: 0.8048527763002106
norm: 0.126086488580455
sigma: 173.6
sigmaL: 240.9435130285906
sigmaR: 150.85649132055593
widthL: 240.9435130285906
widthR: 150.85649132055593
x0: 3018.949465273537
