alphaL: 1.104183480371122
alphaR: 1.7451544978653035
event_sum: 0.1169331786975265
mean: 2880.6101309809774
nL: 2.2174998849701817
nR: 1.5113196767525174
norm: 0.1169331786975265
sigma: 162.4
sigmaL: 204.8811375496553
sigmaR: 111.6736550516791
widthL: 204.8811375496553
widthR: 111.6736550516791
x0: 2880.6101309809774
