alphaL: 1.1643081294278554
alphaR: 1.2591202961039947
event_sum: 4.92658659657535
fraction: 0.7329785829259368
mean: 2878.2583741717963
nL: 0.4
nR: 4.170795724941373
norm: 1.3787361778553808
sigma: 162.4
sigmaL: 181.73815114543538
sigmaR: 106.24687673697811
widthL: 181.73815114543538
widthR: 106.24687673697811
x0: 2878.2583741717963
