alphaL: 0.6318484215393707
alphaR: 1.443808165795447
event_sum: 0.2278244989255803
mean: 2853.337646341835
nL: 2.11538408488391
nR: 2.5349113264530567
norm: 0.2278244989255803
sigma: 162.4
sigmaL: 110.86895214835309
sigmaR: 120.44167038072531
widthL: 110.86895214835309
widthR: 120.44167038072531
x0: 2853.337646341835
