alphaL: 0.9014197986604431
alphaR: 1.1832072554826454
event_sum: 4.61275713075391
fraction: 0.8604485967959385
mean: 2870.4240457965
nL: 1.202323415377417
nR: 4.436472837820431
norm: 2.5098705751531987
sigma: 162.4
sigmaL: 152.9296187965883
sigmaR: 108.19649866349528
widthL: 152.9296187965883
widthR: 108.19649866349528
x0: 2870.4240457965
