alphaL: 1.0420407406056083
alphaR: 1.2428727347926665
event_sum: 0.23995416302481035
mean: 2883.8864739321116
nL: 0.9920956829727959
nR: 2.5801199904086083
norm: 0.23995416302481035
sigma: 162.4
sigmaL: 173.16478431821423
sigmaR: 98.43667299336073
widthL: 173.16478431821423
widthR: 98.43667299336073
x0: 2883.8864739321116
