alphaL: 0.9050302967434855
alphaR: 0.9765708066537311
event_sum: 0.12637725592369595
mean: 2909.3800359202432
nL: 1.0096942443357384
nR: 2.6531177307283054
norm: 0.12637725592369595
sigma: 162.4
sigmaL: 170.4222982832202
sigmaR: 71.37750588761521
widthL: 170.4222982832202
widthR: 71.37750588761521
x0: 2909.3800359202432
