alphaL: 1.351629559718325
alphaR: 2.017150751007281
event_sum: 25.78634920564259
fraction: 0.9992166006454006
mean: 1513.1810900295554
nL: 9.996319086931344
nR: 3.7798089207687404
norm: 25.78147029332125
sigma: 71.35672008925518
sigmaL: 68.67090200529853
sigmaR: 39.653388882317174
widthL: 68.67090200529853
widthR: 39.653388882317174
x0: 1513.1810900295554
