alphaL: 1.2936091382103792
alphaR: 2.130973931475609
event_sum: 1.012694853134362
mean: 1504.1774026031233
nL: 3.7149547151072664
nR: 4.3166021195496285
norm: 1.012694853134362
sigma: 78.691289407479
sigmaL: 61.05313575769771
sigmaR: 42.04515761947202
widthL: 61.05313575769771
widthR: 42.04515761947202
x0: 1504.1774026031233
