alphaL: 1.085879701852637
alphaR: 2.33121407334373
event_sum: 10.142653175813686
fraction: 0.9980176793170297
mean: 1504.7046841533095
nL: 10.0
nR: 1.90403015701275
norm: 10.13652853842914
sigma: 78.67405829754235
sigmaL: 59.57426286168062
sigmaR: 41.32991404333252
widthL: 59.57426286168062
widthR: 41.32991404333252
x0: 1504.7046841533095
