alphaL: 1.194962455036448
alphaR: 1.9371868075808176
event_sum: 10.973410426803728
fraction: 0.9972117007944082
mean: 1512.7059546511218
nL: 9.666583554536468
nR: 2.226697050510724
norm: 10.963264377456833
sigma: 78.67405829754235
sigmaL: 64.72982395747947
sigmaR: 41.08721839629632
widthL: 64.72982395747947
widthR: 41.08721839629632
x0: 1512.7059546511218
