alphaL: 1.3072792172913426
alphaR: 2.187414891682442
event_sum: 25.658363673724246
mean: 1510.893024965764
nL: 4.9177409301096935
nR: 3.359087972596344
norm: 25.658363673724246
sigma: 71.3696025443765
sigmaL: 64.7917928322265
sigmaR: 41.140199634608805
widthL: 64.7917928322265
widthR: 41.140199634608805
x0: 1510.893024965764
