alphaL: 1.5252265733956536
alphaR: 1.8751287630277034
event_sum: 1.0904872210173446
mean: 1517.4527616126095
nL: 2.728132633733148
nR: 2.210426766269989
norm: 1.0904872210173446
sigma: 78.691289407479
sigmaL: 72.36607673264882
sigmaR: 38.46331378955741
widthL: 72.36607673264882
widthR: 38.46331378955741
x0: 1517.4527616126095
