alphaL: 1.4726086108957879
alphaR: 1.69403193468775
event_sum: 1.0946628356696695
mean: 1516.9946994408417
nL: 4.149963099065271
nR: 3.212605187026617
norm: 1.0946628356696695
sigma: 78.691289407479
sigmaL: 71.9854949491921
sigmaR: 38.0699093382641
widthL: 71.9854949491921
widthR: 38.0699093382641
x0: 1516.9946994408417
