alphaL: 1.5055707187105947
alphaR: 2.1390919522693883
event_sum: 17.480006478836934
fraction: 0.999359837160792
mean: 1512.4719300031916
nL: 9.918893057307193
nR: 3.226271495365553
norm: 17.476334823667298
sigma: 71.35672008925518
sigmaL: 74.12049586943465
sigmaR: 36.05981222797393
widthL: 74.12049586943465
widthR: 36.05981222797393
x0: 1512.4719300031916
