alphaL: 1.736024707092085
alphaR: 2.0312584216557745
event_sum: 17.46563104872999
mean: 1514.3036066018894
nL: 4.416640216190138
nR: 3.7862908246488693
norm: 17.46563104872999
sigma: 71.3696025443765
sigmaL: 77.15242686015851
sigmaR: 34.93094853007535
widthL: 77.15242686015851
widthR: 34.93094853007535
x0: 1514.3036066018894
