alphaL: 1.5452632755709255
alphaR: 2.0943858722546116
event_sum: 25.75348532014265
mean: 1514.0552631815995
nL: 4.502310288967747
nR: 3.2831926163725345
norm: 25.75348532014265
sigma: 71.3696025443765
sigmaL: 71.37442453907423
sigmaR: 39.43638627194061
widthL: 71.37442453907423
widthR: 39.43638627194061
x0: 1514.0552631815995
