alphaL: 0.9207095974037821
alphaR: 2.3204387678426146
event_sum: 77.62313375812245
fraction: 0.9936604814004233
mean: 1498.9712276935334
nL: 127.16387413511814
nR: 2.574612715832553
norm: 25.669369351287727
sigma: 71.89665141913747
sigmaL: 54.79385790829272
sigmaR: 44.125215597456126
widthL: 54.79385790829272
widthR: 44.125215597456126
x0: 1498.9712276935334
