alphaL: 1.2484055448607156
alphaR: 2.3783556892133824
event_sum: 1.0094295015461503
mean: 1505.725723587827
nL: 3.8018330144147026
nR: 1.9247727260352538
norm: 1.0094295015461503
sigma: 78.691289407479
sigmaL: 63.15626252890312
sigmaR: 41.172333298635465
widthL: 63.15626252890312
widthR: 41.172333298635465
x0: 1505.725723587827
