alphaL: 1.5691389686462012
alphaR: 2.4424897097341276
event_sum: 17.39058547353203
mean: 1512.151940894082
nL: 4.842741609659098
nR: 1.7704286102652518
norm: 17.39058547353203
sigma: 71.3696025443765
sigmaL: 73.82203712504152
sigmaR: 36.466789876344336
widthL: 73.82203712504152
widthR: 36.466789876344336
x0: 1512.151940894082
