alphaL: 1.2792180704651972
alphaR: 2.259054463090981
event_sum: 19.847549001445707
fraction: 0.9988413525537556
mean: 2249.243562506207
nL: 10.0
nR: 2.3485720300575577
norm: 19.841557478331644
sigma: 103.53022047699146
sigmaL: 96.37164089014946
sigmaR: 53.35231840075121
widthL: 96.37164089014946
widthR: 53.35231840075121
x0: 2249.243562506207
