alphaL: 0.9295485556394407
alphaR: 1.9310742202301228
event_sum: 28.541721571185498
fraction: 0.9973359355883885
mean: 2247.0207401426715
nL: 9.992440014308848
nR: 2.3547090543298332
norm: 28.462180164866414
sigma: 127.07931515014717
sigmaL: 76.15119040743592
sigmaR: 61.33431976565157
widthL: 76.15119040743592
widthR: 61.33431976565157
x0: 2247.0207401426715
