alphaL: 1.2814571705923932
alphaR: 1.8114874739711244
event_sum: 2.9718837028064438
mean: 2253.551236227574
nL: 4.498289706063778
nR: 2.6036091731008604
norm: 2.9718837028064438
sigma: 127.28498921910841
sigmaL: 92.06903331951307
sigmaR: 57.903340372135716
widthL: 92.06903331951307
widthR: 57.903340372135716
x0: 2253.551236227574
