alphaL: 1.1858120643812806
alphaR: 2.0784849787928557
event_sum: 19.318363218732344
mean: 2246.9738676060847
nL: 4.96970104524649
nR: 2.934327825110662
norm: 19.318363218732344
sigma: 103.55336980423705
sigmaL: 83.75758208382852
sigmaR: 57.22932004130809
widthL: 83.75758208382852
widthR: 57.22932004130809
x0: 2246.9738676060847
