alphaL: 1.3748110201968944
alphaR: 1.870123668101131
event_sum: 19.39031697674606
mean: 2251.2894208156777
nL: 4.50001553137413
nR: 4.038806202824913
norm: 19.39031697674606
sigma: 103.55336980423705
sigmaL: 91.33038804983919
sigmaR: 54.211111707634906
widthL: 91.33038804983919
widthR: 54.211111707634906
x0: 2251.2894208156777
