alphaL: 1.1943770426439604
alphaR: 1.9335761426462994
event_sum: 17.734009174900958
fraction: 0.9991763204491507
mean: 2249.5242314505335
nL: 9.996975414356879
nR: 3.6646841937712753
norm: 17.730467878421113
sigma: 103.53022047699146
sigmaL: 87.13983778360974
sigmaR: 55.41177834719656
widthL: 87.13983778360974
widthR: 55.41177834719656
x0: 2249.5242314505335
