alphaL: 1.2217637892244346
alphaR: 2.0543188997968596
event_sum: 4.4627460720085885
mean: 2252.2394684127244
nL: 4.5860912528594975
nR: 1.7955963856548103
norm: 4.4627460720085885
sigma: 127.28498921910841
sigmaL: 90.7461132868439
sigmaR: 53.36884569497966
widthL: 90.7461132868439
widthR: 53.36884569497966
x0: 2252.2394684127244
