alphaL: 1.099605914104953
alphaR: 2.0121945954136655
event_sum: 42.874182241073854
fraction: 0.9970803163728471
mean: 2252.3545805769127
nL: 9.999533346495413
nR: 1.9514842824674448
norm: 42.81830618537619
sigma: 127.07931515014717
sigmaL: 89.50077114850657
sigmaR: 53.15615044788452
widthL: 89.50077114850657
widthR: 53.15615044788452
x0: 2252.3545805769127
