alphaL: 1.4685247296473
alphaR: 2.231456093694329
event_sum: 21.802066074403076
mean: 2251.3515605463363
nL: 4.500403935255761
nR: 2.4020689923858214
norm: 21.802066074403076
sigma: 103.55336980423705
sigmaL: 100.98386313859102
sigmaR: 52.09143928126501
widthL: 100.98386313859102
widthR: 52.09143928126501
x0: 2251.3515605463363
