alphaL: 0.9630460238711587
alphaR: 2.362170312414769
event_sum: 21.706124516424445
mean: 2240.295508155835
nL: 4.994485290473538
nR: 2.3161656194270797
norm: 21.706124516424445
sigma: 103.55336980423705
sigmaL: 70.25263274874287
sigmaR: 57.35618870021242
widthL: 70.25263274874287
widthR: 57.35618870021242
x0: 2240.295508155835
