alphaL: 1.428384161412679
alphaR: 0.3804947800710395
event_sum: 2.962760302265427
mean: 2281.4478652370017
nL: 4.982009864088405
nR: 4.227939833025239
norm: 2.962760302265427
sigma: 127.28498921910841
sigmaL: 111.45806803536756
sigmaR: 12.911084969604564
widthL: 111.45806803536756
widthR: 12.911084969604564
x0: 2281.4478652370017
