alphaL: 1.354420482635077
alphaR: 1.9697654096788733
event_sum: 4.475153137558647
mean: 2254.572772621052
nL: 4.480090130692566
nR: 1.9677101472484686
norm: 4.475153137558647
sigma: 127.28498921910841
sigmaL: 97.11958661384664
sigmaR: 52.63303657837314
widthL: 97.11958661384664
widthR: 52.63303657837314
x0: 2254.572772621052
