alphaL: 0.8479677918576245
alphaR: 2.085391267607602
event_sum: 17.685079804954896
mean: 2243.2007750879716
nL: 44.602915127718155
nR: 3.2165106694950154
norm_2016: 5.085424655677593
norm_2017: 5.999068639095586
norm_2018: 8.047738214658192
norm_Run2: 17.685079804954896
sigma: 103.47267982433024
sigmaL: 72.08183926019935
sigmaR: 59.09878203166066
widthL: 72.08183926019935
widthR: 59.09878203166066
x0: 2243.2007750879716
