alphaL: 0.8494541660104126
alphaR: 2.0938593755667445
event_sum: 17.685079804954896
mean: 2243.049203241496
nL: 42.423223380539625
nR: 3.202561235980606
norm_2016: 17.685079804954896
norm_2017: 17.685079804954896
norm_2018: 17.685079804954896
norm_Run2: 17.685079804954896
sigma: 103.47267982433024
sigmaL: 72.2105244490404
sigmaR: 59.34579785706775
widthL: 72.2105244490404
widthR: 59.34579785706775
x0: 2243.049203241496
