alphaL: 0.9294085145837195
alphaR: 2.3193039286676447
event_sum: 19.77602728894328
mean: 2245.066956790987
nL: 115.57377923245734
nR: 2.322171110407779
norm_2016: 5.1058719448763945
norm_2017: 6.7121275173873185
norm_2018: 9.658635429869324
norm_Run2: 21.47663489213304
sigma: 103.47267982433024
sigmaL: 82.68209356190272
sigmaR: 55.322567438140034
widthL: 82.68209356190272
widthR: 55.322567438140034
x0: 2245.066956790987
