alphaL: 0.8719399279409479
alphaR: 1.321616749478859
event_sum: 8.531203793817712
mean: 2193.3226659417955
nL: 0.500336037278959
nR: 5.314190931012092
norm_2016: 2.184559144293952
norm_2017: 2.6891296627436017
norm_2018: 3.7480276814060565
norm_Run2: 8.531203793817712
sigma: 225.0
sigmaL: 205.40804574615436
sigmaR: 122.28070462394669
widthL: 205.40804574615436
widthR: 122.28070462394669
x0: 2193.3226659417955
