alphaL: 0.9347700415639699
alphaR: 1.2613472512179837
event_sum: 8.531203793817712
mean: 2200.916210795216
nL: 0.4385916994073226
nR: 5.460046206158297
norm_2016: 2.184559144293952
norm_2017: 2.6891296627436017
norm_2018: 3.7480276814060565
norm_Run2: 8.531203793817712
sigma: 225.0
sigmaL: 221.21672303799488
sigmaR: 115.86955796251704
widthL: 221.21672303799488
widthR: 115.86955796251704
x0: 2200.916210795216
