alphaL: 0.8938313573775694
alphaR: 1.640798534418662
event_sum: 11.35762149872155
mean: 2209.0146769160324
nL: 1.0337322354849634
nR: 3.2427793202879416
norm_2016: 3.029536816221636
norm_2017: 3.560310366096235
norm_2018: 4.932912013451694
norm_Run2: 11.35762149872155
sigma: 126.0
sigmaL: 115.09129876510366
sigmaR: 107.33905721275727
widthL: 115.09129876510366
widthR: 107.33905721275727
x0: 2209.0146769160324
