alphaL: 0.7457457122787552
alphaR: 1.9438375039606843
event_sum: 28.261382736129672
mean: 2246.0916396426137
nL: 36.76979485693467
nR: 2.3896748317362486
norm_2016: 28.261382736129672
norm_2017: 28.261382736129672
norm_2018: 28.261382736129672
norm_Run2: 28.261382736129672
sigma: 127.2043729694451
sigmaL: 69.0663704931494
sigmaR: 61.932731346912675
widthL: 69.0663704931494
widthR: 61.932731346912675
x0: 2246.0916396426137
