alphaL: 1.201520088208431
alphaR: 1.170634156777663
event_sum: 11.562990080289065
mean: 2212.214559909329
nL: 0.3854730043429402
nR: 7.24873004956953
norm_2016: 2.758964816321719
norm_2017: 3.634282418477261
norm_2018: 5.350423733421666
norm_Run2: 11.743670968220647
sigma: 225.0
sigmaL: 246.22076429962655
sigmaR: 113.67852475605687
widthL: 246.22076429962655
widthR: 113.67852475605687
x0: 2212.214559909329
