alphaL: 0.8190698721548603
alphaR: 1.2375787709248671
event_sum: 16.260645392745307
mean: 2221.0583908395847
nL: 2.245836121522683
nR: 5.32453117487842
norm_2016: 16.260645392745307
norm_2017: 16.260645392745307
norm_2018: 16.260645392745307
norm_Run2: 16.260645392745307
sigma: 126.0
sigmaL: 125.30849238878855
sigmaR: 90.74507700060926
widthL: 125.30849238878855
widthR: 90.74507700060926
x0: 2221.0583908395847
