alphaL: 0.8844912906531308
alphaR: 1.2416497591643545
event_sum: 16.260645392745307
mean: 2221.8413917993457
nL: 1.943587269957043
nR: 5.308233041936954
norm_2016: 4.026987504331622
norm_2017: 5.086138677295981
norm_2018: 7.416891731376781
norm_Run2: 16.260645392745307
sigma: 126.0
sigmaL: 130.4073964605729
sigmaR: 90.67408266917002
widthL: 130.4073964605729
widthR: 90.67408266917002
x0: 2221.8413917993457
