alphaL: 0.7364958382923534
alphaR: 2.160650191033791
event_sum: 42.58585674214415
mean: 2246.7027669660356
nL: 66.58054430414424
nR: 1.6133268024684062
norm_2016: 10.27888138076462
norm_2017: 13.47517436013108
norm_2018: 20.01419805297609
norm_Run2: 42.58585674214415
sigma: 127.2043729694451
sigmaL: 70.57964212919515
sigmaR: 56.39298713611722
widthL: 70.57964212919515
widthR: 56.39298713611722
x0: 2246.7027669660356
