alphaL: 0.9710222586363808
alphaR: 1.4328260284959884
event_sum: 23.92397586198058
mean: 1579.9204769343335
nL: 1.4180044452430112
nR: 4.638574925771835
norm_2016: 6.477706860750914
norm_2017: 7.401875163428485
norm_2018: 10.490193279460073
norm_Run2: 23.92397586198058
sigma: 89.60000000000001
sigmaL: 93.29520725160151
sigmaR: 76.55198690648099
widthL: 93.29520725160151
widthR: 76.55198690648099
x0: 1579.9204769343335
