alphaL: 1.1004090449610742
alphaR: 1.450259124244853
event_sum: 0.8898842448106734
mean: 902.8863402097376
nL: 1.9857005009583597
nR: 2.203487821539492
norm: 0.8898842448106734
sigma: 46.40214033484259
sigmaL: 60.50624586281637
sigmaR: 42.31922413160482
widthL: 60.50624586281637
widthR: 42.31922413160482
x0: 902.8863402097376
