alphaL: 1.2383894171612932
alphaR: 1.4985347364784185
event_sum: 4.883175801951438
fraction: 0.9927914327296735
mean: 899.8224835453402
nL: 5.073285558191029
nR: 2.882662849166644
norm: 4.867178502026945
sigma: 50.4
sigmaL: 68.38811028662495
sigmaR: 43.08277421839454
widthL: 68.38811028662495
widthR: 43.08277421839454
x0: 899.8224835453402
