alphaL: 1.1916243382599807
alphaR: 1.3660387643624916
event_sum: 0.9787348060053773
mean: 904.0488905778298
nL: 2.922423694799243
nR: 3.446150141543726
norm: 0.9787348060053773
sigma: 50.4
sigmaL: 64.22248150834997
sigmaR: 41.58527266739601
widthL: 64.22248150834997
widthR: 41.58527266739601
x0: 904.0488905778298
