alphaL: 1.2934893142185528
alphaR: 1.3938364248395585
event_sum: 16.069420014333446
fraction: 0.9929753396965593
mean: 898.7737325535625
nL: 3.995525179494428
nR: 3.439069902706722
norm: 4.854180695838295
sigma: 50.4
sigmaL: 67.31717617698801
sigmaR: 39.83561854534863
widthL: 67.31717617698801
widthR: 39.83561854534863
x0: 898.7737325535625
