alphaL: 1.4119993468210101
alphaR: 1.0294186360672795
event_sum: 0.4854180695838295
mean: 908.1958044488259
nL: 2.979290839593884
nR: 4.198916725366425
norm: 0.4854180695838295
sigma: 50.4
sigmaL: 76.29264558285244
sigmaR: 32.27778217031821
widthL: 76.29264558285244
widthR: 32.27778217031821
x0: 908.1958044488259
