alphaL: 1.0433227949426698
alphaR: 1.4646217610664265
event_sum: 9.830340803600848
mean: 900.2240809897332
nL: 3.6170456476205017
nR: 3.5078034097009314
norm: 9.830340803600848
sigma: 50.4
sigmaL: 58.223381500853804
sigmaR: 45.22043335259878
widthL: 58.223381500853804
widthR: 45.22043335259878
x0: 900.2240809897332
