alphaL: 1.1832520293811215
alphaR: 1.3713058687544053
event_sum: 0.9787348060053773
mean: 903.7752480222058
nL: 2.938339944354195
nR: 3.441714012139714
norm: 0.9787348060053773
sigma: 50.4
sigmaL: 63.78790948121278
sigmaR: 41.79027646474499
widthL: 63.78790948121278
widthR: 41.79027646474499
x0: 903.7752480222058
