alphaL: 1.269340505807861
alphaR: 1.4672913345459215
event_sum: 4.883175801951438
mean: 900.0592041058487
nL: 4.486458975759104
nR: 3.0114950545567796
norm: 4.883175801951438
sigma: 50.4
sigmaL: 68.89568151231549
sigmaR: 42.765496117781865
widthL: 68.89568151231549
widthR: 42.765496117781865
x0: 900.0592041058487
