alphaL: 1.1176321928032764
alphaR: 1.6679786020832632
event_sum: 0.9525392273790203
mean: 899.8200560584606
nL: 1.7993364880354201
nR: 1.8536083242190058
norm: 0.9525392273790203
sigma: 50.4
sigmaL: 58.230644921192784
sigmaR: 45.75942670435373
widthL: 58.230644921192784
widthR: 45.75942670435373
x0: 899.8200560584606
