alphaL: 1.032488641482928
alphaR: 1.4601216784450206
event_sum: 9.830340803600848
fraction: 0.9946483684551997
mean: 900.4472616558724
nL: 3.857551221807804
nR: 3.536524095912985
norm: 9.812343841185793
sigma: 50.4
sigmaL: 58.290093495711915
sigmaR: 45.08320245009959
widthL: 58.290093495711915
widthR: 45.08320245009959
x0: 900.4472616558724
