alphaL: 1.2066125307041096
alphaR: 1.6938713657665163
event_sum: 0.4727202127687633
mean: 897.7986301139794
nL: 2.4365084386526514
nR: 2.208835084458773
norm: 0.4727202127687633
sigma: 50.4
sigmaL: 65.10802165391789
sigmaR: 44.68589611250774
widthL: 65.10802165391789
widthR: 44.68589611250774
x0: 897.7986301139794
