alphaL: 1.0673771126866098
alphaR: 1.5055338438131787
event_sum: 31.927931406884454
fraction: 0.9946104194543596
mean: 895.4154448266437
nL: 4.283413742498581
nR: 3.9883191088858765
norm: 9.787348060053773
sigma: 50.4
sigmaL: 58.63262648622798
sigmaR: 45.65168487834377
widthL: 58.63262648622798
widthR: 45.65168487834377
x0: 895.4154448266437
