alphaL: 1.4113592239705544
alphaR: 1.0327963367612722
event_sum: 0.4854180695838295
mean: 908.1312458624406
nL: 2.9807400528957215
nR: 4.192949235015868
norm: 0.4854180695838295
sigma: 50.4
sigmaL: 76.26769680129038
sigmaR: 32.3527028708644
widthL: 76.26769680129038
widthR: 32.3527028708644
x0: 908.1312458624406
