alphaL: 0.8611621159507019
alphaR: 1.5173749261836682
event_sum: 0.4469700334666413
mean: 897.9386244686491
nL: 2.274150707150171
nR: 1.9731990189338684
norm: 0.4469700334666413
sigma: 46.40214033484259
sigmaL: 56.02666088616111
sigmaR: 42.28059463854043
widthL: 56.02666088616111
widthR: 42.28059463854043
x0: 897.9386244686491
