alphaL: 0.6892741633170899
alphaR: 1.4993373439609334
event_sum: 8.938971030593477
fraction: 0.9164739725403627
mean: 1278.9154484177416
nL: 2.1138281558451353
nR: 4.5
norm: 7.946093563478418
sigma: 130.0
sigmaL: 92.54517982850582
sigmaR: 82.13848872851929
widthL: 92.54517982850582
widthR: 82.13848872851929
x0: 1278.9154484177416
