alphaL: 0.9358988977993887
alphaR: 1.46070052271416
event_sum: 0.8391610251657237
mean: 1286.0039690639915
nL: 0.9604586532578073
nR: 3.78754440889283
norm: 0.8391610251657237
sigma: 130.0
sigmaL: 108.37027482239168
sigmaR: 76.26687037702169
widthL: 108.37027482239168
widthR: 76.26687037702169
x0: 1286.0039690639915
