alphaL: 0.9311681283279183
alphaR: 1.4316145054782794
event_sum: 0.8869156231704503
mean: 1290.503303878604
nL: 1.1258483094504657
nR: 3.855033501322512
norm: 0.8869156231704503
sigma: 130.0
sigmaL: 117.08034865179413
sigmaR: 75.07511085003011
widthL: 117.08034865179413
widthR: 75.07511085003011
x0: 1290.503303878604
