alphaL: 1.1348640272446784
alphaR: 1.5982192457253186
event_sum: 0.609578743444753
mean: 1289.4046477898141
nL: 1.4921410978909428
nR: 2.0126031974440264
norm: 0.609578743444753
sigma: 130.0
sigmaL: 120.96522714108892
sigmaR: 71.69999255324814
widthL: 120.96522714108892
widthR: 71.69999255324814
x0: 1289.4046477898141
