alphaL: 1.0275719972822117
alphaR: 1.2356012613503617
event_sum: 6.348452614192019
fraction: 0.9292908259996735
mean: 1289.1271364182146
nL: 1.929200835976413
nR: 4.1111980691943595
norm: 5.884220777969032
sigma: 130.0
sigmaL: 113.53158541362666
sigmaR: 66.76317295640155
widthL: 113.53158541362666
widthR: 66.76317295640155
x0: 1289.1271364182146
