alphaL: 1.0041402100809629
alphaR: 1.433943525876704
event_sum: 0.6315170964213623
mean: 1297.389401140234
nL: 1.8491283445449855
nR: 2.6868926645591777
norm: 0.6315170964213623
sigma: 130.0
sigmaL: 125.00220142405566
sigmaR: 67.29800847394658
widthL: 125.00220142405566
widthR: 67.29800847394658
x0: 1297.389401140234
