alphaL: 0.9505680999257059
alphaR: 2.1128884425786825
event_sum: 2.3939689791513956
mean: 3491.4068670536676
nL: 13.502723959939084
nR: 3.6309494952934322
norm_2016: 0.6080399026614032
norm_2017: 0.8211833839304745
norm_2018: 1.1856707307742909
norm_Run2: 2.3939689791513956
sigma: 154.42942086881402
sigmaL: 119.43080644885033
sigmaR: 77.8763794897132
widthL: 119.43080644885033
widthR: 77.8763794897132
x0: 3491.4068670536676
