alphaL: 1.5247035921070602
alphaR: 1.8425829187889118
event_sum: 14.844078102498315
mean: 2617.4066481962655
nL: 4.487227045412532
nR: 2.239094847787353
norm: 14.844078102498315
sigma: 155.59758713438205
sigmaL: 120.7329890619751
sigmaR: 55.56511273744404
widthL: 120.7329890619751
widthR: 55.56511273744404
x0: 2617.4066481962655
