alphaL: 1.4463467633936289
alphaR: 1.4616457962822822
event_sum: 0.825567188912828
mean: 2619.779584726502
nL: 4.037947703845257
nR: 3.4683520852016425
norm: 0.825567188912828
sigma: 155.59758713438205
sigmaL: 115.87243268356556
sigmaR: 58.1620994251534
widthL: 115.87243268356556
widthR: 58.1620994251534
x0: 2619.779584726502
