alphaL: 1.1794244831861591
alphaR: 2.1515948025949294
event_sum: 2.9486793803516775
mean: 2603.438871060661
nL: 4.608098128061618
nR: 3.505310092067237
norm: 2.9486793803516775
sigma: 116.4178693095665
sigmaL: 94.30522213039872
sigmaR: 65.09928924760848
widthL: 94.30522213039872
widthR: 65.09928924760848
x0: 2603.438871060661
