alphaL: 1.6348837693444274
alphaR: 1.9276250339438619
event_sum: 3.959145738190273
mean: 2614.168243330388
nL: 4.499997431241207
nR: 3.4531107706239164
norm: 3.959145738190273
sigma: 116.59732684192231
sigmaL: 120.21907620276099
sigmaR: 55.4973885498927
widthL: 120.21907620276099
widthR: 55.4973885498927
x0: 2614.168243330388
