alphaL: 1.1883411568545827
alphaR: 1.8887526794421325
event_sum: 3.959145738190273
fraction: 0.9991910284307198
mean: 2606.7871345830395
nL: 9.981099559354387
nR: 4.42825899420048
norm: 3.9585611467191484
sigma: 116.59732684192231
sigmaL: 102.87004645457975
sigmaR: 58.68569621587904
widthL: 102.87004645457975
widthR: 58.68569621587904
x0: 2606.7871345830395
