alphaL: 1.4636475409254366
alphaR: 2.1312611226224454
event_sum: 2.9670940116920974
mean: 2608.3952241208335
nL: 4.499923134723474
nR: 2.844604692872402
norm: 2.9670940116920974
sigma: 116.59732684192231
sigmaL: 106.64926762559034
sigmaR: 62.651749889763096
widthL: 106.64926762559034
widthR: 62.651749889763096
x0: 2608.3952241208335
