alphaL: 1.1170289572887213
alphaR: 1.84579538343988
event_sum: 0.8237236334316549
mean: 2609.510789743523
nL: 4.559469764526582
nR: 2.345612924386469
norm: 0.8237236334316549
sigma: 155.59758713438205
sigmaL: 96.4148561198529
sigmaR: 67.485027418486
widthL: 96.4148561198529
widthR: 67.485027418486
x0: 2609.510789743523
