alphaL: 1.1373110347198112
alphaR: 2.1966126887945
event_sum: 2.9670940116920974
fraction: 0.9990515680076419
mean: 2603.197301137977
nL: 9.358038521463154
nR: 2.6806787399709524
norm: 2.966801715956535
sigma: 116.59732684192231
sigmaL: 94.41863976244015
sigmaR: 65.18072158936282
widthL: 94.41863976244015
widthR: 65.18072158936282
x0: 2603.197301137977
