alphaL: 0.9477882680012482
alphaR: 1.8856761711190115
event_sum: 8.31213067076169
fraction: 0.9976972431788359
mean: 2604.2093140436123
nL: 9.998834896851323
nR: 2.3701376987654803
norm: 8.263737339992076
sigma: 155.59758713438205
sigmaL: 88.8978015715112
sigmaR: 71.39988389363609
widthL: 88.8978015715112
widthR: 71.39988389363609
x0: 2604.2093140436123
