alphaL: 1.4504859163375017
alphaR: 1.4665943379299888
event_sum: 0.825567188912828
mean: 2619.9390176655284
nL: 4.062271687698277
nR: 3.4765740630272917
norm: 0.825567188912828
sigma: 155.59758713438205
sigmaL: 116.42542159723175
sigmaR: 58.378814386185
widthL: 116.42542159723175
widthR: 58.378814386185
x0: 2619.9390176655284
