alphaL: 1.4200524467381674
alphaR: 1.6449146619722546
event_sum: 1.4807207180347177
mean: 2615.5743912104294
nL: 4.324648892532523
nR: 2.7622889939146824
norm: 1.4807207180347177
sigma: 155.59758713438205
sigmaL: 115.54509246676582
sigmaR: 55.24289432389435
widthL: 115.54509246676582
widthR: 55.24289432389435
x0: 2615.5743912104294
