alphaL: 1.2854202918236162
alphaR: 2.1352986986361415
event_sum: 2.962417279923102
mean: 2599.8179338341793
nL: 3.5740517973066623
nR: 3.9267251133525765
norm: 2.962417279923102
sigma: 116.4178693095665
sigmaL: 93.08473642321582
sigmaR: 67.49473823170635
widthL: 93.08473642321582
widthR: 67.49473823170635
x0: 2599.8179338341793
