alphaL: 1.1677155594082094
alphaR: 2.1828653066089196
event_sum: 3.935469783609733
mean: 2602.2829065729566
nL: 4.609350438858395
nR: 2.7150820717775863
norm: 3.935469783609733
sigma: 116.4178693095665
sigmaL: 97.61194082883944
sigmaR: 62.08630032394443
widthL: 97.61194082883944
widthR: 62.08630032394443
x0: 2602.2829065729566
