alphaL: 0.7224893560955636
alphaR: 2.1311897312859482
event_sum: 46.50236805836903
fraction: 0.987469561978432
mean: 2595.1943370208232
nL: 117.56364664516121
nR: 1.7432531240616207
norm: 14.704659220995381
sigma: 157.89859941050076
sigmaL: 80.8705359964553
sigmaR: 63.93498314865656
widthL: 80.8705359964553
widthR: 63.93498314865656
x0: 2595.1943370208232
