alphaL: 1.3869061934481062
alphaR: 2.2777803995537496
event_sum: 2.962417279923102
mean: 2604.93883923065
nL: 3.5697243699482963
nR: 2.2411677456993853
norm: 2.962417279923102
sigma: 116.4178693095665
sigmaL: 100.07824298453984
sigmaR: 64.75676612658158
widthL: 100.07824298453984
widthR: 64.75676612658158
x0: 2604.93883923065
