alphaL: 1.557114448046752
alphaR: 1.86314852277849
event_sum: 1.480835940252291
mean: 2619.0203732313194
nL: 3.864803916948163
nR: 2.070123065292764
norm: 1.480835940252291
sigma: 155.65907995056926
sigmaL: 122.21198404241265
sigmaR: 54.814968423323904
widthL: 122.21198404241265
widthR: 54.814968423323904
x0: 2619.0203732313194
