alphaL: 1.079286367742822
alphaR: 2.01630994851355
event_sum: 14.844078102498315
fraction: 0.9978444914591946
mean: 2607.4401798846447
nL: 9.99183730870422
nR: 2.0000146084684722
norm: 14.816424770629965
sigma: 155.59758713438205
sigmaL: 99.86395706823528
sigmaR: 61.23320315508891
widthL: 99.86395706823528
widthR: 61.23320315508891
x0: 2607.4401798846447
