alphaL: 1.4098814476079211
alphaR: 1.9671372444861202
event_sum: 3.9524229362723418
mean: 2609.509461488651
nL: 4.499206944247513
nR: 3.373518708995062
norm: 3.9524229362723418
sigma: 116.4178693095665
sigmaL: 111.21301930233943
sigmaR: 58.27921406325138
widthL: 111.21301930233943
widthR: 58.27921406325138
x0: 2609.509461488651
