alphaL: 1.4387004273303523
alphaR: 1.4964940157757074
event_sum: 8.31213067076169
mean: 2621.4143018793175
nL: 4.496779606599383
nR: 3.1489103937465837
norm: 8.31213067076169
sigma: 155.59758713438205
sigmaL: 116.56991056477496
sigmaR: 57.95720110531827
widthL: 116.56991056477496
widthR: 57.95720110531827
x0: 2621.4143018793175
