alphaL: 1.4524181481930214
alphaR: 2.164941224381186
event_sum: 3.9524229362723418
mean: 2607.7636432277636
nL: 3.9540672536453987
nR: 2.6850193871236483
norm: 3.9524229362723418
sigma: 116.4178693095665
sigmaL: 110.92161107241922
sigmaR: 59.860654772109356
widthL: 110.92161107241922
widthR: 59.860654772109356
x0: 2607.7636432277636
