alphaL: 1.420215536377743
alphaR: 1.6743823721903652
event_sum: 1.4807207180347177
mean: 2615.356693134242
nL: 4.3676995033832915
nR: 2.7778883789237305
norm: 1.4807207180347177
sigma: 155.59758713438205
sigmaL: 114.80667587945854
sigmaR: 54.558860913205464
widthL: 114.80667587945854
widthR: 54.558860913205464
x0: 2615.356693134242
