alphaL: 1.2776548549592346
alphaR: 2.144441379332176
event_sum: 2.962417279923102
mean: 2599.5077431079153
nL: 3.5643584995122786
nR: 3.931428311188962
norm: 2.962417279923102
sigma: 116.4178693095665
sigmaL: 92.07338775134025
sigmaR: 67.58168634096172
widthL: 92.07338775134025
widthR: 67.58168634096172
x0: 2599.5077431079153
