alphaL: 0.11665187860477386
alphaR: 2.400235377963424
event_sum: 1.4771488292899448
mean: 2574.6064662731974
nL: 4.888210407938258
nR: 1.4767152509653236
norm: 1.4771488292899448
sigma: 155.59758713438205
sigmaL: 9.595954333002094
sigmaR: 78.22396221931
widthL: 9.595954333002094
widthR: 78.22396221931
x0: 2574.6064662731974
