alphaL: 1.401762168112311
alphaR: 1.9601726607907364
event_sum: 3.9524229362723418
mean: 2609.4292767964394
nL: 4.499911998238377
nR: 3.5000294912834016
norm: 3.9524229362723418
sigma: 116.4178693095665
sigmaL: 110.68867369095499
sigmaR: 58.30594056653777
widthL: 110.68867369095499
widthR: 58.30594056653777
x0: 2609.4292767964394
