alphaL: 1.3336545584408195
alphaR: 1.7725127254482242
event_sum: 0.825567188912828
mean: 2614.823761131892
nL: 3.9629723574929945
nR: 2.3502660560338384
norm: 0.825567188912828
sigma: 155.65907995056926
sigmaL: 109.87750148985826
sigmaR: 64.47491096365549
widthL: 109.87750148985826
widthR: 64.47491096365549
x0: 2614.823761131892
