alphaL: 0.9515999198392598
alphaR: 1.4250149178431815
event_sum: 2.9815643264992255
mean: 1228.4687785430285
nL: 0.6519104553553037
nR: 4.213272267014357
norm: 2.9815643264992255
sigma: 125.0
sigmaL: 105.36856513610941
sigmaR: 75.54953290246641
widthL: 105.36856513610941
widthR: 75.54953290246641
x0: 1228.4687785430285
