alphaL: 0.9333499956077691
alphaR: 1.2832855403781944
event_sum: 19.997747288064637
fraction: 0.9465300794525237
mean: 1230.8422134134512
nL: 2.921133007752077
nR: 4.44822612960707
norm: 18.730976090903102
sigma: 125.0
sigmaL: 107.85681192672287
sigmaR: 68.57441958123093
widthL: 107.85681192672287
widthR: 68.57441958123093
x0: 1230.8422134134512
