alphaL: 1.3549689332671473
alphaR: 0.5422545258071816
event_sum: 2.852471787675402
mean: 1264.1363411416764
nL: 0.5229948211882763
nR: 4.918464646865079
norm: 2.852471787675402
sigma: 125.0
sigmaL: 151.49195543626126
sigmaR: 28.95839681825369
widthL: 151.49195543626126
widthR: 28.95839681825369
x0: 1264.1363411416764
