alphaL: 0.9550665213052251
alphaR: 1.53251156514574
event_sum: 1.9737080585536604
mean: 1224.6783341517585
nL: 2.0120044315035215
nR: 2.739786080900602
norm: 1.9737080585536604
sigma: 125.0
sigmaL: 102.83130917163454
sigmaR: 75.73458775433242
widthL: 102.83130917163454
widthR: 75.73458775433242
x0: 1224.6783341517585
