alphaL: 0.779445581011065
alphaR: 1.4284085650214315
event_sum: 29.40987715974658
fraction: 0.9291659305290512
mean: 1227.1864813239772
nL: 2.367985730462606
nR: 4.5
norm: 26.63952580961482
sigma: 125.0
sigmaL: 99.17470466758922
sigmaR: 75.89203584511787
widthL: 99.17470466758922
widthR: 75.89203584511787
x0: 1227.1864813239772
