alphaL: 1.0782380066434123
alphaR: 1.2807333452602847
event_sum: 2.0318150620767623
mean: 1232.4715704106382
nL: 1.5841571982686342
nR: 4.116411556480829
norm: 2.0318150620767623
sigma: 125.0
sigmaL: 111.72457503682229
sigmaR: 66.48847688871152
widthL: 111.72457503682229
widthR: 66.48847688871152
x0: 1232.4715704106382
