alphaL: 1.3149939581686212
alphaR: 2.332192204137081
event_sum: 16.815421262069798
fraction: 0.9985788074789155
mean: 1847.2398497474653
nL: 9.945187920000384
nR: 2.094699064678067
norm: 16.80656288184804
sigma: 86.54884014138817
sigmaL: 81.28562997332381
sigmaR: 45.6702376214363
widthL: 81.28562997332381
widthR: 45.6702376214363
x0: 1847.2398497474653
