alphaL: 1.4080148023862902
alphaR: 2.28260357288032
event_sum: 16.753781473784066
mean: 1848.7932603476193
nL: 4.901371148252352
nR: 2.301878907595074
norm: 16.753781473784066
sigma: 86.28606177709412
sigmaL: 82.96325604234107
sigmaR: 44.29662808781067
widthL: 82.96325604234107
widthR: 44.29662808781067
x0: 1848.7932603476193
