alphaL: 0.9736868355888779
alphaR: 2.0438396173333206
event_sum: 14.103499295278061
fraction: 0.9971213960696138
mean: 1846.0090822281618
nL: 9.997410916733083
nR: 2.2203588622933403
norm: 14.08120127814746
sigma: 98.5718336830498
sigmaL: 64.40328614753486
sigmaR: 50.904922149311744
widthL: 64.40328614753486
widthR: 50.904922149311744
x0: 1846.0090822281618
