alphaL: 1.2380321307497972
alphaR: 1.9191388753468446
event_sum: 1.749245404409683
mean: 1849.3505453204407
nL: 4.313343646602786
nR: 2.549303729385794
norm: 1.749245404409683
sigma: 98.53886339557701
sigmaL: 76.82484590220626
sigmaR: 44.68790500816727
widthL: 76.82484590220626
widthR: 44.68790500816727
x0: 1849.3505453204407
