alphaL: 1.1942634819532423
alphaR: 1.9331156756433017
event_sum: 1.4060415856513406
mean: 1849.5952837538164
nL: 4.561742456059644
nR: 2.4210683584109454
norm: 1.4060415856513406
sigma: 98.53886339557701
sigmaL: 71.90678679899152
sigmaR: 49.439777187614865
widthL: 71.90678679899152
widthR: 49.439777187614865
x0: 1849.5952837538164
