alphaL: 1.2468967557772548
alphaR: 2.2183010647792236
event_sum: 18.24721317969369
fraction: 0.99900767746582
mean: 1846.0140696142525
nL: 9.54528011502561
nR: 3.0291279796349047
norm: 18.246095256485972
sigma: 86.54884014138817
sigmaL: 74.88226990850254
sigmaR: 50.6855700174564
widthL: 74.88226990850254
widthR: 50.6855700174564
x0: 1846.0140696142525
