alphaL: 1.4239257481330225
alphaR: 1.965669641417473
event_sum: 18.224290008315364
mean: 1848.9115938582572
nL: 4.458943932312942
nR: 4.310737978347646
norm: 18.224290008315364
sigma: 86.28606177709412
sigmaL: 78.76592348173129
sigmaR: 48.23191152089333
widthL: 78.76592348173129
widthR: 48.23191152089333
x0: 1848.9115938582572
