alphaL: 0.8638302338431634
alphaR: 2.280817363374891
event_sum: 38.861733262961465
fraction: 0.9936187801190007
mean: 1846.849247740573
nL: 107.82754842573053
nR: 2.8902071676813224
norm: 18.18141527109072
sigma: 86.95874860678325
sigmaL: 62.71468985884062
sigmaR: 51.264407525235676
widthL: 62.71468985884062
widthR: 51.264407525235676
x0: 1846.849247740573
