alphaL: 1.2742930861449913
alphaR: 2.250700298767591
event_sum: 18.152392237755926
mean: 1847.2796750135274
nL: 4.9722489891299615
nR: 2.2590852170023683
norm: 18.152392237755926
sigma: 86.28606177709412
sigmaL: 75.01864995364004
sigmaR: 49.46785525665216
widthL: 75.01864995364004
widthR: 49.46785525665216
x0: 1847.2796750135274
