alphaL: 0.9699050376792906
alphaR: 2.3551332945478123
event_sum: 34.57763732075221
fraction: 0.992516135837387
mean: 1849.4755423724025
nL: 132.91074605450214
nR: 2.3376788682934726
norm: 16.699133296257486
sigma: 86.95874860678325
sigmaL: 73.04405384551625
sigmaR: 46.60907078072168
widthL: 73.04405384551625
widthR: 46.60907078072168
x0: 1849.4755423724025
