alphaL: 1.0893947150088363
alphaR: 2.0027803833407005
event_sum: 1.401306154380802
mean: 1846.4495133561782
nL: 4.1499544878889125
nR: 2.3798151203204507
norm: 1.401306154380802
sigma: 98.53886339557701
sigmaL: 66.0704932301414
sigmaR: 50.31882623944684
widthL: 66.0704932301414
widthR: 50.31882623944684
x0: 1846.4495133561782
