alphaL: 1.5766915909589383
alphaR: 2.2719980940323015
event_sum: 16.84457204497696
mean: 1850.5883440301502
nL: 4.499911514595647
nR: 1.9784281335978413
norm: 16.84457204497696
sigma: 86.28606177709412
sigmaL: 87.29869285168817
sigmaR: 43.57016700652995
widthL: 87.29869285168817
widthR: 43.57016700652995
x0: 1850.5883440301502
