alphaL: 1.0682882490137695
alphaR: 2.0017629698462645
event_sum: 17.523340495454672
fraction: 0.9975162088259295
mean: 1847.3393398754815
nL: 9.964978454058425
nR: 2.27365364903387
norm: 17.50725998302727
sigma: 98.5718336830498
sigmaL: 72.49922289364835
sigmaR: 46.01274814180431
widthL: 72.49922289364835
widthR: 46.01274814180431
x0: 1847.3393398754815
