alphaL: 1.1501320885815116
alphaR: 2.0958292483655554
event_sum: 1.7416359561331913
mean: 1846.5055652717908
nL: 4.426810584816738
nR: 2.0850482100912897
norm: 1.7416359561331913
sigma: 98.53886339557701
sigmaL: 72.61590719592652
sigmaR: 46.93241415794764
widthL: 72.61590719592652
widthR: 46.93241415794764
x0: 1846.5055652717908
