alphaL: 1.4272054101085403
alphaR: 2.691533111689368
event_sum: 65.35204966768488
fraction: 0.9998259574530397
mean: 758.0224151520135
nL: 9.201359583623507
nR: 2.7096007191301354
norm: 65.33929125184446
sigma: 36.94837848130791
sigmaL: 38.41110914952158
sigmaR: 27.38038213656366
widthL: 38.41110914952158
widthR: 27.38038213656366
x0: 758.0224151520135
