alphaL: 1.2013339826930896
alphaR: 2.831563360255995
event_sum: 19.905588953156386
fraction: 0.9996428285953723
mean: 756.6064885059659
nL: 8.739421052669476
nR: 2.059421028679594
norm: 19.900216890990247
sigma: 36.94837848130791
sigmaL: 41.351976158570125
sigmaR: 25.16949949870005
widthL: 41.351976158570125
widthR: 25.16949949870005
x0: 756.6064885059659
