alphaL: 1.579515111315026
alphaR: 2.7977613279191704
event_sum: 65.32202477193674
mean: 758.295619352397
nL: 4.578897648875436
nR: 2.719721710757878
norm: 65.32202477193674
sigma: 37.07900818459052
sigmaL: 38.77422243999886
sigmaR: 27.330481123053787
widthL: 38.77422243999886
widthR: 27.330481123053787
x0: 758.295619352397
