alphaL: 1.062617010442561
alphaR: 2.5705245166855772
event_sum: 3.926718290292045
fraction: 0.9999182504254156
mean: 757.0781423554124
nL: 7.928826712445895
nR: 3.62648262427136
norm: 3.9269750959874723
sigma: 38.1596805662426
sigmaL: 37.565016655968044
sigmaR: 25.438638167524903
widthL: 37.565016655968044
widthR: 25.438638167524903
x0: 757.0781423554124
