alphaL: 1.2129234437389649
alphaR: 2.0027008211387733
event_sum: 0.3927723594249158
mean: 759.5094978500223
nL: 2.7502698323880943
nR: 3.6898816168556188
norm: 0.3927723594249158
sigma: 38.260025614816506
sigmaL: 40.57523380140415
sigmaR: 22.59333615488415
widthL: 40.57523380140415
widthR: 22.59333615488415
x0: 759.5094978500223
