alphaL: 1.6495781478279696
alphaR: 3.1084666527843186
event_sum: 0.9667116782369607
mean: 759.7259362207197
nL: 1.8270701007396295
nR: 0.38572700242789304
norm: 0.9667116782369607
sigma: 38.260025614816506
sigmaL: 39.953686679745694
sigmaR: 28.15356111540326
widthL: 39.953686679745694
widthR: 28.15356111540326
x0: 759.7259362207197
