alphaL: 1.2874819001081894
alphaR: 2.62464464180756
event_sum: 0.39256848979674736
mean: 757.5324621913171
nL: 2.4335232848427593
nR: 1.9897688468172203
norm: 0.39256848979674736
sigma: 38.260025614816506
sigmaL: 38.40553038064097
sigmaR: 24.51937149066345
widthL: 38.40553038064097
widthR: 24.51937149066345
x0: 757.5324621913171
