alphaL: 1.5339213179704827
alphaR: 2.7144510302735596
event_sum: 19.910185707600423
mean: 756.8812207252018
nL: 3.939042410805597
nR: 4.258555657268772
norm: 19.910185707600423
sigma: 37.07900818459052
sigmaL: 42.486610909919065
sigmaR: 25.2233695720476
widthL: 42.486610909919065
widthR: 25.2233695720476
x0: 756.8812207252018
