alphaL: 2.4464431023597717
alphaR: 2.5653863145393503
event_sum: 65.32763862366156
mean: 759.2576957914105
nL: 3.36209139108462
nR: 3.788957795843447
norm: 65.32763862366156
sigma: 37.07900818459052
sigmaL: 40.736100640541075
sigmaR: 26.769532687265116
widthL: 40.736100640541075
widthR: 26.769532687265116
x0: 759.2576957914105
