alphaL: 1.3059502285290256
alphaR: 2.7783283605692555
event_sum: 19.91204092020326
mean: 756.5542633031409
nL: 4.771788761245165
nR: 2.6592989433583267
norm: 19.91204092020326
sigma: 37.07900818459052
sigmaL: 41.87206032055329
sigmaR: 25.32200340055825
widthL: 41.87206032055329
widthR: 25.32200340055825
x0: 756.5542633031409
