alphaL: 1.2949616976986622
alphaR: 2.247801317811652
event_sum: 0.9663337932057156
mean: 760.0793622981994
nL: 3.9914842614973884
nR: 3.850351079727459
norm: 0.9663337932057156
sigma: 38.260025614816506
sigmaL: 37.96353321694308
sigmaR: 26.91456964273125
widthL: 37.96353321694308
widthR: 26.91456964273125
x0: 760.0793622981994
