alphaL: 1.4879300835655673
alphaR: 2.192045913780119
event_sum: 9.667939418903043
fraction: 0.9997861905188578
mean: 762.3231721559999
nL: 7.470439649037113
nR: 3.7638202994823593
norm: 9.666982827104697
sigma: 38.1596805662426
sigmaL: 41.70251276922115
sigmaR: 25.54107008020166
widthL: 41.70251276922115
widthR: 25.54107008020166
x0: 762.3231721559999
