alphaL: 1.3569628887870289
alphaR: 1.536847953530887
event_sum: 4.119677911454346
fraction: 0.9922949343306862
mean: 902.7959062584004
nL: 4.937897744831922
nR: 2.495066713992161
norm: 4.097883602196816
sigma: 50.4
sigmaL: 72.20975115547458
sigmaR: 38.22412145544368
widthL: 72.20975115547458
widthR: 38.22412145544368
x0: 902.7959062584004
