alphaL: 1.0675927881540563
alphaR: 1.43918557244628
event_sum: 0.8606440828589257
mean: 897.5002488465823
nL: 3.6635012773570583
nR: 3.8969316494682893
norm: 0.8606440828589257
sigma: 50.4
sigmaL: 57.79169050450946
sigmaR: 43.17747888244934
widthL: 57.79169050450946
widthR: 43.17747888244934
x0: 897.5002488465823
