alphaL: 1.409135772001152
alphaR: 1.3461445976358268
event_sum: 0.41077079891692847
mean: 906.6639814597528
nL: 3.0031252693229735
nR: 3.220199762884083
norm: 0.41077079891692847
sigma: 50.4
sigmaL: 76.21449722349578
sigmaR: 34.731794217008996
widthL: 76.21449722349578
widthR: 34.731794217008996
x0: 906.6639814597528
