alphaL: 1.0767319792119026
alphaR: 1.4463742985479895
event_sum: 0.8606440828589257
mean: 897.279035102065
nL: 3.720215213207502
nR: 3.9250303044243626
norm: 0.8606440828589257
sigma: 50.4
sigmaL: 58.00417697867911
sigmaR: 43.51242076227495
widthL: 58.00417697867911
widthR: 43.51242076227495
x0: 897.279035102065
