alphaL: 0.929299553913069
alphaR: 1.5740504473864925
event_sum: 0.7909212541489978
mean: 897.6780156386872
nL: 2.018194711267471
nR: 2.179873356390103
norm: 0.7909212541489978
sigma: 46.469150044772185
sigmaL: 54.76162600567086
sigmaR: 43.38953335389947
widthL: 54.76162600567086
widthR: 43.38953335389947
x0: 897.6780156386872
