alphaL: 1.0017431439483229
alphaR: 1.4950377889605613
event_sum: 8.59896439453587
fraction: 0.9967256822665586
mean: 894.4894474895102
nL: 6.104617255929605
nR: 4.030865424875945
norm: 8.579571176611353
sigma: 50.4
sigmaL: 57.3973451865136
sigmaR: 44.9540785831979
widthL: 57.3973451865136
widthR: 44.9540785831979
x0: 894.4894474895102
