alphaL: 1.3715451988346397
alphaR: 1.3378257550588644
event_sum: 0.41077079891692847
mean: 906.5026739664644
nL: 3.0258008444339133
nR: 3.2864701928259072
norm: 0.41077079891692847
sigma: 50.4
sigmaL: 74.98892237031107
sigmaR: 34.65392262080122
widthL: 74.98892237031107
widthR: 34.65392262080122
x0: 906.5026739664644
