alphaL: 1.026720361404852
alphaR: 1.6379494702775397
event_sum: 0.3775730542547535
mean: 898.7102656059386
nL: 3.976442096199288
nR: 2.0070563330088595
norm: 0.3775730542547535
sigma: 46.469150044772185
sigmaL: 60.132806760890645
sigmaR: 39.9870615620221
widthL: 60.132806760890645
widthR: 39.9870615620221
x0: 898.7102656059386
