alphaL: 1.2005794938782395
alphaR: 1.7356849558911334
event_sum: 0.40181472217227565
mean: 897.2436763713846
nL: 2.340359388397673
nR: 2.047539159166674
norm: 0.40181472217227565
sigma: 50.4
sigmaL: 65.09273751485492
sigmaR: 42.18268208395907
widthL: 65.09273751485492
widthR: 42.18268208395907
x0: 897.2436763713846
