alphaL: 1.1223714009027728
alphaR: 1.4924826078860967
event_sum: 8.638756180007476
mean: 896.0510911307167
nL: 4.185485272641314
nR: 4.032569760956599
norm: 8.638756180007476
sigma: 50.4
sigmaL: 60.69375591156297
sigmaR: 43.85400675511219
widthL: 60.69375591156297
widthR: 43.85400675511219
x0: 896.0510911307167
