alphaL: 1.3609989096004775
alphaR: 1.6295016211983175
event_sum: 4.140791920071933
mean: 901.2525212276004
nL: 4.493718189935602
nR: 2.3062632593975785
norm: 4.140791920071933
sigma: 50.4
sigmaL: 71.51443491613004
sigmaR: 39.95667386573385
widthL: 71.51443491613004
widthR: 39.95667386573385
x0: 901.2525212276004
