alphaL: 1.2040033644781831
alphaR: 1.6972711944482402
event_sum: 0.8400582238755305
mean: 896.3134466241042
nL: 2.2496156292294844
nR: 2.275833334261787
norm: 0.8400582238755305
sigma: 50.4
sigmaL: 62.03298096726481
sigmaR: 45.14706815531482
widthL: 62.03298096726481
widthR: 45.14706815531482
x0: 896.3134466241042
