alphaL: 0.993532490526403
alphaR: 1.424984596370028
event_sum: 0.43683792845650926
mean: 2864.896144996796
nL: 1.0074975437032174
nR: 3.0534440777494454
norm: 0.43683792845650926
sigma: 162.4
sigmaL: 193.56192024514615
sigmaR: 113.508669881017
widthL: 193.56192024514615
widthR: 113.508669881017
x0: 2864.896144996796
