alphaL: 1.3266641660577385
alphaR: 1.3196423042819827
event_sum: 14.752249357446217
fraction: 0.8162989213234987
mean: 2868.6663245748045
nL: 0.5714542496017073
nR: 3.968682646258058
norm: 8.01908401972745
sigma: 162.4
sigmaL: 228.43494800555195
sigmaR: 112.32176151559821
widthL: 228.43494800555195
widthR: 112.32176151559821
x0: 2868.6663245748045
