alphaL: 1.0207485428711662
alphaR: 1.3713361924310212
event_sum: 0.40782584506228764
mean: 2851.64429737188
nL: 0.28020937032447146
nR: 3.7334947593340417
norm: 0.40782584506228764
sigma: 162.4
sigmaL: 172.24522825636316
sigmaR: 119.83529151329371
widthL: 172.24522825636316
widthR: 119.83529151329371
x0: 2851.64429737188
