alphaL: 0.6450767835827271
alphaR: 1.62711963752302
event_sum: 0.754964468992185
mean: 2835.757731314093
nL: 1.9500529937312532
nR: 2.675302086244119
norm: 0.754964468992185
sigma: 162.4
sigmaL: 129.93549978228322
sigmaR: 131.50761192865247
widthL: 129.93549978228322
widthR: 131.50761192865247
x0: 2835.757731314093
