alphaL: 1.3317942468781903
alphaR: 1.2557030288556266
event_sum: 15.705286457795719
fraction: 0.7263587242389535
mean: 2869.3142985045215
nL: 0.4
nR: 4.021051777130454
norm: 4.504848970402507
sigma: 162.4
sigmaL: 213.85130940953778
sigmaR: 109.29615969430104
widthL: 213.85130940953778
widthR: 109.29615969430104
x0: 2869.3142985045215
