alphaL: 1.2510385116249967
alphaR: 0.9351383932949652
event_sum: 0.7973076959419028
mean: 2899.509379128986
nL: 1.0595177491064183
nR: 2.942707586831728
norm: 0.7973076959419028
sigma: 162.4
sigmaL: 250.12342526619403
sigmaR: 69.25046337191775
widthL: 250.12342526619403
widthR: 69.25046337191775
x0: 2899.509379128986
