alphaL: 0.9909222872244922
alphaR: 1.3070744719583052
event_sum: 0.31386532066971995
mean: 2604.460118821071
nL: 1.0075731188821488
nR: 1.7920997615751635
norm: 0.31386532066971995
sigma: 155.65907995056926
sigmaL: 162.98995012829275
sigmaR: 78.41426556665026
widthL: 162.98995012829275
widthR: 78.41426556665026
x0: 2604.460118821071
