alphaL: 0.8870718271666096
alphaR: 2.2843072394194017
event_sum: 0.19322765887045534
mean: 2546.5098168730947
nL: 4.423437208607387
nR: 2.1154714903295915
norm: 0.19322765887045534
sigma: 145.6
sigmaL: 178.78454262278274
sigmaR: 141.2006555272755
widthL: 178.78454262278274
widthR: 141.2006555272755
x0: 2546.5098168730947
