alphaL: 1.165398421336108
alphaR: 1.1370298191812471
event_sum: 5.528361929347739
fraction: 0.8546353642802429
mean: 2595.2859989705726
nL: 0.9153084146212411
nR: 3.909258241634805
norm: 3.6202820304315537
sigma: 145.6
sigmaL: 174.79398686985093
sigmaR: 85.07489478368976
widthL: 174.79398686985093
widthR: 85.07489478368976
x0: 2595.2859989705726
