alphaL: 0.8839892333302254
alphaR: 1.2753161241205069
event_sum: 0.20613254723866703
mean: 2602.3568924685737
nL: 1.0000214059884913
nR: 3.4612186609342137
norm: 0.20613254723866703
sigma: 145.6
sigmaL: 161.8813099096945
sigmaR: 89.76703071104421
widthL: 161.8813099096945
widthR: 89.76703071104421
x0: 2602.3568924685737
