alphaL: 0.8106659522218422
alphaR: 1.6030908894006888
event_sum: 5.440793045097962
mean: 2572.3294265198715
nL: 1.0024601994538276
nR: 4.186860181324626
norm: 5.440793045097962
sigma: 145.6
sigmaL: 144.69570774246196
sigmaR: 120.52194744065196
widthL: 144.69570774246196
widthR: 120.52194744065196
x0: 2572.3294265198715
