alphaL: 1.2183680814037714
alphaR: 1.6181391906629656
event_sum: 5.440793045097962
fraction: 0.7590266240204085
mean: 2573.9823039443236
nL: 0.40001998816584744
nR: 3.6476611722101895
norm: 2.197287661372684
sigma: 145.6
sigmaL: 168.32633940106646
sigmaR: 119.72504984437153
widthL: 168.32633940106646
widthR: 119.72504984437153
x0: 2573.9823039443236
