alphaL: 0.897850112989815
alphaR: 1.2378791626433665
event_sum: 0.20613254723866703
mean: 2601.5652251633196
nL: 1.0000235233470718
nR: 3.3350619015424536
norm: 0.20613254723866703
sigma: 145.6
sigmaL: 158.91460107081713
sigmaR: 83.74312252026412
widthL: 158.91460107081713
widthR: 83.74312252026412
x0: 2601.5652251633196
