alphaL: 0.9924596961616526
alphaR: 1.3791323888212699
event_sum: 0.33045732000027783
mean: 2601.3518243045155
nL: 1.3370292747649575
nR: 1.659171074316895
norm: 0.33045732000027783
sigma: 145.6
sigmaL: 156.17857627392772
sigmaR: 82.06221779030716
widthL: 156.17857627392772
widthR: 82.06221779030716
x0: 2601.3518243045155
