alphaL: 0.892916940302404
alphaR: 1.1680104988139401
event_sum: 0.347510208201129
mean: 2597.4514452310323
nL: 1.9369118594332901
nR: 2.7297647375613328
norm: 0.347510208201129
sigma: 145.6
sigmaL: 155.03089956228615
sigmaR: 76.11092813556228
widthL: 155.03089956228615
widthR: 76.11092813556228
x0: 2597.4514452310323
