alphaL: 0.9886139628658163
alphaR: 1.5146629147024206
event_sum: 0.18089888159011025
mean: 2598.465078166186
nL: 1.2235425076237965
nR: 1.9200334500333558
norm: 0.18089888159011025
sigma: 155.65907995056926
sigmaL: 185.93369649053736
sigmaR: 100.64709318950713
widthL: 185.93369649053736
widthR: 100.64709318950713
x0: 2598.465078166186
