alphaL: 1.0900580743948773
alphaR: 1.5166852684220127
event_sum: 0.347510208201129
mean: 2567.4704886185887
nL: 1.001523005288701
nR: 3.371532464660337
norm: 0.347510208201129
sigma: 145.6
sigmaL: 145.0347831798156
sigmaR: 112.70059206650278
widthL: 145.0347831798156
widthR: 112.70059206650278
x0: 2567.4704886185887
