alphaL: 0.5794803962996405
alphaR: 1.4510316010685476
event_sum: 5.528361929347739
mean: 2561.7148355617965
nL: 1.630264361445586
nR: 3.5456253410821175
norm: 5.528361929347739
sigma: 145.6
sigmaL: 89.41735201752097
sigmaR: 110.8465040953595
widthL: 89.41735201752097
widthR: 110.8465040953595
x0: 2561.7148355617965
