alphaL: 1.0899719712692517
alphaR: 1.4897649660681112
event_sum: 0.7649703772628651
mean: 1228.7335409241905
nL: 0.5840241054016168
nR: 2.5791140144237463
norm: 0.7649703772628651
sigma: 125.0
sigmaL: 113.9831390381124
sigmaR: 71.00277999631628
widthL: 113.9831390381124
widthR: 71.00277999631628
x0: 1228.7335409241905
