alphaL: 0.8828433940189462
alphaR: 1.2628711310071459
event_sum: 7.976292043761493
fraction: 0.9318633627929463
mean: 1232.947336502473
nL: 1.9832413590527682
nR: 4.5
norm: 7.2046216617928955
sigma: 125.0
sigmaL: 109.54496346594472
sigmaR: 65.98092832530442
widthL: 109.54496346594472
widthR: 65.98092832530442
x0: 1232.947336502473
