alphaL: 1.1077627714779967
alphaR: 1.7867668973030681
event_sum: 0.4854278138582946
mean: 1230.6983458920417
nL: 1.5765170476328083
nR: 1.8150595621272678
norm: 0.4854278138582946
sigma: 125.0
sigmaL: 111.67880680838948
sigmaR: 74.5279618214412
widthL: 111.67880680838948
widthR: 74.5279618214412
x0: 1230.6983458920417
