alphaL: 1.0979809291822116
alphaR: 1.4837917930302502
event_sum: 0.7997038924679741
mean: 1230.0002279554094
nL: 0.568749118597262
nR: 3.1168083371995943
norm: 0.7997038924679741
sigma: 125.0
sigmaL: 118.90403695378059
sigmaR: 70.17100720627731
widthL: 118.90403695378059
widthR: 70.17100720627731
x0: 1230.0002279554094
