alphaL: 0.7807362874411087
alphaR: 1.4385257284486106
event_sum: 4.992292583243211
fraction: 0.9453582578641915
mean: 1219.0699641660055
nL: 2.3032026177009857
nR: 4.5
norm: 4.665641691579619
sigma: 125.0
sigmaL: 88.60312217459152
sigmaR: 77.08238671992586
widthL: 88.60312217459152
widthR: 77.08238671992586
x0: 1219.0699641660055
