alphaL: 1.068742495051459
alphaR: 1.3741835900030324
event_sum: 0.5003083782359086
mean: 1236.4479921195802
nL: 1.8118266969166459
nR: 3.32289388146561
norm: 0.5003083782359086
sigma: 125.0
sigmaL: 122.81389132529627
sigmaR: 63.25425998680332
widthL: 122.81389132529627
widthR: 63.25425998680332
x0: 1236.4479921195802
