alphaL: 1.1743100836216547
alphaR: 1.1992548021935805
event_sum: 18.059855920200313
fraction: 0.7886506838323749
mean: 2124.55814304892
nL: 0.5213892510063167
nR: 4.351900637550506
norm: 12.532722033282544
sigma: 215.0
sigmaL: 234.928128886442
sigmaR: 100.86821485778246
widthL: 234.928128886442
widthR: 100.86821485778246
x0: 2124.55814304892
