alphaL: 0.6867743820036876
alphaR: 1.3835660984142935
event_sum: 1.5371866661904923
mean: 2109.1639310656406
nL: 1.0000856422440743
nR: 3.8722477828013173
norm: 1.5371866661904923
sigma: 215.0
sigmaL: 173.11370280111427
sigmaR: 115.84722050845716
widthL: 173.11370280111427
widthR: 115.84722050845716
x0: 2109.1639310656406
