alphaL: 1.2357117328003415
alphaR: 1.6449193198319574
event_sum: 1.1092496682549537
mean: 2097.1509789453853
nL: 0.11657822551524616
nR: 2.8998182645825024
norm: 1.1092496682549537
sigma: 215.0
sigmaL: 225.29042525330212
sigmaR: 128.75183477099327
widthL: 225.29042525330212
widthR: 128.75183477099327
x0: 2097.1509789453853
