alphaL: 1.017682165015985
alphaR: 1.201528709882517
event_sum: 19.552538241735146
fraction: 0.732358009359574
mean: 2115.8669211498245
nL: 0.4
nR: 4.467063469512383
norm: 9.705789280419635
sigma: 215.0
sigmaL: 221.8715849986767
sigmaR: 100.77210199200715
widthL: 221.8715849986767
widthR: 100.77210199200715
x0: 2115.8669211498245
