alphaL: 0.43087897275023557
alphaR: 1.1843630897591113
event_sum: 1.3047834026593783
mean: 2134.24341237511
nL: 1.001744048452131
nR: 3.5806990966213346
norm: 1.3047834026593783
sigma: 215.0
sigmaL: 203.14131565837332
sigmaR: 92.38971034754883
widthL: 203.14131565837332
widthR: 92.38971034754883
x0: 2134.24341237511
