alphaL: 1.344700211222154
alphaR: 1.444405569735301
event_sum: 1.3984009280916843
mean: 2117.128022181471
nL: 0.21780667010998514
nR: 2.9978092682319026
norm: 1.3984009280916843
sigma: 215.0
sigmaL: 235.593892576774
sigmaR: 109.58052412350747
widthL: 235.593892576774
widthR: 109.58052412350747
x0: 2117.128022181471
