alphaL: 0.9449737533550695
alphaR: 1.3497695587627025
event_sum: 29.609186701416924
mean: 1038.5170323160917
nL: 2.4461411121878154
nR: 4.994211745805307
norm_2016: 8.03707286573336
norm_2017: 9.470404856472529
norm_2018: 12.606933354282027
norm_Run2: 29.609186701416924
sigma: 105.0
sigmaL: 93.14244213106032
sigmaR: 60.68945624633986
widthL: 93.14244213106032
widthR: 60.68945624633986
x0: 1038.5170323160917
