alphaL: 1.031276218590657
alphaR: 2.395221980024595
event_sum: 22.075226227517042
mean: 1052.5398674624253
nL: 61.95078783992956
nR: 2.810877957478859
norm_2016: 5.596277135025132
norm_2017: 6.753567695376317
norm_2018: 10.181516387432453
norm_Run2: 22.075226227517042
sigma: 54.34215474438976
sigmaL: 46.93253722481534
sigmaR: 31.313939582714664
widthL: 46.93253722481534
widthR: 31.313939582714664
x0: 1052.5398674624253
