alphaL: 0.6966050615786268
alphaR: 1.2098963980515771
event_sum: 0.7690104579753123
mean: 1548.7659412550327
nL: 0.9820159936941618
nR: 3.4242405602984296
norm: 0.7690104579753123
sigma: 155.0
sigmaL: 138.26757484635922
sigmaR: 71.48061346734082
widthL: 138.26757484635922
widthR: 71.48061346734082
x0: 1548.7659412550327
