alphaL: 1.0515096431384021
alphaR: 1.3413912014115852
event_sum: 8.232438348688962
fraction: 0.838962621238238
mean: 1535.3195381852918
nL: 0.6141095951354795
nR: 3.651140345960605
norm: 6.5142058063776656
sigma: 155.0
sigmaL: 145.2088226458797
sigmaR: 81.57675894527613
widthL: 145.2088226458797
widthR: 81.57675894527613
x0: 1535.3195381852918
