alphaL: 0.9561854585709041
alphaR: 1.292756639077342
event_sum: 0.6009554643454259
mean: 1530.140934705915
nL: 1.4496559567458316
nR: 3.1912299905079253
norm: 0.6009554643454259
sigma: 155.0
sigmaL: 126.91606390333457
sigmaR: 79.05906599322198
widthL: 126.91606390333457
widthR: 79.05906599322198
x0: 1530.140934705915
