alphaL: 1.0288025730715742
alphaR: 1.2714953958589748
event_sum: 0.6358430718485287
mean: 1536.7413882810552
nL: 1.1572452896104717
nR: 3.3268198220877365
norm: 0.6358430718485287
sigma: 155.0
sigmaL: 134.94531360387396
sigmaR: 75.77659219258248
widthL: 134.94531360387396
widthR: 75.77659219258248
x0: 1536.7413882810552
