alphaL: 1.1260954519725288
alphaR: 1.7720995030137807
event_sum: 0.6956063377939867
mean: 1518.890457413534
nL: 0.4465094190630373
nR: 2.297898145781093
norm: 0.6956063377939867
sigma: 155.0
sigmaL: 139.49081921358948
sigmaR: 97.35632433425005
widthL: 139.49081921358948
widthR: 97.35632433425005
x0: 1518.890457413534
