alphaL: 0.8777791226298772
alphaR: 1.3046488855910185
event_sum: 6.606453615087036
fraction: 0.922728115266634
mean: 1531.6664149564501
nL: 2.363399161921927
nR: 3.211824816693384
norm: 5.7766522698372125
sigma: 155.0
sigmaL: 128.3621642298968
sigmaR: 80.25121596037019
widthL: 128.3621642298968
widthR: 80.25121596037019
x0: 1531.6664149564501
