alphaL: 1.523824957240558
alphaR: 1.82315331731003
event_sum: 33.12346986920821
mean: 3009.2129714406656
nL: 3.9998317099518057
nR: 2.2119129905395027
norm: 33.12346986920821
sigmaL: 133.94124381555903
sigmaR: 62.91640553298847
widthL: 133.94124381555903
widthR: 62.91640553298847
x0: 3009.2129714406656
