alphaL: 1.3854275693389122
alphaR: 1.910666430421868
event_sum: 4.391663698008677
mean: 3000.2904508950337
nL: 5.838021345346208
nR: 3.328040036940226
norm: 4.391663698008677
sigmaL: 121.05974680315022
sigmaR: 68.32432078901964
widthL: 121.05974680315022
widthR: 68.32432078901964
x0: 3000.2904508950337
