alphaL: 1.7859979397079777
alphaR: 2.0063191438570005
event_sum: 12.681105747975868
mean: 3008.7081555081318
nL: 2.997508931212606
nR: 2.7860394474773473
norm: 12.681105747975868
sigma: 189
sigmaL: 141.48968453152528
sigmaR: 60.93747183415556
widthL: 141.48968453152528
widthR: 60.93747183415556
x0: 3008.7081555081318
