alphaL: 1.8842981502382725
alphaR: 2.0609511021839837
event_sum: 8.481670158511156
mean: 3010.303677733668
nL: 2.999117037180681
nR: 2.6068513113536738
norm: 8.481670158511156
sigma: 189
sigmaL: 148.45941196477793
sigmaR: 59.545800457241825
widthL: 148.45941196477793
widthR: 59.545800457241825
x0: 3010.303677733668
