alphaL: 1.4662209517099665
alphaR: 1.7764743682743944
event_sum: 38.50359478691208
mean: 3008.3968226137627
nL: 3.9992745924971635
nR: 2.3631137637152606
norm: 38.50359478691208
sigmaL: 130.0708290272324
sigmaR: 63.30604303900028
widthL: 130.0708290272324
widthR: 63.30604303900028
x0: 3008.3968226137627
