alphaL: 1.8345698623618953
alphaR: 1.7234261848789398
event_sum: 6.437435032787863
mean: 3017.395920870049
nL: 2.999133231926112
nR: 2.3700705483949847
norm: 6.437435032787863
sigma: 255.48384456075382
sigmaL: 150.71078989810206
sigmaR: 57.59856632621987
widthL: 150.71078989810206
widthR: 57.59856632621987
x0: 3017.395920870049
