alphaL: 1.9925650622691915
alphaR: 1.7910116377956578
event_sum: 2.582794644971589
mean: 3015.5768865825185
nL: 2.995269156740337
nR: 2.587189896422401
norm: 2.582794644971589
sigma: 189
sigmaL: 145.85413191337085
sigmaR: 58.490737314739256
widthL: 145.85413191337085
widthR: 58.490737314739256
x0: 3015.5768865825185
