alphaL: 1.8544942664226003
alphaR: 1.6653191645845127
event_sum: 42.58379900509286
mean: 3018.368213820302
nL: 2.99985210102203
nR: 2.48862680731189
norm: 42.58379900509286
sigma: 255.21287945842604
sigmaL: 151.4153092265603
sigmaR: 56.382780417970615
widthL: 151.4153092265603
widthR: 56.382780417970615
x0: 3018.368213820302
