alphaL: 2.0867566141323506
alphaR: 2.19923904110433
event_sum: 5.969993547329694
mean: 2932.1138560674235
nL: 2.177043165786855
nR: 3.4751661667713245
norm: 5.969993547329694
sigmaL: 198.91810842359214
sigmaR: 163.85673491861627
widthL: 198.91810842359214
widthR: 163.85673491861627
x0: 2932.1138560674235
