alphaL: 1.5168343004029938
alphaR: 1.8483283432465996
event_sum: 4.3907918512883475
mean: 3004.3578350088496
nL: 3.9998553250336095
nR: 3.3584235927013024
norm: 4.3907918512883475
sigmaL: 126.35080995703069
sigmaR: 65.29837195025057
widthL: 126.35080995703069
widthR: 65.29837195025057
x0: 3004.3578350088496
