alphaL: 1.7203414580454501
alphaR: 2.0442017144261935
event_sum: 6.602844628856961
mean: 3009.156648733638
nL: 3.9887617272032685
nR: 3.0435983196545116
norm: 6.602844628856961
sigmaL: 143.51064541344917
sigmaR: 60.262502179733296
widthL: 143.51064541344917
widthR: 60.262502179733296
x0: 3009.156648733638
