alphaL: 1.7288265621278993
alphaR: 1.9456511802585283
event_sum: 5.8882132187323775
mean: 3007.461938391445
nL: 2.9969268974575507
nR: 2.744942853559975
norm: 5.8882132187323775
sigma: 189.18472910307392
sigmaL: 134.49909774239376
sigmaR: 63.72478665739698
widthL: 134.49909774239376
widthR: 63.72478665739698
x0: 3007.461938391445
