alphaL: 1.8460784137296675
alphaR: 1.6406491957617029
event_sum: 33.04655839303277
mean: 3017.9950354608973
nL: 2.9999507596771693
nR: 2.530236167915317
norm: 33.04655839303277
sigma: 255
sigmaL: 148.8367285212551
sigmaR: 56.582251153955205
widthL: 148.8367285212551
widthR: 56.582251153955205
x0: 3017.9950354608973
