alphaL: 1.3435842678085066
alphaR: 1.6351696758423186
event_sum: 3.2851320313649115
mean: 3005.770059973984
nL: 3.994321898912969
nR: 2.7425141859399176
norm: 3.2851320313649115
sigma: 255.48384456075382
sigmaL: 122.35820967655506
sigmaR: 67.95822209507392
widthL: 122.35820967655506
widthR: 67.95822209507392
x0: 3005.770059973984
