alphaL: 1.8274315414273024
alphaR: 1.67484699339213
event_sum: 42.58379900509286
mean: 3018.0522000415604
nL: 2.999507857285841
nR: 2.4890386221322167
norm: 42.58379900509286
sigma: 255
sigmaL: 149.844887026537
sigmaR: 56.512004346292045
widthL: 149.844887026537
widthR: 56.512004346292045
x0: 3018.0522000415604
