alphaL: 1.873702533343155
alphaR: 1.973642758902297
event_sum: 8.479604764132379
mean: 3010.5114701518905
nL: 2.9837344566386625
nR: 2.932143466385394
norm: 8.479604764132379
sigma: 188.8640339767007
sigmaL: 147.98712621869925
sigmaR: 58.99361285204465
widthL: 147.98712621869925
widthR: 58.99361285204465
x0: 3010.5114701518905
