alphaL: 2.0842430392845706
alphaR: 1.8858968897578345
event_sum: 12.68497762458132
mean: 3015.2996711615524
nL: 2.9981834912774183
nR: 2.9718872800828593
norm: 12.68497762458132
sigma: 189
sigmaL: 153.20862043054402
sigmaR: 56.8751210535621
widthL: 153.20862043054402
widthR: 56.8751210535621
x0: 3015.2996711615524
