alphaL: 1.5984824670762796
alphaR: 1.7502566132202286
event_sum: 33.04655839303277
mean: 3011.83359173625
nL: 3.9983434213664166
nR: 2.425481571437209
norm: 33.04655839303277
sigmaL: 138.24831114867828
sigmaR: 60.73951038193734
widthL: 138.24831114867828
widthR: 60.73951038193734
x0: 3011.83359173625
