alphaL: 1.5348597839483178
alphaR: 1.802316729326061
event_sum: 9.987396553824578
mean: 3009.937528479958
nL: 2.2122040725590204
nR: 1.8371506092247294
norm: 9.987396553824578
sigmaL: 123.00405777291697
sigmaR: 73.09238091313807
widthL: 123.00405777291697
widthR: 73.09238091313807
x0: 3009.937528479958
