alphaL: 1.3257163992617238
alphaR: 1.7441412982878608
event_sum: 16.278487844758452
mean: 3004.107063875201
nL: 3.9996193159438134
nR: 2.706102294006643
norm: 16.278487844758452
sigmaL: 119.93855186165536
sigmaR: 72.51516245334341
widthL: 119.93855186165536
widthR: 72.51516245334341
x0: 3004.107063875201
