alphaL: 1.769666198444426
alphaR: 1.8760387666589193
event_sum: 5.8882132187323775
mean: 3009.516322760178
nL: 2.9999498421865494
nR: 2.916991155145167
norm: 5.8882132187323775
sigma: 189.2275384381327
sigmaL: 136.50936821244693
sigmaR: 61.73407617437124
widthL: 136.50936821244693
widthR: 61.73407617437124
x0: 3009.516322760178
