alphaL: 1.6224600938865334
alphaR: 1.5743080987274072
event_sum: 21.732918853933967
mean: 3013.2637150153423
nL: 2.9996352647020927
nR: 2.7700041541206675
norm: 21.732918853933967
sigma: 255.15199766028056
sigmaL: 137.44495110439922
sigmaR: 63.9692717243377
widthL: 137.44495110439922
widthR: 63.9692717243377
x0: 3013.2637150153423
