alphaL: 1.874579372692301
alphaR: 1.9536909270023441
event_sum: 6.6044027710528415
mean: 3011.5674517859156
nL: 3.996293398551086
nR: 3.0325454861524066
norm: 6.6044027710528415
sigmaL: 148.65034970072392
sigmaR: 58.65512213620842
widthL: 148.65034970072392
widthR: 58.65512213620842
x0: 3011.5674517859156
