alphaL: 1.4418767989783519
alphaR: 1.7618517919346048
event_sum: 16.438024202255562
mean: 3003.089483214596
nL: 2.738342206829777
nR: 2.502781861398191
norm: 16.438024202255562
sigmaL: 121.24759325079208
sigmaR: 73.1643213930238
widthL: 121.24759325079208
widthR: 73.1643213930238
x0: 3003.089483214596
