alphaL: 1.5474104032420786
alphaR: 1.7065745278157962
event_sum: 16.278487844758452
mean: 3008.198919074187
nL: 2.998722175140795
nR: 2.582020287518822
norm: 16.278487844758452
sigmaL: 130.53401761070967
sigmaR: 70.08016294937035
widthL: 130.53401761070967
widthR: 70.08016294937035
x0: 3008.198919074187
