alphaL: 1.843002004180492
alphaR: 1.7015268363354357
event_sum: 42.58379900509286
mean: 3017.3586311197414
nL: 2.999932036037259
nR: 2.414872739327697
norm: 42.58379900509286
sigma: 255.15199766028056
sigmaL: 150.3233135512135
sigmaR: 57.359574587931505
widthL: 150.3233135512135
widthR: 57.359574587931505
x0: 3017.3586311197414
