alphaL: 1.7402433880888482
alphaR: 2.015825766812028
event_sum: 4.3907918512883475
mean: 3005.954302661911
nL: 2.993937366539331
nR: 2.5568773316684816
norm: 4.3907918512883475
sigmaL: 133.66551555459486
sigmaR: 65.77314154491515
widthL: 133.66551555459486
widthR: 65.77314154491515
x0: 3005.954302661911
