alphaL: 1.7502896514227508
alphaR: 1.9530483471632012
event_sum: 5.88886525795879
mean: 3006.8092357314795
nL: 2.9751014356268315
nR: 2.53172383787632
norm: 5.88886525795879
sigma: 188.8640339767007
sigmaL: 134.5129854258437
sigmaR: 63.98303095921503
widthL: 134.5129854258437
widthR: 63.98303095921503
x0: 3006.8092357314795
