alphaL: 1.854023212313171
alphaR: 2.009265283705677
event_sum: 8.481670158511156
mean: 3010.01344586565
nL: 2.993085540895496
nR: 2.828122373524823
norm: 8.481670158511156
sigma: 189.18472910307392
sigmaL: 146.77979086724153
sigmaR: 59.1598566585175
widthL: 146.77979086724153
widthR: 59.1598566585175
x0: 3010.01344586565
