alphaL: 1.5041043625595063
alphaR: 2.004766285171469
event_sum: 6.604171068955416
mean: 3005.4368831361994
nL: 5.9953424989237005
nR: 3.3153165685090276
norm: 6.604171068955416
sigmaL: 134.85497764066412
sigmaR: 61.71659850667206
widthL: 134.85497764066412
widthR: 61.71659850667206
x0: 3005.4368831361994
