alphaL: 1.5800258006174592
alphaR: 1.658158538424223
event_sum: 9.206579630448687
mean: 3010.415281365076
nL: 2.999999978796253
nR: 2.567235821510209
norm: 9.206579630448687
sigma: 255
sigmaL: 134.74345951603308
sigmaR: 70.47100469877563
widthL: 134.74345951603308
widthR: 70.47100469877563
x0: 3010.415281365076
