alphaL: 1.497703407061877
alphaR: 1.9417906938549667
event_sum: 5.88886525795879
mean: 3003.4279850700027
nL: 3.980015278855311
nR: 2.960690309549436
norm: 5.88886525795879
sigma: 188.8640339767007
sigmaL: 125.37321304923893
sigmaR: 65.28904193250737
widthL: 125.37321304923893
widthR: 65.28904193250737
x0: 3003.4279850700027
