alphaL: 1.6284667618472066
alphaR: 1.4600838411828618
event_sum: 21.732918853933967
mean: 3015.925885655162
nL: 2.9999971742054425
nR: 2.9695312086021826
norm: 21.732918853933967
sigma: 255.21287945842604
sigmaL: 138.2059397502191
sigmaR: 60.062920594971274
widthL: 138.2059397502191
widthR: 60.062920594971274
x0: 3015.925885655162
