alphaL: 1.5401075104239283
alphaR: 1.8320594080054862
event_sum: 6.437435032787863
mean: 3008.510798784366
nL: 3.970005187842038
nR: 2.27220435014529
norm: 6.437435032787863
sigma: 255.48384456075382
sigmaL: 135.61080099652045
sigmaR: 63.10515055602574
widthL: 135.61080099652045
widthR: 63.10515055602574
x0: 3008.510798784366
