alphaL: 1.7410127531228734
alphaR: 1.9668021347134221
event_sum: 2.582794644971589
mean: 3007.5850381365076
nL: 2.9953357464672252
nR: 2.4527475013165594
norm: 2.582794644971589
sigma: 189
sigmaL: 134.41168266607662
sigmaR: 63.758826697421604
widthL: 134.41168266607662
widthR: 63.758826697421604
x0: 3007.5850381365076
