alphaL: 1.6273318442514295
alphaR: 1.5335883365164458
event_sum: 21.732918853933967
mean: 3014.5333454420124
nL: 2.999995993309527
nR: 2.784794192716492
norm: 21.732918853933967
sigma: 255
sigmaL: 137.90284472072497
sigmaR: 62.36478248668072
widthL: 137.90284472072497
widthR: 62.36478248668072
x0: 3014.5333454420124
