alphaL: 1.7955218005855789
alphaR: 1.6217002487324035
event_sum: 58.3429248523574
mean: 3017.875042352939
nL: 2.999911624414575
nR: 2.573717817197849
norm: 58.3429248523574
sigma: 255
sigmaL: 148.2045674381694
sigmaR: 57.292049273242746
widthL: 148.2045674381694
widthR: 57.292049273242746
x0: 3017.875042352939
