alphaL: 1.6207180041804772
alphaR: 1.6006972098654215
event_sum: 16.47797877376063
mean: 3010.7448046620507
nL: 2.2960878149301496
nR: 2.8813563138682716
norm: 16.47797877376063
sigmaL: 131.6023309421587
sigmaR: 66.80448966732999
widthL: 131.6023309421587
widthR: 66.80448966732999
x0: 3010.7448046620507
