alphaL: 1.5580674711003528
alphaR: 1.7163457328456055
event_sum: 9.300383524844042
mean: 3007.961007404153
nL: 2.4955320690196485
nR: 2.506001269253353
norm: 9.300383524844042
sigma: 255
sigmaL: 130.96778725717698
sigmaR: 72.56042374263619
widthL: 130.96778725717698
widthR: 72.56042374263619
x0: 3007.961007404153
