alphaL: 1.7269369988379462
alphaR: 1.9122251124387415
event_sum: 5.8882132187323775
mean: 3006.760843435609
nL: 2.983538355084514
nR: 2.801199183720929
norm: 5.8882132187323775
sigma: 189
sigmaL: 133.9217192412362
sigmaR: 64.28242718073737
widthL: 133.9217192412362
widthR: 64.28242718073737
x0: 3006.760843435609
