alphaL: 1.613784729133068
alphaR: 1.5230012805469189
event_sum: 3.2851320313649115
mean: 3013.7880863632627
nL: 2.9984227448365783
nR: 2.8628993696712164
norm: 3.2851320313649115
sigma: 255.48384456075382
sigmaL: 137.08628144030342
sigmaR: 63.14365672750031
widthL: 137.08628144030342
widthR: 63.14365672750031
x0: 3013.7880863632627
