alphaL: 1.732594256389347
alphaR: 1.8213889640142047
event_sum: 4.391775936885504
mean: 3008.6840648568873
nL: 3.985368844436977
nR: 3.181732507993073
norm: 4.391775936885504
sigmaL: 135.56259684998835
sigmaR: 62.903853330782404
widthL: 135.56259684998835
widthR: 62.903853330782404
x0: 3008.6840648568873
