alphaL: 2.293717585359252
alphaR: 2.369659143577672
event_sum: 8.511892332052108
mean: 2931.7453763109597
nL: 1.6460128192969197
nR: 2.293446523009795
norm: 8.511892332052108
sigmaL: 208.65331906296825
sigmaR: 164.95056428168027
widthL: 208.65331906296825
widthR: 164.95056428168027
x0: 2931.7453763109597
