alphaL: 1.8095800280309549
alphaR: 1.9780464012242989
event_sum: 7.992476161754544
mean: 3009.237865868445
nL: 3.9976532809289385
nR: 2.9644567427653206
norm: 7.992476161754544
sigmaL: 143.6447014871606
sigmaR: 60.52975019884696
widthL: 143.6447014871606
widthR: 60.52975019884696
x0: 3009.237865868445
