alphaL: 2.9139650912494477
alphaR: 1.85579506118923
event_sum: 22.259907312199534
mean: 2963.7676231390833
nL: 0.20000682126621147
nR: 3.97296170998349
norm: 22.259907312199534
sigmaL: 233.36513753716108
sigmaR: 150.13170658669074
widthL: 233.36513753716108
widthR: 150.13170658669074
x0: 2963.7676231390833
