alphaL: 1.65106369982659
alphaR: 1.9596275490036672
event_sum: 8.479604764132379
mean: 3006.9819165709696
nL: 3.991237401474432
nR: 3.260547357652269
norm: 8.479604764132379
sigma: 188.8640339767007
sigmaL: 139.75439624079786
sigmaR: 60.51166963466612
widthL: 139.75439624079786
widthR: 60.51166963466612
x0: 3006.9819165709696
