alphaL: 1.559039323917069
alphaR: 1.8232749225831368
event_sum: 2.6360066796916914
mean: 3002.6106641584183
nL: 3.8719249601962473
nR: 2.81307533634268
norm: 2.6360066796916914
sigmaL: 116.69591396344168
sigmaR: 66.81830475601409
widthL: 116.69591396344168
widthR: 66.81830475601409
x0: 3002.6106641584183
