alphaL: 1.7034437044211939
alphaR: 1.5043004741311818
event_sum: 58.60173134199147
mean: 3017.4742091154544
nL: 2.9990428345325
nR: 2.9999809372041435
norm: 58.60173134199147
sigma: 255
sigmaL: 144.33737536045194
sigmaR: 55.948762187472525
widthL: 144.33737536045194
widthR: 55.948762187472525
x0: 3017.4742091154544
