alphaL: 1.7696662097285756
alphaR: 1.876038733381191
event_sum: 5.8882132187323775
mean: 3009.516323538208
nL: 2.999949842115444
nR: 2.9169912380124647
norm: 5.8882132187323775
sigma: 189.2275384381327
sigmaL: 136.50936886630063
sigmaR: 61.734075399679185
widthL: 136.50936886630063
widthR: 61.734075399679185
x0: 3009.516323538208
