alphaL: 1.859352422603703
alphaR: 2.095281618880983
event_sum: 8.481670158511156
mean: 3009.785697306733
nL: 2.9996739298060193
nR: 2.6138120620046443
norm: 8.481670158511156
sigma: 189.2275384381327
sigmaL: 147.34401642355925
sigmaR: 59.871761872110305
widthL: 147.34401642355925
widthR: 59.871761872110305
x0: 3009.785697306733
