alphaL: 1.8593507481721276
alphaR: 2.095281866193593
event_sum: 8.481670158511156
mean: 3009.785699222112
nL: 2.999673586149186
nR: 2.613814283150664
norm: 8.481670158511156
sigma: 189.2275384381327
sigmaL: 147.34397520619373
sigmaR: 59.87177959083123
widthL: 147.34397520619373
widthR: 59.87177959083123
x0: 3009.785699222112
