alphaL: 1.162894484823923
alphaR: 1.8951495527497166
event_sum: 33.1372139107579
mean: 3000.8460640820845
nL: 5.9748622266167395
nR: 2.2819673147160437
norm: 33.1372139107579
sigmaL: 114.40595587781388
sigmaR: 67.132540429233
widthL: 114.40595587781388
widthR: 67.132540429233
x0: 3000.8460640820845
