alphaL: 2.5215038024647556
alphaR: 1.9772316560823213
event_sum: 42.920887213646395
mean: 2951.4761197307052
nL: 1.106613531044498
nR: 3.83800328619712
norm: 42.920887213646395
sigmaL: 218.94676963889492
sigmaR: 155.37430019898582
widthL: 218.94676963889492
widthR: 155.37430019898582
x0: 2951.4761197307052
