alphaL: 1.6294703922986453
alphaR: 1.9543818058225562
event_sum: 6.640430888932315
mean: 3007.758875719778
nL: 4.49972909852175
nR: 3.3814725596103155
norm: 6.640430888932315
sigma: 135.1231702276719
sigmaL: 139.21201291881488
sigmaR: 60.44804784271422
widthL: 139.21201291881488
widthR: 60.44804784271422
x0: 3007.758875719778
