alphaL: 1.368888624797713
alphaR: 2.104077301371042
event_sum: 6.624878333161178
mean: 2999.9424410259585
nL: 4.499702499530916
nR: 3.0084442953380535
norm: 6.624878333161178
sigma: 135.41108262599965
sigmaL: 124.35866639495018
sigmaR: 65.16685667895888
widthL: 124.35866639495018
widthR: 65.16685667895888
x0: 2999.9424410259585
