alphaL: 1.3668748069143057
alphaR: 2.2100243937837667
event_sum: 6.624878333161178
mean: 2999.3556709375603
nL: 3.9186476899880374
nR: 2.5658776372949323
norm: 6.624878333161178
sigma: 135.41108262599965
sigmaL: 123.63754764468878
sigmaR: 65.5073241351811
widthL: 123.63754764468878
widthR: 65.5073241351811
x0: 2999.3556709375603
