alphaL: 1.3341752482434313
alphaR: 1.7788717513452281
event_sum: 4.409921487684187
mean: 3002.728980561045
nL: 4.488855546119261
nR: 3.9136533772141684
norm: 4.409921487684187
sigma: 134.94928580248444
sigmaL: 120.57763509048513
sigmaR: 66.25384732201611
widthL: 120.57763509048513
widthR: 66.25384732201611
x0: 3002.728980561045
