alphaL: 1.4568496838237368
alphaR: 1.8162425423415776
event_sum: 5.062053009598458
mean: 3009.3904731850284
nL: 4.497247169169751
nR: 2.209212925256522
norm: 5.062053009598458
sigma: 218.37916490497526
sigmaL: 133.34693392479835
sigmaR: 62.43033471358151
widthL: 133.34693392479835
widthR: 62.43033471358151
x0: 3009.3904731850284
