alphaL: 0.6993948783532602
alphaR: 1.8495327820877996
event_sum: 24.268182864994742
fraction: 0.9992844260733547
mean: 2989.1316750091764
nL: 18.841504610093672
nR: 2.3859943049802212
norm: 24.00194608781021
sigma: 217.13514461043164
sigmaL: 82.09559284885546
sigmaR: 79.13387119922729
widthL: 82.09559284885546
widthR: 79.13387119922729
x0: 2989.1316750091764
