alphaL: 1.1908423609024774
alphaR: 1.708592951145239
event_sum: 25.29892831959296
mean: 2999.7331354798157
nL: 4.499824269330988
nR: 2.5972232886504796
norm: 25.29892831959296
sigma: 217.10517341691437
sigmaL: 112.14219731857047
sigmaR: 72.8844718811101
widthL: 112.14219731857047
widthR: 72.8844718811101
x0: 2999.7331354798157
