alphaL: 1.4611983328002531
alphaR: 1.8159667484434112
event_sum: 5.062053009598458
mean: 3009.4072159883845
nL: 4.494529679612883
nR: 2.209058887693663
norm: 5.062053009598458
sigma: 218.37916490497526
sigmaL: 133.62740480442022
sigmaR: 62.4891831303909
widthL: 133.62740480442022
widthR: 62.4891831303909
x0: 3009.4072159883845
