alphaL: 1.3297494443007634
alphaR: 2.0683798688704957
event_sum: 4.407868155140022
mean: 2997.2405144991967
nL: 3.995212577871048
nR: 2.581863269594582
norm: 4.407868155140022
sigma: 135.41108262599965
sigmaL: 114.61593422777648
sigmaR: 70.19677230284312
widthL: 114.61593422777648
widthR: 70.19677230284312
x0: 2997.2405144991967
