alphaL: 1.4186597438578497
alphaR: 1.8295119856094009
event_sum: 50.73927871469641
mean: 3008.2385340015535
nL: 4.499824166542755
nR: 2.2266310298455734
norm: 50.73927871469641
sigma: 217.10517341691437
sigmaL: 130.64636076937728
sigmaR: 62.870730864315384
widthL: 130.64636076937728
widthR: 62.870730864315384
x0: 3008.2385340015535
