alphaL: 1.33694366977573
alphaR: 1.7794673741340479
event_sum: 4.407868155140022
mean: 3002.829694082434
nL: 4.485678377128854
nR: 3.924599109806867
norm: 4.407868155140022
sigma: 135.41108262599965
sigmaL: 120.49696908952605
sigmaR: 66.34995101840778
widthL: 120.49696908952605
widthR: 66.34995101840778
x0: 3002.829694082434
