alphaL: 1.5413515392433983
alphaR: 1.7161247638252126
event_sum: 5.070511495352548
mean: 3012.2518311867584
nL: 3.998821766655055
nR: 2.4381648182001556
norm: 5.070511495352548
sigma: 217.91794754304522
sigmaL: 136.744909205083
sigmaR: 60.25059433197574
widthL: 136.744909205083
widthR: 60.25059433197574
x0: 3012.2518311867584
