alphaL: 0.9813165424702095
alphaR: 1.9368588782044511
event_sum: 48.7250608659233
fraction: 0.9987461549734034
mean: 2998.4034244664895
nL: 9.9994348553607
nR: 2.1424087624438504
norm: 48.59834121883614
sigma: 217.13514461043164
sigmaL: 105.76624010740944
sigmaR: 68.36391680917099
widthL: 105.76624010740944
widthR: 68.36391680917099
x0: 2998.4034244664895
