alphaL: 1.6496238328314135
alphaR: 1.8531816958661775
event_sum: 6.640430888932315
mean: 3009.619891712694
nL: 4.499939095700019
nR: 3.8227253792269216
norm: 6.640430888932315
sigma: 134.94928580248444
sigmaL: 141.54456864712358
sigmaR: 59.21775097164602
widthL: 141.54456864712358
widthR: 59.21775097164602
x0: 3009.619891712694
