alphaL: 1.2048257243553433
alphaR: 1.6804577306415152
event_sum: 2.5027713522140402
mean: 3000.22067109076
nL: 4.495924692899268
nR: 2.7392578590437346
norm: 2.5027713522140402
sigma: 218.37916490497526
sigmaL: 112.54645575204862
sigmaR: 72.44849621893569
widthL: 112.54645575204862
widthR: 72.44849621893569
x0: 3000.22067109076
