alphaL: 1.300156081791785
alphaR: 1.6572326714273171
event_sum: 2.502984654332977
mean: 3002.837098715575
nL: 3.9896578773986717
nR: 2.7522858501242915
norm: 2.502984654332977
sigma: 217.91794754304522
sigmaL: 118.35128878617441
sigmaR: 70.59256128434579
widthL: 118.35128878617441
widthR: 70.59256128434579
x0: 3002.837098715575
