alphaL: 0.3001644423170715
alphaR: 2.3148646347440605
event_sum: 50.73927871469641
mean: 2962.952687787702
nL: 4.499994504115747
nR: 1.7218756609571821
norm: 50.73927871469641
sigma: 217.16042309990593
sigmaL: 25.987658204442365
sigmaR: 87.21333424900968
widthL: 25.987658204442365
widthR: 87.21333424900968
x0: 2962.952687787702
