alphaL: 0.8300074550868108
alphaR: 1.8408510985737312
event_sum: 24.268182864994742
fraction: 0.9986072580314495
mean: 2990.9553375488795
nL: 9.997503208559586
nR: 2.3756905397769055
norm: 24.00194608781021
sigma: 217.13514461043164
sigmaL: 90.8596331613422
sigmaR: 78.16816059870115
widthL: 90.8596331613422
widthR: 78.16816059870115
x0: 2990.9553375488795
