alphaL: 1.3822023774152095
alphaR: 2.11138030496303
event_sum: 6.628174773744831
mean: 3002.208177782424
nL: 4.499361671831868
nR: 2.8841918725042057
norm: 6.628174773744831
sigma: 134.94928580248444
sigmaL: 126.73912418811852
sigmaR: 63.67813053959665
widthL: 126.73912418811852
widthR: 63.67813053959665
x0: 3002.208177782424
