alphaL: 1.4650987267503146
alphaR: 1.7919907268292432
event_sum: 50.620527372986544
mean: 3009.824349416854
nL: 4.499906457707772
nR: 2.330231517974027
norm: 50.620527372986544
sigma: 217.10517341691437
sigmaL: 133.8891970848481
sigmaR: 62.28532990965981
widthL: 133.8891970848481
widthR: 62.28532990965981
x0: 3009.824349416854
