alphaL: 1.5495870588460612
alphaR: 0.37650737105880994
event_sum: 25.027712148497812
mean: 3041.7347229955926
nL: 4.499997645154201
nR: 4.229318953417273
norm: 25.027712148497812
sigma: 217.10517341691437
sigmaL: 149.9668516349638
sigmaR: 16.049589806929582
widthL: 149.9668516349638
widthR: 16.049589806929582
x0: 3041.7347229955926
