alphaL: 1.2307308864545388
alphaR: 1.9380121543407316
event_sum: 5.057937611200032
mean: 3002.661894827483
nL: 4.9687273881199925
nR: 2.1187993355450803
norm: 5.057937611200032
sigma: 218.37916490497526
sigmaL: 118.40181278096111
sigmaR: 66.25858741207652
widthL: 118.40181278096111
widthR: 66.25858741207652
x0: 3002.661894827483
