alphaL: 1.181390149437902
alphaR: 1.7108767145546393
event_sum: 2.5027713522140402
mean: 2998.8651971547515
nL: 4.495441522794774
nR: 2.7066654973155457
norm: 2.5027713522140402
sigma: 218.37916490497526
sigmaL: 111.52942086071414
sigmaR: 73.8990659137114
widthL: 111.52942086071414
widthR: 73.8990659137114
x0: 2998.8651971547515
