alphaL: 1.1188660350112858
alphaR: 2.1988562294491705
event_sum: 6.599884399569419
mean: 2995.5038384089507
nL: 4.778806921492726
nR: 2.7962943849539115
norm: 6.599884399569419
sigma: 135.41108262599965
sigmaL: 110.27944608205723
sigmaR: 66.317184782172
widthL: 110.27944608205723
widthR: 66.317184782172
x0: 2995.5038384089507
