alphaL: 1.122458038861985
alphaR: 1.8423659903433232
event_sum: 4.028743655915605
fraction: 0.9991655281990299
mean: 2998.4029315464886
nL: 9.441127384112121
nR: 3.8146565116743747
norm: 4.027895899533178
sigma: 135.33345866561928
sigmaL: 109.6925055767136
sigmaR: 67.44456675924903
widthL: 109.6925055767136
widthR: 67.44456675924903
x0: 2998.4029315464886
