alphaL: 1.5258303865649183
alphaR: 1.717243641754513
event_sum: 4.418252259129076
mean: 3007.533250947042
nL: 4.497322469796471
nR: 3.857669496633147
norm: 4.418252259129076
sigma: 134.94928580248444
sigmaL: 130.07598482945252
sigmaR: 62.66507553193236
widthL: 130.07598482945252
widthR: 62.66507553193236
x0: 3007.533250947042
