alphaL: 0.8534147713717077
alphaR: 1.9749981467831592
event_sum: 48.7250608659233
fraction: 0.9993797589888587
mean: 2996.9812096230407
nL: 19.974944063565395
nR: 2.0685720768834925
norm: 48.59834121883614
sigma: 217.13514461043164
sigmaL: 99.04779546604962
sigmaR: 69.11137518409879
widthL: 99.04779546604962
widthR: 69.11137518409879
x0: 2996.9812096230407
