alphaL: 1.1922959761510115
alphaR: 1.7194883190302972
event_sum: 25.29892831959296
mean: 2999.6059777742607
nL: 4.49992904774092
nR: 2.593069576451784
norm: 25.29892831959296
sigma: 217.16042309990593
sigmaL: 111.9908687002685
sigmaR: 73.05056487226044
widthL: 111.9908687002685
widthR: 73.05056487226044
x0: 2999.6059777742607
