alphaL: 1.3352872953017818
alphaR: 1.780766050130591
event_sum: 4.407868155140022
mean: 3002.6470095150326
nL: 4.488823949273155
nR: 3.9202769323851485
norm: 4.407868155140022
sigma: 135.41108262599965
sigmaL: 120.48363152074177
sigmaR: 66.32150395068744
widthL: 120.48363152074177
widthR: 66.32150395068744
x0: 3002.6470095150326
