alphaL: 1.5338224342253293
alphaR: 1.9303218068232637
event_sum: 4.418252259129076
mean: 3004.788119222916
nL: 4.496928391539075
nR: 3.144118709674354
norm: 4.418252259129076
sigma: 135.1231702276719
sigmaL: 128.5002599747402
sigmaR: 65.87078736256218
widthL: 128.5002599747402
widthR: 65.87078736256218
x0: 3004.788119222916
