alphaL: 1.1779242539240777
alphaR: 2.1008587225953406
event_sum: 6.042477918206714
fraction: 0.9991633805895843
mean: 2998.266692565994
nL: 9.988987497633225
nR: 3.013836880495312
norm: 6.04136698016373
sigma: 135.33345866561928
sigmaL: 118.15239557403281
sigmaR: 65.63853592739953
widthL: 118.15239557403281
widthR: 65.63853592739953
x0: 2998.266692565994
