alphaL: 0.9363490648772541
alphaR: 1.9398269178180438
event_sum: 4.028743655915605
fraction: 0.9996240349397879
mean: 2993.592183461324
nL: 18.565385679234502
nR: 3.5537954943373715
norm: 4.027895899533178
sigma: 135.33345866561928
sigmaL: 98.60313581547732
sigmaR: 71.20994055192773
widthL: 98.60313581547732
widthR: 71.20994055192773
x0: 2993.592183461324
