alphaL: 1.0025527098101765
alphaR: 2.177433680029941
event_sum: 6.042477918206714
fraction: 0.9995756468596636
mean: 2995.170914775712
nL: 19.996010391865013
nR: 2.941013687643933
norm: 6.04136698016373
sigma: 135.33345866561928
sigmaL: 109.12659045648715
sigmaR: 67.14089959782389
widthL: 109.12659045648715
widthR: 67.14089959782389
x0: 2995.170914775712
