alphaL: 1.0947957938953752
alphaR: 1.9862998647480012
event_sum: 4.387042691661918
mean: 2994.8344516189
nL: 4.504992113680014
nR: 2.9609449839390067
norm: 4.387042691661918
sigma: 135.41108262599965
sigmaL: 103.81722319900538
sigmaR: 70.4937189747218
widthL: 103.81722319900538
widthR: 70.4937189747218
x0: 2994.8344516189
