alphaL: 1.3851599574548628
alphaR: 2.0408403950487255
event_sum: 6.624878333161178
mean: 3001.2964089117622
nL: 4.499127361880429
nR: 3.1582122018192185
norm: 6.624878333161178
sigma: 135.41108262599965
sigmaL: 126.08389021021131
sigmaR: 64.12869511067113
widthL: 126.08389021021131
widthR: 64.12869511067113
x0: 3001.2964089117622
