alphaL: 1.1128220447832318
alphaR: 1.6340682575769636
event_sum: 2.498348933251691
mean: 3000.7012312458214
nL: 4.988803692971938
nR: 3.047954576225392
norm: 2.498348933251691
sigma: 218.37916490497526
sigmaL: 110.11010935030644
sigmaR: 71.41665889784109
widthL: 110.11010935030644
widthR: 71.41665889784109
x0: 3000.7012312458214
