alphaL: 0.8634400965086733
alphaR: 2.0659583942543267
event_sum: 4.013786490657367
mean: 2992.125808180214
nL: 19.023538101857483
nR: 2.79613200400969
norm_2016: 1.1954198810271919
norm_2017: 1.318737462745048
norm_2018: 1.83516973775113
norm_norm_Run2: 4.34932708152337
sigma: 135.33345866561928
sigmaL: 93.68340692185934
sigmaR: 72.1106991042534
widthL: 93.68340692185934
widthR: 72.1106991042534
x0: 2992.125808180214
