alphaL: 0.8133620539783932
alphaR: 2.3133256767824113
event_sum: 6.02173328439676
mean: 2992.0269709545714
nL: 49.34085813844076
nR: 2.3157923544538495
norm_2016: 6.02173328439676
norm_2017: 6.02173328439676
norm_2018: 6.02173328439676
norm_Run2: 6.02173328439676
sigma: 135.33345866561928
sigmaL: 97.17581993163938
sigmaR: 69.07109836065267
widthL: 97.17581993163938
widthR: 69.07109836065267
x0: 2992.0269709545714
