alphaL: 0.8213952221903938
alphaR: 0.9837871882842022
event_sum: 2.5913613925222307
mean: 2943.356792823326
nL: 0.1001551234216377
nR: 7.635933555175716
norm_2016: 0.6662058848887682
norm_2017: 0.795033291215077
norm_2018: 1.1550513829570264
norm_Run2: 2.5913613925222307
sigma: 300.0
sigmaL: 186.71470080179452
sigmaR: 124.37736120524428
widthL: 186.71470080179452
widthR: 124.37736120524428
x0: 2943.356792823326
