alphaL: 0.7186022091468899
alphaR: 1.8280535391552863
event_sum: 23.783276355999988
mean: 2989.92706014068
nL: 15.393385065094812
nR: 2.4971132387310604
norm_2016: 6.583973187662195
norm_2017: 7.435289606102742
norm_2018: 10.403772168792784
norm_Run2: 24.423034962557722
sigma: 217.13514461043164
sigmaL: 84.0855849331032
sigmaR: 78.69655255087724
widthL: 84.0855849331032
widthR: 78.69655255087724
x0: 2989.92706014068
