alphaL: 1.2099061146254482
alphaR: 1.203477350283156
event_sum: 3.604899289435707
mean: 2953.8690971385327
nL: 0.43387956182735027
nR: 5.834711345124519
norm_2016: 0.8687540795654058
norm_2017: 1.1257210514741018
norm_2018: 1.6536347137298435
norm_norm_Run2: 3.648109844769351
sigma: 168.0
sigmaL: 195.85425420558394
sigmaR: 116.52283313100287
widthL: 195.85425420558394
widthR: 116.52283313100287
x0: 2953.8690971385327
