alphaL: 0.662234371405591
alphaR: 2.101577264473102
event_sum: 48.27884488319978
mean: 2993.0541244715214
nL: 116.21877680779535
nR: 1.686835623786844
norm_2016: 11.709838866372593
norm_2017: 15.493931401404552
norm_2018: 22.429602107033134
norm_Run2: 48.27884488319978
sigma: 217.13514461043164
sigmaL: 83.89331742888152
sigmaR: 71.57027043608345
widthL: 83.89331742888152
widthR: 71.57027043608345
x0: 2993.0541244715214
