alphaL: 0.9979942411126811
alphaR: 1.1265557273324653
event_sum: 4.472437578311656
mean: 2941.1124244755742
nL: 0.3234968856502873
nR: 6.73238212496219
norm_2016: 4.472437578311656
norm_2017: 4.472437578311656
norm_2018: 4.472437578311656
norm_Run2: 4.472437578311656
sigma: 300.0
sigmaL: 305.24394614736445
sigmaR: 131.13755956666532
widthL: 305.24394614736445
widthR: 131.13755956666532
x0: 2941.1124244755742
