alphaL: 1.0939059929668984
alphaR: 1.0893133871307727
event_sum: 4.472437578311656
mean: 2950.7511982809606
nL: 0.2324030653223191
nR: 6.163469751155341
norm_2016: 1.0188812768901698
norm_2017: 1.4587132560554892
norm_2018: 2.047515545040369
norm_Run2: 4.472437578311656
sigma: 300.0
sigmaL: 328.35838636210485
sigmaR: 123.13214916948807
widthL: 328.35838636210485
widthR: 123.13214916948807
x0: 2950.7511982809606
