alphaL: 0.6479687938274314
alphaR: 2.1377654916056805
event_sum: 48.27884488319978
mean: 2992.0195959396974
nL: 131.750494404132
nR: 1.6076592682531352
norm_2016: 11.709838866372593
norm_2017: 15.493931401404552
norm_2018: 22.429602107033134
norm_Run2: 48.27884488319978
sigma: 217.13514461043164
sigmaL: 82.27090104289297
sigmaR: 72.28206331276606
widthL: 82.27090104289297
widthR: 72.28206331276606
x0: 2992.0195959396974
