alphaL: 0.7167971918371541
alphaR: 1.4992479309363502
event_sum: 6.911059049365576
mean: 2950.008705638913
nL: 2.037120300054897
nR: 3.213162565950458
norm_2016: 1.4892650140100159
norm_2017: 2.1650254408596084
norm_2018: 3.3338605384342372
norm_Run2: 6.911059049365576
sigma: 168.0
sigmaL: 166.21909264906995
sigmaR: 125.05232407017614
widthL: 166.21909264906995
widthR: 125.05232407017614
x0: 2950.008705638913
