alphaL: 0.6524652676403266
alphaR: 1.4930793394022717
event_sum: 6.911059049365576
mean: 2943.3371460182857
nL: 2.1089753277140577
nR: 3.537724887359275
norm_2016: 1.4892650140100159
norm_2017: 2.1650254408596084
norm_2018: 3.3338605384342372
norm_Run2: 6.9881509933038615
sigma: 168.0
sigmaL: 149.56664979818638
sigmaR: 128.4539225390037
widthL: 149.56664979818638
widthR: 128.4539225390037
x0: 2943.3371460182857
