alphaL: 1.5461757046581182
alphaR: 2.0776812875275064
event_sum: 29.034364588293872
mean: 2053.585572779756
nL: 4.497372128186422
nR: 2.8118564125218377
norm: 29.034364588293872
sigma: 95.00849298547398
sigmaL: 95.98176240723355
sigmaR: 47.46861361773063
widthL: 95.98176240723355
widthR: 47.46861361773063
x0: 2053.585572779756
