alphaL: 1.2443333338840303
alphaR: 1.9256088588508085
event_sum: 26.411924197294216
fraction: 0.9992425778839032
mean: 2051.80861644057
nL: 9.994932826437983
nR: 3.941111721738773
norm: 26.40867992174426
sigma: 94.79041373757997
sigmaL: 83.23636760620991
sigmaR: 50.80814286385484
widthL: 83.23636760620991
widthR: 50.80814286385484
x0: 2051.80861644057
