alphaL: 1.3992550056729396
alphaR: 1.8965278324962453
event_sum: 28.860647671337205
mean: 2052.4511342165792
nL: 4.499968673751266
nR: 4.287323751227981
norm: 28.860647671337205
sigma: 95.00849298547398
sigmaL: 85.30078879485242
sigmaR: 50.09085886525048
widthL: 85.30078879485242
widthR: 50.09085886525048
x0: 2052.4511342165792
