alphaL: 1.0965764293936402
alphaR: 2.0596715738627207
event_sum: 41.06987335985814
fraction: 0.9968390284789701
mean: 2052.4487937537015
nL: 9.998440401232438
nR: 1.913714045302857
norm: 41.03482483643373
sigma: 111.72586248690423
sigmaL: 82.55031709448973
sigmaR: 49.54275613515724
widthL: 82.55031709448973
widthR: 49.54275613515724
x0: 2052.4487937537015
