alphaL: 1.2340163628889862
alphaR: 1.9804096992625284
event_sum: 28.755523629988918
mean: 2049.549992765826
nL: 4.992722314003391
nR: 4.096285879990826
norm: 28.755523629988918
sigma: 95.00849298547398
sigmaL: 79.84095070179853
sigmaR: 51.80520939533182
widthL: 79.84095070179853
widthR: 51.80520939533182
x0: 2049.549992765826
