alphaL: 1.018737644625421
alphaR: 1.8629760375913897
event_sum: 30.103042930209842
fraction: 0.9974337787043489
mean: 2051.967831491439
nL: 9.995925315174317
nR: 2.510521561270622
norm: 30.049367653015953
sigma: 111.72586248690423
sigmaL: 76.0983634758715
sigmaR: 54.553329486057194
widthL: 76.0983634758715
widthR: 54.553329486057194
x0: 2051.967831491439
