alphaL: 1.4394929469202309
alphaR: 2.0787986739988096
event_sum: 28.89758132698058
mean: 2053.2850109855235
nL: 4.9983982789488355
nR: 3.016892033710456
norm: 28.89758132698058
sigma: 95.00849298547398
sigmaL: 96.5610670966562
sigmaR: 47.73710997831856
widthL: 96.5610670966562
widthR: 47.73710997831856
x0: 2053.2850109855235
