alphaL: 1.3202139302093354
alphaR: 1.7535074793792957
event_sum: 3.12891344157795
mean: 2056.9054757350273
nL: 4.448360881779025
nR: 2.7749727803854727
norm: 3.12891344157795
sigma: 111.71976581009703
sigmaL: 87.21830987666148
sigmaR: 51.728471817930114
widthL: 87.21830987666148
widthR: 51.728471817930114
x0: 2056.9054757350273
