alphaL: 1.3617813416625526
alphaR: 2.1542676849255216
event_sum: 26.487096637345097
fraction: 0.9989257374326
mean: 2051.986144185817
nL: 9.956851680658035
nR: 2.547265662011796
norm: 26.482110727954847
sigma: 94.79041373757997
sigmaL: 92.42043458677907
sigmaR: 48.552933096819785
widthL: 92.42043458677907
widthR: 48.552933096819785
x0: 2051.986144185817
