alphaL: 1.2141869348860386
alphaR: 1.3834664181921152
event_sum: 3.118407010264238
mean: 2062.3780421012516
nL: 4.929497952918984
nR: 3.178189012164137
norm: 3.118407010264238
sigma: 111.71976581009703
sigmaL: 86.77521336440377
sigmaR: 39.93229693380189
widthL: 86.77521336440377
widthR: 39.93229693380189
x0: 2062.3780421012516
