alphaL: 1.3431312476822428
alphaR: 1.9918825888408023
event_sum: 4.272219206937162
mean: 2054.931381869531
nL: 4.492956004524056
nR: 2.0041028990336756
norm: 4.272219206937162
sigma: 111.71976581009703
sigmaL: 89.724967699532
sigmaR: 48.60326360193833
widthL: 89.724967699532
widthR: 48.60326360193833
x0: 2054.931381869531
