alphaL: 0.7507340245433107
alphaR: 2.1276520926480087
event_sum: 41.06987335985814
fraction: 0.9885980513850369
mean: 2047.5810086200433
nL: 89.5435094295176
nR: 1.8646682751742076
norm: 40.75488932730434
sigma: 111.8993883727162
sigmaL: 66.29408731388827
sigmaR: 52.14078928077226
widthL: 66.29408731388827
widthR: 52.14078928077226
x0: 2047.5810086200433
