alphaL: 1.2079751007034267
alphaR: 1.927384978145835
event_sum: 4.257734823965752
mean: 2054.769871881753
nL: 4.703322034115281
nR: 2.2356956258589356
norm: 4.257734823965752
sigma: 111.71976581009703
sigmaL: 85.67592750852346
sigmaR: 47.32479339850243
widthL: 85.67592750852346
widthR: 47.32479339850243
x0: 2054.769871881753
