alphaL: 0.9286939776811795
alphaR: 2.008596908984872
event_sum: 26.3234018873191
mean: 2047.7830510636293
nL: 41.130597722512206
nR: 4.219109012133945
norm_2016: 7.477509649368065
norm_2017: 8.53592433358025
norm_2018: 12.37425800341513
norm_Run2: 28.387691986363446
sigma: 94.93843115997393
sigmaL: 72.25549882547008
sigmaR: 52.98284820244043
widthL: 72.25549882547008
widthR: 52.98284820244043
x0: 2047.7830510636293
