alphaL: 1.0350615073772207
alphaR: 2.1848291101823234
event_sum: 26.366205920490653
mean: 2049.2722725783774
nL: 121.49612789056562
nR: 2.6739139601885107
norm_2016: 26.366205920490653
norm_2017: 26.366205920490653
norm_2018: 26.366205920490653
norm_Run2: 26.366205920490653
sigma: 94.93843115997393
sigmaL: 83.03571745401965
sigmaR: 49.91870496191357
widthL: 83.03571745401965
widthR: 49.91870496191357
x0: 2049.2722725783774
