alphaL: 0.7988915209950047
alphaR: 1.9178417700735084
event_sum: 29.823516508198853
mean: 2048.6456118520696
nL: 23.867851971201564
nR: 2.6037005376291695
norm_2016: 29.823516508198853
norm_2017: 29.823516508198853
norm_2018: 29.823516508198853
norm_Run2: 29.823516508198853
sigma: 111.8993883727162
sigmaL: 66.20487516611728
sigmaR: 56.6419904286373
widthL: 66.20487516611728
widthR: 56.6419904286373
x0: 2048.6456118520696
