alphaL: 0.9901741621364211
alphaR: 1.3968192201665024
event_sum: 11.329181478993346
mean: 1994.1718681893021
nL: 0.3750618810602292
nR: 6.535378228585659
norm_2016: 2.851825077414186
norm_2017: 3.6836351238758303
norm_2018: 4.953909536060181
norm_Run2: 11.489369737350197
sigma: 205.0
sigmaL: 178.94416453051952
sigmaR: 120.82865521151366
widthL: 178.94416453051952
widthR: 120.82865521151366
x0: 1994.1718681893021
