alphaL: 0.7896840516458179
alphaR: 1.447758476219636
event_sum: 14.74202995641048
mean: 2018.4460510346626
nL: 1.591996868517301
nR: 4.485162448007885
norm_2016: 3.7724839428522228
norm_2017: 4.707110826889566
norm_2018: 6.5031251314420775
norm_Run2: 14.74202995641048
sigma: 114.8
sigmaL: 107.43274653889644
sigmaR: 95.42714617177867
widthL: 107.43274653889644
widthR: 95.42714617177867
x0: 2018.4460510346626
