alphaL: 0.9761531427904035
alphaR: 1.3439842504376909
event_sum: 14.74202995641048
mean: 2026.9968157901585
nL: 1.2495640360611386
nR: 4.8340426911983485
norm_2016: 14.74202995641048
norm_2017: 14.74202995641048
norm_2018: 14.74202995641048
norm_Run2: 14.74202995641048
sigma: 114.8
sigmaL: 128.75362592404065
sigmaR: 88.62429463594543
widthL: 128.75362592404065
widthR: 88.62429463594543
x0: 2026.9968157901585
