alphaL: 1.093237079678239
alphaR: 1.4265711542651398
event_sum: 13.667241391667725
mean: 2003.4873042902002
nL: 0.5704325307632332
nR: 4.061999226835433
norm_2016: 3.1762528407312343
norm_2017: 4.334876562025104
norm_2018: 6.364784786912977
norm_Run2: 13.875914189669317
sigma: 205.0
sigmaL: 181.07394437032173
sigmaR: 113.70851965450285
widthL: 181.07394437032173
widthR: 113.70851965450285
x0: 2003.4873042902002
