alphaL: 0.8873890588677176
alphaR: 1.3019201792752293
event_sum: 18.62582744030513
mean: 2026.5898574925857
nL: 2.3286758444979503
nR: 4.757260084101268
norm_2016: 4.4185641433856615
norm_2017: 5.915187693703418
norm_2018: 8.659229538980968
norm_Run2: 18.992981376070045
sigma: 114.8
sigmaL: 121.60609529475805
sigmaR: 83.40141090162626
widthL: 121.60609529475805
widthR: 83.40141090162626
x0: 2026.5898574925857
