alphaL: 1.098993376085725
alphaR: 1.3744549351657984
event_sum: 13.667241391667725
mean: 2006.863138700421
nL: 0.5759962546607522
nR: 4.146032585189827
norm_2016: 3.1762528407312343
norm_2017: 4.334876562025104
norm_2018: 6.364784786912977
norm_Run2: 13.667241391667725
sigma: 205.0
sigmaL: 184.08395154695725
sigmaR: 110.84378446750429
widthL: 184.08395154695725
widthR: 110.84378446750429
x0: 2006.863138700421
