alphaL: 0.7563627057498401
alphaR: 2.121360518069726
event_sum: 40.75488932730434
mean: 2047.7251503090997
nL: 86.27125241163415
nR: 1.8823605685762654
norm_2016: 9.93536928133933
norm_2017: 12.842392727263345
norm_2018: 19.084577506274783
norm_Run2: 40.75488932730434
sigma: 111.8993883727162
sigmaL: 66.70153474863125
sigmaR: 52.05268319527229
widthL: 66.70153474863125
widthR: 52.05268319527229
x0: 2047.7251503090997
