alphaL: 0.9001006457244876
alphaR: 1.5532320551815435
event_sum: 0.6069241794261881
mean: 2022.5758659700064
nL: 2.6765935324500414
nR: 1.8554335684497445
norm: 0.6069241794261881
sigma: 114.8
sigmaL: 135.1662015457847
sigmaR: 92.16147130315218
widthL: 135.1662015457847
widthR: 92.16147130315218
x0: 2022.5758659700064
