alphaL: 0.8664768378760831
alphaR: 1.5917579776355306
event_sum: 0.8560608018316312
mean: 2019.6008013265725
nL: 2.3301858251127476
nR: 3.5189567352301063
norm: 0.8560608018316312
sigma: 114.8
sigmaL: 116.67782911801808
sigmaR: 93.12228345800963
widthL: 116.67782911801808
widthR: 93.12228345800963
x0: 2019.6008013265725
