alphaL: 1.165209493596381
alphaR: 1.3904335278387099
event_sum: 9.872481248874996
fraction: 0.8573130141483479
mean: 2021.0626873954377
nL: 0.8110262995746328
nR: 4.022858798508322
norm: 6.655895828815007
sigma: 114.8
sigmaL: 137.4239515765377
sigmaR: 90.14581825160461
widthL: 137.4239515765377
widthR: 90.14581825160461
x0: 2021.0626873954377
