alphaL: 1.1788456412079156
alphaR: 1.15399315625667
event_sum: 0.6394290062312525
mean: 2030.6032489433428
nL: 0.9151838679650838
nR: 3.9991625978019765
norm: 0.6394290062312525
sigma: 114.8
sigmaL: 144.2173700276823
sigmaR: 77.45970507090769
widthL: 144.2173700276823
widthR: 77.45970507090769
x0: 2030.6032489433428
