alphaL: 0.9827056248144782
alphaR: 1.5432636789620102
event_sum: 0.8208708224060848
mean: 2035.5370220913019
nL: 2.2955845519699873
nR: 2.183282243515941
norm: 0.8208708224060848
sigma: 114.8
sigmaL: 139.50226735840357
sigmaR: 79.29656654846899
widthL: 139.50226735840357
widthR: 79.29656654846899
x0: 2035.5370220913019
