alphaL: 0.9225594665748995
alphaR: 1.306584510459276
event_sum: 10.646885646092771
fraction: 0.922712599329824
mean: 2032.1592034258133
nL: 1.9852382996116675
nR: 3.861563196582322
norm: 8.836208306038616
sigma: 114.8
sigmaL: 128.07586007231987
sigmaR: 76.41703334610628
widthL: 128.07586007231987
widthR: 76.41703334610628
x0: 2032.1592034258133
