CR_num: 132169.0
SR_num: 97282.0
norm: 132169.0
p1:
  dijet2: 10.832585934498846
  dijet3: -3.854907119819212
  expow1: -4.329082134230153
  expow2: -1.773704918349688
  invpow2: -1.9952490091743056e-06
  invpow3: -2.7273674696759873e-06
p2:
  dijet2: -1.0933981186780495
  dijet3: 1.0042205308010594
  expow2: -0.0023392169278600083
  invpow2: 1999.999980498456
  invpow3: 1999.9249410254472
p3:
  dijet3: -0.09967811775680764
  invpow3: -0.22302322395948923
