CR_num: 160.0
SR_num: 106.0
norm: 160.0
p1:
  dijet2: 31.41972571170463
  dijet3: 2.9482887472103863
  expow1: -4.033789652767003
  expow2: -0.00034408682078141415
  invpow2: -9.489980959268765e-05
  invpow3: -2.47337145547574e-06
p2:
  dijet2: -2.5460752652147307
  dijet3: 1.475336696480642
  expow2: -0.0036790449537933614
  invpow2: 34.24192596080826
  invpow3: 1309.9463980684552
p3:
  dijet3: -0.18896783970329484
  invpow3: 0.07250889098049103
