alphaL: 1.117466628401462
alphaR: 1.2119502600401757
event_sum: 1.3309476802815776
mean: 2137.1338881315482
nL: 0.9068596769298051
nR: 3.990780694138935
norm: 1.3309476802815776
sigma: 120.4
sigmaL: 151.78717835169587
sigmaR: 80.06060152927802
widthL: 151.78717835169587
widthR: 80.06060152927802
x0: 2137.1338881315482
