alphaL: 0.9929625865952629
alphaR: 1.738455112790607
event_sum: 1.259623163050555
mean: 2119.6099001044226
nL: 0.7581574684607112
nR: 2.151671939263198
norm: 1.259623163050555
sigma: 120.4
sigmaL: 130.38633965271458
sigmaR: 101.29501184572842
widthL: 130.38633965271458
widthR: 101.29501184572842
x0: 2119.6099001044226
