alphaL: 0.9249883761390386
alphaR: 1.404755624075589
event_sum: 1.7213943624961097
mean: 2125.7096335043348
nL: 2.0380674773996943
nR: 3.1345168723716323
norm: 1.7213943624961097
sigma: 120.4
sigmaL: 133.10103406706642
sigmaR: 90.22319633194138
widthL: 133.10103406706642
widthR: 90.22319633194138
x0: 2125.7096335043348
