alphaL: 1.2505417535811305
alphaR: 1.3237288333745099
event_sum: 21.55885570957412
fraction: 0.8310144596396296
mean: 2135.2117674103956
nL: 0.6463314020032986
nR: 4.166745506246044
norm: 13.41504302012617
sigma: 120.4
sigmaL: 155.32863599986453
sigmaR: 86.24923939195503
widthL: 155.32863599986453
widthR: 86.24923939195503
x0: 2135.2117674103956
