alphaL: 0.8842919614759912
alphaR: 1.2665788821942248
event_sum: 1.799533491209127
mean: 2132.334413918985
nL: 2.4983966991999638
nR: 3.760426849603926
norm: 1.799533491209127
sigma: 120.4
sigmaL: 136.62311960957788
sigmaR: 82.53634409092803
widthL: 136.62311960957788
widthR: 82.53634409092803
x0: 2132.334413918985
