alphaL: 0.877111209788674
alphaR: 1.3070947693135135
event_sum: 22.323143666480114
fraction: 0.9095298519375564
mean: 2125.541585355039
nL: 1.7945588980501013
nR: 4.298669477320038
norm: 17.92172008890745
sigma: 120.4
sigmaL: 121.50532553651692
sigmaR: 87.66097935405514
widthL: 121.50532553651692
widthR: 87.66097935405514
x0: 2125.541585355039
