alphaL: 0.8156499623360526
alphaR: 1.003181513584895
event_sum: 0.035834109665302094
mean: 3498.868675025705
nL: 0.10000005048001559
nR: 1.133936298839945
norm: 0.035834109665302094
sigma: 350.0
sigmaL: 408.45136343537496
sigmaR: 84.66914782961898
widthL: 408.45136343537496
widthR: 84.66914782961898
x0: 3498.868675025705
