alphaL: 0.80269356653767
alphaR: 1.0659407934256948
event_sum: 0.029266443263622932
mean: 3569.8930441622065
nL: 0.2000000000000001
nR: 1.3157306171336516
norm: 0.029266443263622932
sigma: 350.49102677670015
sigmaL: 514.0070109336503
sigmaR: 64.86010993435364
widthL: 514.0070109336503
widthR: 64.86010993435364
x0: 3569.8930441622065
