alphaL: 0.9917126928446895
alphaR: 1.9254711516296623
event_sum: 0.08019466343102977
mean: 3430.02244000188
nL: 0.10002928831079626
nR: 0.6955985211100203
norm: 0.08019466343102977
sigma: 350.0
sigmaL: 375.8378456064073
sigmaR: 166.09059074488505
widthL: 375.8378456064073
widthR: 166.09059074488505
x0: 3430.02244000188
