alphaL: 0.4806468655164761
alphaR: 1.002323510011079
event_sum: 0.09989766263606725
mean: 3509.038267426899
nL: 1.00000205787026
nR: 2.3794878264348496
norm: 0.09989766263606725
sigma: 350.0
sigmaL: 592.9509366885025
sigmaR: 95.06760763233787
widthL: 592.9509366885025
widthR: 95.06760763233787
x0: 3509.038267426899
