alphaL: 0.6366541623976306
alphaR: 0.9618638828159479
event_sum: 0.3061454320923076
mean: 3494.751131117424
nL: 1.0000137470642558
nR: 2.194412779993747
norm: 0.3061454320923076
sigma: 350.0
sigmaL: 468.578243010513
sigmaR: 94.3607557479426
widthL: 468.578243010513
widthR: 94.3607557479426
x0: 3494.751131117424
