alphaL: 0.10174131158678294
alphaR: 0.7645834119635844
event_sum: 0.05357833117159316
mean: 3566.0370731749445
nL: 1.0000041907016493
nR: 2.167052225225334
norm: 0.05357833117159316
sigma: 350.0
sigmaL: 1520.4395481081729
sigmaR: 59.79741099028546
widthL: 1520.4395481081729
widthR: 59.79741099028546
x0: 3566.0370731749445
