alphaL: 0.201009769006694
alphaR: 0.6441503701297941
event_sum: 0.05357833117159316
mean: 3471.801619044692
nL: 1.001075803649864
nR: 1.731902080927706
norm: 0.05357833117159316
sigma: 350.0
sigmaL: 1613.1502183791767
sigmaR: 63.71490808705467
widthL: 1613.1502183791767
widthR: 63.71490808705467
x0: 3471.801619044692
