alphaL: 0.513945246382981
alphaR: 1.034121216944451
event_sum: 0.09989766263606725
mean: 3516.0061085433163
nL: 1.000005635442691
nR: 2.4034420900072067
norm: 0.09989766263606725
sigma: 350.0
sigmaL: 574.3165822096175
sigmaR: 87.81414310492315
widthL: 574.3165822096175
widthR: 87.81414310492315
x0: 3516.0061085433163
