alphaL: 0.713685570385443
alphaR: 0.9381067728674919
event_sum: 4.292027550400235
fraction: 0.6143529903474052
mean: 3473.7542556993203
nL: 0.40001018680191436
nR: 1.9041195679263445
norm: 0.31225220568012446
sigma: 350.0
sigmaL: 485.2017994867173
sigmaR: 125.31176724341108
widthL: 485.2017994867173
widthR: 125.31176724341108
x0: 3473.7542556993203
