alphaL: 0.958748579195973
alphaR: 1.1129387686640067
event_sum: 0.06659844175737817
mean: 3548.602649072453
nL: 0.20000020842467847
nR: 1.6296375917750165
norm: 0.06659844175737817
sigma: 350.49102677670015
sigmaL: 519.3709775731734
sigmaR: 70.44723518242219
widthL: 519.3709775731734
widthR: 70.44723518242219
x0: 3548.602649072453
