alphaL: 0.5665924180484697
alphaR: 0.8554760115379725
event_sum: 0.4292027604606119
mean: 3472.8054975605714
nL: 1.0000112373904095
nR: 1.43977816602339
norm: 0.4292027604606119
sigma: 350.0
sigmaL: 510.7236832302933
sigmaR: 107.65072112257344
widthL: 510.7236832302933
widthR: 107.65072112257344
x0: 3472.8054975605714
