alphaL: 0.7051031446217861
alphaR: 0.7991591659959961
event_sum: 3.0614542822586372
fraction: 0.6077941294024103
mean: 3507.7885266303615
nL: 0.4000000012697225
nR: 3.3114802254263163
norm: 0.7132255177712068
sigma: 350.0
sigmaL: 404.8493039042802
sigmaR: 77.1477464126646
widthL: 404.8493039042802
widthR: 77.1477464126646
x0: 3507.7885266303615
