alphaL: 1.4668804589334916
alphaR: 1.8756380263846757
event_sum: 1.5832610802292293
mean: 1054.1312962712793
nL: 3.279303803392335
nR: 3.30314754052774
norm: 1.5832610802292293
sigma: 53.67490528725289
sigmaL: 50.499566186865074
sigmaR: 32.77411046784427
widthL: 50.499566186865074
widthR: 32.77411046784427
x0: 1054.1312962712793
