alphaL: 1.197810582887992
alphaR: 2.3792999220748556
event_sum: 37.00237110557775
mean: 1047.3698512029887
nL: 4.503442329051157
nR: 4.655150519034746
norm: 37.00237110557775
sigma: 52.00183182773399
sigmaL: 46.25694340074635
sigmaR: 33.52967061928129
widthL: 46.25694340074635
widthR: 33.52967061928129
x0: 1047.3698512029887
