alphaL: 1.7192291364342465
alphaR: 2.1623380223235054
event_sum: 83.35691124621025
mean: 1052.3497226237023
nL: 4.4965491767284815
nR: 4.840955083081276
norm: 83.35691124621025
sigma: 52.00183182773399
sigmaL: 53.64141045635199
sigmaR: 33.02538286647889
widthL: 53.64141045635199
widthR: 33.02538286647889
x0: 1052.3497226237023
