alphaL: 1.0402198854770417
alphaR: 2.305747267648737
event_sum: 36.86245811715704
mean: 1046.2286172732206
nL: 4.998532461557221
nR: 4.441945923677245
norm: 36.86245811715704
sigma: 52.00183182773399
sigmaL: 42.71517391648283
sigmaR: 33.99545364324497
widthL: 42.71517391648283
widthR: 33.99545364324497
x0: 1046.2286172732206
