alphaL: 1.051878707049111
alphaR: 2.4373365718614
event_sum: 37.04897812823967
fraction: 0.9995739471918698
mean: 1046.3364577984473
nL: 9.913673301278443
nR: 4.5
norm: 37.04777947360486
sigma: 52.13087813915497
sigmaL: 44.06181421194661
sigmaR: 34.016869654670664
widthL: 44.06181421194661
widthR: 34.016869654670664
x0: 1046.3364577984473
