alphaL: 1.5780655442081017
alphaR: 2.1258693959427313
event_sum: 1.022479361310147
mean: 1056.5486448889963
nL: 4.551463693952547
nR: 2.111241703369736
norm: 1.022479361310147
sigma: 53.67490528725289
sigmaL: 55.513251174167436
sigmaR: 27.411073462851363
widthL: 55.513251174167436
widthR: 27.411073462851363
x0: 1056.5486448889963
