alphaL: 1.3999154522121442
alphaR: 1.7385970156510742
event_sum: 15.894702590783469
fraction: 0.9994703606103994
mean: 1055.1045452466583
nL: 10.0
nR: 4.5
norm: 15.889170106844011
sigma: 53.69077648310592
sigmaL: 51.53084375895232
sigmaR: 31.994287378163147
widthL: 51.53084375895232
widthR: 31.994287378163147
x0: 1055.1045452466583
