alphaL: 1.3052535898557494
alphaR: 1.8846022034341856
event_sum: 10.235174109361754
fraction: 0.9993732345045229
mean: 1054.7697417751506
nL: 10.0
nR: 3.933880946276512
norm: 10.235140711928466
sigma: 53.69077648310592
sigmaL: 52.09140945209428
sigmaR: 28.01521246418501
widthL: 52.09140945209428
widthR: 28.01521246418501
x0: 1054.7697417751506
