alphaL: 1.5878304671411418
alphaR: 1.7714563271090942
event_sum: 1.5882557453510397
mean: 1055.9720334892295
nL: 3.9942553444654147
nR: 4.408059124121612
norm: 1.5882557453510397
sigma: 53.67490528725289
sigmaL: 53.01494511680656
sigmaR: 31.3856587870828
widthL: 53.01494511680656
widthR: 31.3856587870828
x0: 1055.9720334892295
