alphaL: 1.5492752514191221
alphaR: 2.358431980572287
event_sum: 83.11242252882171
mean: 1050.792941447005
nL: 5.0
nR: 3.7149261228263364
norm: 83.11242252882171
sigma: 52.00183182773399
sigmaL: 51.189571697874705
sigmaR: 33.97525017303627
widthL: 51.189571697874705
widthR: 33.97525017303627
x0: 1050.792941447005
