alphaL: 1.5607431804990661
alphaR: 2.1963480548024403
event_sum: 83.48744734528422
fraction: 0.9998154905193684
mean: 1051.4606161040037
nL: 10.0
nR: 4.5
norm: 83.47877048162054
sigma: 52.13087813915497
sigmaL: 52.458868447191726
sigmaR: 33.447561694709954
widthL: 52.458868447191726
widthR: 33.447561694709954
x0: 1051.4606161040037
