alphaL: 1.4935550671369042
alphaR: 2.6378827281799473
event_sum: 1.01916056935512
mean: 1048.3341436124806
nL: 1.7333371287252821
nR: 2.7001697347924734
norm: 1.01916056935512
sigma: 53.67490528725289
sigmaL: 46.125360434180834
sigmaR: 32.165677640011644
widthL: 46.125360434180834
widthR: 32.165677640011644
x0: 1048.3341436124806
