alphaL: 1.4075742774757891
alphaR: 2.333750521258961
event_sum: 1.4886577461610395
mean: 1551.6512601038344
nL: 3.453512787662249
nR: 1.4295533509910865
norm: 1.4886577461610395
sigma: 80.02190737589568
sigmaL: 71.50206383909037
sigmaR: 39.31513375567501
widthL: 71.50206383909037
widthR: 39.31513375567501
x0: 1551.6512601038344
