alphaL: 1.4910124422660298
alphaR: 1.9906915780744545
event_sum: 32.35910259332428
mean: 1549.9204162940086
nL: 4.5006855548783635
nR: 4.002489359248089
norm: 32.35910259332428
sigma: 72.97151115285583
sigmaL: 68.74972023101927
sigmaR: 41.66248219916017
widthL: 68.74972023101927
widthR: 41.66248219916017
x0: 1549.9204162940086
