alphaL: 1.571617844210881
alphaR: 2.1136821163718755
event_sum: 1.4936247900498012
mean: 1554.3886457140934
nL: 4.447126069960594
nR: 1.8002825639807443
norm: 1.4936247900498012
sigma: 80.02190737589568
sigmaL: 77.36697753172555
sigmaR: 37.605929390625306
widthL: 77.36697753172555
widthR: 37.605929390625306
x0: 1554.3886457140934
