alphaL: 1.3621698859619016
alphaR: 2.5772767046099636
event_sum: 23.692161260781507
mean: 1546.8212955929853
nL: 4.996715480138696
nR: 1.6044613052543077
norm: 23.692161260781507
sigma: 72.97151115285583
sigmaL: 68.41509464751904
sigmaR: 41.06298693379043
widthL: 68.41509464751904
widthR: 41.06298693379043
x0: 1546.8212955929853
