alphaL: 1.2401659165844017
alphaR: 1.9903572370447942
event_sum: 32.47251107920739
fraction: 0.9991057980041133
mean: 1547.0568092846013
nL: 9.95781110307541
nR: 4.149457994656444
norm: 32.459538344404265
sigma: 73.24996101438194
sigmaL: 63.65594149971333
sigmaR: 42.93309253448626
widthL: 63.65594149971333
widthR: 42.93309253448626
x0: 1547.0568092846013
