alphaL: 1.3710801222820028
alphaR: 1.8951249946628892
event_sum: 1.46886717657308
mean: 1544.9966690339195
nL: 3.6580366860333595
nR: 4.052591618669839
norm: 1.46886717657308
sigma: 80.02190737589568
sigmaL: 61.100235279608945
sigmaR: 46.765084756880405
widthL: 61.100235279608945
widthR: 46.765084756880405
x0: 1544.9966690339195
