alphaL: 1.0488931856583545
alphaR: 1.791437585332228
event_sum: 14.722643686400637
fraction: 0.9982208561959944
mean: 1547.5890069765585
nL: 9.99738500096596
nR: 3.3431694686770097
norm: 14.708842663867538
sigma: 79.57589636425232
sigmaL: 57.51888004157999
sigmaR: 44.46874348843559
widthL: 57.51888004157999
widthR: 44.46874348843559
x0: 1547.5890069765585
