alphaL: 1.2457570826167665
alphaR: 2.323637999076991
event_sum: 14.971729050950222
fraction: 0.9966182431850171
mean: 1549.8666648296341
nL: 10.0
nR: 1.635176566984563
norm: 14.964503444857172
sigma: 79.57589636425232
sigmaL: 69.03100097297342
sigmaR: 40.31132660952922
widthL: 69.03100097297342
widthR: 40.31132660952922
x0: 1549.8666648296341
