alphaL: 1.2641745254177796
alphaR: 2.0326892637712626
event_sum: 32.22840100768292
mean: 1546.5162771732535
nL: 4.999649031775429
nR: 4.374037299245058
norm: 32.22840100768292
sigma: 72.97151115285583
sigmaL: 62.12968058314384
sigmaR: 43.36518818271244
widthL: 62.12968058314384
widthR: 43.36518818271244
x0: 1546.5162771732535
