alphaL: 1.0571832242419943
alphaR: 2.4659113590448754
event_sum: 50.147192368220324
fraction: 0.992239195839486
mean: 1550.0835846356968
nL: 95.3581171040855
nR: 2.015688982859904
norm: 23.860731262608898
sigma: 73.98328649344951
sigmaL: 64.95398588012014
sigmaR: 40.61913391516584
widthL: 64.95398588012014
widthR: 40.61913391516584
x0: 1550.0835846356968
