alphaL: 1.3803597186567498
alphaR: 2.4510814386032322
event_sum: 23.98162891301945
fraction: 0.9987156873434777
mean: 1549.071271482924
nL: 9.932374590326093
nR: 2.161937109326912
norm: 23.983006739433836
sigma: 73.24996101438194
sigmaL: 71.29562961398157
sigmaR: 39.546044011424925
widthL: 71.29562961398157
widthR: 39.546044011424925
x0: 1549.071271482924
