alphaL: 1.0322225904659346
alphaR: 2.0369310080501397
event_sum: 1.4630891973685118
mean: 1542.945645696909
nL: 4.738224019295565
nR: 2.4068704165914765
norm: 1.4630891973685118
sigma: 80.02190737589568
sigmaL: 52.254643715315424
sigmaR: 47.94860434274128
widthL: 52.254643715315424
widthR: 47.94860434274128
x0: 1542.945645696909
