alphaL: 1.4775531507782236
alphaR: 2.504247594064333
event_sum: 23.796412282932053
mean: 1547.473863494098
nL: 4.500366656235565
nR: 2.0196004107621954
norm: 23.796412282932053
sigma: 72.97151115285583
sigmaL: 70.24426074297907
sigmaR: 40.742420932809665
widthL: 70.24426074297907
widthR: 40.742420932809665
x0: 1547.473863494098
