alphaL: 0.5274535990833108
alphaR: 1.7742280330654967
event_sum: 19.701217362126496
mean: 1570.0285224262468
nL: 1.5896889109295893
nR: 2.9824849709785526
norm: 19.701217362126496
sigma: 310
sigmaL: 57.53025299766073
sigmaR: 86.0323856472426
widthL: 57.53025299766073
widthR: 86.0323856472426
x0: 1570.0285224262468
