alphaL: 0.9561457049905543
alphaR: 1.7224931729068627
event_sum: 8.690287887538707
mean: 1580.91879742938
nL: 1.660958500057787
nR: 1.990843645976317
norm: 8.690287887538707
sigma: 102
sigmaL: 97.36651079921161
sigmaR: 82.11209201253833
widthL: 97.36651079921161
widthR: 82.11209201253833
x0: 1580.91879742938
