alphaL: 0.9447428565754009
alphaR: 1.6119214457255928
event_sum: 2.7659968318311026
mean: 1580.8537062059768
nL: 2.6655510683923316
nR: 2.841325321018274
norm: 2.7659968318311026
sigma: 102.35720436254937
sigmaL: 98.92101913527254
sigmaR: 73.94172282331783
widthL: 98.92101913527254
widthR: 73.94172282331783
x0: 1580.8537062059768
