alphaL: 1.6557483468500875
alphaR: 1.6748368278325232
event_sum: 11.508507602976614
mean: 1589.8447742104095
nL: 0.21211853437536746
nR: 2.990898004728859
norm: 11.508507602976614
sigma: 102
sigmaL: 125.65797888340651
sigmaR: 79.14116412561863
widthL: 125.65797888340651
widthR: 79.14116412561863
x0: 1589.8447742104095
