alphaL: 0.7377056627626851
alphaR: 1.6647446197040516
event_sum: 18.965768206771948
mean: 1573.076472782219
nL: 2.9922980794229823
nR: 2.924879533064279
norm: 18.965768206771948
sigma: 102.20570224812309
sigmaL: 80.88865899636622
sigmaR: 83.37734938135635
widthL: 80.88865899636622
widthR: 83.37734938135635
x0: 1573.076472782219
