alphaL: 0.9100313212791779
alphaR: 1.785879970617585
event_sum: 2.867405767107488
mean: 1580.0952476607763
nL: 2.4781527443035274
nR: 1.7739962514758054
norm: 2.867405767107488
sigma: 102.35720436254937
sigmaL: 98.79270686646855
sigmaR: 81.7905006482653
widthL: 98.79270686646855
widthR: 81.7905006482653
x0: 1580.0952476607763
