alphaL: 0.9007291626822435
alphaR: 1.7736869874759877
event_sum: 18.964725119864102
mean: 1580.651915935307
nL: 2.541925797920669
nR: 1.7715540550091646
norm: 18.964725119864102
sigma: 102.1942937206754
sigmaL: 98.16486211980792
sigmaR: 80.584142457745
widthL: 98.16486211980792
widthR: 80.584142457745
x0: 1580.651915935307
