alphaL: 1.5795139223016883
alphaR: 1.5999661200424267
event_sum: 39.238177977025686
mean: 1587.996379554993
nL: 0.46178158601506974
nR: 2.9939920886206095
norm: 39.238177977025686
sigma: 102
sigmaL: 120.85069865760853
sigmaR: 72.09910101150487
widthL: 120.85069865760853
widthR: 72.09910101150487
x0: 1587.996379554993
