alphaL: 0.7878254319749527
alphaR: 1.666281283201967
event_sum: 17.13583811696933
mean: 1577.9924552621567
nL: 2.424481776335673
nR: 2.9243301532055006
norm: 17.13583811696933
sigma: 310
sigmaL: 84.4190588644732
sigmaR: 75.84313042999456
widthL: 84.4190588644732
widthR: 75.84313042999456
x0: 1577.9924552621567
