alphaL: 0.9243673301409085
alphaR: 1.6215166248801522
event_sum: 18.282133533618204
mean: 1580.3806887618553
nL: 2.999463644226202
nR: 2.95696162764288
norm: 18.282133533618204
sigma: 102.20570224812309
sigmaL: 97.13480842506567
sigmaR: 73.95692635899378
widthL: 97.13480842506567
widthR: 73.95692635899378
x0: 1580.3806887618553
