alphaL: 0.9457225020273274
alphaR: 1.7135699981888053
event_sum: 2.7659968318311026
mean: 1581.1831725886063
nL: 2.659450041100412
nR: 2.445572494045937
norm: 2.7659968318311026
sigma: 102.35720436254937
sigmaL: 99.40482108803803
sigmaR: 74.8848937320451
widthL: 99.40482108803803
widthR: 74.8848937320451
x0: 1581.1831725886063
