alphaL: 0.8565600333912856
alphaR: 1.6268278830507126
event_sum: 31.621109440378145
mean: 1577.2808196605652
nL: 2.7628815942494107
nR: 2.9489206415213376
norm: 31.621109440378145
sigma: 102
sigmaL: 90.7509354459102
sigmaR: 77.56615911834734
widthL: 90.7509354459102
widthR: 77.56615911834734
x0: 1577.2808196605652
