alphaL: 0.9040261728138721
alphaR: 1.6475403088398428
event_sum: 18.282133533618204
mean: 1579.3586436650019
nL: 2.966318217281478
nR: 2.92210925382366
norm: 18.282133533618204
sigma: 102.1942937206754
sigmaL: 95.20494329079463
sigmaR: 74.63041584275256
widthL: 95.20494329079463
widthR: 74.63041584275256
x0: 1579.3586436650019
