alphaL: 0.8541580187068729
alphaR: 1.7369029525084063
event_sum: 2.867405767107488
mean: 1581.227900299653
nL: 3.4308913413857063
nR: 1.872850099935917
norm: 2.867405767107488
sigma: 102.35720436254937
sigmaL: 96.35016102376322
sigmaR: 80.05066803466713
widthL: 96.35016102376322
widthR: 80.05066803466713
x0: 1581.227900299653
