alphaL: 1.0954681273803883
alphaR: 1.5187759677900818
event_sum: 25.865328697953373
mean: 1584.132223920532
nL: 2.0116524976407484
nR: 3.321020374717016
norm: 25.865328697953373
sigma: 89.60000000000001
sigmaL: 104.19962049414868
sigmaR: 71.0101576792242
widthL: 104.19962049414868
widthR: 71.0101576792242
x0: 1584.132223920532
