alphaL: 1.053268319775906
alphaR: 1.3879450648234914
event_sum: 28.447868715855293
fraction: 0.9142610708735742
mean: 1582.1251227825442
nL: 1.156165986953829
nR: 4.715113978823001
norm: 24.426409695646726
sigma: 89.60000000000001
sigmaL: 97.49786721747007
sigmaR: 74.59231406141039
widthL: 97.49786721747007
widthR: 74.59231406141039
x0: 1582.1251227825442
