alphaL: 0.9179790086654227
alphaR: 1.4424812123825201
event_sum: 23.87874151498545
mean: 1580.443576401076
nL: 1.7661642408686258
nR: 4.49976641804583
norm: 23.87874151498545
sigma: 89.60000000000001
sigmaL: 93.3049248690864
sigmaR: 76.73497318689711
widthL: 93.3049248690864
widthR: 76.73497318689711
x0: 1580.443576401076
