alphaL: 0.9603935667278269
alphaR: 1.3313618871851067
event_sum: 2.308342095471744
mean: 1590.2995367819294
nL: 3.733831576086573
nR: 3.7338271837054497
norm: 2.308342095471744
sigma: 89.60000000000001
sigmaL: 105.69676869991493
sigmaR: 63.39241999619923
widthL: 105.69676869991493
widthR: 63.39241999619923
x0: 1590.2995367819294
