alphaL: 1.0870695282590468
alphaR: 1.47264578171016
event_sum: 29.011274314136244
mean: 1582.154277660115
nL: 1.1245276030386557
nR: 4.170908414049085
norm: 29.011274314136244
sigma: 89.60000000000001
sigmaL: 100.79342145369156
sigmaR: 76.55480755547656
widthL: 100.79342145369156
widthR: 76.55480755547656
x0: 1582.154277660115
