alphaL: 1.0198600816771326
alphaR: 1.5059948100236829
event_sum: 28.447868715855293
fraction: 0.9110273690491791
mean: 1579.4319166611951
nL: 1.210884625968075
nR: 3.865533879293616
norm: 24.275815064902417
sigma: 89.60000000000001
sigmaL: 93.9507424470976
sigmaR: 77.82654514036699
widthL: 93.9507424470976
widthR: 77.82654514036699
x0: 1579.4319166611951
