alphaL: 0.9599583494389495
alphaR: 1.3291482778848678
event_sum: 2.308342095471744
mean: 1589.8649654515111
nL: 3.688870306222366
nR: 3.7138238856058985
norm: 2.308342095471744
sigma: 89.60000000000001
sigmaL: 105.49264107325085
sigmaR: 63.74513710949738
widthL: 105.49264107325085
widthR: 63.74513710949738
x0: 1589.8649654515111
