alphaL: 0.9589548489787685
alphaR: 1.5052351291130204
event_sum: 2.3878742755405256
mean: 1579.9352360585845
nL: 1.5282774652267475
nR: 3.8001891694620307
norm: 2.3878742755405256
sigma: 89.60000000000001
sigmaL: 93.39955243366389
sigmaR: 77.51625844823083
widthL: 93.39955243366389
widthR: 77.51625844823083
x0: 1579.9352360585845
