alphaL: 1.0756941789720496
alphaR: 1.6269428864553384
event_sum: 2.2324535104853567
mean: 1582.1797694912052
nL: 2.306641614343052
nR: 2.7856045571763866
norm: 2.2324535104853567
sigma: 89.60000000000001
sigmaL: 103.20645331517275
sigmaR: 72.94523849974284
widthL: 103.20645331517275
widthR: 72.94523849974284
x0: 1582.1797694912052
