alphaL: 0.822351032343886
alphaR: 1.660876777822504
event_sum: 2.283797875395976
mean: 1575.4285470556392
nL: 2.4649254665222537
nR: 2.656988962169378
norm: 2.283797875395976
sigma: 89.60000000000001
sigmaL: 86.6507617619535
sigmaR: 81.47266972108471
widthL: 86.6507617619535
widthR: 81.47266972108471
x0: 1575.4285470556392
