alphaL: 0.9569909502825626
alphaR: 1.544825947367204
event_sum: 23.083419756614603
mean: 1582.3635215339261
nL: 3.4375680771852486
nR: 3.3048232669704056
norm: 23.083419756614603
sigma: 89.60000000000001
sigmaL: 99.60532275618186
sigmaR: 72.24948905362038
widthL: 99.60532275618186
widthR: 72.24948905362038
x0: 1582.3635215339261
