alphaL: 1.0962341801249484
alphaR: 1.4473541253793816
event_sum: 25.32509536948055
fraction: 0.9465022745492548
mean: 1586.5471255186449
nL: 1.9950151525021873
nR: 3.5197927547021015
norm: 23.196230175206438
sigma: 89.60000000000001
sigmaL: 105.43747388783797
sigmaR: 68.43244669475853
widthL: 105.43747388783797
widthR: 68.43244669475853
x0: 1586.5471255186449
