alphaL: 0.9959147636628317
alphaR: 1.7228170896733137
event_sum: 2.085724197066156
mean: 1579.7374420408864
nL: 1.9086073688640803
nR: 1.967385811881692
norm: 2.085724197066156
sigma: 84.97279788037397
sigmaL: 96.93579543206363
sigmaR: 75.04262406738906
widthL: 96.93579543206363
widthR: 75.04262406738906
x0: 1579.7374420408864
