alphaL: 0.9710222586363808
alphaR: 1.4328260284959884
event_sum: 28.447868715855293
fraction: 0.9092284578238446
mean: 1579.9204769343335
nL: 1.4180044452430112
nR: 4.638574925771835
norm: 23.92397586198058
sigma: 89.60000000000001
sigmaL: 93.29520725160151
sigmaR: 76.55198690648099
widthL: 93.29520725160151
widthR: 76.55198690648099
x0: 1579.9204769343335
