alphaL: 0.8407394555520006
alphaR: 1.7339045216953948
event_sum: 2.1095180604606867
mean: 1576.8637292775106
nL: 2.344977130077287
nR: 1.9370722196857373
norm: 2.1095180604606867
sigma: 84.97279788037397
sigmaL: 88.69404135607955
sigmaR: 81.80761432947183
widthL: 88.69404135607955
widthR: 81.80761432947183
x0: 1576.8637292775106
