alphaL: 0.9440130412858945
alphaR: 1.526473408954243
event_sum: 2.3878742755405256
mean: 1578.4244902589712
nL: 1.557819128031998
nR: 3.7688126593431495
norm: 2.3878742755405256
sigma: 89.60000000000001
sigmaL: 92.00425186208574
sigmaR: 78.74875718910523
widthL: 92.00425186208574
widthR: 78.74875718910523
x0: 1578.4244902589712
