alphaL: 1.1036902950670404
alphaR: 1.544605608321121
event_sum: 25.865328697953373
mean: 1584.0607833550703
nL: 1.9627565648779461
nR: 3.155530247248909
norm: 25.865328697953373
sigma: 89.60000000000001
sigmaL: 104.29773639418491
sigmaR: 71.38984972001465
widthL: 104.29773639418491
widthR: 71.38984972001465
x0: 1584.0607833550703
