alphaL: 1.1057633162549128
alphaR: 1.5339006462077796
event_sum: 25.32509536948055
fraction: 0.9492638200065824
mean: 1584.2569924318632
nL: 1.9240421802748178
nR: 3.158374180073112
norm: 23.28908704884816
sigma: 89.60000000000001
sigmaL: 103.9110019726835
sigmaR: 70.9323791241798
widthL: 103.9110019726835
widthR: 70.9323791241798
x0: 1584.2569924318632
