alphaL: 1.0394073096094005
alphaR: 1.4465172764389551
event_sum: 29.011274314136244
mean: 1581.3774668889967
nL: 1.2185315833783845
nR: 4.277687760962817
norm: 29.011274314136244
sigma: 89.60000000000001
sigmaL: 97.2105710780836
sigmaR: 76.1299396335737
widthL: 97.2105710780836
widthR: 76.1299396335737
x0: 1581.3774668889967
