alphaL: 0.9834646332686636
alphaR: 1.5571352107562662
event_sum: 8.807586200069636
fraction: 0.914166079156695
mean: 1587.3167094370508
nL: 1.2995387108108312
nR: 3.866189288966877
norm: 7.499814047128893
sigma: 89.60000000000001
sigmaL: 93.98356593938682
sigmaR: 78.24471182724766
widthL: 93.98356593938682
widthR: 78.24471182724766
x0: 1587.3167094370508
