alphaL: 0.9539092581251756
alphaR: 1.3697474051392857
event_sum: 0.7090775269462029
mean: 1598.5633898825515
nL: 2.906718447038531
nR: 3.4752311888168914
norm: 0.7090775269462029
sigma: 89.60000000000001
sigmaL: 100.15040181814392
sigmaR: 65.3567131046038
widthL: 100.15040181814392
widthR: 65.3567131046038
x0: 1598.5633898825515
