alphaL: 1.0621573605894374
alphaR: 1.5421110118281802
event_sum: 0.7248629707537475
mean: 1592.4164524520659
nL: 1.34550019902033
nR: 3.503677416023144
norm: 0.7248629707537475
sigma: 89.60000000000001
sigmaL: 104.21189011524903
sigmaR: 75.522865619845
widthL: 104.21189011524903
widthR: 75.522865619845
x0: 1592.4164524520659
