alphaL: 0.9764200639642681
alphaR: 1.622640861390214
event_sum: 0.6914485276574851
mean: 1595.3752723928244
nL: 1.9936322024432107
nR: 2.184664479626387
norm: 0.6914485276574851
sigma: 89.60000000000001
sigmaL: 106.9683839364581
sigmaR: 73.21940665937325
widthL: 106.9683839364581
widthR: 73.21940665937325
x0: 1595.3752723928244
