alphaL: 1.062977591508281
alphaR: 1.5983034687154398
event_sum: 7.944571801344864
mean: 1591.2477539036709
nL: 2.119844455483053
nR: 2.872290105725909
norm: 7.944571801344864
sigma: 89.60000000000001
sigmaL: 104.79932233892262
sigmaR: 73.29945960654928
widthL: 104.79932233892262
widthR: 73.29945960654928
x0: 1591.2477539036709
