alphaL: 1.1197411214278497
alphaR: 1.4771960613000799
event_sum: 7.944571801344864
fraction: 0.946166763323528
mean: 1595.5474618494209
nL: 1.9762568337833308
nR: 3.3005693951935258
norm: 7.276282947859727
sigma: 89.60000000000001
sigmaL: 110.45867558154623
sigmaR: 69.0490879777852
widthL: 110.45867558154623
widthR: 69.0490879777852
x0: 1595.5474618494209
