alphaL: 1.0228426230357683
alphaR: 1.5177422373188267
event_sum: 8.807586200069636
mean: 1588.419348818231
nL: 1.235333562488303
nR: 4.028767009790889
norm: 8.807586200069636
sigma: 89.60000000000001
sigmaL: 96.02214656555267
sigmaR: 76.94831065926654
widthL: 96.02214656555267
widthR: 76.94831065926654
x0: 1588.419348818231
