alphaL: 1.1564836848838227
alphaR: 1.4020100358132137
event_sum: 0.7090775269462029
mean: 1600.2113525439288
nL: 2.5148501420999003
nR: 3.320077415800847
norm: 0.7090775269462029
sigma: 89.60000000000001
sigmaL: 116.08788010618002
sigmaR: 64.90811349478841
widthL: 116.08788010618002
widthR: 64.90811349478841
x0: 1600.2113525439288
