alphaL: 1.0141279328747472
alphaR: 1.34518626431252
event_sum: 0.7248629707537475
mean: 1597.7711894103106
nL: 1.6565664126247523
nR: 4.044868525034438
norm: 0.7248629707537475
sigma: 89.60000000000001
sigmaL: 106.92811531455573
sigmaR: 67.58868394035773
widthL: 106.92811531455573
widthR: 67.58868394035773
x0: 1597.7711894103106
