alphaL: 0.9457411246587335
alphaR: 1.6062447899775025
event_sum: 0.6391376408791984
mean: 1593.742514634608
nL: 2.40138857574037
nR: 2.008975350168488
norm: 0.6391376408791984
sigma: 84.4108304363439
sigmaL: 103.35153812690476
sigmaR: 69.95878199621039
widthL: 103.35153812690476
widthR: 69.95878199621039
x0: 1593.742514634608
