alphaL: 1.0935936619922277
alphaR: 1.524063411157212
event_sum: 0.6410964185779449
mean: 1597.1987737449908
nL: 0.6863168853819455
nR: 1.91403138335122
norm: 0.6410964185779449
sigma: 84.4108304363439
sigmaL: 101.3613501188369
sigmaR: 70.92251857837776
widthL: 101.3613501188369
widthR: 70.92251857837776
x0: 1597.1987737449908
