alphaL: 1.08896496449137
alphaR: 1.6865790168978594
event_sum: 0.6860330834315391
mean: 1594.2547054414722
nL: 2.0578522458264312
nR: 2.0941360556096327
norm: 0.6860330834315391
sigma: 89.60000000000001
sigmaL: 109.3634644202407
sigmaR: 71.61758347092771
widthL: 109.3634644202407
widthR: 71.61758347092771
x0: 1594.2547054414722
