alphaL: 1.0049476690329366
alphaR: 2.003686625312266
event_sum: 0.7985941689809541
mean: 2288.999604436616
nL: 4.515883248960617
nR: 2.2841196459565176
norm: 0.7985941689809541
sigma: 134.17375151091096
sigmaL: 71.63978084175268
sigmaR: 64.67417725056013
widthL: 71.63978084175268
widthR: 64.67417725056013
x0: 2288.999604436616
