alphaL: 1.3463891384049411
alphaR: 1.9413206490397172
event_sum: 1.121320838607816
mean: 2305.6694278531318
nL: 3.971211150504416
nR: 1.9212792276447839
norm: 1.121320838607816
sigma: 134.17375151091096
sigmaL: 104.44611920218883
sigmaR: 49.415759726112256
widthL: 104.44611920218883
widthR: 49.415759726112256
x0: 2305.6694278531318
