alphaL: 1.1485745337589228
alphaR: 2.0418876299451014
event_sum: 4.788334389271797
fraction: 0.9988295128256667
mean: 2295.692584853022
nL: 10.0
nR: 3.638740843111351
norm: 4.786043323337279
sigma: 108.23598015352576
sigmaL: 92.50407651309106
sigmaR: 53.16595998676145
widthL: 92.50407651309106
widthR: 53.16595998676145
x0: 2295.692584853022
