alphaL: 1.1457507355346972
alphaR: 2.413850424916415
event_sum: 5.015464868266257
mean: 2293.335317152024
nL: 4.4854331490806025
nR: 1.9993376182579583
norm: 5.015464868266257
sigma: 107.90273286099843
sigmaL: 89.01362075615063
sigmaR: 55.029620655270875
widthL: 89.01362075615063
widthR: 55.029620655270875
x0: 2293.335317152024
