alphaL: 1.1104042126531761
alphaR: 2.0721549276170483
event_sum: 10.506958890941714
fraction: 0.996242954117622
mean: 2300.988748894763
nL: 9.956842133567221
nR: 1.727162534160687
norm: 10.494089672705279
sigma: 133.90381094060737
sigmaL: 94.87628522484651
sigmaR: 52.1134622266406
widthL: 94.87628522484651
widthR: 52.1134622266406
x0: 2300.988748894763
