alphaL: 1.0917391216836811
alphaR: 2.13152648876564
event_sum: 4.803136049331793
mean: 2294.068969116719
nL: 4.857449552023011
nR: 2.6176433606901917
norm: 4.803136049331793
sigma: 107.90273286099843
sigmaL: 81.07381355802264
sigmaR: 57.05112994891522
widthL: 81.07381355802264
widthR: 57.05112994891522
x0: 2294.068969116719
