alphaL: 1.4619188110249244
alphaR: 1.9384681714353946
event_sum: 1.1237522668093582
mean: 2308.2830121931556
nL: 4.4778106414051795
nR: 1.8840874162457881
norm: 1.1237522668093582
sigma: 134.17375151091096
sigmaL: 109.42368196637582
sigmaR: 47.96473505327151
widthL: 109.42368196637582
widthR: 47.96473505327151
x0: 2308.2830121931556
