alphaL: 1.0690777847509756
alphaR: 1.9370491324773276
event_sum: 4.6025501878718265
fraction: 0.9989553833036662
mean: 2295.0838581298462
nL: 9.958428568787042
nR: 3.9442229638457236
norm: 4.601175324595882
sigma: 108.23598015352576
sigmaL: 83.26248908402357
sigmaR: 56.056875121617864
widthL: 83.26248908402357
widthR: 56.056875121617864
x0: 2295.0838581298462
