alphaL: 1.2828026891433393
alphaR: 2.042245581676461
event_sum: 4.823952235503961
mean: 2298.550955318172
nL: 4.570346467484453
nR: 2.8600094893999395
norm: 4.823952235503961
sigma: 107.90273286099843
sigmaL: 90.67687426360818
sigmaR: 54.440346909299485
widthL: 90.67687426360818
widthR: 54.440346909299485
x0: 2298.550955318172
