alphaL: 0.6733290470639444
alphaR: 2.131644378245732
event_sum: 7.503778907271352
fraction: 0.996659963356146
mean: 2285.1424019788547
nL: 10.0
nR: 1.8736401627425985
norm: 7.478500910905766
sigma: 133.90381094060737
sigmaL: 55.40679365277647
sigmaR: 66.79504217815064
widthL: 55.40679365277647
widthR: 66.79504217815064
x0: 2285.1424019788547
