alphaL: 1.4241452800404621
alphaR: 2.150718521883396
event_sum: 5.038693741578323
mean: 2301.229982433008
nL: 4.502025173345622
nR: 2.8614008630873258
norm: 5.038693741578323
sigma: 107.90273286099843
sigmaL: 104.01524576315941
sigmaR: 50.463287674177394
widthL: 104.01524576315941
widthR: 50.463287674177394
x0: 2301.229982433008
