alphaL: 1.0269503317048487
alphaR: 2.0488389484303715
event_sum: 0.7958852987674516
mean: 2292.6439496615585
nL: 3.9233913707989
nR: 1.8852403436662872
norm: 0.7958852987674516
sigma: 134.17375151091096
sigmaL: 76.71842654737459
sigmaR: 63.35345307761522
widthL: 76.71842654737459
widthR: 63.35345307761522
x0: 2292.6439496615585
