alphaL: 1.3522481471707117
alphaR: 1.8749257345550137
event_sum: 3.5799859858145293
mean: 1454.6835104630186
nL: 4.396136466107674
nR: 3.0661545496682674
norm: 3.5799859858145293
sigma: 75.81456767196302
sigmaL: 63.3644227433701
sigmaR: 41.44952628826905
widthL: 63.3644227433701
widthR: 41.44952628826905
x0: 1454.6835104630186
