alphaL: 1.1500066631505614
alphaR: 1.9590619142646095
event_sum: 34.96043443845832
fraction: 0.9978948709502605
mean: 1453.640489845508
nL: 10.0
nR: 2.6186845912315317
norm: 34.929377152005564
sigma: 75.67106668949978
sigmaL: 60.136172560519796
sigmaR: 42.228168365700604
widthL: 60.136172560519796
widthR: 42.228168365700604
x0: 1453.640489845508
