alphaL: 1.484692312490146
alphaR: 2.1912047498698115
event_sum: 92.95872834237909
mean: 1454.555929370114
nL: 4.50153118585912
nR: 2.7717336227103115
norm: 92.95872834237909
sigma: 69.70249701198247
sigmaL: 65.45453921100932
sigmaR: 40.01520739316013
widthL: 65.45453921100932
widthR: 40.01520739316013
x0: 1454.555929370114
