alphaL: 1.2609708002845716
alphaR: 2.1438318829969765
event_sum: 31.069289549290264
fraction: 0.9981415357763019
mean: 1453.245828947778
nL: 10.0
nR: 2.3765244205908265
norm: 31.047998877512967
sigma: 75.67106668949978
sigmaL: 65.07754917947337
sigmaR: 37.65835373963045
widthL: 65.07754917947337
widthR: 37.65835373963045
x0: 1453.245828947778
