alphaL: 1.527759231958548
alphaR: 2.4127475164965007
event_sum: 60.767544409838564
mean: 1453.7789738424437
nL: 4.504594035421152
nR: 2.110361699990488
norm: 60.767544409838564
sigma: 69.70249701198247
sigmaL: 69.7175016443661
sigmaR: 37.35599075869231
widthL: 69.7175016443661
widthR: 37.35599075869231
x0: 1453.7789738424437
