alphaL: 1.2750274666623014
alphaR: 2.1866290503062404
event_sum: 85.6050156733358
fraction: 0.9989705522439444
mean: 1453.2885003541064
nL: 9.997795165740364
nR: 2.928356813242375
norm: 85.57364757166317
sigma: 69.83442594190856
sigmaL: 62.5297371830172
sigmaR: 40.71438889666833
widthL: 62.5297371830172
widthR: 40.71438889666833
x0: 1453.2885003541064
