alphaL: 1.3028291090274928
alphaR: 2.2796520633570934
event_sum: 92.59569421080701
mean: 1452.5261471786846
nL: 4.9971818558808225
nR: 2.4742004636123864
norm: 92.59569421080701
sigma: 69.70249701198247
sigmaL: 61.22331224111006
sigmaR: 41.121475745417705
widthL: 61.22331224111006
widthR: 41.121475745417705
x0: 1452.5261471786846
