alphaL: 1.384627631790921
alphaR: 2.470626269198046
event_sum: 60.493332961562395
mean: 1452.7493991496085
nL: 4.991751179153365
nR: 1.7696289385403217
norm: 60.493332961562395
sigma: 69.70249701198247
sigmaL: 66.91390241742576
sigmaR: 37.82312773070476
widthL: 66.91390241742576
widthR: 37.82312773070476
x0: 1452.7493991496085
