alphaL: 1.3559273066948934
alphaR: 2.0556895275027043
event_sum: 56.012294551241666
fraction: 0.9991840562067638
mean: 1454.167918181096
nL: 9.991377739966811
nR: 4.342836599823232
norm: 56.00607028841943
sigma: 69.83442594190856
sigmaL: 68.18365023278565
sigmaR: 36.77450998774513
widthL: 68.18365023278565
widthR: 36.77450998774513
x0: 1454.167918181096
