alphaL: 1.508456580103876
alphaR: 1.6427469434600406
event_sum: 3.172700385667709
mean: 1461.8989192714466
nL: 3.724234402908698
nR: 3.0581443968408526
norm: 3.172700385667709
sigma: 75.81456767196302
sigmaL: 73.84936775729133
sigmaR: 27.413230418912875
widthL: 73.84936775729133
widthR: 27.413230418912875
x0: 1461.8989192714466
