alphaL: 1.5294825322029653
alphaR: 1.9335872370931435
event_sum: 3.1831611041127275
mean: 1456.8219079413805
nL: 4.472070349199456
nR: 2.872221871333043
norm: 3.1831611041127275
sigma: 75.81456767196302
sigmaL: 70.98886246176947
sigmaR: 35.48174920160929
widthL: 70.98886246176947
widthR: 35.48174920160929
x0: 1456.8219079413805
