alphaL: 1.1894050323754717
alphaR: 1.9602174337005973
event_sum: 3.5684198925849984
mean: 1452.4102587689508
nL: 4.544141896870652
nR: 2.5628816592777057
norm: 3.5684198925849984
sigma: 75.81456767196302
sigmaL: 58.48808760958488
sigmaR: 42.857979940111385
widthL: 58.48808760958488
widthR: 42.857979940111385
x0: 1452.4102587689508
