alphaL: 0.9510239604448871
alphaR: 2.283466508844822
event_sum: 85.25483508499859
mean: 1450.2281258490236
nL: 118.81745197419588
nR: 2.8295563290096766
norm_2016: 85.25483508499859
norm_2017: 85.25483508499859
norm_2018: 85.25483508499859
norm_Run2: 85.25483508499859
sigma: 69.81001634482544
sigmaL: 54.7310167191329
sigmaR: 42.380249365450936
widthL: 54.7310167191329
widthR: 42.380249365450936
x0: 1450.2281258490236
