alphaL: 1.0562729721935575
alphaR: 2.4733965452743814
event_sum: 55.80000987831918
mean: 1451.32460000308
nL: 96.20095467545953
nR: 2.0847838637714604
norm_2016: 14.772211384313389
norm_2017: 18.374372469379356
norm_2018: 26.770505586614544
norm_Run2: 59.91708944030729
sigma: 69.81001634482544
sigmaL: 61.97388794830369
sigmaR: 38.60655746931982
widthL: 61.97388794830369
widthR: 38.60655746931982
x0: 1451.32460000308
