alphaL: 1.0412039675575888
alphaR: 2.4879624477093327
event_sum: 55.80000987831918
mean: 1451.2245878866245
nL: 105.13919556928283
nR: 2.0484351885862155
norm_2016: 14.772211384313389
norm_2017: 18.374372469379356
norm_2018: 26.770505586614544
norm_Run2: 55.80000987831918
sigma: 69.81001634482544
sigmaL: 61.27070336335388
sigmaR: 38.620255545723765
widthL: 61.27070336335388
widthR: 38.620255545723765
x0: 1451.2245878866245
