alphaL: 0.8762983663906115
alphaR: 1.3474649625493138
event_sum: 23.087522867004893
mean: 1424.8902534437607
nL: 0.9932863410620852
nR: 5.649750331603134
norm_2016: 6.2352555049921685
norm_2017: 7.210393528837271
norm_2018: 10.031517905178951
norm_Run2: 23.47716693900839
sigma: 145.0
sigmaL: 118.80509886336779
sigmaR: 81.9986804693652
widthL: 118.80509886336779
widthR: 81.9986804693652
x0: 1424.8902534437607
