alphaL: 1.0107414822104885
alphaR: 1.4836787718455313
event_sum: 26.238857719804326
mean: 1436.0876175178155
nL: 1.7942343427362646
nR: 3.8665699102509
norm_2016: 7.143519936306159
norm_2017: 8.162765733476723
norm_2018: 11.424624165002705
norm_Run2: 26.238857719804326
sigma: 81.2
sigmaL: 91.74187708805778
sigmaR: 68.21234084445598
widthL: 91.74187708805778
widthR: 68.21234084445598
x0: 1436.0876175178155
