alphaL: 0.9658752985079929
alphaR: 2.0467611975399556
event_sum: 34.747881922256525
mean: 1451.7850463703123
nL: 16.033430215488284
nR: 2.242168878307481
norm_2016: 9.490309723811542
norm_2017: 10.96752305336088
norm_2018: 15.141512137398731
norm_Run2: 35.599344914571155
sigma: 75.74238779877436
sigmaL: 55.10828391616256
sigmaR: 43.340572265153114
widthL: 55.10828391616256
widthR: 43.340572265153114
x0: 1451.7850463703123
