alphaL: 0.9840535666628007
alphaR: 1.3969833091543202
event_sum: 22.533242913164436
mean: 1435.1498738834205
nL: 4.278326280807624
nR: 4.923103402357734
norm_2016: 5.703285736401386
norm_2017: 7.127636000994679
norm_2018: 10.144727526904036
norm_Run2: 22.533242913164436
sigma: 81.2
sigmaL: 92.84402706008645
sigmaR: 64.98911559730037
widthL: 92.84402706008645
widthR: 64.98911559730037
x0: 1435.1498738834205
