alphaL: 0.9233804298108552
alphaR: 2.317122563685662
event_sum: 30.909635868637693
mean: 1450.3365096285806
nL: 62.155259802448604
nR: 1.9944008292074886
norm_2016: 30.909635868637693
norm_2017: 30.909635868637693
norm_2018: 30.909635868637693
norm_Run2: 30.909635868637693
sigma: 75.74238779877436
sigmaL: 56.1106039220108
sigmaR: 39.29921692958922
widthL: 56.1106039220108
widthR: 39.29921692958922
x0: 1450.3365096285806
