alphaL: 0.9864574863692365
alphaR: 1.1481423188980047
event_sum: 19.18493277993789
mean: 1427.127335260023
nL: 1.9279896795525304
nR: 5.351289888084234
norm_2016: 4.869707693568198
norm_2017: 5.985882822963821
norm_2018: 8.660532355380319
norm_Run2: 19.18493277993789
sigma: 145.0
sigmaL: 128.49027945676104
sigmaR: 73.77459737351208
widthL: 128.49027945676104
widthR: 73.77459737351208
x0: 1427.127335260023
