alphaL: 0.9840415048002624
alphaR: 1.1533459801152233
event_sum: 19.18493277993789
mean: 1426.822877871327
nL: 1.9155328180733397
nR: 5.259348038942926
norm_2016: 4.869707693568198
norm_2017: 5.985882822963821
norm_2018: 8.660532355380319
norm_Run2: 19.18493277993789
sigma: 145.0
sigmaL: 127.75425523935853
sigmaR: 73.85714982493528
widthL: 127.75425523935853
widthR: 73.85714982493528
x0: 1426.822877871327
