alphaL: 0.5554870268814744
alphaR: 1.7059722793122543
event_sum: 25.655948154040292
mean: 879.1756184508015
nL: 0.20000258336424687
nR: 2.9999947205487003
norm: 25.655948154040292
sigma: 114
sigmaL: 50.873632736648936
sigmaR: 63.92733068163591
widthL: 50.873632736648936
widthR: 63.92733068163591
x0: 879.1756184508015
