alphaL: 0.21403210234675776
alphaR: 1.5817937978593124
event_sum: 11.258893712383435
mean: 878.3465868919025
nL: 2.9996925425744854
nR: 2.8862023015372364
norm: 11.258893712383435
sigma: 114.35554017922394
sigmaL: 36.37333969309998
sigmaR: 62.17921548163883
widthL: 36.37333969309998
widthR: 62.17921548163883
x0: 878.3465868919025
