alphaL: 0.18183464880842007
alphaR: 1.593241855454459
event_sum: 24.69087308462248
mean: 884.7347077258431
nL: 2.9998784152164903
nR: 2.995580774362622
norm: 24.69087308462248
sigma: 114.35554017922394
sigmaL: 40.17597732630684
sigmaR: 60.956531876860105
widthL: 40.17597732630684
widthR: 60.956531876860105
x0: 884.7347077258431
