alphaL: 0.25787400101049485
alphaR: 1.5834379161385674
event_sum: 11.258893712383435
mean: 878.477998262877
nL: 2.999589724146367
nR: 2.9771028908816497
norm: 11.258893712383435
sigma: 114
sigmaL: 43.61731841999333
sigmaR: 62.36805123257546
widthL: 43.61731841999333
widthR: 62.36805123257546
x0: 878.477998262877
