alphaL: 0.45819830118485394
alphaR: 1.5475474223217858
event_sum: 1.7012702526890089
mean: 883.3425032314108
nL: 2.997500206206034
nR: 2.7443942186542816
norm: 1.7012702526890089
sigma: 114.35640359233781
sigmaL: 78.76472063848237
sigmaR: 59.8236335704648
widthL: 78.76472063848237
widthR: 59.8236335704648
x0: 883.3425032314108
