alphaL: 0.24252847110729775
alphaR: 1.5828498008610108
event_sum: 24.689991780664755
mean: 884.8522876167759
nL: 2.9999715753068266
nR: 2.956967212736859
norm: 24.689991780664755
sigma: 114
sigmaL: 53.42220863770705
sigmaR: 60.90400072640032
widthL: 53.42220863770705
widthR: 60.90400072640032
x0: 884.8522876167759
