alphaL: 0.2698674926230479
alphaR: 1.5616684859132124
event_sum: 11.258893712383435
mean: 880.2073019762358
nL: 2.9440959823407225
nR: 2.89202784131915
norm: 11.258893712383435
sigma: 114.34289730138518
sigmaL: 45.92756841471506
sigmaR: 61.3128234430416
widthL: 45.92756841471506
widthR: 61.3128234430416
x0: 880.2073019762358
