alphaL: 0.27422904922662605
alphaR: 1.591666731158105
event_sum: 24.689991780664755
mean: 885.8651013328449
nL: 2.999051107022333
nR: 2.999528783982189
norm: 24.689991780664755
sigma: 114.34289730138518
sigmaL: 60.73420034273509
sigmaR: 60.80512667677118
widthL: 60.73420034273509
widthR: 60.80512667677118
x0: 885.8651013328449
