alphaL: 4.913394196140534
alphaR: 2.6979114185847672
event_sum: 18.53460070937401
mean: 755.2662576656319
nL: 2.87671820910329
nR: 2.9498485673402475
norm: 18.53460070937401
sigma: 133
sigmaL: 98.17343449610186
sigmaR: 145.72804030437354
widthL: 98.17343449610186
widthR: 145.72804030437354
x0: 755.2662576656319
