alphaL: 0.18983655562982354
alphaR: 1.552043938718733
event_sum: 3.7393097980652623
mean: 888.1005829363975
nL: 2.9999454269518293
nR: 2.999659132547655
norm: 3.7393097980652623
sigma: 114.35640359233781
sigmaL: 42.4576613898009
sigmaR: 58.73260804346865
widthL: 42.4576613898009
widthR: 58.73260804346865
x0: 888.1005829363975
