alphaL: 0.19528156488901618
alphaR: 1.4582886905096992
event_sum: 3.7393097980652623
mean: 886.7968220567118
nL: 3.9969051456156683
nR: 3.9409195583603807
norm: 3.7393097980652623
sigma: 114.35640359233781
sigmaL: 45.793311269911506
sigmaR: 59.13356091159582
widthL: 45.793311269911506
widthR: 59.13356091159582
x0: 886.7968220567118
