alphaL: 0.15837250560075153
alphaR: 1.5400555088935395
event_sum: 28.050357297224497
mean: 883.890372811902
nL: 2.996114572298262
nR: 2.949796692260029
norm: 28.050357297224497
sigma: 114
sigmaL: 32.29615433108378
sigmaR: 59.43117063083569
widthL: 32.29615433108378
widthR: 59.43117063083569
x0: 883.890372811902
