alphaL: 0.5336091192369475
alphaR: 1.733478930780915
event_sum: 10.732661063993346
mean: 883.134148325745
nL: 0.2015823223653256
nR: 2.9822250910520705
norm: 10.732661063993346
sigma: 114
sigmaL: 55.24583949629132
sigmaR: 64.72067966958066
widthL: 55.24583949629132
widthR: 64.72067966958066
x0: 883.134148325745
