alphaL: 0.40001934444560183
alphaR: 1.5943052288655837
event_sum: 11.65878211771226
mean: 888.6378466409758
nL: 2.998960057856136
nR: 2.938251218222672
norm: 11.65878211771226
sigma: 114
sigmaL: 82.68342079523595
sigmaR: 60.41359508729378
widthL: 82.68342079523595
widthR: 60.41359508729378
x0: 888.6378466409758
