alphaL: 0.41991293545833314
alphaR: 1.4506485919565908
event_sum: 1.7012702526890089
mean: 885.8652887525662
nL: 3.9907334864373287
nR: 3.5207341701896997
norm: 1.7012702526890089
sigma: 114.35640359233781
sigmaL: 76.44059975753964
sigmaR: 58.235525938017844
widthL: 76.44059975753964
widthR: 58.235525938017844
x0: 885.8652887525662
