alphaL: 1.3237068920888555
alphaR: 1.2730837707167681
event_sum: 1.4646134981448995
mean: 896.737505731689
nL: 4.395387464358225
nR: 3.157153151421766
norm: 1.4646134981448995
sigma: 90.0
sigmaL: 91.22087975879543
sigmaR: 47.07491226565905
widthL: 91.22087975879543
widthR: 47.07491226565905
x0: 896.737505731689
