alphaL: 1.3022893710793542
alphaR: 1.5209453171294816
event_sum: 1.4684523866744712
mean: 884.5420071059793
nL: 3.47089592269102
nR: 3.237121808156693
norm: 1.4684523866744712
sigma: 90.0
sigmaL: 84.92718184524169
sigmaR: 59.20198383069114
widthL: 84.92718184524169
widthR: 59.20198383069114
x0: 884.5420071059793
