alphaL: 1.1018590754877582
alphaR: 1.539314163969503
event_sum: 1.4614960799444816
mean: 882.57685971208
nL: 4.4172790398621835
nR: 2.6646674364505887
norm: 1.4614960799444816
sigma: 90.0
sigmaL: 76.59021330636716
sigmaR: 59.52984267580367
widthL: 76.59021330636716
widthR: 59.52984267580367
x0: 882.57685971208
