alphaL: 0.9616892300354836
alphaR: 1.5356668077462878
event_sum: 2.989956414065091
mean: 887.0218906857958
nL: 3.565123797305621
nR: 3.2987160798412276
norm: 2.989956414065091
sigma: 90.0
sigmaL: 75.0361692805726
sigmaR: 59.41045698102693
widthL: 75.0361692805726
widthR: 59.41045698102693
x0: 887.0218906857958
