alphaL: 0.92427878732994
alphaR: 1.4657334051032784
event_sum: 2.9944912973151077
mean: 886.0600495214441
nL: 4.058525683256004
nR: 4.226270398655808
norm: 2.9944912973151077
sigma: 90.0
sigmaL: 73.89160117340539
sigmaR: 59.43799079962541
widthL: 73.89160117340539
widthR: 59.43799079962541
x0: 886.0600495214441
