alphaL: 0.8199884413105294
alphaR: 1.5983644260161263
event_sum: 14.420424462237861
fraction: 0.98780197953087
mean: 876.8121523719674
nL: 18.045436119007732
nR: 2.8273797728687606
norm: 14.299520380562171
sigma: 90.0
sigmaL: 64.6833376591533
sigmaR: 63.25471632524689
widthL: 64.6833376591533
widthR: 63.25471632524689
x0: 876.8121523719674
