alphaL: 0.7696654706230759
alphaR: 1.4588817996224315
event_sum: 29.52530516247498
fraction: 0.9947922226046639
mean: 883.270823849823
nL: 6.749828865261787
nR: 4.912424944840537
norm: 29.35775658133207
sigma: 90.0
sigmaL: 64.99609091544023
sigmaR: 61.0175009592378
widthL: 64.99609091544023
widthR: 61.0175009592378
x0: 883.270823849823
