alphaL: 0.5045994896026266
alphaR: 1.0375256414147656
event_sum: 2.770115017068747
mean: 926.2120337471334
nL: 0.2004580955507926
nR: 1.6779472125875752
norm: 2.770115017068747
sigma: 105.38687713706946
sigmaL: 183.19928721069732
sigmaR: 26.439844629360465
widthL: 183.19928721069732
widthR: 26.439844629360465
x0: 926.2120337471334
