alphaL: 1.0191020046212074
alphaR: 1.5263247617093443
event_sum: 2.9999468421083293
mean: 890.0231761494069
nL: 3.3375780709565226
nR: 3.038384631132075
norm: 2.9999468421083293
sigma: 90.0
sigmaL: 79.65359462975849
sigmaR: 57.458485891805346
widthL: 79.65359462975849
widthR: 57.458485891805346
x0: 890.0231761494069
