alphaL: 0.9502434307462402
alphaR: 1.4863938578706675
event_sum: 14.420424462237861
fraction: 0.9900946444853113
mean: 879.1006719591065
nL: 6.898036985033522
nR: 3.427700062788194
norm: 14.299520380562171
sigma: 90.0
sigmaL: 70.31082583063056
sigmaR: 61.535090762268666
widthL: 70.31082583063056
widthR: 61.535090762268666
x0: 879.1006719591065
