alphaL: 1.0968817644176292
alphaR: 1.444757064160101
event_sum: 2.9999468421083293
mean: 888.9125617999866
nL: 2.280972054659226
nR: 3.853722661294003
norm: 2.9999468421083293
sigma: 90.0
sigmaL: 79.76811079468851
sigmaR: 57.477533504099476
widthL: 79.76811079468851
widthR: 57.477533504099476
x0: 888.9125617999866
