alphaL: 1.244443435582848
alphaR: 1.0423145409581347
event_sum: 1.4684523866744712
mean: 893.8017310179878
nL: 4.3402394207507005
nR: 4.499922224167685
norm: 1.4684523866744712
sigma: 90.0
sigmaL: 86.92894962714308
sigmaR: 44.69498071162223
widthL: 86.92894962714308
widthR: 44.69498071162223
x0: 893.8017310179878
