alphaL: 0.5731985050530447
alphaR: 0.940659429209546
event_sum: 1.2411542416521115
mean: 924.5942080770159
nL: 0.20534529409583374
nR: 1.6804617211533341
norm: 1.2411542416521115
sigma: 105.38687713706946
sigmaL: 118.4325500570397
sigmaR: 23.515782731802165
widthL: 118.4325500570397
widthR: 23.515782731802165
x0: 924.5942080770159
