alphaL: 0.9101031902544855
alphaR: 1.4596766962727161
event_sum: 2.9944912973151077
mean: 886.0335848994669
nL: 4.063053425616812
nR: 4.413919699699631
norm: 2.9944912973151077
sigma: 90.0
sigmaL: 72.4085051673284
sigmaR: 59.5691539824435
widthL: 72.4085051673284
widthR: 59.5691539824435
x0: 886.0335848994669
