alphaL: 1.133365398456105
alphaR: 1.5405115470567676
event_sum: 1.4646134981448995
mean: 885.0058859312641
nL: 4.498496205542316
nR: 2.8283337643656097
norm: 1.4646134981448995
sigma: 90.0
sigmaL: 80.04009135552167
sigmaR: 60.10444923124143
widthL: 80.04009135552167
widthR: 60.10444923124143
x0: 885.0058859312641
