alphaL: 0.8020001523506232
alphaR: 1.4951993212344146
event_sum: 29.52530516247498
fraction: 0.9933803844656208
mean: 884.9705228036827
nL: 7.668763154617331
nR: 4.035315844740545
norm: 29.35775658133207
sigma: 90.0
sigmaL: 68.70121693056299
sigmaR: 60.30448091617331
widthL: 68.70121693056299
widthR: 60.30448091617331
x0: 884.9705228036827
