alphaL: 1.3739458799030402
alphaR: 2.131433499506401
event_sum: 11.038288443523925
fraction: 0.9998152878870793
mean: 909.9405189971287
nL: 9.59886977537857
nR: 3.8637592187244976
norm: 11.035523110302165
sigma: 46.41968636364962
sigmaL: 43.77688549060555
sigmaR: 30.08651735584666
widthL: 43.77688549060555
widthR: 30.08651735584666
x0: 909.9405189971287
