alphaL: 2.103156765841347
alphaR: 2.9233501469563605
event_sum: 0.5673542082877248
mean: 909.8912650041704
nL: 2.330345165325723
nR: 1.9783751250406336
norm: 0.5673542082877248
sigma: 46.40214033484259
sigmaL: 55.53305914177627
sigmaR: 27.5233203168128
widthL: 55.53305914177627
widthR: 27.5233203168128
x0: 909.8912650041704
