alphaL: 1.9348894254280642
alphaR: 2.5443008769412625
event_sum: 25.79163597151637
mean: 910.1278378234545
nL: 4.424794733981048
nR: 4.467915618307612
norm: 25.79163597151637
sigma: 46.44945124886151
sigmaL: 54.5040759030021
sigmaR: 27.67774988486138
widthL: 54.5040759030021
widthR: 27.67774988486138
x0: 910.1278378234545
