alphaL: 1.6021461821588947
alphaR: 2.1741899273289618
event_sum: 1.1032757951252279
mean: 910.4999070178793
nL: 3.625068223910272
nR: 3.172424025542791
norm: 1.1032757951252279
sigma: 46.40214033484259
sigmaL: 45.262466178820546
sigmaR: 30.168736439365198
widthL: 45.262466178820546
widthR: 30.168736439365198
x0: 910.4999070178793
