alphaL: 1.9361081863955512
alphaR: 2.427940415315674
event_sum: 69.94244578666985
mean: 912.3148055893395
nL: 3.9999597488582426
nR: 3.9993383940295337
norm: 69.94244578666985
sigma: 46.44945124886151
sigmaL: 50.83435068457844
sigmaR: 28.353276149232464
widthL: 50.83435068457844
widthR: 28.353276149232464
x0: 912.3148055893395
