alphaL: 1.6596867066442125
alphaR: 2.4709659427686885
event_sum: 25.74985122308135
mean: 908.8133684993874
nL: 4.872562116672078
nR: 4.795885378674424
norm: 25.74985122308135
sigma: 46.44945124886151
sigmaL: 51.8404941972846
sigmaR: 28.32176609006826
widthL: 51.8404941972846
widthR: 28.32176609006826
x0: 908.8133684993874
