alphaL: 1.9942974538346825
alphaR: 2.524124606617823
event_sum: 25.79685906507075
mean: 910.1749268841929
nL: 4.499958614349663
nR: 4.4981298072702804
norm: 25.79685906507075
sigma: 46.511002812233386
sigmaL: 54.7282232250562
sigmaR: 27.746665845065873
widthL: 54.7282232250562
widthR: 27.746665845065873
x0: 910.1749268841929
