alphaL: 1.7091952071985779
alphaR: 2.584878683058544
event_sum: 25.79685906507075
fraction: 0.9999871007094749
mean: 909.0589788909299
nL: 9.883535202270249
nR: 4.499844319313742
norm: 25.79685906507075
sigma: 46.511002812233386
sigmaL: 52.91602985407235
sigmaR: 28.286367242268323
widthL: 52.91602985407235
widthR: 28.286367242268323
x0: 909.0589788909299
