alphaL: 1.938643204689585
alphaR: 2.4276164679558634
event_sum: 5.677229104272556
mean: 911.6316071266086
nL: 4.454101888491408
nR: 4.323158067669565
norm: 5.677229104272556
sigma: 46.41968636364962
sigmaL: 55.3457066463628
sigmaR: 25.99351554990224
widthL: 55.3457066463628
widthR: 25.99351554990224
x0: 911.6316071266086
