alphaL: 1.9349507447431056
alphaR: 2.5452184429839044
event_sum: 25.79163597151637
mean: 910.1326983812135
nL: 4.424850018352561
nR: 4.468082522525599
norm: 25.79163597151637
sigma: 46.44945124886151
sigmaL: 54.50459379917974
sigmaR: 27.677942406373983
widthL: 54.50459379917974
widthR: 27.677942406373983
x0: 910.1326983812135
