alphaL: 1.730303150598345
alphaR: 2.4426953315699307
event_sum: 0.5673542082877248
mean: 911.1473439337819
nL: 4.40782826612338
nR: 4.377295221201814
norm: 0.5673542082877248
sigma: 46.41968636364962
sigmaL: 53.77388832730555
sigmaR: 26.91664586165608
widthL: 53.77388832730555
widthR: 26.91664586165608
x0: 911.1473439337819
