alphaL: 1.663313309056017
alphaR: 2.391936811090772
event_sum: 69.9528919737786
fraction: 0.9999697874481445
mean: 911.4413432691308
nL: 9.999352692970795
nR: 4.497874880950245
norm: 69.94766888022423
sigma: 46.511002812233386
sigmaL: 49.22886996694758
sigmaR: 28.736721888061023
widthL: 49.22886996694758
widthR: 28.736721888061023
x0: 911.4413432691308
