alphaL: 1.4727279057997231
alphaR: 2.3563852114283605
event_sum: 1.1010635285128956
mean: 910.26328646047
nL: 4.247692157377624
nR: 2.1439462293886877
norm: 1.1010635285128956
sigma: 46.41968636364962
sigmaL: 44.35329679074305
sigmaR: 29.98677434767796
widthL: 44.35329679074305
widthR: 29.98677434767796
x0: 910.26328646047
