alphaL: 1.9649993600929523
alphaR: 2.364813489652965
event_sum: 69.9528919737786
mean: 912.5740156479583
nL: 4.499124210243865
nR: 4.478012778176656
norm: 69.9528919737786
sigma: 46.511002812233386
sigmaL: 51.19152749522216
sigmaR: 28.1648175491145
widthL: 51.19152749522216
widthR: 28.1648175491145
x0: 912.5740156479583
