alphaL: 1.990480721056298
alphaR: 2.5535810892299935
event_sum: 25.79163597151637
mean: 910.2978849947741
nL: 3.9999991518890408
nR: 3.943469531111166
norm: 25.79163597151637
sigma: 46.44945124886151
sigmaL: 54.728710263183565
sigmaR: 27.687791132276875
widthL: 54.728710263183565
widthR: 27.687791132276875
x0: 910.2978849947741
