alphaL: 1.802415316820108
alphaR: 2.708184438312032
event_sum: 0.5668011416346417
mean: 909.770545854979
nL: 2.346654940114605
nR: 2.0611602330236725
norm: 0.5668011416346417
sigma: 46.41968636364962
sigmaL: 51.87501833529806
sigmaR: 27.18376086142848
widthL: 51.87501833529806
widthR: 27.18376086142848
x0: 909.770545854979
