alphaL: 1.8880524350188437
alphaR: 2.384927332842173
event_sum: 69.94244578666985
mean: 912.2058912323154
nL: 4.499975449669437
nR: 4.4440285046460275
norm: 69.94244578666985
sigma: 46.44945124886151
sigmaL: 50.57695716860925
sigmaR: 28.37587928281784
widthL: 50.57695716860925
widthR: 28.37587928281784
x0: 912.2058912323154
