alphaL: 1.6583271652843141
alphaR: 2.013055319509483
event_sum: 11.038288443523925
mean: 911.8101472779824
nL: 4.491192131490283
nR: 4.457886684813925
norm: 11.038288443523925
sigma: 46.41968636364962
sigmaL: 46.85464073302455
sigmaR: 28.95030242194237
widthL: 46.85464073302455
widthR: 28.95030242194237
x0: 911.8101472779824
