alphaL: 1.697167555123871
alphaR: 2.338163332733958
event_sum: 69.8379839155823
mean: 911.6469284715057
nL: 4.994154914371315
nR: 4.837036285679967
norm: 69.8379839155823
sigma: 46.44945124886151
sigmaL: 49.10589102637403
sigmaR: 28.514652061380886
widthL: 49.10589102637403
widthR: 28.514652061380886
x0: 911.6469284715057
