alphaL: 1.887807126716724
alphaR: 2.3838063656805364
event_sum: 69.94244578666985
mean: 912.2247569853528
nL: 4.499998251279046
nR: 4.440195452906671
norm: 69.94244578666985
sigma: 46.44945124886151
sigmaL: 50.58415612234774
sigmaR: 28.362031400208792
widthL: 50.58415612234774
widthR: 28.362031400208792
x0: 912.2247569853528
