alphaL: 1.4774485181755972
alphaR: 2.130231962573228
event_sum: 1.1032757951252279
mean: 908.1508510385872
nL: 3.9817108955978275
nR: 3.9921639286092354
norm: 1.1032757951252279
sigma: 46.41968636364962
sigmaL: 42.51025166054089
sigmaR: 30.354967281978332
widthL: 42.51025166054089
widthR: 30.354967281978332
x0: 908.1508510385872
