alphaL: 1.476448500551444
alphaR: 2.1298557373577607
event_sum: 1.1032757951252279
mean: 908.1535357937976
nL: 3.9797388340959383
nR: 3.9928250202998057
norm: 1.1032757951252279
sigma: 46.41968636364962
sigmaL: 42.538285677080005
sigmaR: 30.37249365680113
widthL: 42.538285677080005
widthR: 30.37249365680113
x0: 908.1535357937976
