alphaL: 1.9040787933546839
alphaR: 2.3242147848283308
event_sum: 5.677229104272556
fraction: 0.9999747256340631
mean: 912.7557647381823
nL: 5.837261889888414
nR: 4.3365069815314214
norm: 5.676307326531969
sigma: 46.41968636364962
sigmaL: 56.138169876903945
sigmaR: 25.284168502371365
widthL: 56.138169876903945
widthR: 25.284168502371365
x0: 912.7557647381823
