alphaL: 1.728960478104899
alphaR: 2.4406538180995034
event_sum: 0.5673542082877248
mean: 911.185699946617
nL: 4.40704557665944
nR: 4.376446548502278
norm: 0.5673542082877248
sigma: 46.41968636364962
sigmaL: 53.778809254956556
sigmaR: 26.896933919148324
widthL: 53.778809254956556
widthR: 26.896933919148324
x0: 911.185699946617
