alphaL: 0.9532742264755459
alphaR: 1.2181069947225813
event_sum: 1.212759711496166
mean: 1349.840281441921
nL: 0.759993626873871
nR: 3.9559671129372727
norm: 1.212759711496166
sigma: 135.0
sigmaL: 138.302215758357
sigmaR: 57.534267319777605
widthL: 138.302215758357
widthR: 57.534267319777605
x0: 1349.840281441921
