alphaL: 1.3148643869338354
alphaR: 1.2836280031033878
event_sum: 0.889519163748878
mean: 1331.6960133037358
nL: 1.0837409064899282
nR: 3.4490173528781916
norm: 0.889519163748878
sigma: 135.0
sigmaL: 139.62018213898403
sigmaR: 70.06553034125355
widthL: 139.62018213898403
widthR: 70.06553034125355
x0: 1331.6960133037358
