alphaL: 1.0701692825921005
alphaR: 1.3393394112376866
event_sum: 12.303970220036238
fraction: 0.8800582780661921
mean: 1338.3237467850324
nL: 1.0246880666662612
nR: 4.478492409113775
norm: 10.742789401223574
sigma: 135.0
sigmaL: 135.0210621629259
sigmaR: 69.02789120768861
widthL: 135.0210621629259
widthR: 69.02789120768861
x0: 1338.3237467850324
