alphaL: 1.1589107064684248
alphaR: 1.0271564220446439
event_sum: 9.376973108669226
fraction: 0.9333736800161435
mean: 1337.097357199784
nL: 1.98503387260069
nR: 4.475263193291765
norm: 8.600364472153505
sigma: 135.0
sigmaL: 140.78199969855552
sigmaR: 59.759017259722796
widthL: 140.78199969855552
widthR: 59.759017259722796
x0: 1337.097357199784
