alphaL: 1.3237128406946301
alphaR: 1.194927952660052
event_sum: 0.9289127097552029
mean: 1332.7096055027814
nL: 0.8483251683796248
nR: 3.735661210694451
norm: 0.9289127097552029
sigma: 135.0
sigmaL: 136.85382957334906
sigmaR: 66.60301239813074
widthL: 136.85382957334906
widthR: 66.60301239813074
x0: 1332.7096055027814
