alphaL: 1.100463120084464
alphaR: 1.9056114823531158
event_sum: 1.1333646846547292
mean: 1326.9677186301617
nL: 0.6973727472866824
nR: 1.7882763996695585
norm: 1.1333646846547292
sigma: 135.0
sigmaL: 129.13989741182345
sigmaR: 81.2435449269393
widthL: 129.13989741182345
widthR: 81.2435449269393
x0: 1326.9677186301617
