alphaL: 1.1994445439776122
alphaR: 1.4816203080977457
event_sum: 5.900414188387688
fraction: 0.9663387893209555
mean: 1289.0681793332462
nL: 2.543792104399415
nR: 3.092652056924434
norm: 5.654544054129744
sigma: 72.8
sigmaL: 89.65580303008753
sigmaR: 57.2842833257616
widthL: 89.65580303008753
widthR: 57.2842833257616
x0: 1289.0681793332462
