alphaL: 0.9388162294450159
alphaR: 1.6101882137714147
event_sum: 0.7546968046759189
mean: 1294.54137253361
nL: 1.8544454997264703
nR: 1.95995464731229
norm: 0.7546968046759189
sigma: 72.8
sigmaL: 84.79353323662731
sigmaR: 57.28225969350103
widthL: 84.79353323662731
widthR: 57.28225969350103
x0: 1294.54137253361
