alphaL: 1.1436080807612226
alphaR: 1.3192694914542704
event_sum: 0.557611547909234
mean: 1296.4706327930971
nL: 3.1540240433559923
nR: 3.4896631920443055
norm: 0.557611547909234
sigma: 72.8
sigmaL: 90.58505956490983
sigmaR: 50.551139201629084
widthL: 90.58505956490983
widthR: 50.551139201629084
x0: 1296.4706327930971
