alphaL: 0.8815483728369428
alphaR: 1.5335752562080773
event_sum: 8.558142382852703
fraction: 0.9553000457938403
mean: 1289.1848818478754
nL: 2.8802540328678092
nR: 3.459756248709084
norm: 7.987866959660548
sigma: 72.8
sigmaL: 79.9236175026375
sigmaR: 60.57714758481587
widthL: 79.9236175026375
widthR: 60.57714758481587
x0: 1289.1848818478754
