alphaL: 1.0828431475822717
alphaR: 1.718531833368786
event_sum: 0.5416270086765987
mean: 1284.2276738093212
nL: 2.2636274705744706
nR: 2.136786145422071
norm: 0.5416270086765987
sigma: 72.8
sigmaL: 80.5667133352972
sigmaR: 61.22904188467854
widthL: 80.5667133352972
widthR: 61.22904188467854
x0: 1284.2276738093212
