alphaL: 0.8885319674401552
alphaR: 1.5522931626267722
event_sum: 0.7831432979936152
mean: 1289.5011190269283
nL: 2.6970174568053076
nR: 3.06735529074009
norm: 0.7831432979936152
sigma: 72.8
sigmaL: 79.50975667261382
sigmaR: 60.199223591602426
widthL: 79.50975667261382
widthR: 60.199223591602426
x0: 1289.5011190269283
