alphaL: 0.8268159800882412
alphaR: 1.394555731537939
event_sum: 17.66503796949024
mean: 1075.6949027117676
nL: 5.100200697940119
nR: 4.273247771376969
norm_2016: 4.318596014068494
norm_2017: 5.628195519967375
norm_2018: 8.019163735131299
norm_Run2: 17.66503796949024
sigma: 110.0
sigmaL: 80.56117354118166
sigmaR: 69.55228105579525
widthL: 80.56117354118166
widthR: 69.55228105579525
x0: 1075.6949027117676
