alphaL: 1.4179362052926694
alphaR: 1.7957706081620157
event_sum: 5.616622711834711
mean: 2450.1044539840586
nL: 4.50473737996197
nR: 3.9645698529411186
norm: 5.616622711834711
sigma: 112.29133711177025
sigmaL: 104.63968153559271
sigmaR: 56.35428672070698
widthL: 104.63968153559271
widthR: 56.35428672070698
x0: 2450.1044539840586
