alphaL: 1.0992373300745024
alphaR: 1.6195651545404204
event_sum: 12.243824576621533
fraction: 0.9982683109703201
mean: 2449.3210584344406
nL: 9.972366011639094
nR: 3.2640002350850157
norm: 12.199092627337803
sigma: 141.2697304640565
sigmaL: 95.71913257542592
sigmaR: 59.49667863060243
widthL: 95.71913257542592
widthR: 59.49667863060243
x0: 2449.3210584344406
