alphaL: 1.2297030368095136
alphaR: 2.1493621892718413
event_sum: 7.175561659640745
mean: 2444.6408956174137
nL: 4.938960041923923
nR: 2.8214150213518487
norm: 7.175561659640745
sigma: 112.29133711177025
sigmaL: 99.25144307630822
sigmaR: 56.0419057612225
widthL: 99.25144307630822
widthR: 56.0419057612225
x0: 2444.6408956174137
