alphaL: 1.2282998412250223
alphaR: 1.8318299413624775
event_sum: 1.215448402684146
mean: 2445.7826933083984
nL: 4.384628289928022
nR: 2.2595123717754455
norm: 1.215448402684146
sigma: 142.15631903988046
sigmaL: 94.76631742067862
sigmaR: 62.36692200829133
widthL: 94.76631742067862
widthR: 62.36692200829133
x0: 2445.7826933083984
