alphaL: 0.8316268609044346
alphaR: 2.0891668486233925
event_sum: 11.966598163485038
fraction: 0.9946997186498513
mean: 2442.588281151569
nL: 57.103209185436484
nR: 3.2598255331362087
norm: 5.597652310259073
sigma: 112.26607898594938
sigmaL: 77.45236226445915
sigmaR: 63.51566445090015
widthL: 77.45236226445915
widthR: 63.51566445090015
x0: 2442.588281151569
