alphaL: 1.203524762940668
alphaR: 1.9366229881559653
event_sum: 2.094239859401798
mean: 2448.030268604793
nL: 4.714118862672282
nR: 2.0763308657221753
norm: 2.094239859401798
sigma: 142.15631903988046
sigmaL: 97.52764648713415
sigmaR: 55.396874684780684
widthL: 97.52764648713415
widthR: 55.396874684780684
x0: 2448.030268604793
