alphaL: 1.4413898991673615
alphaR: 2.1099965505673595
event_sum: 7.212316771074064
mean: 2447.6658905466625
nL: 4.500635890085038
nR: 2.773287521581125
norm: 7.212316771074064
sigma: 112.29133711177025
sigmaL: 107.40004262636124
sigmaR: 54.531624776587186
widthL: 107.40004262636124
widthR: 54.531624776587186
x0: 2447.6658905466625
