alphaL: 1.3017329010231118
alphaR: 1.8619774477614688
event_sum: 2.1000480539104145
mean: 2452.1173875911186
nL: 4.492032551989637
nR: 2.184825625616501
norm: 2.1000480539104145
sigma: 142.15631903988046
sigmaL: 102.64980697188442
sigmaR: 52.83115269876016
widthL: 102.64980697188442
widthR: 52.83115269876016
x0: 2452.1173875911186
