alphaL: 1.0240632792469677
alphaR: 2.028478078205382
event_sum: 21.048121422726
fraction: 0.9970602237394244
mean: 2446.8088835365484
nL: 9.992155372081418
nR: 1.8369789765696651
norm: 21.01783972584562
sigma: 141.2697304640565
sigmaL: 91.59075586609181
sigmaR: 56.108243779986324
widthL: 91.59075586609181
widthR: 56.108243779986324
x0: 2446.8088835365484
