alphaL: 1.204875720242336
alphaR: 2.0670804550902346
event_sum: 5.592531762674376
mean: 2444.10272100095
nL: 4.67203125775571
nR: 2.8458624768623704
norm: 5.592531762674376
sigma: 112.29133711177025
sigmaL: 92.89676406884176
sigmaR: 59.657243586455344
widthL: 92.89676406884176
widthR: 59.657243586455344
x0: 2444.10272100095
