alphaL: 1.2217603616339103
alphaR: 2.0864631052336557
event_sum: 7.220584923473679
fraction: 0.9989981638353794
mean: 2443.916207923995
nL: 9.808504364998864
nR: 3.169296709444973
norm: 7.218488897287215
sigma: 112.21396780835191
sigmaL: 100.07210913053031
sigmaR: 56.76603271466482
widthL: 100.07210913053031
widthR: 56.76603271466482
x0: 2443.916207923995
