alphaL: 1.275325326086442
alphaR: 1.7134439248739681
event_sum: 1.2187198787617248
mean: 2448.4106715374833
nL: 4.414592125999829
nR: 2.8229382125289084
norm: 1.2187198787617248
sigma: 142.15631903988046
sigmaL: 97.85757336572655
sigmaR: 60.6181493220211
widthL: 97.85757336572655
widthR: 60.6181493220211
x0: 2448.4106715374833
