alphaL: 1.2217908925386334
alphaR: 1.9301287819547872
event_sum: 5.61581926798813
fraction: 0.9990719210529184
mean: 2446.624250415595
nL: 9.849287306092041
nR: 3.478878465324545
norm: 5.613640141219073
sigma: 112.21396780835191
sigmaL: 98.44271501336586
sigmaR: 58.63389824345378
widthL: 98.44271501336586
widthR: 58.63389824345378
x0: 2446.624250415595
