alphaL: 0.725473927604805
alphaR: 1.0751023884175561
event_sum: 0.7081130599502755
mean: 1655.3313030101442
nL: 1.008729416894408
nR: 2.978606041763878
norm: 0.7081130599502755
sigma: 165.0
sigmaL: 170.91303583319655
sigmaR: 63.52334860346117
widthL: 170.91303583319655
widthR: 63.52334860346117
x0: 1655.3313030101442
