alphaL: 0.9915227116148694
alphaR: 1.2750580985258713
event_sum: 0.6231425063838313
mean: 1628.9722304288757
nL: 0.9949049951037274
nR: 3.506951164337128
norm: 0.6231425063838313
sigma: 165.0
sigmaL: 135.3694556141824
sigmaR: 83.26629688150194
widthL: 135.3694556141824
widthR: 83.26629688150194
x0: 1628.9722304288757
