alphaL: 1.0976241390694785
alphaR: 1.3781433295134033
event_sum: 0.5865799408419928
mean: 1625.0038826844898
nL: 0.9765835702633966
nR: 3.1485385995171713
norm: 0.5865799408419928
sigma: 165.0
sigmaL: 139.61400003989158
sigmaR: 87.85765471716402
widthL: 139.61400003989158
widthR: 87.85765471716402
x0: 1625.0038826844898
