alphaL: 1.321428927716355
alphaR: 1.9705073454742057
event_sum: 0.6329068313644934
mean: 1612.035402502824
nL: 0.17517782492141862
nR: 1.5146927576190437
norm: 0.6329068313644934
sigma: 165.0
sigmaL: 159.46953416760147
sigmaR: 107.3078474627813
widthL: 159.46953416760147
widthR: 107.3078474627813
x0: 1612.035402502824
