alphaL: 1.1971848491884785
alphaR: 1.3169288068451392
event_sum: 7.895115458896609
fraction: 0.8113495006673738
mean: 1631.3249921314066
nL: 0.4
nR: 3.8669275501991223
norm: 5.900310432185161
sigma: 165.0
sigmaL: 164.61920134212195
sigmaR: 85.22009899147879
widthL: 164.61920134212195
widthR: 85.22009899147879
x0: 1631.3249921314066
