alphaL: 0.9626203761230778
alphaR: 1.2417017806331498
event_sum: 6.602936796082101
fraction: 0.8969627376521332
mean: 1632.382799923882
nL: 2.1082465955818885
nR: 3.385772240477049
norm: 5.592296218395771
sigma: 165.0
sigmaL: 143.21386679386598
sigmaR: 79.30969792655853
widthL: 143.21386679386598
widthR: 79.30969792655853
x0: 1632.382799923882
