alphaL: 0.9872777952728626
alphaR: 1.4496882739439527
event_sum: 24.770328386920376
mean: 1532.0234132682206
nL: 1.5297338413785133
nR: 4.377482266214685
norm_2016: 6.706145076885522
norm_2017: 7.675225895504652
norm_2018: 10.85186999917619
norm_Run2: 24.770328386920376
sigma: 86.80000000000001
sigmaL: 92.89211508338875
sigmaR: 73.7296352276616
widthL: 92.89211508338875
widthR: 73.7296352276616
x0: 1532.0234132682206
