alphaL: 0.8487191722715512
alphaR: 2.444092859157996
event_sum: 32.853497219011324
mean: 1548.3490277507592
nL: 63.42254902816629
nR: 1.4600390380420833
norm_2016: 8.39015500701654
norm_2017: 10.432965918974167
norm_2018: 14.859792578183624
norm_Run2: 32.853497219011324
sigma: 81.72780706591183
sigmaL: 55.973121535695306
sigmaR: 42.74279407100883
widthL: 55.973121535695306
widthR: 42.74279407100883
x0: 1548.3490277507592
