alphaL: 0.9674769854147387
alphaR: 1.9417636289794824
event_sum: 0.14007576490012605
mean: 3099.3527352733718
nL: 0.14275327410533695
nR: 1.7265200502772888
norm: 0.14007576490012605
sigma: 325.0
sigmaL: 248.5447324491072
sigmaR: 188.00528702811204
widthL: 248.5447324491072
widthR: 188.00528702811204
x0: 3099.3527352733718
