alphaL: 0.08795664825756179
alphaR: 1.086441605614697
event_sum: 0.10953645607021589
mean: 3284.2697251420227
nL: 0.9998021546546696
nR: 3.048665307163486
norm: 0.10953645607021589
sigma: 325.0
sigmaL: 989.0153190040928
sigmaR: 100.0992975300619
widthL: 989.0153190040928
widthR: 100.0992975300619
x0: 3284.2697251420227
