alphaL: 0.4546863346140629
alphaR: 0.9383012640253384
event_sum: 0.16905902842295017
mean: 3211.318932184318
nL: 0.999833267199965
nR: 2.9710586146626885
norm: 0.16905902842295017
sigma: 325.0
sigmaL: 504.3230701086048
sigmaR: 97.46284964201506
widthL: 504.3230701086048
widthR: 97.46284964201506
x0: 3211.318932184318
