alphaL: 0.988407375139099
alphaR: 0.329562636804715
event_sum: 4.51890934990017
fraction: 0.6581881913381188
mean: 3235.41975811582
nL: 0.4
nR: 4.4695814288959195
norm: 1.169827562289426
sigma: 325.0
sigmaL: 419.34412077461064
sigmaR: 32.31330440790088
widthL: 419.34412077461064
widthR: 32.31330440790088
x0: 3235.41975811582
