alphaL: 0.4
alphaR: 0.9845791070431135
event_sum: 6.529796249430976
fraction: 0.5538752897546055
mean: 3264.550693904284
nL: 0.4
nR: 4.128166650920634
norm: 0.6987044648616272
sigma: 325.0
sigmaL: 355.0467499600257
sigmaR: 78.94210604432895
widthL: 355.0467499600257
widthR: 78.94210604432895
x0: 3264.550693904284
