alphaL: 0.4777556170568735
alphaR: 0.8687867133558501
event_sum: 0.08352070868794674
mean: 3242.154542208917
nL: 0.1
nR: 2.640616545440565
norm: 0.08352070868794674
sigma: 325.0
sigmaL: 135.19418954560678
sigmaR: 81.6334977269392
widthL: 135.19418954560678
widthR: 81.6334977269392
x0: 3242.154542208917
