alphaL: 1.4978718839740315
alphaR: 1.5476066472391024
event_sum: 11.299396239637273
mean: 799.7630657802109
nL: 2.7078628432577396
nR: 2.3402548461266424
norm: 11.299396239637273
sigma: 60.11077567139245
sigmaL: 62.72024879760076
sigmaR: 38.633112628276834
widthL: 62.72024879760076
widthR: 38.633112628276834
x0: 799.7630657802109
