alphaL: 1.536390983468971
alphaR: 1.647936418727914
event_sum: 1.7096660424700278
mean: 798.9282189649227
nL: 1.9336325754894834
nR: 1.8827183886920527
norm: 1.7096660424700278
sigma: 60.138904725108674
sigmaL: 62.7265304966055
sigmaR: 39.5060222300726
widthL: 62.7265304966055
widthR: 39.5060222300726
x0: 798.9282189649227
