alphaL: 1.4545152576114573
alphaR: 1.518651973673645
event_sum: 26.07574074041455
mean: 802.1774058834699
nL: 2.89712533362493
nR: 2.870265729927252
norm: 26.07574074041455
sigma: 60.11077567139245
sigmaL: 60.094808340797925
sigmaR: 38.867858098051634
widthL: 60.094808340797925
widthR: 38.867858098051634
x0: 802.1774058834699
