alphaL: 1.4622442433222316
alphaR: 1.516071404943057
event_sum: 29.04859893330005
mean: 800.7047531814344
nL: 2.9411098392362978
nR: 2.820430297262313
norm: 29.04859893330005
sigma: 60
sigmaL: 61.45087102005324
sigmaR: 38.82999648601639
widthL: 61.45087102005324
widthR: 38.82999648601639
x0: 800.7047531814344
