alphaL: 1.5159197581968695
alphaR: 1.4159178707338755
event_sum: 12.290486129740264
mean: 805.4894100799795
nL: 2.6864634855278333
nR: 2.857247287011464
norm: 12.290486129740264
sigma: 60
sigmaL: 59.534808820322446
sigmaR: 36.613524975023765
widthL: 59.534808820322446
widthR: 36.613524975023765
x0: 805.4894100799795
