alphaL: 1.5262524794826797
alphaR: 1.729423583679227
event_sum: 3.943566348046562
mean: 801.3583489704828
nL: 1.7377811771505007
nR: 1.824815185435616
norm: 3.943566348046562
sigma: 60.138904725108674
sigmaL: 59.90894079761687
sigmaR: 40.1427763340713
widthL: 59.90894079761687
widthR: 40.1427763340713
x0: 801.3583489704828
