alphaL: 1.5173652645523132
alphaR: 1.488278044236031
event_sum: 3.943566348046562
mean: 802.5297049407963
nL: 2.1357504874663578
nR: 2.876305583439792
norm: 3.943566348046562
sigma: 60.138904725108674
sigmaL: 60.660800967604885
sigmaR: 38.56688272944473
widthL: 60.660800967604885
widthR: 38.56688272944473
x0: 802.5297049407963
