alphaL: 1.518857396297957
alphaR: 1.5298216693555957
event_sum: 11.299396239637273
mean: 799.8893844735669
nL: 2.990441766290863
nR: 2.5122196282862976
norm: 11.299396239637273
sigma: 60.110930119678166
sigmaL: 62.90624192175022
sigmaR: 38.42625556264092
widthL: 62.90624192175022
widthR: 38.42625556264092
x0: 799.8893844735669
