alphaL: 1.4404709713616954
alphaR: 1.5282861240220098
event_sum: 26.07574074041455
mean: 802.1255055609803
nL: 2.94272891568311
nR: 2.8627425321018483
norm: 26.07574074041455
sigma: 60
sigmaL: 59.88917005347885
sigmaR: 38.86658307343768
widthL: 59.88917005347885
widthR: 38.86658307343768
x0: 802.1255055609803
