alphaL: 1.8474570469921086
alphaR: 1.525743336891874
event_sum: 20.419266993564868
mean: 804.9599410472388
nL: 2.999996360326017
nR: 2.9985181324691945
norm: 20.419266993564868
sigma: 88
sigmaL: 66.79535827585907
sigmaR: 38.04446459674194
widthL: 66.79535827585907
widthR: 38.04446459674194
x0: 804.9599410472388
