alphaL: 1.7802089350063335
alphaR: 1.6065141210982836
event_sum: 28.876934589487085
mean: 800.6359098645105
nL: 0.2001032835021137
nR: 2.9448659787600766
norm: 28.876934589487085
sigma: 60
sigmaL: 62.50096931915205
sigmaR: 39.95947196083509
widthL: 62.50096931915205
widthR: 39.95947196083509
x0: 800.6359098645105
