alphaL: 4.897777810585963
alphaR: 1.444720194487457
event_sum: 12.235845305178207
mean: 808.3735016029542
nL: 2.410945617643677
nR: 2.999783300289802
norm: 12.235845305178207
sigma: 60
sigmaL: 65.5426365167512
sigmaR: 35.678449880281136
widthL: 65.5426365167512
widthR: 35.678449880281136
x0: 808.3735016029542
