alphaL: 1.544714942468637
alphaR: 1.6651196806326458
event_sum: 1.7096660424700278
mean: 798.9017215323565
nL: 1.8314047593780571
nR: 1.7836179448393414
norm: 1.7096660424700278
sigma: 60.138904725108674
sigmaL: 62.77201117480216
sigmaR: 39.571888675386376
widthL: 62.77201117480216
widthR: 39.571888675386376
x0: 798.9017215323565
