alphaL: 1.4800044756517161
alphaR: 1.5073585910969594
event_sum: 26.07574074041455
mean: 803.0549695092213
nL: 2.9923705438605563
nR: 2.9735794668020494
norm: 26.07574074041455
sigma: 60.110930119678166
sigmaL: 61.16834816359546
sigmaR: 38.325872813050566
widthL: 61.16834816359546
widthR: 38.325872813050566
x0: 803.0549695092213
