alphaL: 1.235920801298022
alphaR: 1.4598300299665141
event_sum: 13.184786190395243
mean: 798.1338995999106
nL: 4.409105390896762
nR: 3.321077016539221
norm: 13.184786190395243
sigma: 44.800000000000004
sigmaL: 58.85298039083076
sigmaR: 38.804585329730315
widthL: 58.85298039083076
widthR: 38.804585329730315
x0: 798.1338995999106
