alphaL: 1.0919615803132736
alphaR: 1.443561688740356
event_sum: 13.10536212590523
fraction: 0.9935668946990004
mean: 798.0503938312087
nL: 19.931932076554038
nR: 3.4147919862548655
norm: 13.02064222219633
sigma: 44.800000000000004
sigmaL: 57.558248508820824
sigmaR: 38.69433963203075
widthL: 57.558248508820824
widthR: 38.69433963203075
x0: 798.0503938312087
