alphaL: 1.2958504139249676
alphaR: 1.468103087374197
event_sum: 13.10536212590523
fraction: 0.9933035261110087
mean: 798.753564559986
nL: 2.7504910286393174
nR: 3.1022037938389966
norm: 13.035313496890012
sigma: 44.800000000000004
sigmaL: 59.057649350029514
sigmaR: 38.349548741026794
widthL: 59.057649350029514
widthR: 38.349548741026794
x0: 798.753564559986
