alphaL: 1.2456346470358
alphaR: 1.4753653648278313
event_sum: 30.16011660086224
mean: 800.0291219876012
nL: 4.489329748961484
nR: 3.9440898768787815
norm: 30.16011660086224
sigma: 44.800000000000004
sigmaL: 56.76309087175799
sigmaR: 40.500667027530454
widthL: 56.76309087175799
widthR: 40.500667027530454
x0: 800.0291219876012
