alphaL: 1.2846848984632253
alphaR: 1.7801828580793586
event_sum: 2.984358225156029
mean: 798.6087966379409
nL: 2.369396340467093
nR: 1.9952641236761186
norm: 2.984358225156029
sigma: 44.800000000000004
sigmaL: 55.4887573999586
sigmaR: 42.84018337838253
widthL: 55.4887573999586
widthR: 42.84018337838253
x0: 798.6087966379409
