alphaL: 0.9777320416113796
alphaR: 1.4174670793376731
event_sum: 1.3184787503014377
mean: 797.798010530065
nL: 4.458731178310576
nR: 3.4384945465919623
norm: 1.3184787503014377
sigma: 44.800000000000004
sigmaL: 52.70791432815006
sigmaR: 37.28421524256668
widthL: 52.70791432815006
widthR: 37.28421524256668
x0: 797.798010530065
