alphaL: 1.147824980803953
alphaR: 1.6614538602181552
event_sum: 1.3132606806029798
mean: 796.4564269635235
nL: 2.6287445567590533
nR: 1.9745942271228643
norm: 1.3132606806029798
sigma: 44.800000000000004
sigmaL: 56.256470590127684
sigmaR: 40.98115136548072
widthL: 56.256470590127684
widthR: 40.98115136548072
x0: 796.4564269635235
