alphaL: 1.1541488468613017
alphaR: 1.5571904830318972
event_sum: 2.99664711864898
mean: 799.5679616572252
nL: 4.452810637903534
nR: 3.7953467048927627
norm: 2.99664711864898
sigma: 44.800000000000004
sigmaL: 54.20406854196972
sigmaR: 41.1274854836236
widthL: 54.20406854196972
widthR: 41.1274854836236
x0: 799.5679616572252
