alphaL: 0.9026768980076741
alphaR: 1.5914814624082172
event_sum: 1.2527048336705775
mean: 796.6387893148438
nL: 2.1208950617415594
nR: 1.8308455316560732
norm: 1.2527048336705775
sigma: 40.70385097060005
sigmaL: 50.16876236130783
sigmaR: 39.26075657989446
widthL: 50.16876236130783
widthR: 39.26075657989446
x0: 796.6387893148438
