alphaL: 1.281171568426232
alphaR: 1.455781651871124
event_sum: 13.300710891606286
mean: 799.0164796853263
nL: 3.6490630357566127
nR: 3.131769055301077
norm: 13.300710891606286
sigma: 44.800000000000004
sigmaL: 59.837791481629566
sigmaR: 38.1107506880882
widthL: 59.837791481629566
widthR: 38.1107506880882
x0: 799.0164796853263
