alphaL: 1.257853246084955
alphaR: 1.4736467961632391
event_sum: 13.300710891606286
mean: 798.4071921672277
nL: 4.408163090872952
nR: 3.13816039214725
norm: 13.300710891606286
sigma: 44.800000000000004
sigmaL: 59.508893237479406
sigmaR: 38.751681670844754
widthL: 59.508893237479406
widthR: 38.751681670844754
x0: 798.4071921672277
