alphaL: 1.1538467591129127
alphaR: 1.5570964561124634
event_sum: 2.99664711864898
mean: 799.5677842146285
nL: 4.452101299107691
nR: 3.7940407312686037
norm: 2.99664711864898
sigma: 44.800000000000004
sigmaL: 54.193667594182706
sigmaR: 41.118362885093426
widthL: 54.193667594182706
widthR: 41.118362885093426
x0: 799.5677842146285
