alphaL: 1.1513896467121094
alphaR: 1.3981346914310675
event_sum: 29.694302471878473
fraction: 0.9961507557156648
mean: 800.9209922534707
nL: 18.819944806305603
nR: 4.614289432625437
norm: 29.548911282850895
sigma: 44.800000000000004
sigmaL: 57.11062538675031
sigmaR: 39.42148988927601
widthL: 57.11062538675031
widthR: 39.42148988927601
x0: 800.9209922534707
