alphaL: 1.1396097210728218
alphaR: 1.7593668127762907
event_sum: 2.858442922923132
mean: 797.3955200188599
nL: 2.793461372398005
nR: 2.104495553883681
norm: 2.858442922923132
sigma: 40.70385097060005
sigmaL: 52.93407689214592
sigmaR: 43.51444931128405
widthL: 52.93407689214592
widthR: 43.51444931128405
x0: 797.3955200188599
