alphaL: 1.1596881654660887
alphaR: 1.524258887488005
event_sum: 29.694302471878473
fraction: 0.9956977616731427
mean: 798.770245091695
nL: 6.95490702346873
nR: 3.7628572880204088
norm: 29.575547319836915
sigma: 44.800000000000004
sigmaL: 55.1235351738665
sigmaR: 41.5421349398662
widthL: 55.1235351738665
widthR: 41.5421349398662
x0: 798.770245091695
