alphaL: 1.2073790555180164
alphaR: 1.5292516781913532
event_sum: 30.16011660086224
mean: 798.768620796912
nL: 4.482984103973691
nR: 3.7135867520037675
norm: 30.16011660086224
sigma: 44.800000000000004
sigmaL: 55.296976252118746
sigmaR: 41.53022226069487
widthL: 55.296976252118746
widthR: 41.53022226069487
x0: 798.768620796912
