alphaL: 0.9786696657561433
alphaR: 1.4181704608152925
event_sum: 1.3184787503014377
mean: 797.7776252742286
nL: 4.469829100645076
nR: 3.439944412898974
norm: 1.3184787503014377
sigma: 44.800000000000004
sigmaL: 52.72020687734328
sigmaR: 37.29615889804725
widthL: 52.72020687734328
widthR: 37.29615889804725
x0: 797.7776252742286
