alphaL: 1.2221852851062147
alphaR: 1.4664954954973397
event_sum: 29.966468269296456
mean: 799.3258192450244
nL: 4.489665497576094
nR: 4.3373061064185015
norm: 29.966468269296456
sigma: 44.800000000000004
sigmaL: 56.01242328849931
sigmaR: 41.06023340678832
widthL: 56.01242328849931
widthR: 41.06023340678832
x0: 799.3258192450244
