alphaL: 0.9919814261752348
alphaR: 1.9517780360062948
event_sum: 0.15365563701504706
mean: 3056.7242788326243
nL: 0.14372687629933917
nR: 1.7739392778214769
norm: 0.15365563701504706
sigma: 320.0
sigmaL: 248.56514528961475
sigmaR: 186.64471719334793
widthL: 248.56514528961475
widthR: 186.64471719334793
x0: 3056.7242788326243
