alphaL: 0.08789049375845151
alphaR: 1.064834773332268
event_sum: 0.11946481778180698
mean: 3233.1558457236033
nL: 0.9998197607107294
nR: 3.0856818475920553
norm: 0.11946481778180698
sigma: 320.0
sigmaL: 966.2757217720333
sigmaR: 99.81981747574427
widthL: 966.2757217720333
widthR: 99.81981747574427
x0: 3233.1558457236033
