alphaL: 0.4
alphaR: 0.9119559529907159
event_sum: 6.578764622207149
fraction: 0.559589605729852
mean: 3208.6472330029083
nL: 0.4
nR: 4.26896542324216
norm: 0.7669755438293708
sigma: 320.0
sigmaL: 316.51396076258897
sigmaR: 76.89299589281056
widthL: 316.51396076258897
widthR: 76.89299589281056
x0: 3208.6472330029083
