alphaL: 0.49579532658741976
alphaR: 0.9545685168711671
event_sum: 0.18400958733569783
mean: 3164.6446277207583
nL: 0.9998516729821555
nR: 2.8550804466670567
norm: 0.18400958733569783
sigma: 320.0
sigmaL: 474.8452241896027
sigmaR: 94.37071244116989
widthL: 474.8452241896027
widthR: 94.37071244116989
x0: 3164.6446277207583
