alphaL: 0.48935798749550113
alphaR: 0.8753163265438766
event_sum: 0.09113269773611053
mean: 3185.434943814142
nL: 0.1
nR: 2.6722731833919227
norm: 0.09113269773611053
sigma: 320.0
sigmaL: 123.36978698415524
sigmaR: 85.44213486481188
widthL: 123.36978698415524
widthR: 85.44213486481188
x0: 3185.434943814142
