alphaL: 1.0031178364210263
alphaR: 0.3414073789823884
event_sum: 4.645974794121199
fraction: 0.6638723502123158
mean: 3186.3488293917903
nL: 0.4
nR: 4.5
norm: 1.301384714949544
sigma: 320.0
sigmaL: 401.0374149578353
sigmaR: 33.28341495600841
widthL: 401.0374149578353
widthR: 33.28341495600841
x0: 3186.3488293917903
