alphaL: 1.3922665381544077
alphaR: 1.3807575666946335
event_sum: 0.7935785237350501
mean: 1992.1340729198027
nL: 0.20113943697696648
nR: 1.8532312275667824
norm: 0.7935785237350501
sigma: 108.61576865667557
sigmaL: 150.38473762629567
sigmaR: 66.79387933022282
widthL: 150.38473762629567
widthR: 66.79387933022282
x0: 1992.1340729198027
