alphaL: 1.199965126559702
alphaR: 1.251936462039015
event_sum: 0.6769100161618553
mean: 1974.1008193833427
nL: 1.0003473850449152
nR: 4.193856379052293
norm: 0.6769100161618553
sigma: 112.0
sigmaL: 144.24670897478975
sigmaR: 84.44855469118073
widthL: 144.24670897478975
widthR: 84.44855469118073
x0: 1974.1008193833427
