alphaL: 0.8938343896225163
alphaR: 1.8049632420618422
event_sum: 0.644003514025826
mean: 1964.8509808208091
nL: 3.0277631202013655
nR: 1.69937203594583
norm: 0.644003514025826
sigma: 112.0
sigmaL: 130.86713964327342
sigmaR: 99.98556638223911
widthL: 130.86713964327342
widthR: 99.98556638223911
x0: 1964.8509808208091
