alphaL: 0.9169102828056905
alphaR: 1.289142561249056
event_sum: 10.864130777539685
mean: 1980.5264374319045
nL: 2.055629183316342
nR: 4.200249038253949
norm: 10.864130777539685
sigma: 112.0
sigmaL: 118.39686875586644
sigmaR: 73.85400721405426
widthL: 118.39686875586644
widthR: 73.85400721405426
x0: 1980.5264374319045
