alphaL: 1.1743148778795403
alphaR: 2.135225021802554
event_sum: 0.6769100161618553
mean: 1955.6458729855806
nL: 1.0002545669266394
nR: 4.241932981454773
norm: 0.6769100161618553
sigma: 112.0
sigmaL: 140.70434692794353
sigmaR: 115.92777155642547
widthL: 140.70434692794353
widthR: 115.92777155642547
x0: 1955.6458729855806
