alphaL: 0.9156006036633625
alphaR: 1.629590198775896
event_sum: 0.8853178630233742
mean: 1964.7373948628783
nL: 3.893747590219504
nR: 3.3771475963635424
norm: 0.8853178630233742
sigma: 112.0
sigmaL: 126.5191482325497
sigmaR: 94.25071791071495
widthL: 126.5191482325497
widthR: 94.25071791071495
x0: 1964.7373948628783
