alphaL: 1.2563509831830766
alphaR: 1.9231012661900473
event_sum: 0.5951423441874795
mean: 1962.6109110492037
nL: 0.2000770702474131
nR: 2.0765403961752327
norm: 0.5951423441874795
sigma: 108.61576865667557
sigmaL: 135.46227099300015
sigmaR: 106.0176355129731
widthL: 135.46227099300015
widthR: 106.0176355129731
x0: 1962.6109110492037
