alphaL: 0.9974675460039174
alphaR: 1.4729070430099815
event_sum: 0.848921277327463
mean: 1988.653620262919
nL: 2.582444352422352
nR: 2.318413554714886
norm: 0.848921277327463
sigma: 112.0
sigmaL: 137.938990756562
sigmaR: 73.56605969914212
widthL: 137.938990756562
widthR: 73.56605969914212
x0: 1988.653620262919
