alphaL: 0.8559380344489246
alphaR: 1.5172533055804458
event_sum: 0.8853178630233742
mean: 1974.1805139098908
nL: 2.6003889777274036
nR: 3.3493927817255735
norm: 0.8853178630233742
sigma: 112.0
sigmaL: 115.16025206790748
sigmaR: 84.61892874485603
widthL: 115.16025206790748
widthR: 84.61892874485603
x0: 1974.1805139098908
