alphaL: 0.9422047910269475
alphaR: 1.319060198508078
event_sum: 10.864130777539685
fraction: 0.9239416596563294
mean: 1981.100859724312
nL: 1.972569748258406
nR: 3.8072870359903654
norm: 9.129060786450282
sigma: 112.0
sigmaL: 121.64006841416311
sigmaR: 74.43199312493839
widthL: 121.64006841416311
widthR: 74.43199312493839
x0: 1981.100859724312
