alphaL: 1.1995591941635024
alphaR: 1.3391941102671263
event_sum: 10.092988559277728
fraction: 0.8684850947546476
mean: 1977.475809625824
nL: 0.8579935613168104
nR: 4.224683399127284
norm: 7.041658574948087
sigma: 112.0
sigmaL: 145.48374141789725
sigmaR: 85.47324222591713
widthL: 145.48374141789725
widthR: 85.47324222591713
x0: 1977.475809625824
