alphaL: 1.1186517095714255
alphaR: 1.4083970930301195
event_sum: 10.092988559277728
mean: 1970.8724021082585
nL: 1.0840066060687363
nR: 4.49922441419015
norm: 10.092988559277728
sigma: 112.0
sigmaL: 138.53393737564872
sigmaR: 91.2740401030385
widthL: 138.53393737564872
widthR: 91.2740401030385
x0: 1970.8724021082585
