alphaL: 1.4355930519302964
alphaR: 2.512249488923549
event_sum: 13.192263704375364
mean: 1596.9134097623555
nL: 4.499915452475241
nR: 1.6959622601479871
norm: 13.192263704375364
sigma: 76.20806958513185
sigmaL: 70.4633542114544
sigmaR: 41.71837491341644
widthL: 70.4633542114544
widthR: 41.71837491341644
x0: 1596.9134097623555
