alphaL: 1.4914276158899893
alphaR: 2.474174852025009
event_sum: 13.192263704375364
mean: 1596.8551513846412
nL: 3.9635218238704044
nR: 1.890859762377632
norm: 13.192263704375364
sigma: 76.20806958513185
sigmaL: 71.16126299590196
sigmaR: 41.66607239653972
widthL: 71.16126299590196
widthR: 41.66607239653972
x0: 1596.8551513846412
