alphaL: 1.1040594560357817
alphaR: 1.7821585317850857
event_sum: 9.365562678547576
fraction: 0.997312510118126
mean: 1605.6473163461446
nL: 9.952603857543691
nR: 2.5745317513617336
norm: 9.352476236759685
sigma: 86.7070391087178
sigmaL: 65.58406610716622
sigmaR: 39.77894425255744
widthL: 65.58406610716622
widthR: 39.77894425255744
x0: 1605.6473163461446
