alphaL: 1.442011471295314
alphaR: 1.5097606026295762
event_sum: 0.9378913312175428
mean: 1610.452502627174
nL: 3.8262242271267928
nR: 3.4328587862840765
norm: 0.9378913312175428
sigma: 86.64225812243832
sigmaL: 74.89867083445793
sigmaR: 36.06085366094929
widthL: 74.89867083445793
widthR: 36.06085366094929
x0: 1610.452502627174
