alphaL: 2.9443321788352526
alphaR: 2.323888565522761
event_sum: 8.688583837938495
fraction: 0.9950616683124853
mean: 1618.0500525683183
nL: 9.07244283970242
nR: 1.187294088457823
norm: 8.675431508105248
sigma: 86.7070391087178
sigmaL: 104.95761176056159
sigmaR: 33.180683962751075
widthL: 104.95761176056159
widthR: 33.180683962751075
x0: 1618.0500525683183
