alphaL: 1.4460765305209777
alphaR: 1.842377159622759
event_sum: 0.9398116315715015
mean: 1609.1930905064694
nL: 3.183907433546112
nR: 2.15444081325103
norm: 0.9398116315715015
sigma: 86.50451371107921
sigmaL: 73.49076781621267
sigmaR: 38.29061779318261
widthL: 73.49076781621267
widthR: 38.29061779318261
x0: 1609.1930905064694
