alphaL: 1.4423108445716242
alphaR: 2.3691796701875343
event_sum: 18.760948133654892
mean: 1601.3737013653222
nL: 3.9999401851690064
nR: 1.8050947232633154
norm: 18.760948133654892
sigma: 76.20806958513185
sigmaL: 68.8711774879334
sigmaR: 42.9129742694393
widthL: 68.8711774879334
widthR: 42.9129742694393
x0: 1601.3737013653222
