alphaL: 1.544602707341925
alphaR: 2.20299173465111
event_sum: 18.793186130351387
mean: 1603.035213416705
nL: 4.499711015424317
nR: 2.505193466575027
norm: 18.793186130351387
sigma: 76.22545997841242
sigmaL: 72.15086877916816
sigmaR: 41.99548227884146
widthL: 72.15086877916816
widthR: 41.99548227884146
x0: 1603.035213416705
