alphaL: 1.4493297825414588
alphaR: 2.138249732212971
event_sum: 8.734263182850555
mean: 1603.011692471074
nL: 4.4969755852186895
nR: 1.975563167384395
norm: 8.734263182850555
sigma: 86.64225812243832
sigmaL: 75.28664173856792
sigmaR: 39.83541785127769
widthL: 75.28664173856792
widthR: 39.83541785127769
x0: 1603.011692471074
