alphaL: 1.170290108370074
alphaR: 2.2453025924043253
event_sum: 17.955109051894397
fraction: 0.9986388158699017
mean: 1598.1968647565411
nL: 9.988581971529728
nR: 2.4610610166564544
norm: 17.944194269017316
sigma: 76.13132105500628
sigmaL: 63.24963086559677
sigmaR: 44.43250894626781
widthL: 63.24963086559677
widthR: 44.43250894626781
x0: 1598.1968647565411
