alphaL: 1.3890278268252474
alphaR: 2.368923823330841
event_sum: 18.760948133654892
mean: 1600.6507089620222
nL: 4.499795197887984
nR: 1.8384733448503172
norm: 18.760948133654892
sigma: 76.20806958513185
sigmaL: 67.70799726595709
sigmaR: 43.28948956587464
widthL: 67.70799726595709
widthR: 43.28948956587464
x0: 1600.6507089620222
