alphaL: 1.2101562378257424
alphaR: 2.3711817955176926
event_sum: 18.69610323442612
mean: 1598.8326486574047
nL: 4.927585475138988
nR: 1.8235446374519562
norm: 18.69610323442612
sigma: 76.20806958513185
sigmaL: 63.32233086361277
sigmaR: 44.06662957940225
widthL: 63.32233086361277
widthR: 44.06662957940225
x0: 1598.8326486574047
