alphaL: 1.3945667548044605
alphaR: 2.205821592645573
event_sum: 0.8735235792992171
mean: 1603.5322586130405
nL: 3.285836436133318
nR: 1.9430951543636992
norm: 0.8735235792992171
sigma: 86.50451371107921
sigmaL: 73.09779573280882
sigmaR: 39.61866045656307
widthL: 73.09779573280882
widthR: 39.61866045656307
x0: 1603.5322586130405
