alphaL: 1.2290770043474712
alphaR: 2.5698258267051495
event_sum: 12.569680810789578
fraction: 0.9981326609131249
mean: 1595.1874198798023
nL: 9.999638625537331
nR: 1.671034720715172
norm: 12.564707114477642
sigma: 76.13132105500628
sigmaL: 66.91709616502601
sigmaR: 42.19486183956561
widthL: 66.91709616502601
widthR: 42.19486183956561
x0: 1595.1874198798023
