alphaL: 1.4599923349262969
alphaR: 1.7129283123378123
event_sum: 9.405151444138028
mean: 1610.16144156003
nL: 4.492179865199233
nR: 2.497041000869437
norm: 9.405151444138028
sigma: 86.64225812243832
sigmaL: 74.82647453305633
sigmaR: 37.109311785464016
widthL: 74.82647453305633
widthR: 37.109311785464016
x0: 1610.16144156003
