alphaL: 1.3430157785000192
alphaR: 2.255086085087401
event_sum: 0.8678740939576528
mean: 1601.401241264036
nL: 3.884675593956193
nR: 1.711279079191492
norm: 0.8678740939576528
sigma: 86.64225812243832
sigmaL: 72.05829625961023
sigmaR: 40.98789448746038
widthL: 72.05829625961023
widthR: 40.98789448746038
x0: 1601.401241264036
