alphaL: 1.3198745925679347
alphaR: 2.0803472635952374
event_sum: 0.8710022252125782
mean: 1597.031150593516
nL: 3.680721593029472
nR: 3.9381002850886415
norm: 0.8710022252125782
sigma: 86.64225812243832
sigmaL: 67.55685923678601
sigmaR: 43.33494848220352
widthL: 67.55685923678601
widthR: 43.33494848220352
x0: 1597.031150593516
