alphaL: 1.3261019449727656
alphaR: 1.904611942262003
event_sum: 0.9350644345613546
mean: 1606.3097665284931
nL: 3.2533301693538075
nR: 2.0193542861112923
norm: 0.9350644345613546
sigma: 86.64225812243832
sigmaL: 69.75944749200838
sigmaR: 40.387218655346345
widthL: 69.75944749200838
widthR: 40.387218655346345
x0: 1606.3097665284931
