alphaL: 1.2231241627536678
alphaR: 2.560534106992152
event_sum: 13.141972980112769
mean: 1594.504400580701
nL: 4.85262001951789
nR: 1.7265061607189693
norm: 13.141972980112769
sigma: 76.20806958513185
sigmaL: 64.51709623370974
sigmaR: 42.74390911709377
widthL: 64.51709623370974
widthR: 42.74390911709377
x0: 1594.504400580701
