alphaL: 1.3716679064443567
alphaR: 2.467717544230863
event_sum: 18.760948133654892
mean: 1600.2949061409765
nL: 4.499993110650665
nR: 1.5078174139956164
norm: 18.760948133654892
sigma: 76.20806958513185
sigmaL: 67.1018607495576
sigmaR: 43.48449025698595
widthL: 67.1018607495576
widthR: 43.48449025698595
x0: 1600.2949061409765
