alphaL: 1.4450952723052772
alphaR: 1.5121844168235257
event_sum: 0.9378913312175428
mean: 1610.467006814545
nL: 3.840168465710142
nR: 3.4337461380633547
norm: 0.9378913312175428
sigma: 86.64225812243832
sigmaL: 74.96745558640443
sigmaR: 36.1266495519832
widthL: 74.96745558640443
widthR: 36.1266495519832
x0: 1610.467006814545
