alphaL: 1.300799981579131
alphaR: 2.001504250260881
event_sum: 0.8710022252125782
mean: 1599.730824292329
nL: 4.4313025294501776
nR: 4.1178341102555684
norm: 0.8710022252125782
sigma: 86.64225812243832
sigmaL: 69.59079634688396
sigmaR: 42.45767764829996
widthL: 69.59079634688396
widthR: 42.45767764829996
x0: 1599.730824292329
