alphaL: 1.4352027838328076
alphaR: 2.5111805220742656
event_sum: 13.192263704375364
mean: 1596.9435164575355
nL: 4.499426037505745
nR: 1.6996726829708908
norm: 13.192263704375364
sigma: 76.20806958513185
sigmaL: 70.46865291066675
sigmaR: 41.70834190093724
widthL: 70.46865291066675
widthR: 41.70834190093724
x0: 1596.9435164575355
