alphaL: 1.5985466540534987
alphaR: 2.47556924436838
event_sum: 13.229291731142439
mean: 1599.1496246225136
nL: 4.4998956844205535
nR: 1.74758246859263
norm: 13.229291731142439
sigma: 76.22545997841242
sigmaL: 75.02790825902733
sigmaR: 40.76554673139868
widthL: 75.02790825902733
widthR: 40.76554673139868
x0: 1599.1496246225136
