alphaL: 0.9921173838542382
alphaR: 1.7120510557789863
event_sum: 0.5051388681749795
mean: 1877.8579705459792
nL: 1.950043515895375
nR: 1.67091839645109
norm: 0.5051388681749795
sigma: 106.39999999999999
sigmaL: 124.97882549891739
sigmaR: 80.69325362460441
widthL: 124.97882549891739
widthR: 80.69325362460441
x0: 1877.8579705459792
