alphaL: 0.9874574385952936
alphaR: 1.560963195800737
event_sum: 5.944133711189513
fraction: 0.9197912846836369
mean: 1869.851683760097
nL: 1.6043208827964264
nR: 3.276736744768771
norm: 5.122760536277209
sigma: 106.39999999999999
sigmaL: 114.09712068867812
sigmaR: 86.81068557823957
widthL: 114.09712068867812
widthR: 86.81068557823957
x0: 1869.851683760097
