alphaL: 1.003211684512004
alphaR: 1.4195813668768034
event_sum: 0.5260770518490258
mean: 1870.7335293524
nL: 1.512462482936063
nR: 4.189299832184065
norm: 0.5260770518490258
sigma: 106.39999999999999
sigmaL: 115.7095326701804
sigmaR: 84.62479014025561
widthL: 115.7095326701804
widthR: 84.62479014025561
x0: 1870.7335293524
