alphaL: 1.031333383522855
alphaR: 1.5263252515623107
event_sum: 6.3756953458138055
fraction: 0.8851956744721481
mean: 1876.9873942098773
nL: 1.098067643747432
nR: 3.5494355968535833
norm: 4.7934666398615215
sigma: 106.39999999999999
sigmaL: 116.09018207078782
sigmaR: 85.93814034497088
widthL: 116.09018207078782
widthR: 85.93814034497088
x0: 1876.9873942098773
