alphaL: 0.8041122212703843
alphaR: 1.7665353898655307
event_sum: 0.46325380820375694
mean: 1880.0967541758623
nL: 1.900607452301245
nR: 1.7372863373296457
norm: 0.46325380820375694
sigma: 106.39999999999999
sigmaL: 107.5456720738556
sigmaR: 85.76501226385152
widthL: 107.5456720738556
widthR: 85.76501226385152
x0: 1880.0967541758623
