alphaL: 1.1400897043604472
alphaR: 1.2757708347367118
event_sum: 0.4858455346364081
mean: 1892.8085850673415
nL: 0.9680375769636799
nR: 4.08804080118693
norm: 0.4858455346364081
sigma: 106.39999999999999
sigmaL: 129.30390941996683
sigmaR: 70.28828596192855
widthL: 129.30390941996683
widthR: 70.28828596192855
x0: 1892.8085850673415
