alphaL: 1.049160029080989
alphaR: 2.490731257256041
event_sum: 61.97223242870592
mean: 1351.4639596576442
nL: 117.89163306074079
nR: 2.6156305079669613
norm_2016: 16.434292377793856
norm_2017: 20.334171084705144
norm_2018: 29.727132559457544
norm_Run2: 61.97223242870592
sigma: 65.46945728176867
sigmaL: 58.22729946437108
sigmaR: 37.10576883677216
widthL: 58.22729946437108
widthR: 37.10576883677216
x0: 1351.4639596576442
