alphaL: 0.9280933967500453
alphaR: 2.0300446377238717
event_sum: 35.61506366428597
mean: 1352.5861806371438
nL: 35.48852546759618
nR: 2.6636238099716496
norm_2016: 9.731763948341435
norm_2017: 11.127782629126454
norm_2018: 15.609521525116229
norm_Run2: 35.61506366428597
sigma: 70.17941502510884
sigmaL: 51.72939325339186
sigmaR: 40.92599642419494
widthL: 51.72939325339186
widthR: 40.92599642419494
x0: 1352.5861806371438
