alphaL: 0.762287135817276
alphaR: 1.3613309664140365
event_sum: 25.025493384919965
mean: 1325.9699603691097
nL: 1.4489438700975459
nR: 6.139237323022307
norm_2016: 6.773493320315923
norm_2017: 7.760228112036559
norm_2018: 10.90095109893226
norm_Run2: 25.025493384919965
sigma: 135.0
sigmaL: 101.1396634275426
sigmaR: 78.4546369409255
widthL: 101.1396634275426
widthR: 78.4546369409255
x0: 1325.9699603691097
