alphaL: 0.7186755936487185
alphaR: 1.2797864332016475
event_sum: 0.048481094115167656
mean: 3260.8621845861194
nL: 1.0062470245052888
nR: 3.868999991357158
norm: 0.048481094115167656
sigma: 184.8
sigmaL: 176.8522145616514
sigmaR: 104.87915595587161
widthL: 176.8522145616514
widthR: 104.87915595587161
x0: 3260.8621845861194
