alphaL: 0.9711449939085695
alphaR: 1.1882827351215466
event_sum: 3.4895717162831144
fraction: 0.7092141897612882
mean: 3272.569946521626
nL: 0.5166331273649839
nR: 2.52475888807951
norm: 0.45373603183000805
sigma: 184.8
sigmaL: 180.13348102978216
sigmaR: 95.733971376741
widthL: 180.13348102978216
widthR: 95.733971376741
x0: 3272.569946521626
