alphaL: 1.393869206454649
alphaR: 1.286163429294967
event_sum: 0.04330680775032629
mean: 3304.534210697152
nL: 0.1
nR: 1.8915003112352267
norm: 0.04330680775032629
sigma: 184.8
sigmaL: 262.3068209269268
sigmaR: 71.56249583392851
widthL: 262.3068209269268
widthR: 71.56249583392851
x0: 3304.534210697152
