alphaL: 0.869888086271853
alphaR: 1.528240516555478
event_sum: 2.672345149598954
fraction: 0.7728141825857688
mean: 3251.7065128751215
nL: 1.1496114150380234
nR: 1.1235943711218324
norm: 0.9179716884315469
sigma: 184.8
sigmaL: 229.42606740791337
sigmaR: 116.60480537880436
widthL: 229.42606740791337
widthR: 116.60480537880436
x0: 3251.7065128751215
