alphaL: 0.9806358976258045
alphaR: 1.3044992916530873
event_sum: 0.10213751954331124
mean: 3256.3163216148223
nL: 0.8550812312173676
nR: 2.6811116642919974
norm: 0.10213751954331124
sigma: 184.8
sigmaL: 210.61304954976018
sigmaR: 104.58412024162558
widthL: 210.61304954976018
widthR: 104.58412024162558
x0: 3256.3163216148223
