alphaL: 1.7373751183887691
alphaR: 0.6622088249827187
event_sum: 0.09615928191935347
mean: 3302.107944819507
nL: 0.9787299754921585
nR: 1.5204890909724118
norm: 0.09615928191935347
sigma: 184.8
sigmaL: 302.09364537756204
sigmaR: 59.71253510122062
widthL: 302.09364537756204
widthR: 59.71253510122062
x0: 3302.107944819507
