alphaL: 1.1821122857515611
alphaR: 1.9922510669821563
event_sum: 12.518236748697863
fraction: 0.9965941740536217
mean: 1960.3946065368336
nL: 9.919741111578968
nR: 1.912804683234638
norm: 12.511851898844835
sigma: 104.32811377780845
sigmaL: 82.43507537729657
sigmaR: 47.156572825379264
widthL: 82.43507537729657
widthR: 47.156572825379264
x0: 1960.3946065368336
