alphaL: 1.2703489548777183
alphaR: 1.8991528144562357
event_sum: 0.9565965238309171
mean: 1962.2949304054785
nL: 4.245904490118124
nR: 3.2018750064480375
norm: 0.9565965238309171
sigma: 104.76758594980306
sigmaL: 79.26919019059211
sigmaR: 52.81480118975053
widthL: 79.26919019059211
widthR: 52.81480118975053
x0: 1962.2949304054785
