alphaL: 1.4162488443398948
alphaR: 2.040638845376705
event_sum: 10.097939449149678
mean: 1963.3045323388344
nL: 4.88305764420384
nR: 2.9477861538224475
norm: 10.097939449149678
sigma: 90.97423316115275
sigmaL: 90.5620751918939
sigmaR: 43.838503548021535
widthL: 90.5620751918939
widthR: 43.838503548021535
x0: 1963.3045323388344
