alphaL: 1.2305518744921744
alphaR: 2.022456386561629
event_sum: 10.424223211575335
fraction: 0.9990654456991176
mean: 1959.7166608584607
nL: 9.843102436489517
nR: 3.3275968523627664
norm: 10.422754363323046
sigma: 90.47241142200046
sigmaL: 80.40243052933683
sigmaR: 48.7104563618052
widthL: 80.40243052933683
widthR: 48.7104563618052
x0: 1959.7166608584607
