alphaL: 1.01870808447866
alphaR: 2.1039545600287504
event_sum: 9.590626755136288
fraction: 0.9979893105198245
mean: 1958.4588773093378
nL: 9.648559785238737
nR: 2.4875034675346446
norm: 9.575333397019547
sigma: 104.32811377780845
sigmaL: 71.14858500860518
sigmaR: 55.577583954899836
widthL: 71.14858500860518
widthR: 55.577583954899836
x0: 1958.4588773093378
