alphaL: 1.2533141766798586
alphaR: 2.043970190417395
event_sum: 0.9530430372781589
mean: 1960.4072413319927
nL: 3.226379581235226
nR: 2.568480012091079
norm: 0.9530430372781589
sigma: 104.76758594980306
sigmaL: 77.45496745005768
sigmaR: 54.469810375258284
widthL: 77.45496745005768
widthR: 54.469810375258284
x0: 1960.4072413319927
