alphaL: 1.2627614303504773
alphaR: 1.88625596225813
event_sum: 10.364078687220942
mean: 1960.6034333366438
nL: 4.8980013997204095
nR: 4.308737459060357
norm: 10.364078687220942
sigma: 90.97423316115275
sigmaL: 79.94793678286347
sigmaR: 47.589468854311555
widthL: 79.94793678286347
widthR: 47.589468854311555
x0: 1960.6034333366438
