alphaL: 1.439559185255138
alphaR: 1.9034015357180043
event_sum: 1.2491713872153438
mean: 1960.5523404118323
nL: 4.275230860756042
nR: 2.551342667678185
norm: 1.2491713872153438
sigma: 104.76758594980306
sigmaL: 86.39209930437296
sigmaR: 47.4382409050492
widthL: 86.39209930437296
widthR: 47.4382409050492
x0: 1960.5523404118323
