alphaL: 1.4082344726251221
alphaR: 1.893198227038872
event_sum: 10.406565268921792
mean: 1962.5502991061048
nL: 4.483478345427906
nR: 3.791787583477466
norm: 10.406565268921792
sigma: 90.97423316115275
sigmaL: 84.63654382824862
sigmaR: 46.615369801647965
widthL: 84.63654382824862
widthR: 46.615369801647965
x0: 1962.5502991061048
