alphaL: 1.4289466040375014
alphaR: 2.0535470092412895
event_sum: 10.150493979481968
fraction: 0.9989974547566918
mean: 1964.0663025472315
nL: 9.629185848435851
nR: 2.733042432314503
norm: 10.149995213472849
sigma: 90.47241142200046
sigmaL: 92.73732440715396
sigmaR: 43.573758150763126
widthL: 92.73732440715396
widthR: 43.573758150763126
x0: 1964.0663025472315
