alphaL: 1.3442266405034002
alphaR: 1.9253475007162133
event_sum: 1.2455262568274115
mean: 1960.9811811583104
nL: 3.2311330350638343
nR: 2.0594825755282073
norm: 1.2455262568274115
sigma: 104.76758594980306
sigmaL: 84.831807889475
sigmaR: 46.80590949484046
widthL: 84.831807889475
widthR: 46.80590949484046
x0: 1960.9811811583104
