alphaL: 1.6452042649957794
alphaR: 2.0057312157317413
event_sum: 10.135223292197635
mean: 1965.585458353983
nL: 4.497546469266193
nR: 3.049619739803858
norm: 10.135223292197635
sigma: 90.97423316115275
sigmaL: 96.97225216134431
sigmaR: 43.01072325284766
widthL: 96.97225216134431
widthR: 43.01072325284766
x0: 1965.585458353983
