alphaL: 1.0828519055772583
alphaR: 2.1545219126751536
event_sum: 3.2699950217583433
fraction: 0.9990533180377622
mean: 2552.5079435127477
nL: 9.53594488897755
nR: 2.915549266170865
norm: 3.269675581992816
sigma: 114.834530897122
sigmaL: 90.73638473627734
sigmaR: 64.82238464039392
widthL: 90.73638473627734
widthR: 64.82238464039392
x0: 2552.5079435127477
