alphaL: 1.0621433489314391
alphaR: 2.033540745363566
event_sum: 14.718254403198323
fraction: 0.9975923527516244
mean: 2557.223459026715
nL: 9.99731677917527
nR: 1.9579166141695863
norm: 14.694367122748607
sigma: 150.80898420232256
sigmaL: 96.841977171586
sigmaR: 61.04356345110944
widthL: 96.841977171586
widthR: 61.04356345110944
x0: 2557.223459026715
