alphaL: 1.4150174690504513
alphaR: 2.0323001109411885
event_sum: 4.291872508077616
mean: 2560.4978706118072
nL: 4.501862554395434
nR: 3.1201436154006816
norm: 4.291872508077616
sigma: 114.65980549143798
sigmaL: 109.94471769293534
sigmaR: 56.366094285196134
widthL: 109.94471769293534
widthR: 56.366094285196134
x0: 2560.4978706118072
