alphaL: 1.1293734283996244
alphaR: 1.9039927329178807
event_sum: 0.8395924140783632
mean: 2558.108858254663
nL: 4.412638921896932
nR: 2.2224390794497024
norm: 0.8395924140783632
sigma: 150.7785912111756
sigmaL: 93.63994468091157
sigmaR: 66.72541058011345
widthL: 93.63994468091157
widthR: 66.72541058011345
x0: 2558.108858254663
