alphaL: 0.8789556999884107
alphaR: 2.1065541007639386
event_sum: 9.803260657456844
fraction: 0.9932242785495997
mean: 2542.4381581004354
nL: 32.32565357407121
nR: 3.1493548021050484
norm: 3.2569113898004343
sigma: 115.40575085725196
sigmaL: 82.31745209392948
sigmaR: 65.30032421805701
widthL: 82.31745209392948
widthR: 65.30032421805701
x0: 2542.4381581004354
