alphaL: 1.2124078064395738
alphaR: 1.903679305607427
event_sum: 4.298902039768589
fraction: 0.9991601799379334
mean: 2558.6504399512114
nL: 9.967851964724543
nR: 4.08045630408836
norm: 4.298456244003678
sigma: 114.834530897122
sigmaL: 103.37271846061374
sigmaR: 56.33887829566594
widthL: 103.37271846061374
widthR: 56.33887829566594
x0: 2558.6504399512114
