alphaL: 1.381223297306895
alphaR: 1.58825862083744
event_sum: 0.8417489378302213
mean: 2565.9314884575415
nL: 4.149446408907419
nR: 3.1275312648631868
norm: 0.8417489378302213
sigma: 150.7785912111756
sigmaL: 108.13468502806887
sigmaR: 59.592724230915195
widthL: 108.13468502806887
widthR: 59.592724230915195
x0: 2565.9314884575415
