alphaL: 0.3571962521240114
alphaR: 2.347704328820881
event_sum: 1.464913312910893
mean: 2532.5519286162457
nL: 4.751132731263044
nR: 1.4356366767787343
norm: 1.464913312910893
sigma: 150.7785912111756
sigmaL: 28.531598868861384
sigmaR: 73.89563991561602
widthL: 28.531598868861384
widthR: 73.89563991561602
x0: 2532.5519286162457
