alphaL: 1.2925105844668112
alphaR: 2.1040205323286427
event_sum: 3.2649235800406013
mean: 2551.5085291241585
nL: 3.7570051748926483
nR: 3.8931899925531392
norm: 3.2649235800406013
sigma: 114.65980549143798
sigmaL: 93.0068068033983
sigmaR: 65.9575578076342
widthL: 93.0068068033983
widthR: 65.9575578076342
x0: 2551.5085291241585
