alphaL: 0.9445311676912816
alphaR: 1.9648978322555812
event_sum: 8.468364737428248
fraction: 0.9974681615184907
mean: 2553.272530178705
nL: 10.0
nR: 2.1452332592789345
norm: 8.426099356325754
sigma: 150.80898420232256
sigmaL: 85.62240725840215
sigmaR: 70.43963496508896
widthL: 85.62240725840215
widthR: 70.43963496508896
x0: 2553.272530178705
