alphaL: 1.169646743241115
alphaR: 2.2078712992801623
event_sum: 4.273186639602023
mean: 2552.492603851517
nL: 4.5935154580284925
nR: 2.711057354795537
norm: 4.273186639602023
sigma: 114.65980549143798
sigmaL: 96.28666053510801
sigmaR: 61.39855921693417
widthL: 96.28666053510801
widthR: 61.39855921693417
x0: 2552.492603851517
