alphaL: 1.3493904904830478
alphaR: 1.7714119628530018
event_sum: 1.4684582996198725
mean: 2562.761329380377
nL: 4.373596006661815
nR: 2.457353563763654
norm: 1.4684582996198725
sigma: 150.7785912111756
sigmaL: 109.05608010414235
sigmaR: 57.14768324115646
widthL: 109.05608010414235
widthR: 57.14768324115646
x0: 2562.761329380377
