alphaL: 1.1666203818523004
alphaR: 2.1178719675032083
event_sum: 3.250098683641844
mean: 2553.6135657129807
nL: 4.5843114241262395
nR: 3.5992657090874998
norm: 3.250098683641844
sigma: 114.65980549143798
sigmaL: 91.98916145196908
sigmaR: 64.30315455380152
widthL: 91.98916145196908
widthR: 64.30315455380152
x0: 2553.6135657129807
