alphaL: 0.9827837269459724
alphaR: 1.0339419742626752
event_sum: 0.13299260145868175
mean: 3512.1762695973325
nL: 0.9288199269623669
nR: 1.6373178848772143
norm: 0.13299260145868175
sigma: 196.0
sigmaL: 212.22307611842623
sigmaR: 58.75704113475416
widthL: 212.22307611842623
widthR: 58.75704113475416
x0: 3512.1762695973325
