alphaL: 1.0382062549221651
alphaR: 1.14997521264407
event_sum: 0.06432974897325039
mean: 3520.6013517158144
nL: 0.7288965307972088
nR: 1.34352656240047
norm: 0.06432974897325039
sigma: 339.29345828693477
sigmaL: 322.44863213003515
sigmaR: 58.02910414750558
widthL: 322.44863213003515
widthR: 58.02910414750558
x0: 3520.6013517158144
