alphaL: 0.9182121776471527
alphaR: 0.7387658130577041
event_sum: 5.093049556016922
mean: 3501.097844297694
nL: 1.0000025027743535
nR: 4.1915982074522935
norm: 5.093049556016922
sigma: 196.0
sigmaL: 223.9434267801682
sigmaR: 59.45405801450693
widthL: 223.9434267801682
widthR: 59.45405801450693
x0: 3501.097844297694
