alphaL: 1.0763055228405807
alphaR: 1.3538987490986156
event_sum: 0.14599186554551125
mean: 3520.718539613629
nL: 0.6762166388462609
nR: 1.6132142547289336
norm: 0.14599186554551125
sigma: 339.29345828693477
sigmaL: 260.7590420162441
sigmaR: 69.67169123090186
widthL: 260.7590420162441
widthR: 69.67169123090186
x0: 3520.718539613629
