alphaL: 1.181536849196439
alphaR: 2.5895445845354024
event_sum: 0.05799677356844768
mean: 3413.1089364845734
nL: 0.10000004231049332
nR: 2.3799471000050927
norm: 0.05799677356844768
sigma: 196.0
sigmaL: 240.10047627072854
sigmaR: 187.16924175428568
widthL: 240.10047627072854
widthR: 187.16924175428568
x0: 3413.1089364845734
