alphaL: 1.1194330875314795
alphaR: 1.1192466755594541
event_sum: 5.093049556016922
fraction: 0.7317834251715565
mean: 3478.3912929993608
nL: 0.5056065632926958
nR: 4.475190949407238
norm: 1.5299147553741932
sigma: 196.0
sigmaL: 205.08126536759784
sigmaR: 94.15121486988195
widthL: 205.08126536759784
widthR: 94.15121486988195
x0: 3478.3912929993608
