alphaL: 1.0883736363917675
alphaR: 1.1037836418200229
event_sum: 13.877728186838794
fraction: 0.6995533772405257
mean: 3451.586050672593
nL: 0.48621478614384994
nR: 9.959914907390736
norm: 0.6382977683097124
sigma: 196.0
sigmaL: 249.56189989075384
sigmaR: 130.70404138859922
widthL: 249.56189989075384
widthR: 130.70404138859922
x0: 3451.586050672593
