alphaL: 0.9546174730698823
alphaR: 1.0368523354355859
event_sum: 0.1444919617351843
mean: 3497.2254401917457
nL: 1.0000566608554537
nR: 2.2111918791550407
norm: 0.1444919617351843
sigma: 196.0
sigmaL: 207.11832957941655
sigmaR: 59.575824387641745
widthL: 207.11832957941655
widthR: 59.575824387641745
x0: 3497.2254401917457
