alphaL: 0.7860989902344643
alphaR: 1.4207463671612193
event_sum: 0.06349646761373151
mean: 3427.7493554668563
nL: 1.0000264973166937
nR: 3.0636685490173057
norm: 0.06349646761373151
sigma: 196.0
sigmaL: 239.17603491869275
sigmaR: 149.10415704009665
widthL: 239.17603491869275
widthR: 149.10415704009665
x0: 3427.7493554668563
