alphaL: 1.0569636244982088
alphaR: 1.0592540530166519
event_sum: 6.026330888271332
fraction: 0.6799844662370431
mean: 3488.8485292799605
nL: 0.4000305184561509
nR: 4.481788634802381
norm: 0.6832952611148357
sigma: 196.0
sigmaL: 306.95317693259
sigmaR: 97.77672225838283
widthL: 306.95317693259
widthR: 97.77672225838283
x0: 3488.8485292799605
