alphaL: 0.7541398721594031
alphaR: 0.9737258568273968
event_sum: 0.06349646761373151
mean: 3485.4123132055865
nL: 1.0000287506441448
nR: 2.181419934102607
norm: 0.06349646761373151
sigma: 196.0
sigmaL: 232.60798848712588
sigmaR: 78.98771463736264
widthL: 232.60798848712588
widthR: 78.98771463736264
x0: 3485.4123132055865
