alphaL: 0.7276436194969206
alphaR: 1.074955524041092
event_sum: 6.026330888271332
mean: 3480.036066718033
nL: 1.000527014979913
nR: 4.052360739288359
norm: 6.026330888271332
sigma: 196.0
sigmaL: 274.4382116640371
sigmaR: 104.09635164812121
widthL: 274.4382116640371
widthR: 104.09635164812121
x0: 3480.036066718033
