alphaL: 0.9545872585790803
alphaR: 1.036877313502716
event_sum: 0.1444919617351843
mean: 3497.2249181462876
nL: 1.0000566193374978
nR: 2.2113373959526785
norm: 0.1444919617351843
sigma: 196.0
sigmaL: 207.12588928951686
sigmaR: 59.574494895714174
widthL: 207.12588928951686
widthR: 59.574494895714174
x0: 3497.2249181462876
