alphaL: 0.9828312708887794
alphaR: 1.4342520825675649
event_sum: 0.15448888608290895
mean: 3000.796797223861
nL: 0.9651510427618877
nR: 3.0214985627603235
norm: 0.15448888608290895
sigma: 170.8
sigmaL: 194.17184953867053
sigmaR: 121.72512406919505
widthL: 194.17184953867053
widthR: 121.72512406919505
x0: 3000.796797223861
