alphaL: 0.7198726690331823
alphaR: 1.7918989002503123
event_sum: 24.002515290123917
fraction: 0.9888605315395337
mean: 3040.7706692482475
nL: 16.41296313414739
nR: 2.607811513504563
norm: 6.481987134183061
sigma: 229.50440684196826
sigmaL: 86.17015443209102
sigmaR: 78.80111781079526
widthL: 86.17015443209102
widthR: 78.80111781079526
x0: 3040.7706692482475
