alphaL: 1.2765711590493023
alphaR: 1.561931341534541
event_sum: 3.0811734709905783
fraction: 0.7799976604696777
mean: 3002.8365820993586
nL: 0.5763453782443889
nR: 2.264908527870054
norm: 1.4099777319772997
sigma: 170.8
sigmaL: 251.58850804344803
sigmaR: 130.24343647972353
widthL: 251.58850804344803
widthR: 130.24343647972353
x0: 3002.8365820993586
