alphaL: 1.3987998021836305
alphaR: 1.4901984954712237
event_sum: 0.08018696348259544
mean: 3064.535610831267
nL: 0.1
nR: 1.845358152616084
norm: 0.08018696348259544
sigma: 170.8
sigmaL: 286.1471698056222
sigmaR: 89.02351432913147
widthL: 286.1471698056222
widthR: 89.02351432913147
x0: 3064.535610831267
