alphaL: 0.7566312173375088
alphaR: 1.493382276844249
event_sum: 0.08637204969155045
mean: 3006.399708220316
nL: 1.0055705194722666
nR: 4.088571318600429
norm: 0.08637204969155045
sigma: 170.8
sigmaL: 167.96635651802214
sigmaR: 118.81875992229877
widthL: 167.96635651802214
widthR: 118.81875992229877
x0: 3006.399708220316
