alphaL: 1.6508692324665033
alphaR: 1.3219566259506879
event_sum: 0.14541642537000005
mean: 3021.9996487781696
nL: 0.24573883896630966
nR: 2.2573110782070276
norm: 0.14541642537000005
sigma: 170.8
sigmaL: 278.139988001578
sigmaR: 108.88053419725603
widthL: 278.139988001578
widthR: 108.88053419725603
x0: 3021.9996487781696
