alphaL: 1.1071876207684954
alphaR: 1.501660847892127
event_sum: 3.6478444656672724
fraction: 0.7160253311116864
mean: 3015.6704523324643
nL: 0.4091125232858739
nR: 3.2278012345689713
norm: 0.8022220153930557
sigma: 170.8
sigmaL: 190.2664252911432
sigmaR: 114.84785258094901
widthL: 190.2664252911432
widthR: 114.84785258094901
x0: 3015.6704523324643
