alphaL: 1.0
alphaR: 1.8211476052445075
event_sum: 0.22067359458014835
mean: 669.1817361968452
nL: 2.0
nR: 3.8835364791907656
norm: 0.22067359458014835
sigma: 70.0
sigmaL: 97.43170431283895
sigmaR: 66.35817096276392
widthL: 97.43170431283895
widthR: 66.35817096276392
x0: 669.1817361968452
