alphaL: 0.9999076575167359
alphaR: 1.1795907565292458
event_sum: 2.2256323546462227
fraction: 0.9744201149454889
mean: 702.0647825080785
nL: 2.0
nR: 3.1038121591707175
norm: 2.1832305785792414
sigma: 70.0
sigmaL: 71.15207433074004
sigmaR: 39.232531285187065
widthL: 71.15207433074004
widthR: 39.232531285187065
x0: 702.0647825080785
