alphaL: 1.0
alphaR: 1.8304001161978052
event_sum: 0.22067359458014835
mean: 671.7746987202318
nL: 2.0
nR: 3.871769499795766
norm: 0.22067359458014835
sigma: 70.0
sigmaL: 97.05996811694
sigmaR: 65.34282585884269
widthL: 97.05996811694
widthR: 65.34282585884269
x0: 671.7746987202318
