alphaL: 1.0004708843735775
alphaR: 1.3482054319403705
event_sum: 0.594823185390851
mean: 703.1895387322543
nL: 2.0
nR: 2.9935168927924813
norm: 0.594823185390851
sigma: 70.0
sigmaL: 71.25227441260753
sigmaR: 44.779883898009274
widthL: 71.25227441260753
widthR: 44.779883898009274
x0: 703.1895387322543
