alphaL: 1.0
alphaR: 1.7061334872439398
event_sum: 0.2225632389781822
mean: 675.8308686367606
nL: 2.0
nR: 3.733706099321088
norm: 0.2225632389781822
sigma: 70.0
sigmaL: 92.72978652865788
sigmaR: 61.35755015126739
widthL: 92.72978652865788
widthR: 61.35755015126739
x0: 675.8308686367606
