alphaL: 1.0274675499661234
alphaR: 1.5779031425641143
event_sum: 0.2565307492550346
mean: 689.7045915984027
nL: 0.9763342611040328
nR: 0.6851314705269653
norm: 0.2565307492550346
sigma: 34.60182474895789
sigmaL: 51.36726104958751
sigmaR: 50.36899298538706
widthL: 51.36726104958751
widthR: 50.36899298538706
x0: 689.7045915984027
