alphaL: 0.9999966513095949
alphaR: 1.900836324831153
event_sum: 0.21975181682500988
mean: 673.0467416863276
nL: 1.0
nR: 1.9254724554359655
norm: 0.21975181682500988
sigma: 70.0
sigmaL: 92.42129061742406
sigmaR: 63.01775099511353
widthL: 92.42129061742406
widthR: 63.01775099511353
x0: 673.0467416863276
