alphaL: 0.9812219561354296
alphaR: 1.1491995264653854
event_sum: 0.6744647834348143
mean: 699.5262483058754
nL: 2.720981464551743
nR: 1.9274231765270617
norm: 0.6744647834348143
sigma: 34.60182474895789
sigmaL: 53.97195755820376
sigmaR: 42.34510446189199
widthL: 53.97195755820376
widthR: 42.34510446189199
x0: 699.5262483058754
