alphaL: 1.0006197853739667
alphaR: 1.314483629123961
event_sum: 0.5925648298907618
mean: 705.0424067920202
nL: 2.0
nR: 3.120471459327451
norm: 0.5925648298907618
sigma: 70.0
sigmaL: 66.20921502368138
sigmaR: 41.55154881270687
widthL: 66.20921502368138
widthR: 41.55154881270687
x0: 705.0424067920202
