alphaL: 1.0000508077685752
alphaR: 1.4009560032389887
event_sum: 5.948231760005001
fraction: 0.981663414987903
mean: 700.2014717200763
nL: 2.0
nR: 3.3150509752518778
norm: 5.882324651553063
sigma: 70.0
sigmaL: 62.06789211548981
sigmaR: 46.26123035528748
widthL: 62.06789211548981
widthR: 46.26123035528748
x0: 700.2014717200763
