alphaL: 1.0016083116301904
alphaR: 1.5673026127503913
event_sum: 0.590629096604971
mean: 705.7339710436129
nL: 1.0
nR: 1.7603342404065059
norm: 0.590629096604971
sigma: 70.0
sigmaL: 67.65740064155656
sigmaR: 42.36823110462541
widthL: 67.65740064155656
widthR: 42.36823110462541
x0: 705.7339710436129
