alphaL: 1.0006044110875039
alphaR: 1.3157616551741038
event_sum: 0.5925648298907618
mean: 705.0590624561015
nL: 2.0
nR: 3.1234294137002085
norm: 0.5925648298907618
sigma: 70.0
sigmaL: 66.32939677377865
sigmaR: 41.55943422741912
widthL: 66.32939677377865
widthR: 41.55943422741912
x0: 705.0590624561015
