alphaL: 0.9788486969482967
alphaR: 1.4700530969587149
event_sum: 8.208972110735601
fraction: 0.9055153612620167
mean: 1741.1309106757333
nL: 1.3382720911815174
nR: 3.3343672140893252
norm: 6.543416926189427
sigma: 98.0
sigmaL: 105.94060315133694
sigmaR: 76.66310501759727
widthL: 105.94060315133694
widthR: 76.66310501759727
x0: 1741.1309106757333
