alphaL: 0.9764540978705177
alphaR: 1.5782757216439454
event_sum: 0.6024037217855575
mean: 1749.0858020364735
nL: 1.4414956556199228
nR: 1.9060629826542999
norm: 0.6024037217855575
sigma: 98.0
sigmaL: 110.7158546307373
sigmaR: 69.3458267645895
widthL: 110.7158546307373
widthR: 69.3458267645895
x0: 1749.0858020364735
