alphaL: 0.8802584699611824
alphaR: 1.3567723092193766
event_sum: 0.6312062444470369
mean: 1751.7709426764627
nL: 2.447207354512738
nR: 3.2420887021825777
norm: 0.6312062444470369
sigma: 98.0
sigmaL: 112.52586313841908
sigmaR: 67.15771319545362
widthL: 112.52586313841908
widthR: 67.15771319545362
x0: 1751.7709426764627
