alphaL: 1.1939393623363859
alphaR: 1.4829747137766838
event_sum: 7.854525613780794
fraction: 0.9360865891678629
mean: 1739.9278239150278
nL: 1.5919274290484744
nR: 3.285923102155239
norm: 7.015364691812551
sigma: 98.0
sigmaL: 118.14973741361392
sigmaR: 74.44440500675276
widthL: 118.14973741361392
widthR: 74.44440500675276
x0: 1739.9278239150278
