alphaL: 1.1070022132745756
alphaR: 1.591061047010705
event_sum: 0.6616056521258377
mean: 1742.150184503145
nL: 2.1097048196664927
nR: 2.1942679379763845
norm: 0.6616056521258377
sigma: 98.0
sigmaL: 120.21828070651301
sigmaR: 74.71460090563677
widthL: 120.21828070651301
widthR: 74.71460090563677
x0: 1742.150184503145
