alphaL: 1.2573988527145392
alphaR: 1.4050681585662497
event_sum: 0.6837296000612567
mean: 1748.8063205391284
nL: 1.8587271276917703
nR: 2.8983859432112755
norm: 0.6837296000612567
sigma: 98.0
sigmaL: 126.97095286373307
sigmaR: 67.27980368466399
widthL: 126.97095286373307
widthR: 67.27980368466399
x0: 1748.8063205391284
