alphaL: 0.92716847675098
alphaR: 1.3635300451814028
event_sum: 9.434460960306446
fraction: 0.9896810967520301
mean: 947.2894659962816
nL: 4.824445092230799
nR: 3.6576236629380507
norm: 9.35777328003581
sigma: 95.0
sigmaL: 85.56564541158068
sigmaR: 53.72436298749708
widthL: 85.56564541158068
widthR: 53.72436298749708
x0: 947.2894659962816
