alphaL: 1.4086507682445697
alphaR: 1.5645702190931752
event_sum: 0.4828470137051776
mean: 950.9468917164113
nL: 1.8856718617752317
nR: 1.8351205086656601
norm: 0.4828470137051776
sigma: 95.0
sigmaL: 101.05948844458389
sigmaR: 52.93752195532668
widthL: 101.05948844458389
widthR: 52.93752195532668
x0: 950.9468917164113
