alphaL: 1.1561746846286722
alphaR: 1.5548928655721395
event_sum: 0.48371386416310463
mean: 931.0091990250997
nL: 4.040472570219589
nR: 4.111096668829414
norm: 0.48371386416310463
sigma: 95.0
sigmaL: 85.96094780846944
sigmaR: 69.05805993486958
widthL: 85.96094780846944
widthR: 69.05805993486958
x0: 931.0091990250997
