alphaL: 0.920818262669137
alphaR: 1.563001210485283
event_sum: 0.9411483820062214
mean: 948.4340768471773
nL: 2.193457832775812
nR: 2.2017166025009147
norm: 0.9411483820062214
sigma: 95.0
sigmaL: 86.36289503096268
sigmaR: 54.15548002601085
widthL: 86.36289503096268
widthR: 54.15548002601085
x0: 948.4340768471773
