alphaL: 0.9279216411448533
alphaR: 1.439563962933774
event_sum: 0.9417475197069046
mean: 945.5164770629816
nL: 3.4508403622292962
nR: 3.505267648013576
norm: 0.9417475197069046
sigma: 95.0
sigmaL: 85.36945628348118
sigmaR: 56.21769893431879
widthL: 85.36945628348118
widthR: 56.21769893431879
x0: 945.5164770629816
