alphaL: 1.0530365282816434
alphaR: 1.420553897235819
event_sum: 4.850542202969167
fraction: 0.9893869131396498
mean: 936.5435053256223
nL: 5.757736885435659
nR: 3.650081514620708
norm: 4.805184117904604
sigma: 95.0
sigmaL: 79.5986885938562
sigmaR: 60.72084508379592
widthL: 79.5986885938562
widthR: 60.72084508379592
x0: 936.5435053256223
