alphaL: 1.3729228447647677
alphaR: 2.1223100819611846
event_sum: 1.0826923502720716
mean: 2157.219493985753
nL: 3.5004966669387394
nR: 1.6150078038729534
norm: 1.0826923502720716
sigma: 119.6580433127701
sigmaL: 100.10705339935568
sigmaR: 46.30804417255104
widthL: 100.10705339935568
widthR: 46.30804417255104
x0: 2157.219493985753
