alphaL: 1.3274528011554059
alphaR: 2.003836650071253
event_sum: 6.533348877738313
mean: 2152.1881003742606
nL: 4.473988555929998
nR: 3.1808850397746165
norm: 6.533348877738313
sigma: 100.67985137944194
sigmaL: 88.60173898017374
sigmaR: 50.432542481952545
widthL: 88.60173898017374
widthR: 50.432542481952545
x0: 2152.1881003742606
