alphaL: 1.0821543949195271
alphaR: 2.1212893719738384
event_sum: 6.220557556945087
fraction: 0.9987563352720301
mean: 2148.473655111302
nL: 9.93173921344495
nR: 2.7666437576141303
norm: 6.2200758304356585
sigma: 100.51379855242027
sigmaL: 79.95126118458641
sigmaR: 52.659661559689546
widthL: 79.95126118458641
widthR: 52.659661559689546
x0: 2148.473655111302
