alphaL: 1.2322710578829215
alphaR: 1.817949119759317
event_sum: 0.8342923498932061
mean: 2150.0885953210504
nL: 4.412697024262194
nR: 2.58257432799619
norm: 0.8342923498932061
sigma: 119.6580433127701
sigmaL: 85.39523977165155
sigmaR: 53.350590978638934
widthL: 85.39523977165155
widthR: 53.350590978638934
x0: 2150.0885953210504
