alphaL: 1.0992698832789762
alphaR: 1.7855088119632312
event_sum: 0.8314663958889366
mean: 2145.93404915967
nL: 4.053680944168319
nR: 2.838845018801087
norm: 0.8314663958889366
sigma: 119.6580433127701
sigmaL: 76.86645239366285
sigmaR: 56.019639935024585
widthL: 76.86645239366285
widthR: 56.019639935024585
x0: 2145.93404915967
