alphaL: 0.8856199187516043
alphaR: 2.0599344039754297
event_sum: 21.6456552819561
fraction: 0.9946935749843273
mean: 2144.891043089558
nL: 37.45046380030776
nR: 3.5321016812298933
norm: 6.2001349677117465
sigma: 99.02269399710751
sigmaL: 71.59541907606086
sigmaR: 56.25139058564664
widthL: 71.59541907606086
widthR: 56.25139058564664
x0: 2144.891043089558
