alphaL: 1.5313750322514048
alphaR: 2.4462226572659347
event_sum: 6.276393473495648
mean: 2150.859907889523
nL: 4.498852449549316
nR: 1.6074865040379525
norm: 6.276393473495648
sigma: 100.67985137944194
sigmaL: 100.79374066322748
sigmaR: 50.13888474417628
widthL: 100.79374066322748
widthR: 50.13888474417628
x0: 2150.859907889523
