alphaL: 1.3072228728625772
alphaR: 1.9221371541228807
event_sum: 5.962388469798242
fraction: 0.9990277214512137
mean: 2150.769656135738
nL: 9.838603378696435
nR: 4.1637467256767575
norm: 5.960294823051644
sigma: 100.51379855242027
sigmaL: 96.18583165365789
sigmaR: 48.57481118396444
widthL: 96.18583165365789
widthR: 48.57481118396444
x0: 2150.769656135738
