alphaL: 1.1303635298637933
alphaR: 2.1600968057749292
event_sum: 6.5045856380436575
mean: 2148.8960266046947
nL: 4.991935884135454
nR: 2.4699986978618265
norm: 6.5045856380436575
sigma: 100.67985137944194
sigmaL: 81.18284822534726
sigmaR: 52.462713932339625
widthL: 81.18284822534726
widthR: 52.462713932339625
x0: 2148.8960266046947
