alphaL: 1.3869058997531831
alphaR: 2.163537757099876
event_sum: 1.086756578585465
mean: 2155.684352870906
nL: 4.540089511602542
nR: 1.4731473362449654
norm: 1.086756578585465
sigma: 119.6580433127701
sigmaL: 98.81278529653514
sigmaR: 47.27404374407929
widthL: 98.81278529653514
widthR: 47.27404374407929
x0: 2155.684352870906
