alphaL: 1.2482356028628447
alphaR: 2.485290741191982
event_sum: 6.24738975412709
mean: 2146.1268822637603
nL: 4.9797875616903555
nR: 1.8282717138131925
norm: 6.24738975412709
sigma: 100.67985137944194
sigmaL: 89.40038710217948
sigmaR: 52.094606959812
widthL: 89.40038710217948
widthR: 52.094606959812
x0: 2146.1268822637603
