alphaL: 1.1548324035949946
alphaR: 2.2801408808794097
event_sum: 10.130528420389343
fraction: 0.995603714404256
mean: 2151.2913865283144
nL: 9.948479228903313
nR: 1.3806950250231251
norm: 10.120600047053713
sigma: 119.1563674291748
sigmaL: 89.89514155867316
sigmaR: 49.812391506947506
widthL: 89.89514155867316
widthR: 49.812391506947506
x0: 2151.2913865283144
