alphaL: 0.9608872382397026
alphaR: 1.8394878793064362
event_sum: 7.797718082755434
fraction: 0.9973885148262984
mean: 2145.740057731468
nL: 9.948392434421269
nR: 2.596109419796384
norm: 7.780488857443493
sigma: 119.1563674291748
sigmaL: 75.3614630468577
sigmaR: 56.04050151096664
widthL: 75.3614630468577
widthR: 56.04050151096664
x0: 2145.740057731468
