alphaL: 0.8780472426571921
alphaR: 0.9540464205402854
event_sum: 0.13613231788304384
mean: 2866.637980962655
nL: 1.01309702561417
nR: 2.790245356298436
norm: 0.13613231788304384
sigma: 159.6
sigmaL: 169.23250041927838
sigmaR: 69.64122857530492
widthL: 169.23250041927838
widthR: 69.64122857530492
x0: 2866.637980962655
