alphaL: 0.7028623240526348
alphaR: 1.4073856502027147
event_sum: 0.24233878246498008
mean: 2814.127767547242
nL: 1.9175175721832487
nR: 2.324255196419882
norm: 0.24233878246498008
sigma: 159.6
sigmaL: 118.81854820827438
sigmaR: 111.27665799462825
widthL: 118.81854820827438
widthR: 111.27665799462825
x0: 2814.127767547242
