alphaL: 1.0675685988740118
alphaR: 1.2949601542344473
event_sum: 0.2553749156990724
mean: 2831.681242887388
nL: 0.9893634233294742
nR: 2.6058839346429754
norm: 0.2553749156990724
sigma: 159.6
sigmaL: 170.01206587064019
sigmaR: 101.38314987636448
widthL: 170.01206587064019
widthR: 101.38314987636448
x0: 2831.681242887388
