alphaL: 1.1404860645125103
alphaR: 1.9717671137569084
event_sum: 0.12652847745212406
mean: 2824.363768409365
nL: 2.7167384367502203
nR: 1.4371670230333682
norm: 0.12652847745212406
sigma: 159.6
sigmaL: 212.48236201085595
sigmaR: 120.80995388525247
widthL: 212.48236201085595
widthR: 120.80995388525247
x0: 2824.363768409365
