alphaL: 0.9815574956627762
alphaR: 1.115025761475471
event_sum: 4.74732490154262
fraction: 0.8578570558707518
mean: 2829.6403047129534
nL: 1.1251326316574988
nR: 4.363361433618796
norm: 2.668494262757646
sigma: 159.6
sigmaL: 163.13605583191165
sigmaR: 100.11133000998318
widthL: 163.13605583191165
widthR: 100.11133000998318
x0: 2829.6403047129534
