alphaL: 0.675914004677981
alphaR: 2.135299581485781
event_sum: 48.092849361063124
fraction: 0.9894166657708308
mean: 2843.2101238451196
nL: 126.43042649451796
nR: 1.6585069641813173
norm: 15.2360018818571
sigma: 194.92144016045756
sigmaL: 81.74576415047885
sigmaR: 69.151908251225
widthL: 81.74576415047885
widthR: 69.151908251225
x0: 2843.2101238451196
