alphaL: 1.1706356679586138
alphaR: 1.3359055733148573
event_sum: 4.9782248829018485
fraction: 0.7369035927615551
mean: 2831.3476765426744
nL: 0.4
nR: 4.0497228005828525
norm: 1.4835606353896267
sigma: 159.6
sigmaL: 181.95215714881599
sigmaR: 108.45234433032734
widthL: 181.95215714881599
widthR: 108.45234433032734
x0: 2831.3476765426744
