alphaL: 1.236873327570506
alphaR: 2.0123155923726412
event_sum: 0.3026439126013025
mean: 2450.0012386956946
nL: 0.15062431090723497
nR: 2.391697633195916
norm: 0.3026439126013025
sigma: 250.0
sigmaL: 263.9411503828851
sigmaR: 150.4809951197099
widthL: 263.9411503828851
widthR: 150.4809951197099
x0: 2450.0012386956946
