alphaL: 0.42231965998635773
alphaR: 0.9535809180856777
event_sum: 0.24727429506424664
mean: 2529.9469937635763
nL: 0.9998819811717662
nR: 2.432092940876391
norm: 0.24727429506424664
sigma: 250.0
sigmaL: 437.78665362069495
sigmaR: 67.78837585826015
widthL: 437.78665362069495
widthR: 67.78837585826015
x0: 2529.9469937635763
