alphaL: 1.018426796247862
alphaR: 1.2458198529391344
event_sum: 4.849733372287161
fraction: 0.7578668263397382
mean: 2478.063191947534
nL: 0.6384661887664234
nR: 4.362397970677403
norm: 2.779042658524164
sigma: 250.0
sigmaL: 265.01061231023897
sigmaR: 115.98642862410512
widthL: 265.01061231023897
widthR: 115.98642862410512
x0: 2478.063191947534
