alphaL: 0.843976843068649
alphaR: 1.2757279131655823
event_sum: 5.335274160130927
fraction: 0.6817078833474461
mean: 2473.115279007877
nL: 0.4
nR: 3.0111657649908556
norm: 1.8125934706154392
sigma: 250.0
sigmaL: 249.89133366712352
sigmaR: 107.87528917353815
widthL: 249.89133366712352
widthR: 107.87528917353815
x0: 2473.115279007877
