alphaL: 1.0856419975668894
alphaR: 1.1500407140648283
event_sum: 0.20287327701801322
mean: 2500.6967302797048
nL: 0.14549909889346657
nR: 2.66204054788912
norm: 0.20287327701801322
sigma: 250.0
sigmaL: 276.43727569718186
sigmaR: 76.83048117525821
widthL: 276.43727569718186
widthR: 76.83048117525821
x0: 2500.6967302797048
