alphaL: 0.7222271813370525
alphaR: 0.9924388490914405
event_sum: 0.342217270286059
mean: 2522.947436464744
nL: 0.9996883949050016
nR: 2.2970072547026414
norm: 0.342217270286059
sigma: 250.0
sigmaL: 322.54707303901074
sigmaR: 70.77701433882903
widthL: 322.54707303901074
widthR: 70.77701433882903
x0: 2522.947436464744
