alphaL: 1.0339905201524064
alphaR: 2.0335449313614196
event_sum: 35.79756293959659
mean: 955.1378682977472
nL: 97.88867304329278
nR: 5.046565550187255
norm_2016: 9.793352764911061
norm_2017: 11.097967983526058
norm_2018: 15.596524351170212
norm_Run2: 35.79756293959659
sigma: 49.171747568489735
sigmaL: 41.530028142030176
sigmaR: 31.398248033851985
widthL: 41.530028142030176
widthR: 31.398248033851985
x0: 955.1378682977472
