alphaL: 0.8911212565382389
alphaR: 1.4949354332937739
event_sum: 15.397377399027476
mean: 928.4511050491639
nL: 12.97979659386279
nR: 3.3741322189663263
norm_2016: 3.9707265821031434
norm_2017: 4.822605708627368
norm_2018: 6.874010729279646
norm_Run2: 15.397377399027476
sigma: 95.0
sigmaL: 73.31246728487802
sigmaR: 63.775563957941785
widthL: 73.31246728487802
widthR: 63.775563957941785
x0: 928.4511050491639
