alphaL: 2.0992722767980445
alphaR: 1.9471076075762184
event_sum: 24.19650901537774
mean: 2558.184971871589
nL: 1.873145528574675
nR: 3.183660815850738
norm: 24.19650901537774
sigmaL: 178.90008853746644
sigmaR: 129.06371929261658
widthL: 178.90008853746644
widthR: 129.06371929261658
x0: 2558.184971871589
