alphaL: 1.821120437808874
alphaR: 2.0152183268186072
event_sum: 12.927302861785886
mean: 2607.75023500879
nL: 2.997059342957104
nR: 2.869277144259545
norm: 12.927302861785886
sigma: 162
sigmaL: 125.54644746958206
sigmaR: 53.859303089023065
widthL: 125.54644746958206
widthR: 53.859303089023065
x0: 2607.75023500879
