alphaL: 1.8060270539622116
alphaR: 1.777576669098493
event_sum: 9.684567887503542
mean: 2609.1083066396295
nL: 3.999338210143976
nR: 3.758208197270652
norm: 9.684567887503542
sigmaL: 122.00503532137304
sigmaR: 56.25852616155111
widthL: 122.00503532137304
widthR: 56.25852616155111
x0: 2609.1083066396295
