alphaL: 1.9326563457226846
alphaR: 2.263980657142742
event_sum: 13.053948277561226
mean: 2535.0655977863553
nL: 2.4195577745365338
nR: 2.750247813557992
norm: 13.053948277561226
sigmaL: 158.37092726310672
sigmaR: 138.3538142263723
widthL: 158.37092726310672
widthR: 138.3538142263723
x0: 2535.0655977863553
