alphaL: 2.0155449877074854
alphaR: 2.1004846359457647
event_sum: 40.845621219856014
mean: 2547.8371295069314
nL: 2.461983434552541
nR: 2.860119540334329
norm: 40.845621219856014
sigmaL: 171.2598211037392
sigmaR: 129.72926955886373
widthL: 171.2598211037392
widthR: 129.72926955886373
x0: 2547.8371295069314
