alphaL: 1.8078549558857613
alphaR: 2.017931694712948
event_sum: 9.68243229228648
mean: 2606.1012959490395
nL: 2.9997136026726943
nR: 2.702598846152974
norm: 9.68243229228648
sigma: 162
sigmaL: 119.09013251635471
sigmaR: 59.192199143465736
widthL: 119.09013251635471
widthR: 59.192199143465736
x0: 2606.1012959490395
