alphaL: 1.6549142484469865
alphaR: 1.734007087698227
event_sum: 31.66301694680519
mean: 2614.260099236336
nL: 3.9999815589071477
nR: 2.3871654822099786
norm: 31.66301694680519
sigmaL: 127.55505964146688
sigmaR: 51.622428152722165
widthL: 127.55505964146688
widthR: 51.622428152722165
x0: 2614.260099236336
