alphaL: 1.8211778619595262
alphaR: 1.9982515712799322
event_sum: 16.71835043435358
mean: 2608.0125608553944
nL: 2.9994448103055564
nR: 2.835293852900706
norm: 16.71835043435358
sigma: 162.57438295378898
sigmaL: 126.35019113008369
sigmaR: 53.28766322991426
widthL: 126.35019113008369
widthR: 53.28766322991426
x0: 2608.0125608553944
