alphaL: 1.8478122145404225
alphaR: 1.8808348039376768
event_sum: 15.970104929032628
mean: 2609.7524095575036
nL: 3.999973809797081
nR: 3.3974885424050902
norm: 15.970104929032628
sigmaL: 127.48811690153806
sigmaR: 52.96229680229423
widthL: 127.48811690153806
widthR: 52.96229680229423
x0: 2609.7524095575036
