alphaL: 1.8179591009046863
alphaR: 1.9163473806238225
event_sum: 12.929860199141668
mean: 2608.6626535640103
nL: 3.999100037788631
nR: 3.256037772285996
norm: 12.929860199141668
sigmaL: 127.02365810764063
sigmaR: 53.00622992564751
widthL: 127.02365810764063
widthR: 53.00622992564751
x0: 2608.6626535640103
