alphaL: 1.7403465940452874
alphaR: 1.9045961174107904
event_sum: 40.576394520671336
mean: 2612.6014560928998
nL: 2.999593688473266
nR: 1.9253423471019022
norm: 40.576394520671336
sigma: 186.30998570579143
sigmaL: 127.98485639928847
sigmaR: 53.5467021855009
widthL: 127.98485639928847
widthR: 53.5467021855009
x0: 2612.6014560928998
