alphaL: 1.824753468635438
alphaR: 1.598953500578804
event_sum: 57.918559158730304
mean: 2617.7961583338124
nL: 2.9999588241164066
nR: 2.6367643037287527
norm: 57.918559158730304
sigma: 186
sigmaL: 132.3897234408022
sigmaR: 50.47603428537859
widthL: 132.3897234408022
widthR: 50.47603428537859
x0: 2617.7961583338124
