alphaL: 1.7423367335565765
alphaR: 1.928767482618313
event_sum: 40.576394520671336
mean: 2612.4785370834793
nL: 2.9999792666696
nR: 1.858757404480938
norm: 40.576394520671336
sigma: 186
sigmaL: 127.97177343107593
sigmaR: 53.75136998500127
widthL: 127.97177343107593
widthR: 53.75136998500127
x0: 2612.4785370834793
