alphaL: 1.6466864920103446
alphaR: 1.4417859506197015
event_sum: 10.188306809315776
mean: 2616.516508024796
nL: 2.9950431230001615
nR: 2.763854539758097
norm: 10.188306809315776
sigma: 186
sigmaL: 124.43019236756723
sigmaR: 53.429154454088376
widthL: 124.43019236756723
widthR: 53.429154454088376
x0: 2616.516508024796
