alphaL: 1.731102503026665
alphaR: 1.9017480733177072
event_sum: 40.576394520671336
mean: 2612.595428442712
nL: 2.9988573621721706
nR: 1.920252008858237
norm: 40.576394520671336
sigma: 186.12963673153496
sigmaL: 127.46151842389392
sigmaR: 53.38894885112252
widthL: 127.46151842389392
widthR: 53.38894885112252
x0: 2612.595428442712
