alphaL: 1.7477948255961258
alphaR: 1.7212840489625436
event_sum: 57.767030457988064
mean: 2614.690358005778
nL: 2.999998617415566
nR: 2.312745928302031
norm: 57.767030457988064
sigma: 186
sigmaL: 128.5715461440858
sigmaR: 53.14858622554372
widthL: 128.5715461440858
widthR: 53.14858622554372
x0: 2614.690358005778
