alphaL: 1.8209782519973334
alphaR: 1.9120213280702782
event_sum: 12.832036779047971
mean: 2608.000648910001
nL: 2.9997556282120996
nR: 2.977123562840986
norm: 12.832036779047971
sigma: 162.6262788012644
sigmaL: 120.51883094843252
sigmaR: 56.6523302804824
widthL: 120.51883094843252
widthR: 56.6523302804824
x0: 2608.000648910001
