alphaL: 1.5239690296660573
alphaR: 1.8415649297228274
event_sum: 12.928570044036759
mean: 2605.5184337793635
nL: 5.995414653314477
nR: 3.7110399900199984
norm: 12.928570044036759
sigmaL: 118.19499613140329
sigmaR: 53.8248196204797
widthL: 118.19499613140329
widthR: 53.8248196204797
x0: 2605.5184337793635
