alphaL: 1.8174693568122386
alphaR: 1.8901881802256382
event_sum: 12.832036779047971
mean: 2607.944116361607
nL: 2.9999468727201966
nR: 2.9544380260459264
norm: 12.832036779047971
sigma: 162.57438295378898
sigmaL: 120.4162870589301
sigmaR: 56.66292482761076
widthL: 120.4162870589301
widthR: 56.66292482761076
x0: 2607.944116361607
