alphaL: 1.73556761856464
alphaR: 1.4196887934322253
event_sum: 23.755351805099824
mean: 2620.079916452926
nL: 2.9999973526064734
nR: 2.999998901029883
norm: 23.755351805099824
sigma: 186.30998570579143
sigmaL: 129.27788966736622
sigmaR: 51.18494108386297
widthL: 129.27788966736622
widthR: 51.18494108386297
x0: 2620.079916452926
