alphaL: 1.5287019596217277
alphaR: 1.977756456945686
event_sum: 6.132598482491494
mean: 2608.740418099479
nL: 3.9966895618864156
nR: 1.8005096382740178
norm: 6.132598482491494
sigma: 186.1019535756622
sigmaL: 120.36562705627225
sigmaR: 55.776428395608875
widthL: 120.36562705627225
widthR: 55.776428395608875
x0: 2608.740418099479
