alphaL: 1.357552475660142
alphaR: 1.9280080586700878
event_sum: 31.64797939230504
mean: 2607.6833851268334
nL: 5.999999986556751
nR: 1.9627233167058882
norm: 31.64797939230504
sigmaL: 115.30820615291236
sigmaR: 55.9223299085196
widthL: 115.30820615291236
widthR: 55.9223299085196
x0: 2607.6833851268334
