alphaL: 1.5473609588137287
alphaR: 1.6550173243972044
event_sum: 10.137483786640152
mean: 2609.1664275822336
nL: 2.998450211781622
nR: 2.2821012178156477
norm: 10.137483786640152
sigma: 186
sigmaL: 116.18871398185071
sigmaR: 59.72005765259617
widthL: 116.18871398185071
widthR: 59.72005765259617
x0: 2609.1664275822336
