alphaL: 1.4040923310210462
alphaR: 1.944180485498614
event_sum: 9.683253306931848
mean: 2599.2624849200583
nL: 5.948209679024026
nR: 3.5915529010171188
norm: 9.683253306931848
sigmaL: 105.33643271710731
sigmaR: 62.02416960128934
widthL: 105.33643271710731
widthR: 62.02416960128934
x0: 2599.2624849200583
