alphaL: 1.5458480788994116
alphaR: 1.9154410949014298
event_sum: 9.68243229228648
mean: 2601.8256974234605
nL: 3.9999859602774026
nR: 3.4456039692863984
norm: 9.68243229228648
sigmaL: 110.00337560312502
sigmaR: 60.83892213864471
widthL: 110.00337560312502
widthR: 60.83892213864471
x0: 2601.8256974234605
