alphaL: 1.812019473443191
alphaR: 1.8931188038922395
event_sum: 12.83871193147309
mean: 2607.8041378808566
nL: 2.999981784254378
nR: 2.9526364480500016
norm: 12.83871193147309
sigma: 162.6122858036077
sigmaL: 120.1455260517672
sigmaR: 56.731379956260774
widthL: 120.1455260517672
widthR: 56.731379956260774
x0: 2607.8041378808566
