alphaL: 1.7677869436636306
alphaR: 1.4581900998814414
event_sum: 17.947917183497093
mean: 2623.5803585566587
nL: 2.999814149735118
nR: 2.68944744091253
norm: 17.947917183497093
sigmaL: 131.95805875144657
sigmaR: 50.62892205447949
widthL: 131.95805875144657
widthR: 50.62892205447949
x0: 2623.5803585566587
