alphaL: 1.2347749086897568
alphaR: 1.9120524592926476
event_sum: 10.650298608372417
mean: 2595.0934178577695
nL: 2.9160002231768942
nR: 1.7013749609010285
norm: 10.650298608372417
sigmaL: 90.30170814469493
sigmaR: 73.35394991244813
widthL: 90.30170814469493
widthR: 73.35394991244813
x0: 2595.0934178577695
