alphaL: 1.8177582109281176
alphaR: 1.8248345330079707
event_sum: 31.60341860863132
mean: 2615.7707531202027
nL: 2.999998183083416
nR: 2.0347772953258594
norm: 31.60341860863132
sigma: 186
sigmaL: 131.89063465069503
sigmaR: 51.41113140124421
widthL: 131.89063465069503
widthR: 51.41113140124421
x0: 2615.7707531202027
