alphaL: 1.5974029369941383
alphaR: 1.4325911540281482
event_sum: 17.947917183497093
mean: 2619.9658573417655
nL: 3.99977183235681
nR: 3.1574543543465357
norm: 17.947917183497093
sigmaL: 126.27571676448697
sigmaR: 53.00827808470637
widthL: 126.27571676448697
widthR: 53.00827808470637
x0: 2619.9658573417655
