alphaL: 1.727440617862646
alphaR: 1.9315070010627322
event_sum: 6.132598482491494
mean: 2610.164909961501
nL: 2.975632517748616
nR: 1.9654136097903352
norm: 6.132598482491494
sigma: 186.1019535756622
sigmaL: 125.69649684951992
sigmaR: 55.579703299533655
widthL: 125.69649684951992
widthR: 55.579703299533655
x0: 2610.164909961501
