alphaL: 2.097583061907687
alphaR: 1.8962810091125413
event_sum: 25.852509240150155
mean: 2612.839507580061
nL: 2.996617918623731
nR: 2.9172118456786684
norm: 25.852509240150155
sigma: 162
sigmaL: 133.6764806492041
sigmaR: 51.56989423049143
widthL: 133.6764806492041
widthR: 51.56989423049143
x0: 2612.839507580061
