alphaL: 1.8300584441357304
alphaR: 1.9344409701479879
event_sum: 25.847011099321417
mean: 2608.387096784657
nL: 2.9999989061310175
nR: 2.989334787048663
norm: 25.847011099321417
sigma: 162
sigmaL: 124.63610402993832
sigmaR: 53.68088682722126
widthL: 124.63610402993832
widthR: 53.68088682722126
x0: 2608.387096784657
