alphaL: 1.6125425121500963
alphaR: 1.8647214233537392
event_sum: 31.60341860863132
mean: 2612.3577586411043
nL: 3.999969066289872
nR: 2.0057830192015307
norm: 31.60341860863132
sigmaL: 125.22345895794086
sigmaR: 53.414999512220746
widthL: 125.22345895794086
widthR: 53.414999512220746
x0: 2612.3577586411043
