alphaL: 1.538635561070215
alphaR: 1.4689498913252488
event_sum: 3.592935484104685
mean: 2619.9518910316756
nL: 3.990459571737679
nR: 2.6661228347210773
norm: 3.592935484104685
sigma: 186.1019535756622
sigmaL: 124.54809462799658
sigmaR: 50.78607768086268
widthL: 124.54809462799658
widthR: 50.78607768086268
x0: 2619.9518910316756
