alphaL: 1.8203304986711175
alphaR: 1.9973531723166502
event_sum: 16.71835043435358
mean: 2608.0517790595827
nL: 2.999344302657768
nR: 2.8233434708310696
norm: 16.71835043435358
sigma: 162
sigmaL: 126.40051431756339
sigmaR: 53.15974036516941
widthL: 126.40051431756339
widthR: 53.15974036516941
x0: 2608.0517790595827
