alphaL: 1.6100071094252453
alphaR: 1.951439588320718
event_sum: 16.71866745412991
mean: 2605.2768434940554
nL: 3.9921692640624302
nR: 3.2056336970082073
norm: 16.71866745412991
sigma: 162.6122858036077
sigmaL: 120.2474198982471
sigmaR: 54.61498709275579
widthL: 120.2474198982471
widthR: 54.61498709275579
x0: 2605.2768434940554
