alphaL: 2.0009198279270257
alphaR: 1.9144012467556037
event_sum: 5.7862328238988185
mean: 2613.1904330694124
nL: 2.9999677207628905
nR: 2.8423149878364597
norm: 5.7862328238988185
sigma: 162
sigmaL: 126.12934542584853
sigmaR: 55.318666429812936
widthL: 126.12934542584853
widthR: 55.318666429812936
x0: 2613.1904330694124
