alphaL: 1.6357024926504447
alphaR: 1.6610103587784941
event_sum: 37.481362634798906
mean: 2614.6574968913424
nL: 3.9997343698630083
nR: 2.518673440950502
norm: 37.481362634798906
sigmaL: 126.90339834485894
sigmaR: 51.99591061440476
widthL: 126.90339834485894
widthR: 51.99591061440476
x0: 2614.6574968913424
