alphaL: 1.8487822441380743
alphaR: 1.9294857488574146
event_sum: 16.71835043435358
mean: 2609.3544009180555
nL: 2.9999995011407994
nR: 2.9905508387613504
norm: 16.71835043435358
sigma: 162.6262788012644
sigmaL: 127.70474813976826
sigmaR: 52.00529315852115
widthL: 127.70474813976826
widthR: 52.00529315852115
x0: 2609.3544009180555
