alphaL: 2.1080523326867473
alphaR: 2.3269641650777877
event_sum: 16.84932666747131
mean: 2542.941591402546
nL: 2.11624211306352
nR: 2.450475675516923
norm: 16.84932666747131
sigmaL: 171.14989408867578
sigmaR: 130.79426299090983
widthL: 171.14989408867578
widthR: 130.79426299090983
x0: 2542.941591402546
