alphaL: 1.8180194778987377
alphaR: 2.001905051253108
event_sum: 16.71866745412991
mean: 2607.9985783206384
nL: 2.999468450149954
nR: 2.8298451000653784
norm: 16.71866745412991
sigma: 162.6122858036077
sigmaL: 126.23710329647324
sigmaR: 53.320040315599655
widthL: 126.23710329647324
widthR: 53.320040315599655
x0: 2607.9985783206384
