alphaL: 1.5355062723728328
alphaR: 1.3711238897523037
event_sum: 18.04090983562476
mean: 2620.6512341291377
nL: 3.771238965689887
nR: 3.3293630045144376
norm: 18.04090983562476
sigmaL: 123.92380217972425
sigmaR: 51.32523086896064
widthL: 123.92380217972425
widthR: 51.32523086896064
x0: 2620.6512341291377
