alphaL: 1.7446208535420946
alphaR: 1.4412100291720964
event_sum: 23.755351805099824
mean: 2620.3624358889006
nL: 2.999996159100443
nR: 2.8760503231878194
norm: 23.755351805099824
sigma: 186
sigmaL: 129.67374249355538
sigmaR: 51.03604622975737
widthL: 129.67374249355538
widthR: 51.03604622975737
x0: 2620.3624358889006
