alphaL: 1.729662360062991
alphaR: 1.6019720386163343
event_sum: 3.592935484104685
mean: 2619.307608600427
nL: 2.9999860596031147
nR: 2.3259124886704905
norm: 3.592935484104685
sigma: 186.1019535756622
sigmaL: 128.77644910816954
sigmaR: 53.172740511812435
widthL: 128.77644910816954
widthR: 53.172740511812435
x0: 2619.307608600427
