alphaL: 1.6396605123098287
alphaR: 1.9009910699826293
event_sum: 12.927302861785886
mean: 2605.7160537471455
nL: 3.9919731760673
nR: 3.4800681579993062
norm: 12.927302861785886
sigmaL: 120.76763676334836
sigmaR: 54.60790067283913
widthL: 120.76763676334836
widthR: 54.60790067283913
x0: 2605.7160537471455
