alphaL: 1.4762125277423543
alphaR: 2.0026170718343588
event_sum: 5.70612109186266
mean: 2596.104560457874
nL: 3.977786952594535
nR: 2.795989479188403
norm: 5.70612109186266
sigmaL: 95.07378656541775
sigmaR: 64.96482973683656
widthL: 95.07378656541775
widthR: 64.96482973683656
x0: 2596.104560457874
