alphaL: 1.5380572322715789
alphaR: 1.8903053609448326
event_sum: 12.83871193147309
mean: 2602.4313494165017
nL: 3.999739604520432
nR: 3.4058142892021595
norm: 12.83871193147309
sigma: 162.6122858036077
sigmaL: 109.87831874350317
sigmaR: 59.24637678183975
widthL: 109.87831874350317
widthR: 59.24637678183975
x0: 2602.4313494165017
