alphaL: 1.7566280071336906
alphaR: 1.4009122090236528
event_sum: 23.755351805099824
mean: 2621.1480938675845
nL: 2.9988264730509258
nR: 2.9768404930324968
norm: 23.755351805099824
sigma: 186.12963673153496
sigmaL: 130.2783288435712
sigmaR: 50.04478435881196
widthL: 130.2783288435712
widthR: 50.04478435881196
x0: 2621.1480938675845
