alphaL: 1.6946886543534392
alphaR: 1.9838876230432967
event_sum: 5.78367882459482
mean: 2604.2001590170853
nL: 2.997302207911026
nR: 2.9633052044715824
norm: 5.78367882459482
sigma: 162
sigmaL: 112.51324089320615
sigmaR: 60.85369623491129
widthL: 112.51324089320615
widthR: 60.85369623491129
x0: 2604.2001590170853
