alphaL: 1.3498333806592508
alphaR: 1.5446607882808825
event_sum: 18.020515558393505
mean: 2614.1458125507506
nL: 4.9197562535956285
nR: 2.9170481810503155
norm: 18.020515558393505
sigmaL: 114.71067209207496
sigmaR: 56.69301514477597
widthL: 114.71067209207496
widthR: 56.69301514477597
x0: 2614.1458125507506
