alphaL: 1.0558298423731236
alphaR: 2.0769951266893654
event_sum: 46.50236805836903
fraction: 0.9972706754952781
mean: 2600.469182812663
nL: 9.999872976081207
nR: 1.7356637306898188
norm: 46.41010404389817
sigma: 157.89859941050076
sigmaL: 99.75519441502529
sigmaR: 60.95617675241817
widthL: 99.75519441502529
widthR: 60.95617675241817
x0: 2600.469182812663
