alphaL: 1.2103619546036521
alphaR: 2.068336003575119
event_sum: 4.810751211414754
mean: 2601.822517879171
nL: 4.908462683948493
nR: 1.7137756634077235
norm: 4.810751211414754
sigma: 158.08069941314187
sigmaL: 105.443891219092
sigmaR: 60.05293358189541
widthL: 105.443891219092
widthR: 60.05293358189541
x0: 2601.822517879171
