alphaL: 1.4408089172763618
alphaR: 1.5096886852506513
event_sum: 27.706115753680933
mean: 2613.288387016906
nL: 4.499999537234322
nR: 3.140279794708438
norm: 27.706115753680933
sigma: 157.00881890120584
sigmaL: 117.6235908413628
sigmaR: 57.30888308650932
widthL: 117.6235908413628
widthR: 57.30888308650932
x0: 2613.288387016906
