alphaL: 1.614669037498839
alphaR: 1.8708155821581829
event_sum: 12.991911425502622
mean: 2605.7482543119486
nL: 4.499917251854194
nR: 3.628209409416303
norm: 12.991911425502622
sigma: 116.9864553542945
sigmaL: 120.01333694579628
sigmaR: 54.02893193640663
widthL: 120.01333694579628
widthR: 54.02893193640663
x0: 2605.7482543119486
