alphaL: 1.3467694765396956
alphaR: 2.0267736517383463
event_sum: 9.717349832586478
mean: 2597.2379571600886
nL: 3.9849635988217607
nR: 3.153467769607405
norm: 9.717349832586478
sigma: 117.17036759374541
sigmaL: 101.32581386249913
sigmaR: 63.586087137973465
widthL: 101.32581386249913
widthR: 63.586087137973465
x0: 2597.2379571600886
