alphaL: 1.1687112159180053
alphaR: 2.0812867651386364
event_sum: 11.733356947574066
fraction: 0.9990395832766632
mean: 2597.4381697402837
nL: 9.935335780534524
nR: 3.2225070458351097
norm: 11.73183874321694
sigma: 116.97558679290326
sigmaL: 101.9738508553295
sigmaR: 59.04424757403997
widthL: 101.9738508553295
widthR: 59.04424757403997
x0: 2597.4381697402837
