alphaL: 1.4233209222067895
alphaR: 2.08557268240841
event_sum: 12.959100993306492
mean: 2600.6797912151683
nL: 3.9998423041890656
nR: 2.800730313263764
norm: 12.959100993306492
sigma: 117.17036759374541
sigmaL: 110.9390770786852
sigmaR: 57.432300514880616
widthL: 110.9390770786852
widthR: 57.432300514880616
x0: 2600.6797912151683
