alphaL: 1.547591950884178
alphaR: 1.742225612268436
event_sum: 9.725843389212969
mean: 2604.3655758791065
nL: 4.498290465809927
nR: 4.364710521291505
norm: 9.725843389212969
sigma: 116.9864553542945
sigmaL: 111.98212452548387
sigmaR: 58.14728990225504
widthL: 111.98212452548387
widthR: 58.14728990225504
x0: 2604.3655758791065
