alphaL: 1.4413515047485552
alphaR: 1.6587565176126933
event_sum: 2.7581337080773665
mean: 2610.1715492522494
nL: 3.89234628082087
nR: 2.746172363350325
norm: 2.7581337080773665
sigma: 157.51653212637459
sigmaL: 114.43518597562982
sigmaR: 60.42021361431782
widthL: 114.43518597562982
widthR: 60.42021361431782
x0: 2610.1715492522494
