alphaL: 1.499621712780497
alphaR: 1.976093136654741
event_sum: 4.826535740030522
mean: 2607.77344437913
nL: 3.873402174361047
nR: 1.798127665619387
norm: 4.826535740030522
sigma: 157.51653212637459
sigmaL: 117.95813105496127
sigmaR: 56.88772068263882
widthL: 117.95813105496127
widthR: 56.88772068263882
x0: 2607.77344437913
