alphaL: 1.434061908976574
alphaR: 1.535847927012407
event_sum: 27.706115753680933
mean: 2612.469594923134
nL: 4.499999210871306
nR: 3.1094449795938583
norm: 27.706115753680933
sigma: 156.8188151576151
sigmaL: 116.98115661518517
sigmaR: 58.10677410230914
widthL: 116.98115661518517
widthR: 58.10677410230914
x0: 2612.469594923134
