alphaL: 1.4684311484351296
alphaR: 1.9772186056493914
event_sum: 48.33357510098722
mean: 2607.995301206916
nL: 4.499998866876438
nR: 1.8511799078349722
norm: 48.33357510098722
sigma: 156.8188151576151
sigmaL: 118.70124169870752
sigmaR: 56.74671924910564
widthL: 118.70124169870752
widthR: 56.74671924910564
x0: 2607.995301206916
