alphaL: 1.410685669694748
alphaR: 1.5702432964748851
event_sum: 2.7554422552639153
mean: 2611.9475237280444
nL: 4.447020281777019
nR: 2.989040246905762
norm: 2.7554422552639153
sigma: 158.08069941314187
sigmaL: 116.74292482064453
sigmaR: 58.783080068897796
widthL: 116.74292482064453
widthR: 58.783080068897796
x0: 2611.9475237280444
