alphaL: 1.3957981633869987
alphaR: 1.910160734737694
event_sum: 12.959100993306492
mean: 2601.22024462279
nL: 4.49826033849235
nR: 3.8943654223371165
norm: 12.959100993306492
sigma: 117.17036759374541
sigmaL: 111.2286034316411
sigmaR: 56.828662358082326
widthL: 111.2286034316411
widthR: 56.828662358082326
x0: 2601.22024462279
