alphaL: 1.0054360954265062
alphaR: 2.1499135170770987
event_sum: 11.733356947574066
fraction: 0.9994151352829254
mean: 2594.515153111321
nL: 19.94477345047546
nR: 3.0535295822754196
norm: 11.73183874321694
sigma: 116.97558679290326
sigmaL: 94.28738015794903
sigmaR: 60.9445000709617
widthL: 94.28738015794903
widthR: 60.9445000709617
x0: 2594.515153111321
