alphaL: 1.5114758200941343
alphaR: 1.807842816881024
event_sum: 9.725843389212969
mean: 2603.420729462573
nL: 4.497808103889863
nR: 3.990304737736203
norm: 9.725843389212969
sigma: 116.92120988391609
sigmaL: 110.99088591237904
sigmaR: 59.18395420762125
widthL: 110.99088591237904
widthR: 59.18395420762125
x0: 2603.420729462573
