alphaL: 1.0031899036647745
alphaR: 2.1197797811652745
event_sum: 8.86666184925707
fraction: 0.9994434968386852
mean: 2593.039017241281
nL: 19.966020226141847
nR: 2.950518943735235
norm: 8.864923929824727
sigma: 116.97558679290326
sigmaL: 90.5377724309486
sigmaR: 66.06450609526614
widthL: 90.5377724309486
widthR: 66.06450609526614
x0: 2593.039017241281
