alphaL: 0.9423854488299755
alphaR: 1.73700447416124
event_sum: 26.741971485782415
fraction: 0.9984947011962151
mean: 2602.2300962023933
nL: 19.83330110187618
nR: 2.765872069734201
norm: 26.603364099399187
sigma: 157.89859941050076
sigmaL: 95.46547333265323
sigmaR: 65.4287539314302
widthL: 95.46547333265323
widthR: 65.4287539314302
x0: 2602.2300962023933
