alphaL: 1.5913222072921451
alphaR: 1.9473412682986742
event_sum: 12.991911425502622
mean: 2604.1581563689133
nL: 4.499862489612583
nR: 3.3842583697598694
norm: 12.991911425502622
sigma: 116.92120988391609
sigmaL: 118.27284032329851
sigmaR: 55.28838572284113
widthL: 118.27284032329851
widthR: 55.28838572284113
x0: 2604.1581563689133
