alphaL: 1.4172438795771325
alphaR: 1.9949901797362737
event_sum: 4.822449998791853
mean: 2606.9293764779345
nL: 4.499229620939823
nR: 1.803983911142266
norm: 4.822449998791853
sigma: 158.08069941314187
sigmaL: 116.26321845894672
sigmaR: 57.5001672930435
widthL: 116.26321845894672
widthR: 57.5001672930435
x0: 2606.9293764779345
