alphaL: 1.4197110072685974
alphaR: 1.9432886637280136
event_sum: 4.822449998791853
mean: 2607.1257507131027
nL: 4.499523288683405
nR: 1.9537642672896913
norm: 4.822449998791853
sigma: 158.08069941314187
sigmaL: 116.68279610422636
sigmaR: 57.29838895612857
widthL: 116.68279610422636
widthR: 57.29838895612857
x0: 2607.1257507131027
