alphaL: 1.6547284230250185
alphaR: 0.3261867434594015
event_sum: 27.554421160777565
mean: 2642.4505289348876
nL: 4.499851503419586
nR: 4.3919026573348265
norm: 27.554421160777565
sigma: 157.00881890120584
sigmaL: 138.72746013511164
sigmaR: 12.20862801895113
widthL: 138.72746013511164
widthR: 12.20862801895113
x0: 2642.4505289348876
