alphaL: 1.3321482620449603
alphaR: 1.9398390853014484
event_sum: 9.717349832586478
mean: 2598.4392035069527
nL: 4.498808347190372
nR: 3.636922044234125
norm: 9.717349832586478
sigma: 117.17036759374541
sigmaL: 102.22392878722587
sigmaR: 62.43340588881249
widthL: 102.22392878722587
widthR: 62.43340588881249
x0: 2598.4392035069527
