alphaL: 1.428505602941377
alphaR: 2.0143809331956666
event_sum: 48.221884609316476
mean: 2607.1390986971587
nL: 4.499884349570372
nR: 1.7454731830825037
norm: 48.221884609316476
sigma: 157.00881890120584
sigmaL: 116.87325761813972
sigmaR: 57.31551943770665
widthL: 116.87325761813972
widthR: 57.31551943770665
x0: 2607.1390986971587
