alphaL: 1.3908543589151952
alphaR: 1.6074789620773218
event_sum: 2.7554422552639153
mean: 2610.8591523736245
nL: 4.471949609858427
nR: 2.8359744130290987
norm: 2.7554422552639153
sigma: 158.08069941314187
sigmaL: 115.36516465456089
sigmaR: 59.74203300112776
widthL: 115.36516465456089
widthR: 59.74203300112776
x0: 2610.8591523736245
