alphaL: 1.332809973723212
alphaR: 1.9392862274786542
event_sum: 9.717349832586478
mean: 2598.454975745838
nL: 4.498877071295083
nR: 3.640055776399203
norm: 9.717349832586478
sigma: 117.17036759374541
sigmaL: 102.25031602192253
sigmaR: 62.42732433603216
widthL: 102.25031602192253
widthR: 62.42732433603216
x0: 2598.454975745838
