alphaL: 1.3186620174743273
alphaR: 1.9722188387009953
event_sum: 9.709485609288095
mean: 2597.933223085576
nL: 4.497800279349349
nR: 3.480646096908929
norm: 9.709485609288095
sigma: 116.92120988391609
sigmaL: 101.38869081082618
sigmaR: 62.79481544957546
widthL: 101.38869081082618
widthR: 62.79481544957546
x0: 2597.933223085576
