alphaL: 1.4798333971010764
alphaR: 1.9557490366639874
event_sum: 48.33357510098722
mean: 2608.6705254776566
nL: 4.49988703337527
nR: 1.907813058422929
norm: 48.33357510098722
sigma: 157.00881890120584
sigmaL: 119.71512836340844
sigmaR: 56.591916783079384
widthL: 119.71512836340844
widthR: 56.591916783079384
x0: 2608.6705254776566
