alphaL: 1.0853158282623874
alphaR: 1.656575089984338
event_sum: 26.741971485782415
fraction: 0.998123399882614
mean: 2605.194289192861
nL: 9.99458192751928
nR: 2.96630023189263
norm: 26.603364099399187
sigma: 157.89859941050076
sigmaL: 102.51641444522808
sigmaR: 63.32476041754341
widthL: 102.51641444522808
widthR: 63.32476041754341
x0: 2605.194289192861
