alphaL: 1.4289517662383424
alphaR: 1.8418634932700224
event_sum: 12.966689431967097
mean: 2603.5038211155693
nL: 4.483564550222554
nR: 4.379069945388909
norm: 12.966689431967097
sigma: 116.92120988391609
sigmaL: 112.75586148922572
sigmaR: 55.041047374439245
widthL: 112.75586148922572
widthR: 55.041047374439245
x0: 2603.5038211155693
