alphaL: 1.2059266571619056
alphaR: 1.844630823435821
event_sum: 2.749602157215122
mean: 2605.01693032062
nL: 4.99014453404021
nR: 2.3071205119747895
norm: 2.749602157215122
sigma: 158.08069941314187
sigmaL: 105.17194580957974
sigmaR: 65.74102498279795
widthL: 105.17194580957974
widthR: 65.74102498279795
x0: 2605.01693032062
