alphaL: 1.122704784682998
alphaR: 2.178357160652773
event_sum: 12.903454662067816
mean: 2593.661300577773
nL: 4.999753920016856
nR: 2.830138527171257
norm: 12.903454662067816
sigma: 117.17036759374541
sigmaL: 96.6416914909771
sigmaR: 61.338939442790675
widthL: 96.6416914909771
widthR: 61.338939442790675
x0: 2593.661300577773
