alphaL: 0.8901184459689953
alphaR: 2.09479840605549
event_sum: 46.50236805836903
fraction: 0.9977002371804965
mean: 2597.8672375941765
nL: 19.99999282925255
nR: 1.7322734129085893
norm: 46.40728987730108
sigma: 157.89859941050076
sigmaL: 91.02462335580977
sigmaR: 62.15747889793147
widthL: 91.02462335580977
widthR: 62.15747889793147
x0: 2597.8672375941765
