alphaL: 1.1250260572803423
alphaR: 2.120569481855798
event_sum: 9.678374928946141
mean: 2592.394302006411
nL: 4.781922283162698
nR: 2.9332791751988516
norm: 9.678374928946141
sigma: 117.17036759374541
sigmaL: 90.40805635236885
sigmaR: 66.31775795442324
widthL: 90.40805635236885
widthR: 66.31775795442324
x0: 2592.394302006411
