alphaL: 1.0885131409254374
alphaR: 1.8821517255360314
event_sum: 8.86666184925707
fraction: 0.999168659021461
mean: 2594.0435863601597
nL: 9.777924350839726
nR: 4.494473050311385
norm: 8.864923929824727
sigma: 116.97558679290326
sigmaL: 92.2185609207858
sigmaR: 64.57958276088098
widthL: 92.2185609207858
widthR: 64.57958276088098
x0: 2594.0435863601597
