alphaL: 1.3845930085286833
alphaR: 1.981419299292138
event_sum: 12.959100993306492
mean: 2600.646012127555
nL: 4.499999271988075
nR: 3.453258088804595
norm: 12.959100993306492
sigma: 117.17036759374541
sigmaL: 109.79361741916908
sigmaR: 57.03989057630037
widthL: 109.79361741916908
widthR: 57.03989057630037
x0: 2600.646012127555
