alphaL: 0.8827384009072959
alphaR: 2.0935690204029167
event_sum: 8.83047312826966
mean: 2592.624491661134
nL: 27.05843060808085
nR: 3.1912724740844554
norm_2016: 2.4934267023345456
norm_2017: 2.954817590798484
norm_2018: 4.098815375298727
norm_norm_Run2: 9.547059668431757
sigma: 116.97558679290326
sigmaL: 85.08186065351869
sigmaR: 65.87388400500299
widthL: 85.08186065351869
widthR: 65.87388400500299
x0: 2592.624491661134
