alphaL: 0.9026201195303988
alphaR: 2.115247726834211
event_sum: 8.83047312826966
mean: 2592.363096574869
nL: 19.936875768388575
nR: 3.094119436589468
norm_2016: 2.4934267023345456
norm_2017: 2.954817590798484
norm_2018: 4.098815375298727
norm_Run2: 8.83047312826966
sigma: 116.97558679290326
sigmaL: 84.74999700866464
sigmaR: 66.19265410163545
widthL: 84.74999700866464
widthR: 66.19265410163545
x0: 2592.363096574869
