alphaL: 0.8562073033577663
alphaR: 2.252338151683756
event_sum: 11.686496049704147
mean: 2592.999631626937
nL: 53.27094034291595
nR: 2.5691268194728023
norm_2016: 11.686496049704147
norm_2017: 11.686496049704147
norm_2018: 11.686496049704147
norm_Run2: 11.686496049704147
sigma: 116.97558679290326
sigmaL: 87.58832937511734
sigmaR: 62.061000092917205
widthL: 87.58832937511734
widthR: 62.061000092917205
x0: 2592.999631626937
