alphaL: 1.1083453547411246
alphaR: 1.2111391815794268
event_sum: 4.823372468934394
mean: 2550.000022459524
nL: 0.10162148767534183
nR: 4.099051664140143
norm_2016: 1.1443058950826526
norm_2017: 1.5462821403052658
norm_2018: 2.1771472110413015
norm_Run2: 4.823372468934394
sigma: 260.0
sigmaL: 271.07159259734146
sigmaR: 121.13121332760845
widthL: 271.07159259734146
widthR: 121.13121332760845
x0: 2550.000022459524
