alphaL: 1.0939901949350292
alphaR: 1.4737188983523464
event_sum: 4.823372468934394
mean: 2527.115059061486
nL: 0.1095249179690694
nR: 3.5024660184257645
norm_2016: 4.823372468934394
norm_2017: 4.823372468934394
norm_2018: 4.823372468934394
norm_Run2: 4.823372468934394
sigma: 260.0
sigmaL: 251.3615492738431
sigmaR: 144.2604525594268
widthL: 251.3615492738431
widthR: 144.2604525594268
x0: 2527.115059061486
