alphaL: 0.5213221133186234
alphaR: 1.4674625247178013
event_sum: 7.010176867828704
mean: 2545.504464145378
nL: 1.1650609185885437
nR: 4.939204962303952
norm_2016: 1.8590569966472685
norm_2017: 2.1396765533136204
norm_2018: 3.097864428535104
norm_Run2: 7.096597978495993
sigma: 145.6
sigmaL: 83.11370272053621
sigmaR: 119.25335911670614
widthL: 83.11370272053621
widthR: 119.25335911670614
x0: 2545.504464145378
