alphaL: 0.5213221133186234
alphaR: 1.4674625247178013
event_sum: 7.010176867828704
mean: 2545.504464145378
nL: 1.1650609185885437
nR: 4.939204962303952
norm_2016: 7.010176867828704
norm_2017: 7.010176867828704
norm_2018: 7.010176867828704
norm_Run2: 7.010176867828704
sigma: 145.6
sigmaL: 83.11370272053621
sigmaR: 119.25335911670614
widthL: 83.11370272053621
widthR: 119.25335911670614
x0: 2545.504464145378
