alphaL: 0.8494209550879741
alphaR: 1.7308194958844763
event_sum: 26.374136142490897
mean: 2601.6015186768586
nL: 25.542861241549
nR: 2.8091942674914696
norm_2016: 26.374136142490897
norm_2017: 26.374136142490897
norm_2018: 26.374136142490897
norm_Run2: 26.374136142490897
sigma: 157.89859941050076
sigmaL: 90.03896196771379
sigmaR: 65.37292739339541
widthL: 90.03896196771379
widthR: 65.37292739339541
x0: 2601.6015186768586
