alphaL: 0.7504787242368411
alphaR: 2.115165638214537
event_sum: 45.99183720466681
mean: 2595.9019055279227
nL: 79.15687075404709
nR: 1.762793879294914
norm_2016: 11.318315862677991
norm_2017: 14.704659220995381
norm_2018: 21.3792532235384
norm_Run2: 45.99183720466681
sigma: 157.89859941050076
sigmaL: 83.04209911950471
sigmaR: 63.31477355270155
widthL: 83.04209911950471
widthR: 63.31477355270155
x0: 2595.9019055279227
