alphaL: 1.0458184915646507
alphaR: 1.4197323684060454
event_sum: 11.283273129258305
mean: 2557.369723166853
nL: 1.0210434465460543
nR: 4.330240247585201
norm_2016: 11.283273129258305
norm_2017: 11.283273129258305
norm_2018: 11.283273129258305
norm_Run2: 11.283273129258305
sigma: 145.6
sigmaL: 152.7737556936265
sigmaR: 112.42419874806016
widthL: 152.7737556936265
widthR: 112.42419874806016
x0: 2557.369723166853
