alphaL: 1.1529326547368737
alphaR: 1.2096225604974087
event_sum: 7.576736251707189
mean: 2549.698224818886
nL: 0.2700004122483928
nR: 5.1738537613577815
norm_2016: 1.583315289230086
norm_2017: 2.464603202766739
norm_2018: 3.634672481333837
norm_Run2: 7.682590973330662
sigma: 260.0
sigmaL: 277.1460597521118
sigmaR: 126.98007007769255
widthL: 277.1460597521118
widthR: 126.98007007769255
x0: 2549.698224818886
