alphaL: 1.0458184915646507
alphaR: 1.4197323684060454
event_sum: 11.283273129258305
mean: 2557.369723166853
nL: 1.0210434465460543
nR: 4.330240247585201
norm_2016: 2.6534877875819802
norm_2017: 3.5465398121159524
norm_2018: 5.245096639730036
norm_norm_Run2: 11.445124239427969
sigma: 145.6
sigmaL: 152.7737556936265
sigmaR: 112.42419874806016
widthL: 152.7737556936265
widthR: 112.42419874806016
x0: 2557.369723166853
