alphaL: 1.1683364155840048
alphaR: 1.5254841362437677
event_sum: 26.579508210967514
mean: 787.8673273191159
nL: 2.9879879568656795
nR: 2.470443924407692
norm: 26.579508210967514
sigma: 60
sigmaL: 67.00176762020854
sigmaR: 53.951584973092565
widthL: 67.00176762020854
widthR: 53.951584973092565
x0: 787.8673273191159
