alphaL: 1.0414385062629612
alphaR: 1.7000421053881252
event_sum: 11.016832140935836
mean: 788.6242600619217
nL: 2.4073969783893325
nR: 2.9992935183435043
norm: 11.016832140935836
sigma: 60
sigmaL: 59.398470815397495
sigmaR: 57.82906034808867
widthL: 59.398470815397495
widthR: 57.82906034808867
x0: 788.6242600619217
