alphaL: 1.1171971498407172
alphaR: 1.6056976430711305
event_sum: 3.580899024621489
mean: 787.3006390091285
nL: 2.6423890053895613
nR: 2.2929673478150487
norm: 3.580899024621489
sigma: 60.138904725108674
sigmaL: 62.645034655148976
sigmaR: 55.69787588722731
widthL: 62.645034655148976
widthR: 55.69787588722731
x0: 787.3006390091285
