alphaL: 1.0506289209884823
alphaR: 1.5763823736983622
event_sum: 23.678693428189153
mean: 786.2087467804703
nL: 2.966772553237942
nR: 2.6830457068200637
norm: 23.678693428189153
sigma: 60
sigmaL: 60.77050732625901
sigmaR: 56.22677875340141
widthL: 60.77050732625901
widthR: 56.22677875340141
x0: 786.2087467804703
