alphaL: 1.371417982581327
alphaR: 1.2887715404435687
event_sum: 10.42547348508671
mean: 792.3909191495493
nL: 2.9995417180997603
nR: 2.919958688818999
norm: 10.42547348508671
sigma: 60.110930119678166
sigmaL: 74.03490742826148
sigmaR: 47.452659641216606
widthL: 74.03490742826148
widthR: 47.452659641216606
x0: 792.3909191495493
