alphaL: 1.0507721684917286
alphaR: 1.5490923189245533
event_sum: 23.678693428189153
mean: 786.9298907351122
nL: 2.9989405884361937
nR: 2.9457379223290427
norm: 23.678693428189153
sigma: 60.110930119678166
sigmaL: 61.044663203720404
sigmaR: 55.44086053233336
widthL: 61.044663203720404
widthR: 55.44086053233336
x0: 786.9298907351122
