alphaL: 1.0595053607625209
alphaR: 1.4985021466779984
event_sum: 11.117827780290519
mean: 790.3559020872889
nL: 2.956377228788423
nR: 2.9052628360794515
norm: 11.117827780290519
sigma: 60
sigmaL: 60.40891783229454
sigmaR: 54.394606589226235
widthL: 60.40891783229454
widthR: 54.394606589226235
x0: 790.3559020872889
