alphaL: 1.255472192318166
alphaR: 1.4238968680204966
event_sum: 1.5768143829313233
mean: 790.2694361831396
nL: 2.582811061829038
nR: 1.968379757543552
norm: 1.5768143829313233
sigma: 60.138904725108674
sigmaL: 72.43152566322
sigmaR: 49.47603653001365
widthL: 72.43152566322
widthR: 49.47603653001365
x0: 790.2694361831396
