alphaL: 1.2366244684480643
alphaR: 1.3954558081834962
event_sum: 1.5768143829313233
mean: 790.535650482095
nL: 2.817239087456998
nR: 2.084706003424552
norm: 1.5768143829313233
sigma: 60.138904725108674
sigmaL: 72.24625693048165
sigmaR: 48.91348962578102
widthL: 72.24625693048165
widthR: 48.91348962578102
x0: 790.535650482095
