alphaL: 0.965791601680682
alphaR: 1.6955659992738463
event_sum: 26.29981789985446
mean: 782.3525784009822
nL: 2.99998856487994
nR: 2.999999250666495
norm: 26.29981789985446
sigma: 60
sigmaL: 58.412306448364696
sigmaR: 59.23560877300353
widthL: 58.412306448364696
widthR: 59.23560877300353
x0: 782.3525784009822
