alphaL: 1.0820242395108737
alphaR: 1.5593236880137218
event_sum: 23.678693428189153
mean: 787.2781188196882
nL: 2.871924563201224
nR: 2.597722080302476
norm: 23.678693428189153
sigma: 60.11077567139245
sigmaL: 62.27742268316747
sigmaR: 55.37881068225174
widthL: 62.27742268316747
widthR: 55.37881068225174
x0: 787.2781188196882
