alphaL: 1.3536434363345826
alphaR: 1.3393805481853338
event_sum: 10.42547348508671
mean: 790.8579114657197
nL: 2.80793870624401
nR: 2.6862705091724224
norm: 10.42547348508671
sigma: 60.11077567139245
sigmaL: 72.90246662714097
sigmaR: 49.535483839744295
widthL: 72.90246662714097
widthR: 49.535483839744295
x0: 790.8579114657197
