alphaL: 3.331303033885362
alphaR: 0.970430596267386
event_sum: 8.55483306716713
mean: 811.0155592476196
nL: 2.8051888266344234
nR: 2.999989157922305
norm: 8.55483306716713
sigma: 101
sigmaL: 95.00020132967157
sigmaR: 31.47255084274417
widthL: 95.00020132967157
widthR: 31.47255084274417
x0: 811.0155592476196
