alphaL: 1.0940388038264246
alphaR: 1.5681878642371563
event_sum: 3.580899024621489
mean: 787.3569961010602
nL: 2.993055422288877
nR: 2.567816863875401
norm: 3.580899024621489
sigma: 60.138904725108674
sigmaL: 62.40642768067437
sigmaR: 55.45157859077594
widthL: 62.40642768067437
widthR: 55.45157859077594
x0: 787.3569961010602
