alphaL: 3.25434483656703
alphaR: 1.5809755169390272
event_sum: 2.7098729680474207
mean: 785.1034532524311
nL: 1.000000050626192
nR: 3.5311611439816644
norm: 2.7098729680474207
sigma: 80.0
sigmaL: 68.84673081968327
sigmaR: 58.11284698154643
widthL: 68.84673081968327
widthR: 58.11284698154643
x0: 785.1034532524311
