alphaL: 1.3178845594178707
alphaR: 1.2736858689097477
event_sum: 2.715098932978435
mean: 800.3008407069686
nL: 1.0004731405288463
nR: 3.40724799800296
norm: 2.715098932978435
sigma: 80.0
sigmaL: 77.17500385791762
sigmaR: 44.5557721753957
widthL: 77.17500385791762
widthR: 44.5557721753957
x0: 800.3008407069686
