alphaL: 1.4280207110051082
alphaR: 1.2778469875441334
event_sum: 11.677032292936929
fraction: 0.9822159876556306
mean: 795.4070611243429
nL: 6.388472120870739
nR: 2.894246316269635
norm: 11.547769640455954
sigma: 80.0
sigmaL: 77.14034476235207
sigmaR: 45.63872444958643
widthL: 77.14034476235207
widthR: 45.63872444958643
x0: 795.4070611243429
