alphaL: 0.9190810955040705
alphaR: 1.5206744722144174
event_sum: 2.715098932978435
mean: 785.9392229413177
nL: 4.40226515044985
nR: 3.789294415458884
norm: 2.715098932978435
sigma: 80.0
sigmaL: 58.226793080193595
sigmaR: 56.404585999896646
widthL: 58.226793080193595
widthR: 56.404585999896646
x0: 785.9392229413177
