alphaL: 1.0338235240929234
alphaR: 1.2960021417528962
event_sum: 1.212322786133882
mean: 791.4234847378041
nL: 4.233224821878751
nR: 3.118480349128144
norm: 1.212322786133882
sigma: 80.0
sigmaL: 68.19967001689831
sigmaR: 47.30839952128706
widthL: 68.19967001689831
widthR: 47.30839952128706
x0: 791.4234847378041
