alphaL: 4.01136136793069
alphaR: 1.6022919339936526
event_sum: 2.7098729680474207
mean: 784.4634989356441
nL: 1.0000001023932092
nR: 3.5592936745713444
norm: 2.7098729680474207
sigma: 80.0
sigmaL: 68.25093997132957
sigmaR: 59.32992818978823
widthL: 68.25093997132957
widthR: 59.32992818978823
x0: 784.4634989356441
