alphaL: 0.7928609436217443
alphaR: 1.4194571685513913
event_sum: 26.04194022656884
fraction: 0.9925683223354156
mean: 784.9725737376871
nL: 12.308948624286309
nR: 5.361080716976107
norm: 25.824260664114263
sigma: 80.0
sigmaL: 54.32501067123989
sigmaR: 56.067491820648605
widthL: 54.32501067123989
widthR: 56.067491820648605
x0: 784.9725737376871
