alphaL: 1.0084118920770953
alphaR: 1.5324839829926136
event_sum: 2.704197339280654
mean: 787.7700253551203
nL: 3.1568101197226706
nR: 3.440022549854713
norm: 2.704197339280654
sigma: 80.0
sigmaL: 61.674062980313025
sigmaR: 54.92062209689721
widthL: 61.674062980313025
widthR: 54.92062209689721
x0: 787.7700253551203
