alphaL: 1.0338931698923897
alphaR: 1.3084143780787265
event_sum: 1.212322786133882
mean: 791.1935078154943
nL: 4.262745240431852
nR: 3.1076244217346396
norm: 1.212322786133882
sigma: 80.0
sigmaL: 68.15248971118073
sigmaR: 47.80496422501563
widthL: 68.15248971118073
widthR: 47.80496422501563
x0: 791.1935078154943
