alphaL: 1.3534711189837456
alphaR: 1.1472619830835828
event_sum: 1.2168205169909925
mean: 800.180741770432
nL: 1.00037692828186
nR: 2.7719279313125575
norm: 1.2168205169909925
sigma: 80.0
sigmaL: 77.31372744724571
sigmaR: 39.00823584545961
widthL: 77.31372744724571
widthR: 39.00823584545961
x0: 800.180741770432
