alphaL: 1.1561599635030846
alphaR: 1.3360237624832147
event_sum: 1.2084075793063676
mean: 791.6026654067857
nL: 4.181641630798709
nR: 3.020988049530283
norm: 1.2084075793063676
sigma: 80.0
sigmaL: 71.12666529992369
sigmaR: 48.13991916849355
widthL: 71.12666529992369
widthR: 48.13991916849355
x0: 791.6026654067857
