alphaL: 0.8848322396225935
alphaR: 1.2131342074787717
event_sum: 11.677032292936929
fraction: 0.9889217573637248
mean: 788.662032907297
nL: 14.007533632687245
nR: 4.682773789390893
norm: 11.52982436469756
sigma: 80.0
sigmaL: 62.55613708396327
sigmaR: 49.1649625996177
widthL: 62.55613708396327
widthR: 49.1649625996177
x0: 788.662032907297
