alphaL: 1.2834354241168635
alphaR: 1.359061127198751
event_sum: 2.4851348121082992
mean: 794.6008241257516
nL: 0.20002615712543592
nR: 2.1714598682154596
norm: 2.4851348121082992
sigma: 40.70385097060005
sigmaL: 68.85012455898621
sigmaR: 48.64062163789866
widthL: 68.85012455898621
widthR: 48.64062163789866
x0: 794.6008241257516
