alphaL: 1.0507304465363152
alphaR: 1.4651885985835684
event_sum: 26.04194022656884
fraction: 0.9927950830526797
mean: 786.752451636968
nL: 2.1070957649802824
nR: 4.499990162933219
norm: 25.856675394636113
sigma: 80.0
sigmaL: 60.62760282667603
sigmaR: 55.61026615121808
widthL: 60.62760282667603
widthR: 55.61026615121808
x0: 786.752451636968
