alphaL: 1.138813011420302
alphaR: 1.1452942239712318
event_sum: 1.2168205169909925
mean: 793.5038873796234
nL: 4.399249147785824
nR: 4.093379966739022
norm: 1.2168205169909925
sigma: 80.0
sigmaL: 71.24920003884388
sigmaR: 44.48330279134542
widthL: 71.24920003884388
widthR: 44.48330279134542
x0: 793.5038873796234
