alphaL: 1.0528283387950572
alphaR: 1.151166470736204
event_sum: 1.1033331517792249
mean: 793.5244451659573
nL: 0.20022166674329975
nR: 1.6516905701242395
norm: 1.1033331517792249
sigma: 40.70385097060005
sigmaL: 68.77574507600713
sigmaR: 43.0922898828026
widthL: 68.77574507600713
widthR: 43.0922898828026
x0: 793.5244451659573
