alphaL: 0.7006086530406198
alphaR: 1.1005350947084398
event_sum: 1.8687238039225407
mean: 2957.285455546995
nL: 0.20015272120678756
nR: 2.9328008580113267
norm: 1.8687238039225407
sigma: 255
sigmaL: 222.14490183695827
sigmaR: 117.92778427564816
widthL: 222.14490183695827
widthR: 117.92778427564816
x0: 2957.285455546995
