alphaL: 1.0398996547404562
alphaR: 1.5064083161229922
event_sum: 2.0704661684281556
mean: 1834.939058653172
nL: 2.3985649032776153
nR: 2.324623160375591
norm: 2.0704661684281556
sigma: 103.6
sigmaL: 124.0542255514272
sigmaR: 76.22440053392852
widthL: 124.0542255514272
widthR: 76.22440053392852
x0: 1834.939058653172
