alphaL: 0.9981452201956251
alphaR: 1.429224879080044
event_sum: 24.754119412626128
fraction: 0.9269554014061661
mean: 1824.173303072402
nL: 1.7043639190947493
nR: 3.8957198178728727
norm: 21.58872694447914
sigma: 103.6
sigmaL: 101.18301176571633
sigmaR: 81.37495429950754
widthL: 101.18301176571633
widthR: 81.37495429950754
x0: 1824.173303072402
