alphaL: 1.1139191148033287
alphaR: 1.4501018044635317
event_sum: 24.86432159404819
fraction: 0.8893173959114747
mean: 1833.5485265284567
nL: 1.0406715947536864
nR: 3.92403653145203
norm: 18.966803388714716
sigma: 103.6
sigmaL: 124.68443334697022
sigmaR: 81.28900948569807
widthL: 124.68443334697022
widthR: 81.28900948569807
x0: 1833.5485265284567
