alphaL: 0.9041411161361478
alphaR: 1.3319180000373616
event_sum: 1.8714461335614383
mean: 1839.4653408390122
nL: 2.2444323031461173
nR: 3.7907630722340966
norm: 1.8714461335614383
sigma: 103.6
sigmaL: 122.93934812054994
sigmaR: 74.60545952100038
widthL: 122.93934812054994
widthR: 74.60545952100038
x0: 1839.4653408390122
