alphaL: 0.8263329115272138
alphaR: 1.6278318879653264
event_sum: 1.7827103614021524
mean: 1828.0488618311824
nL: 2.513826156206423
nR: 2.826858934758762
norm: 1.7827103614021524
sigma: 103.6
sigmaL: 110.17218242264342
sigmaR: 86.62732561079598
widthL: 110.17218242264342
widthR: 86.62732561079598
x0: 1828.0488618311824
