alphaL: 0.8647949695115308
alphaR: 1.5887592606024301
event_sum: 2.1516636707696932
mean: 1808.6099953509602
nL: 1.8779269562127194
nR: 4.250796510132367
norm: 2.1516636707696932
sigma: 103.6
sigmaL: 88.21236826020953
sigmaR: 94.62443973223624
widthL: 88.21236826020953
widthR: 94.62443973223624
x0: 1808.6099953509602
