alphaL: 1.1578308768212238
alphaR: 1.1758699966519546
event_sum: 6.920689051252263
fraction: 0.7428852994379006
mean: 2455.2267287894333
nL: 0.4
nR: 4.324621468336931
norm: 3.91900150633143
sigma: 250.0
sigmaL: 285.5829822618336
sigmaR: 116.06500878322322
widthL: 285.5829822618336
widthR: 116.06500878322322
x0: 2455.2267287894333
