alphaL: 1.2962415901989
alphaR: 1.5646351951786477
event_sum: 0.4243438557688372
mean: 2439.998354042641
nL: 0.16526794555019486
nR: 2.46309909300285
norm: 0.4243438557688372
sigma: 250.0
sigmaL: 286.12722186796555
sigmaR: 135.18351255042998
widthL: 286.12722186796555
widthR: 135.18351255042998
x0: 2439.998354042641
