alphaL: 0.9277763448687426
alphaR: 0.9249744581536881
event_sum: 7.433117035484652
fraction: 0.68568027526277
mean: 2469.2667556797596
nL: 0.4
nR: 4.11571983194907
norm: 2.4689113380988594
sigma: 250.0
sigmaL: 264.6941132359327
sigmaR: 88.49837015016061
widthL: 264.6941132359327
widthR: 88.49837015016061
x0: 2469.2667556797596
