alphaL: 0.3506524861840426
alphaR: 0.968807101446673
event_sum: 0.33687456962392454
mean: 2530.1646126464866
nL: 0.9998140555079538
nR: 3.073810614630472
norm: 0.33687456962392454
sigma: 250.0
sigmaL: 426.4754176559959
sigmaR: 73.16678000738557
widthL: 426.4754176559959
widthR: 73.16678000738557
x0: 2530.1646126464866
