alphaL: 1.097557758725685
alphaR: 1.4496500079727936
event_sum: 0.2783362502192769
mean: 2465.098057329048
nL: 0.1
nR: 2.2273986070215748
norm: 0.2783362502192769
sigma: 250.0
sigmaL: 295.0505277945613
sigmaR: 121.28910882902457
widthL: 295.0505277945613
widthR: 121.28910882902457
x0: 2465.098057329048
