alphaL: 0.7018874074935705
alphaR: 0.7653766336034502
event_sum: 0.47711373134738544
mean: 2505.3021301797044
nL: 0.9998360547075703
nR: 3.3924789306669605
norm: 0.47711373134738544
sigma: 250.0
sigmaL: 293.52327413727465
sigmaR: 60.910058596960134
widthL: 293.52327413727465
widthR: 60.910058596960134
x0: 2505.3021301797044
