alphaL: 1.0414297726987354
alphaR: 0.8675216864345063
event_sum: 4.143393085435422
fraction: 0.6783472581066914
mean: 2778.2925036905817
nL: 0.4
nR: 4.228280214610069
norm: 1.8497240743172048
sigma: 280.0
sigmaL: 286.97019519743776
sigmaR: 89.48786356679504
widthL: 286.97019519743776
widthR: 89.48786356679504
x0: 2778.2925036905817
