alphaL: 0.9671730586592215
alphaR: 0.6392014837288158
event_sum: 0.20323066592070876
mean: 2810.6380063026727
nL: 0.33312973028855053
nR: 3.0016828768733705
norm: 0.20323066592070876
sigma: 280.0
sigmaL: 286.1013540780028
sigmaR: 64.15389650899516
widthL: 286.1013540780028
widthR: 64.15389650899516
x0: 2810.6380063026727
