alphaL: 0.1510129684441717
alphaR: 0.8183906574564357
event_sum: 0.15706885578423907
mean: 2845.913278625042
nL: 1.0024588312696447
nR: 3.2203523996564023
norm: 0.15706885578423907
sigma: 280.0
sigmaL: 532.0535436934106
sigmaR: 66.96901420009017
widthL: 532.0535436934106
widthR: 66.96901420009017
x0: 2845.913278625042
