alphaL: 0.8168804281787818
alphaR: 1.1405333065662342
event_sum: 4.813354787857928
fraction: 0.6609441974743578
mean: 2786.3265194844066
nL: 0.4021638433057665
nR: 3.103699584117365
norm: 1.0661495561442482
sigma: 280.0
sigmaL: 291.5542561419712
sigmaR: 95.16261372252383
widthL: 291.5542561419712
widthR: 95.16261372252383
x0: 2786.3265194844066
