alphaL: 0.5860653037665889
alphaR: 0.8554241474534213
event_sum: 0.23862393965380932
mean: 2815.7603852196007
nL: 1.000263470716674
nR: 2.2159128616000037
norm: 0.23862393965380932
sigma: 280.0
sigmaL: 393.95366111658274
sigmaR: 63.306988911609764
widthL: 393.95366111658274
widthR: 63.306988911609764
x0: 2815.7603852196007
