alphaL: 1.050095060541846
alphaR: 1.20966564530752
event_sum: 0.12251227906606149
mean: 2762.0881035314133
nL: 0.1
nR: 4.036023119030684
norm: 0.12251227906606149
sigma: 280.0
sigmaL: 263.0193975479533
sigmaR: 111.67650938686673
widthL: 263.0193975479533
widthR: 111.67650938686673
x0: 2762.0881035314133
