alphaL: 0.8824226948033613
alphaR: 1.5957289917002522
event_sum: 1.007899709894912
mean: 2306.357866514396
nL: 1.0254062690895671
nR: 3.5707301331338797
norm: 1.007899709894912
sigma: 131.6
sigmaL: 119.3364935815365
sigmaR: 110.2016850887162
widthL: 119.3364935815365
widthR: 110.2016850887162
x0: 2306.357866514396
