alphaL: 0.8245038344953538
alphaR: 1.7865489663576315
event_sum: 0.9486043238439609
mean: 2320.3583013853777
nL: 3.9721601003961498
nR: 1.619588296583979
norm: 0.9486043238439609
sigma: 131.6
sigmaL: 146.36714412260645
sigmaR: 104.95238772107794
widthL: 146.36714412260645
widthR: 104.95238772107794
x0: 2320.3583013853777
