alphaL: 1.0482035988276985
alphaR: 1.3940235950513762
event_sum: 20.468630670272486
fraction: 0.8877491629888269
mean: 2315.829101531386
nL: 1.2095682993650192
nR: 4.5
norm: 15.236365751974523
sigma: 131.6
sigmaL: 142.9628820239185
sigmaR: 99.44274515131244
widthL: 142.9628820239185
widthR: 99.44274515131244
x0: 2315.829101531386
