alphaL: 1.106744456547483
alphaR: 1.4197959701858625
event_sum: 1.5217911055201756
mean: 2316.5766173193347
nL: 1.2255894778923637
nR: 3.777834068646314
norm: 1.5217911055201756
sigma: 131.6
sigmaL: 148.7359153958633
sigmaR: 99.7886266791165
widthL: 148.7359153958633
widthR: 99.7886266791165
x0: 2316.5766173193347
