alphaL: 0.9219124245939232
alphaR: 1.6044949410936975
event_sum: 19.65754948861378
fraction: 0.8321955944726015
mean: 2307.2678487971566
nL: 0.839938289178371
nR: 3.7604746034884275
norm: 10.234885667964157
sigma: 131.6
sigmaL: 114.28430576959039
sigmaR: 109.89504366144845
widthL: 114.28430576959039
widthR: 109.89504366144845
x0: 2307.2678487971566
