alphaL: 0.7306431309829895
alphaR: 1.6358183675897129
event_sum: 1.452159122517057
mean: 2316.520217062902
nL: 3.6728139999721012
nR: 2.2052457862908175
norm: 1.452159122517057
sigma: 131.6
sigmaL: 123.3569157448098
sigmaR: 99.88379779348205
widthL: 123.3569157448098
widthR: 99.88379779348205
x0: 2316.520217062902
