alphaL: 1.3054253441625414
alphaR: 2.385207986278138
event_sum: 1.0454033486502103
mean: 1556.2299952106848
nL: 3.6394863833228857
nR: 1.8695738713291588
norm: 1.0454033486502103
sigma: 81.56012402220753
sigmaL: 67.19870008687613
sigmaR: 42.50651203205066
widthL: 67.19870008687613
widthR: 42.50651203205066
x0: 1556.2299952106848
