alphaL: 1.4726044731337815
alphaR: 2.1257481059785563
event_sum: 16.544433050179915
fraction: 0.999284172743773
mean: 1560.406887010993
nL: 9.874346412933171
nR: 3.1663934241424867
norm: 16.541740631022478
sigma: 73.72823836595914
sigmaL: 74.77665646941063
sigmaR: 37.91681254236982
widthL: 74.77665646941063
widthR: 37.91681254236982
x0: 1560.406887010993
