alphaL: 1.5202208643479809
alphaR: 2.005095071085043
event_sum: 23.225713082106736
mean: 1563.302530891682
nL: 4.501880727926918
nR: 3.8226738724095943
norm: 23.225713082106736
sigma: 73.72208798655241
sigmaL: 72.6827321638575
sigmaR: 40.97549425406896
widthL: 72.6827321638575
widthR: 40.97549425406896
x0: 1563.302530891682
