alphaL: 1.0892978395461044
alphaR: 2.343421151737729
event_sum: 10.503560197302702
fraction: 0.9979250536753944
mean: 1554.2582515958993
nL: 10.0
nR: 1.9216153111370264
norm: 10.497304389474582
sigma: 81.54354951899076
sigmaL: 61.178215809106575
sigmaR: 42.90595398565578
widthL: 61.178215809106575
widthR: 42.90595398565578
x0: 1554.2582515958993
