alphaL: 1.3034759796750952
alphaR: 2.1049765352372467
event_sum: 1.0487714090505338
mean: 1553.89228301954
nL: 3.6921633588458103
nR: 4.079874069156033
norm: 1.0487714090505338
sigma: 81.56012402220753
sigmaL: 62.86462519127586
sigmaR: 43.425524735256474
widthL: 62.86462519127586
widthR: 43.425524735256474
x0: 1553.89228301954
