alphaL: 1.2636331199207194
alphaR: 2.178017247322462
event_sum: 23.141307202383203
mean: 1559.4445000790038
nL: 4.951565882719548
nR: 3.3020957287948254
norm: 23.141307202383203
sigma: 73.72208798655241
sigmaL: 64.89231671125633
sigmaR: 43.181481821918126
widthL: 64.89231671125633
widthR: 43.181481821918126
x0: 1559.4445000790038
