alphaL: 1.3346507912968453
alphaR: 1.9373409994139974
event_sum: 23.260432806416247
fraction: 0.9992237885179195
mean: 1562.6721406883555
nL: 9.994339256273008
nR: 4.138154818597534
norm: 23.252085588772992
sigma: 73.72823836595914
sigmaL: 70.05599965698507
sigmaR: 41.03769160935165
widthL: 70.05599965698507
widthR: 41.03769160935165
x0: 1562.6721406883555
