alphaL: 1.536307775655128
alphaR: 2.3717627298778847
event_sum: 16.45929767008309
mean: 1560.3263764929468
nL: 4.785904041416997
nR: 1.931478671491091
norm: 16.45929767008309
sigma: 73.72208798655241
sigmaL: 74.55787760552715
sigmaR: 38.19494359139314
widthL: 74.55787760552715
widthR: 38.19494359139314
x0: 1560.3263764929468
