alphaL: 1.546977206475299
alphaR: 1.7655654815771091
event_sum: 1.0819197594572816
mean: 1567.8265629578402
nL: 2.687592258268997
nR: 2.4161529673090785
norm: 1.0819197594572816
sigma: 81.56012402220753
sigmaL: 74.61958493417958
sigmaR: 38.226165658088206
widthL: 74.61958493417958
widthR: 38.226165658088206
x0: 1567.8265629578402
