alphaL: 1.147636872698136
alphaR: 1.8467709813529214
event_sum: 10.892968897890718
fraction: 0.9974660893707807
mean: 1561.8293063757967
nL: 9.681633149279769
nR: 2.5221210723237366
norm: 10.882239863241628
sigma: 81.54354951899076
sigmaL: 64.21267058030988
sigmaR: 41.577544146182696
widthL: 64.21267058030988
widthR: 41.577544146182696
x0: 1561.8293063757967
