alphaL: 1.7229189628325021
alphaR: 2.0212370336448955
event_sum: 16.52605602046113
mean: 1562.5471175000544
nL: 4.465425711813168
nR: 3.5326821491837914
norm: 16.52605602046113
sigma: 73.72208798655241
sigmaL: 78.4020616171016
sigmaR: 36.60398929563482
widthL: 78.4020616171016
widthR: 36.60398929563482
x0: 1562.5471175000544
