alphaL: 1.4917253212655421
alphaR: 1.6437529550024164
event_sum: 1.086538977830152
mean: 1566.9183433889802
nL: 3.94247876423715
nR: 3.142840307267518
norm: 1.086538977830152
sigma: 81.56012402220753
sigmaL: 73.78395524518983
sigmaR: 38.14724928762926
widthL: 73.78395524518983
widthR: 38.14724928762926
x0: 1566.9183433889802
