alphaL: 1.3503632093288687
alphaR: 1.8984084560659005
event_sum: 2.1202531101634574
mean: 2502.6987194585768
nL: 4.493664178631702
nR: 2.036708802371938
norm: 2.1202531101634574
sigma: 148.43571218037954
sigmaL: 108.01656889277487
sigmaR: 54.228944971892474
widthL: 108.01656889277487
widthR: 54.228944971892474
x0: 2502.6987194585768
