alphaL: 1.2624046596071923
alphaR: 1.8126633799260008
event_sum: 1.201449103598809
mean: 2497.832803475009
nL: 4.379168350933176
nR: 2.372028329966996
norm: 1.201449103598809
sigma: 148.43571218037954
sigmaL: 100.15292793517929
sigmaR: 63.298312800785624
widthL: 100.15292793517929
widthR: 63.298312800785624
x0: 2497.832803475009
