alphaL: 1.2209782523989108
alphaR: 1.9801902887600755
event_sum: 5.083083417485354
fraction: 0.9991268611077363
mean: 2494.1641191652852
nL: 9.880657568599323
nR: 3.3637493238206857
norm: 5.081306202998974
sigma: 113.35509836454732
sigmaL: 98.69880272049666
sigmaR: 61.04253239729324
widthL: 98.69880272049666
widthR: 61.04253239729324
x0: 2494.1641191652852
