alphaL: 1.1916723633503383
alphaR: 2.0552820913232335
event_sum: 6.713632727263771
fraction: 0.9990097002623981
mean: 2492.637728071246
nL: 9.793600366694635
nR: 3.403130160270833
norm: 6.712055109527966
sigma: 113.35509836454732
sigmaL: 99.50213766936984
sigmaR: 57.37632527632034
widthL: 99.50213766936984
widthR: 57.37632527632034
x0: 2492.637728071246
