alphaL: 1.2903500712573734
alphaR: 1.723229266917832
event_sum: 1.2043272594335204
mean: 2497.3577833880363
nL: 4.330232099272874
nR: 2.892590853303851
norm: 1.2043272594335204
sigma: 148.43571218037954
sigmaL: 100.2631328125773
sigmaR: 63.350524831488855
widthL: 100.2631328125773
widthR: 63.350524831488855
x0: 2497.3577833880363
