alphaL: 1.1941094589252967
alphaR: 2.070585055424671
event_sum: 5.063784004139119
mean: 2492.015377040195
nL: 4.781992813858925
nR: 2.9189126556479636
norm: 5.063784004139119
sigma: 113.64452525318603
sigmaL: 93.45664987390778
sigmaR: 61.88038078689185
widthL: 93.45664987390778
widthR: 61.88038078689185
x0: 2492.015377040195
