alphaL: 1.1257157329142533
alphaR: 1.6035907202906308
event_sum: 12.101147448776057
fraction: 0.9983066134292924
mean: 2500.5397532052193
nL: 9.978535240798738
nR: 3.316705946698564
norm: 12.05158111811619
sigma: 147.19348131620373
sigmaL: 100.3285146102754
sigmaR: 60.60137074089645
widthL: 100.3285146102754
widthR: 60.60137074089645
x0: 2500.5397532052193
