alphaL: 1.2150337520362935
alphaR: 2.1038847818886315
event_sum: 6.667238485015522
mean: 2493.4607536572835
nL: 4.921265559412091
nR: 3.1036096367934065
norm: 6.667238485015522
sigma: 113.64452525318603
sigmaL: 99.3738740933884
sigmaR: 56.786653682018645
widthL: 99.3738740933884
widthR: 56.786653682018645
x0: 2493.4607536572835
