alphaL: 1.417760928826222
alphaR: 1.7877522786891407
event_sum: 5.085134757558869
mean: 2498.391842730012
nL: 4.508942007165926
nR: 4.081038486619682
norm: 5.085134757558869
sigma: 113.64452525318603
sigmaL: 105.47772756178666
sigmaR: 58.17151363203789
widthL: 105.47772756178666
widthR: 58.17151363203789
x0: 2498.391842730012
