alphaL: 1.249208496166072
alphaR: 1.9896050604240574
event_sum: 2.1147029645307445
mean: 2498.5333782164457
nL: 4.701550865649971
nR: 1.9077367805925844
norm: 2.1147029645307445
sigma: 148.43571218037954
sigmaL: 102.51582527555622
sigmaR: 56.9455866713913
widthL: 102.51582527555622
widthR: 56.9455866713913
x0: 2498.5333782164457
