alphaL: 1.41526937462778
alphaR: 2.065790819896681
event_sum: 6.701428543751199
mean: 2496.4383321719306
nL: 4.501205581150277
nR: 3.092354710979284
norm: 6.701428543751199
sigma: 113.64452525318603
sigmaL: 107.23428054487661
sigmaR: 55.318494917879676
widthL: 107.23428054487661
widthR: 55.318494917879676
x0: 2496.4383321719306
