alphaL: 1.0593216767593105
alphaR: 2.0379816063202005
event_sum: 21.250064499943157
fraction: 0.997087401122604
mean: 2497.483532188596
nL: 9.99339822089494
nR: 1.781702472186853
norm: 21.215921564315774
sigma: 147.19348131620373
sigmaL: 96.53387481040474
sigmaR: 57.25123740912764
widthL: 96.53387481040474
widthR: 57.25123740912764
x0: 2497.483532188596
