alphaL: 0.9916786252775798
alphaR: 1.488182557150983
event_sum: 9.826552723309891
fraction: 0.9512082952952257
mean: 1296.7317486129284
nL: 1.507380798416981
nR: 3.77940210973416
norm: 9.173167836580708
sigma: 72.8
sigmaL: 80.9739194691724
sigmaR: 60.53477684574914
widthL: 80.9739194691724
widthR: 60.53477684574914
x0: 1296.7317486129284
