alphaL: 1.1273644607050977
alphaR: 1.2769443846581867
event_sum: 0.6708696881952867
mean: 1299.933255997676
nL: 3.020005170368709
nR: 3.931488367268866
norm: 0.6708696881952867
sigma: 72.8
sigmaL: 92.01318039049448
sigmaR: 52.80466921938227
widthL: 92.01318039049448
widthR: 52.80466921938227
x0: 1299.933255997676
