alphaL: 0.9713620489994848
alphaR: 1.6789220122475976
event_sum: 0.8580013874111363
mean: 1299.144467281512
nL: 1.840694740875045
nR: 1.8370516149952458
norm: 0.8580013874111363
sigma: 72.8
sigmaL: 84.39292527957936
sigmaR: 59.57186817135993
widthL: 84.39292527957936
widthR: 59.57186817135993
x0: 1299.144467281512
