alphaL: 1.2686546841443056
alphaR: 1.3827296744305029
event_sum: 7.154474663596578
fraction: 0.9642252794343765
mean: 1296.7532808859153
nL: 1.9202957912636731
nR: 3.784961365587015
norm: 6.856627474843592
sigma: 72.8
sigmaL: 95.59148153933104
sigmaR: 56.219104006331975
widthL: 95.59148153933104
widthR: 56.219104006331975
x0: 1296.7532808859153
