alphaL: 1.1447684538349243
alphaR: 1.6414269112590438
event_sum: 0.6509385832544566
mean: 1293.622340078613
nL: 2.263439184645388
nR: 2.2451131451323447
norm: 0.6509385832544566
sigma: 72.8
sigmaL: 92.54001332693328
sigmaR: 60.076016529111435
widthL: 92.54001332693328
widthR: 60.076016529111435
x0: 1293.622340078613
