alphaL: 0.6988079838318348
alphaR: 1.508010284991768
event_sum: 0.8916371210750597
mean: 1290.7192849592163
nL: 2.6211116939970984
nR: 3.114452943412996
norm: 0.8916371210750597
sigma: 72.8
sigmaL: 57.56634295095608
sigmaR: 61.8858763482642
widthL: 57.56634295095608
widthR: 61.8858763482642
x0: 1290.7192849592163
