alphaL: 1.0079708672490328
alphaR: 0.6335129773082179
event_sum: 0.19040689645855569
mean: 2865.775057900211
nL: 0.3040741339886367
nR: 2.8482064403236302
norm: 0.19040689645855569
sigma: 285.0
sigmaL: 307.3702235659977
sigmaR: 61.39477680820676
widthL: 307.3702235659977
widthR: 61.39477680820676
x0: 2865.775057900211
