alphaL: 0.1307046653749807
alphaR: 0.7473346385391271
event_sum: 0.14572232457187437
mean: 2894.304698708546
nL: 1.0033477033866072
nR: 3.1977170707922564
norm: 0.14572232457187437
sigma: 285.0
sigmaL: 546.4877225860389
sigmaR: 62.66640889570346
widthL: 546.4877225860389
widthR: 62.66640889570346
x0: 2894.304698708546
