alphaL: 1.0359822955001297
alphaR: 0.8192069506125977
event_sum: 4.028363479629994
fraction: 0.6775668848221222
mean: 2833.453897296204
nL: 0.4
nR: 4.179222616383432
norm: 1.731687711205577
sigma: 285.0
sigmaL: 301.48055711225015
sigmaR: 84.71519558179564
widthL: 301.48055711225015
widthR: 84.71519558179564
x0: 2833.453897296204
