alphaL: 0.5844189348638298
alphaR: 0.8516236811444673
event_sum: 0.22393267159783162
mean: 2866.3123094679963
nL: 1.0002299233469107
nR: 2.176483205234114
norm: 0.22393267159783162
sigma: 285.0
sigmaL: 406.389847275113
sigmaR: 63.86623033881267
widthL: 406.389847275113
widthR: 63.86623033881267
x0: 2866.3123094679963
