alphaL: 1.016005325082907
alphaR: 1.1921983611057922
event_sum: 0.11325653086491506
mean: 2826.8089035922544
nL: 0.1
nR: 3.4851138705757982
norm: 0.11325653086491506
sigma: 285.0
sigmaL: 264.3780188052973
sigmaR: 99.52575324076707
widthL: 264.3780188052973
widthR: 99.52575324076707
x0: 2826.8089035922544
