alphaL: 0.7706400639027046
alphaR: 1.045813184956683
event_sum: 4.744613288762452
fraction: 0.6507409956912106
mean: 2845.088562126233
nL: 0.4018825083298489
nR: 3.1372444420809322
norm: 0.9786107146035855
sigma: 285.0
sigmaL: 291.75081128931157
sigmaR: 86.88268604978897
widthL: 291.75081128931157
widthR: 86.88268604978897
x0: 2845.088562126233
