alphaL: 0.6784527963758072
alphaR: 1.9589555887388923
event_sum: 23.283283706148048
fraction: 0.9985564731851756
mean: 3183.207507780472
nL: 10.0
nR: 2.090617673150916
norm: 22.91894274584456
sigma: 259.97597334352986
sigmaL: 82.52126027020411
sigmaR: 84.66621865944363
widthL: 82.52126027020411
widthR: 84.66621865944363
x0: 3183.207507780472
