alphaL: 1.1028508333700324
alphaR: 1.8978997281478176
event_sum: 3.0630346092965923
mean: 3197.6188187383473
nL: 4.491061245219634
nR: 2.9724279747616915
norm: 3.0630346092965923
sigma: 144.98107824672118
sigmaL: 113.24723179968926
sigmaR: 71.74230582633328
widthL: 113.24723179968926
widthR: 71.74230582633328
x0: 3197.6188187383473
