alphaL: 1.1478893925718587
alphaR: 1.88794777068898
event_sum: 2.7907115315682907
fraction: 0.9991343092016299
mean: 3200.8459050562574
nL: 9.488554531081501
nR: 2.9179859981376226
norm: 2.7883472677879038
sigma: 145.16998056267144
sigmaL: 119.5758965768905
sigmaR: 69.18250798323135
widthL: 119.5758965768905
widthR: 69.18250798323135
x0: 3200.8459050562574
