alphaL: 1.4130755724319577
alphaR: 1.6855620028093736
event_sum: 5.137678368112668
mean: 3209.35781365363
nL: 4.498516900993986
nR: 2.579504836016628
norm: 5.137678368112668
sigma: 262.0878901127443
sigmaL: 138.15256645303788
sigmaR: 64.79486188912108
widthL: 138.15256645303788
widthR: 64.79486188912108
x0: 3209.35781365363
