alphaL: 1.3517137420968335
alphaR: 1.640860249528582
event_sum: 3.0805943542775487
mean: 3205.7438003226625
nL: 4.471071917170442
nR: 4.3674363498042545
norm: 3.0805943542775487
sigma: 144.98107824672118
sigmaL: 130.0461596242037
sigmaR: 67.28074224035988
widthL: 130.0461596242037
widthR: 67.28074224035988
x0: 3205.7438003226625
