alphaL: 1.379859599783656
alphaR: 2.1784719486754063
event_sum: 4.642782580295162
mean: 3201.3131573956107
nL: 4.498310995032568
nR: 2.6365587413915414
norm: 4.642782580295162
sigma: 144.98107824672118
sigmaL: 134.44270587855846
sigmaR: 68.59114282182034
widthL: 134.44270587855846
widthR: 68.59114282182034
x0: 3201.3131573956107
