alphaL: 1.0194845756641715
alphaR: 1.8028115134857712
event_sum: 2.413401532494585
mean: 3190.485688634474
nL: 4.51445042445699
nR: 2.5424786768655423
norm: 2.413401532494585
sigma: 262.0878901127443
sigmaL: 105.05203941423032
sigmaR: 81.75220377677118
widthL: 105.05203941423032
widthR: 81.75220377677118
x0: 3190.485688634474
