alphaL: 0.5785866160029999
alphaR: 2.3915470553804936
event_sum: 4.621320493820889
mean: 3181.8839455109714
nL: 4.639413924768434
nR: 2.5109507869786802
norm: 4.621320493820889
sigma: 144.98107824672118
sigmaL: 73.80772397835685
sigmaR: 75.96840181792861
widthL: 73.80772397835685
widthR: 75.96840181792861
x0: 3181.8839455109714
