alphaL: 1.2481276240601624
alphaR: 2.059718628450083
event_sum: 4.2935145920760664
fraction: 0.9991552194274113
mean: 3201.268813807017
nL: 9.66996197153235
nR: 3.039492161324422
norm: 4.292366422707327
sigma: 145.16998056267144
sigmaL: 131.85998957903348
sigmaR: 67.70468911297665
widthL: 131.85998957903348
widthR: 67.70468911297665
x0: 3201.268813807017
