alphaL: 1.210998769585037
alphaR: 1.8097458216589168
event_sum: 5.133309093846289
mean: 3202.4505533891843
nL: 4.900850997905759
nR: 2.522846191457071
norm: 5.133309093846289
sigma: 262.0878901127443
sigmaL: 123.45899168557762
sigmaR: 69.17082323703326
widthL: 123.45899168557762
widthR: 69.17082323703326
x0: 3202.4505533891843
