alphaL: 0.9873610238498254
alphaR: 1.8062470337961671
event_sum: 2.4058164905438795
mean: 3191.4729841423273
nL: 4.915506298774194
nR: 3.002854712465153
norm: 2.4058164905438795
sigma: 262.0878901127443
sigmaL: 104.79588333361436
sigmaR: 81.61080150503969
widthL: 104.79588333361436
widthR: 81.61080150503969
x0: 3191.4729841423273
