alphaL: 0.9420361766688379
alphaR: 1.7671769234653416
event_sum: 49.18182973730289
fraction: 0.9993610632483776
mean: 3197.995779522725
nL: 9.98410583393976
nR: 2.8689869080111663
norm: 49.020762642738966
sigma: 259.97597334352986
sigmaL: 108.9889412325382
sigmaR: 70.89533291099661
widthL: 108.9889412325382
widthR: 70.89533291099661
x0: 3197.995779522725
