alphaL: 0.933775497336033
alphaR: 1.9853335911939083
event_sum: 2.784064208435751
mean: 3192.485535402965
nL: 15.576761635501256
nR: 3.0868681853303164
norm_2016: 0.859153464194253
norm_2017: 0.8774918958834514
norm_2018: 1.3124670002151304
norm_Run2: 2.784064208435751
sigma: 142.97184354689716
sigmaL: 104.0479631483353
sigmaR: 74.95747275506434
widthL: 104.0479631483353
widthR: 74.95747275506434
x0: 3192.485535402965
