alphaL: 0.8583456406173944
alphaR: 2.2258020814708153
event_sum: 4.286275833256707
mean: 3191.3896285118212
nL: 35.968142895204615
nR: 2.981721453132358
norm_2016: 1.101597735884251
norm_2017: 1.4876932715847504
norm_2018: 2.0236869676034823
norm_Run2: 4.286275833256707
sigma: 142.97184354689716
sigmaL: 105.48225864023775
sigmaR: 72.88502545334093
widthL: 105.48225864023775
widthR: 72.88502545334093
x0: 3191.3896285118212
