alphaL: 0.7824322002828435
alphaR: 1.2087522500377474
event_sum: 2.0011657892340273
mean: 3141.5864456482063
nL: 0.10012004902526363
nR: 6.241256097723924
norm_2016: 0.5854068731928166
norm_2017: 0.615742921691499
norm_2018: 0.8277689410705535
norm_Run2: 2.028918735954869
sigma: 320.0
sigmaL: 269.1858093368453
sigmaR: 139.44543608609044
widthL: 269.1858093368453
widthR: 139.44543608609044
x0: 3141.5864456482063
