alphaL: 1.1753110303457666
alphaR: 1.1543833267493315
event_sum: 2.392482546780207
mean: 3150.6591812016236
nL: 0.43313175404593596
nR: 7.655265896193851
norm_2016: 0.5194690057711256
norm_2017: 0.8172760213996926
norm_2018: 1.0906826128374016
norm_Run2: 2.392482546780207
sigma: 179.2
sigmaL: 213.08834511310607
sigmaR: 122.75073336769377
widthL: 213.08834511310607
widthR: 122.75073336769377
x0: 3150.6591812016236
