alphaL: 0.7944821419034825
alphaR: 1.113629355184705
event_sum: 2.0011657892340273
mean: 3152.0633136575248
nL: 0.10000851252626242
nR: 7.085276711011149
norm_2016: 0.5854068731928166
norm_2017: 0.615742921691499
norm_2018: 0.8277689410705535
norm_Run2: 2.0011657892340273
sigma: 320.0
sigmaL: 291.9111781600419
sigmaR: 130.02881760455352
widthL: 291.9111781600419
widthR: 130.02881760455352
x0: 3152.0633136575248
