alphaL: 0.7238363466339511
alphaR: 1.6855179574096064
event_sum: 22.752354237631078
mean: 3193.353857084578
nL: 19.08764517284993
nR: 2.927802231398768
norm_2016: 22.752354237631078
norm_2017: 22.752354237631078
norm_2018: 22.752354237631078
norm_Run2: 22.752354237631078
sigma: 266.6121935365781
sigmaL: 92.01872221601128
sigmaR: 78.83168869078173
widthL: 92.01872221601128
widthR: 78.83168869078173
x0: 3193.353857084578
