alphaL: 1.130791199685704
alphaR: 1.2057645454451598
event_sum: 2.392482546780207
mean: 3147.310260080214
nL: 0.48872502195262346
nR: 7.490857499230001
norm_2016: 0.5194690057711256
norm_2017: 0.8172760213996926
norm_2018: 1.0906826128374016
norm_Run2: 2.4274276400082213
sigma: 179.2
sigmaL: 210.80128448810146
sigmaR: 127.30471872892574
widthL: 210.80128448810146
widthR: 127.30471872892574
x0: 3147.310260080214
