alphaL: 0.8567487614347279
alphaR: 1.3299325823858636
event_sum: 3.4140062273190144
mean: 3125.061928859242
nL: 0.2945532979607343
nR: 5.566306252861329
norm_2016: 0.8974169283750046
norm_2017: 1.1618231927878873
norm_2018: 1.3888959227635618
norm_Run2: 3.4481360439264526
sigma: 320.0
sigmaL: 288.4677243405389
sigmaR: 150.53965120260384
widthL: 288.4677243405389
widthR: 150.53965120260384
x0: 3125.061928859242
