alphaL: 0.6286005525881082
alphaR: 2.0966778094972414
event_sum: 48.83148093455702
mean: 3190.7720252348863
nL: 119.45426023616156
nR: 1.7446474117321609
norm_2016: 48.83148093455702
norm_2017: 48.83148093455702
norm_2018: 48.83148093455702
norm_Run2: 48.83148093455702
sigma: 266.6121935365781
sigmaL: 85.08580712629318
sigmaR: 76.03887916165046
widthL: 85.08580712629318
widthR: 76.03887916165046
x0: 3190.7720252348863
