alphaL: 0.7480686664979541
alphaR: 1.8925902629109874
event_sum: 5.218685135905556
mean: 3128.5580125966576
nL: 1.5012653110443746
nR: 2.323262673440509
norm_2016: 1.0251859833111083
norm_2017: 1.6442386751123343
norm_2018: 2.618572206224628
norm_Run2: 5.218685135905556
sigma: 179.2
sigmaL: 144.18788878286554
sigmaR: 143.57664516732086
widthL: 144.18788878286554
widthR: 143.57664516732086
x0: 3128.5580125966576
