alphaL: 0.493361132758932
alphaR: 1.0556357970400432
event_sum: 0.5520262763840533
mean: 2167.1864757869184
nL: 0.9987344626096462
nR: 2.982014975921101
norm: 0.5520262763840533
sigma: 215.0
sigmaL: 297.7968610005205
sigmaR: 70.47137511502352
widthL: 297.7968610005205
widthR: 70.47137511502352
x0: 2167.1864757869184
