alphaL: 0.872313584025852
alphaR: 1.1886632189790893
event_sum: 8.611143000922581
fraction: 0.7520000726420034
mean: 2120.1872616277738
nL: 0.6551129618512469
nR: 4.483905181246038
norm: 4.260775350576318
sigma: 215.0
sigmaL: 230.7447539894537
sigmaR: 99.09488992504852
widthL: 230.7447539894537
widthR: 99.09488992504852
x0: 2120.1872616277738
