alphaL: 1.4659851715164356
alphaR: 1.3194638141257036
event_sum: 0.6256531671240517
mean: 2137.7428220850957
nL: 0.13617824298022937
nR: 2.5963996170202908
norm: 0.6256531671240517
sigma: 215.0
sigmaL: 269.869972077808
sigmaR: 92.42413175022999
widthL: 269.869972077808
widthR: 92.42413175022999
x0: 2137.7428220850957
