alphaL: 1.2569844716009175
alphaR: 1.248726443148853
event_sum: 8.362927522797552
fraction: 0.8019354570707289
mean: 2132.650017372296
nL: 0.5279854582218475
nR: 3.248814726992073
norm: 5.8457477631797055
sigma: 215.0
sigmaL: 256.65070801585597
sigmaR: 95.4461342623741
widthL: 256.65070801585597
widthR: 95.4461342623741
x0: 2132.650017372296
