alphaL: 0.8685097261063021
alphaR: 1.0031895701052995
event_sum: 0.6846081265515893
mean: 2145.6523489670044
nL: 0.9997099687772814
nR: 3.7159654158179745
norm: 0.6846081265515893
sigma: 215.0
sigmaL: 244.7145657576524
sigmaR: 78.59998954868544
widthL: 244.7145657576524
widthR: 78.59998954868544
x0: 2145.6523489670044
