alphaL: 1.038214403869129
alphaR: 1.7208549551687484
event_sum: 0.46901713063713524
mean: 2079.3930636884234
nL: 0.2002152408282998
nR: 2.9782869441041306
norm: 0.46901713063713524
sigma: 215.0
sigmaL: 192.58411841446218
sigmaR: 140.37915907661696
widthL: 192.58411841446218
widthR: 140.37915907661696
x0: 2079.3930636884234
