alphaL: 2.0826131370433343
alphaR: 2.1242562238894354
event_sum: 3.121891614295772
mean: 758.4581465137603
nL: 3.5190078541875187
nR: 3.282016215778448
norm: 3.121891614295772
sigma: 37.4125782105483
sigmaL: 41.79401823538323
sigmaR: 25.345449783072276
widthL: 41.79401823538323
widthR: 25.345449783072276
x0: 758.4581465137603
