alphaL: 1.1196322960179423
alphaR: 2.6286251567076606
event_sum: 1.3012510894749818
mean: 752.8280810646279
nL: 3.145744179174127
nR: 2.854801460517804
norm: 1.3012510894749818
sigma: 37.4125782105483
sigmaL: 32.373579387821565
sigmaR: 25.424500615821703
widthL: 32.373579387821565
widthR: 25.424500615821703
x0: 752.8280810646279
