alphaL: 2.0320412446462064
alphaR: 2.09515964194178
event_sum: 3.1208788762277386
mean: 757.2946853427184
nL: 3.986510549529514
nR: 4.266997530426755
norm: 3.1208788762277386
sigma: 37.4125782105483
sigmaL: 39.25455703447541
sigmaR: 25.764980087805124
widthL: 39.25455703447541
widthR: 25.764980087805124
x0: 757.2946853427184
