alphaL: 1.5044552919555663
alphaR: 2.5145328272079466
event_sum: 203.71541167068946
fraction: 0.9999516328800496
mean: 754.5659658618481
nL: 9.758046388093854
nR: 4.399939617893324
norm: 203.6849763245817
sigma: 37.173711784235365
sigmaL: 39.2788828627018
sigmaR: 27.43912471670085
widthL: 39.2788828627018
widthR: 27.43912471670085
x0: 754.5659658618481
