alphaL: 1.3079863300087171
alphaR: 2.1779682164157204
event_sum: 1.3005920933499364
mean: 756.1412546083574
nL: 4.143775706099961
nR: 4.636396451701525
norm: 1.3005920933499364
sigma: 37.4125782105483
sigmaL: 41.42004613415928
sigmaR: 23.27870033757145
widthL: 41.42004613415928
widthR: 23.27870033757145
x0: 756.1412546083574
