alphaL: 1.893827223718255
alphaR: 2.0716054129734056
event_sum: 30.134104164498233
fraction: 0.9998736870917809
mean: 758.1307812788817
nL: 6.953971637748548
nR: 4.5
norm: 30.130025916826614
sigma: 37.38436977361721
sigmaL: 40.4168765903939
sigmaR: 25.375888988179057
widthL: 40.4168765903939
widthR: 25.375888988179057
x0: 758.1307812788817
