alphaL: 1.8224295034893665
alphaR: 2.5021317983485187
event_sum: 210.4934164953186
mean: 755.0394746550608
nL: 3.6879576566522494
nR: 4.286381788729727
norm: 210.4934164953186
sigma: 37.28385418541929
sigmaL: 40.33979776586693
sigmaR: 27.1457185495381
widthL: 40.33979776586693
widthR: 27.1457185495381
x0: 755.0394746550608
