alphaL: 1.934670051595167
alphaR: 2.580796559864762
event_sum: 210.5401960470223
mean: 755.1582386572255
nL: 4.623430243976048
nR: 4.091664988197832
norm: 210.5401960470223
sigma: 37.28385418541929
sigmaL: 40.65483520789172
sigmaR: 27.095689809756106
widthL: 40.65483520789172
widthR: 27.095689809756106
x0: 755.1582386572255
