alphaL: 1.2827665564791768
alphaR: 2.67392992805199
event_sum: 64.81987845039538
mean: 753.2829087004392
nL: 4.993449292433714
nR: 3.679723167037314
norm: 64.81987845039538
sigma: 37.28385418541929
sigmaL: 34.410448278344624
sigmaR: 25.50696544739808
widthL: 34.410448278344624
widthR: 25.50696544739808
x0: 753.2829087004392
