alphaL: 1.4674747399660448
alphaR: 2.6803687083510557
event_sum: 64.77765159671256
mean: 753.9540299110031
nL: 4.43811232100407
nR: 4.457605361119452
norm: 64.77765159671256
sigma: 37.28385418541929
sigmaL: 43.26496646505316
sigmaR: 25.37746553107728
widthL: 43.26496646505316
widthR: 25.37746553107728
x0: 753.9540299110031
