alphaL: 1.540300254033536
alphaR: 2.550073153083109
event_sum: 63.03170269976602
fraction: 0.9999619868195174
mean: 754.7079832127528
nL: 4.568165783633885
nR: 4.46273753640603
norm: 63.0255201353222
sigma: 37.173711784235365
sigmaL: 44.121486372067004
sigmaR: 25.009662777920006
widthL: 44.121486372067004
widthR: 25.009662777920006
x0: 754.7079832127528
