alphaL: 0.8672675179233681
alphaR: 2.6399108460795606
event_sum: 12.518440893432347
fraction: 0.9999541042155125
mean: 751.4079730556429
nL: 10.0
nR: 3.679846901752541
norm: 12.518096531106705
sigma: 37.38436977361721
sigmaL: 31.85292958469223
sigmaR: 26.03169953632885
widthL: 31.85292958469223
widthR: 26.03169953632885
x0: 751.4079730556429
