alphaL: 1.2594378589147852
alphaR: 2.3479249499703454
event_sum: 203.58851020489482
mean: 754.3710245844461
nL: 82.2435358643354
nR: 8.470193529925242
norm_2016: 203.58851020489482
norm_2017: 203.58851020489482
norm_2018: 203.58851020489482
norm_Run2: 203.58851020489482
sigma: 37.75200614311582
sigmaL: 38.12435930656301
sigmaR: 27.23302149549259
widthL: 38.12435930656301
widthR: 27.23302149549259
x0: 754.3710245844461
