alphaL: 1.2796598193572915
alphaR: 2.6522499606877785
event_sum: 63.004967376283744
mean: 753.4141872181566
nL: 117.0130661383215
nR: 6.698260790695955
norm_2016: 16.712919202081725
norm_2017: 19.889099174159014
norm_2018: 28.039052180933524
norm_Run2: 63.004967376283744
sigma: 37.75200614311582
sigmaL: 42.678329003072236
sigmaR: 25.788220931802936
widthL: 42.678329003072236
widthR: 25.788220931802936
x0: 753.4141872181566
