alphaL: 0.9522728954017863
alphaR: 1.364690286390354
event_sum: 22.672974376019543
mean: 739.4871037403286
nL: 8.47337074601721
nR: 4.897927780383901
norm_2016: 22.672974376019543
norm_2017: 22.672974376019543
norm_2018: 22.672974376019543
norm_Run2: 22.672974376019543
sigma: 75.0
sigmaL: 54.132292486798534
sigmaR: 51.16415515450747
widthL: 54.132292486798534
widthR: 51.16415515450747
x0: 739.4871037403286
