alphaL: 1.2214862486493172
alphaR: 2.082427250549553
event_sum: 30.109714562791748
mean: 756.7783339001179
nL: 37.808294084166306
nR: 4.751050187962781
norm_2016: 30.109714562791748
norm_2017: 30.109714562791748
norm_2018: 30.109714562791748
norm_Run2: 30.109714562791748
sigma: 37.50369822384684
sigmaL: 37.483525188134166
sigmaR: 25.986239628122632
widthL: 37.483525188134166
widthR: 25.986239628122632
x0: 756.7783339001179
