alphaL: 0.9155859355529063
alphaR: 1.361170360322018
event_sum: 26.46100564894309
mean: 750.3468457470472
nL: 30.42890319286125
nR: 5.503603289495787
norm_2016: 6.932378854311454
norm_2017: 8.41537950378969
norm_2018: 11.480619779343277
norm_Run2: 26.46100564894309
sigma: 42.0
sigmaL: 49.02319825657497
sigmaR: 38.12194288398082
widthL: 49.02319825657497
widthR: 38.12194288398082
x0: 750.3468457470472
