alphaL: 0.9522728954017863
alphaR: 1.364690286390354
event_sum: 22.672974376019543
mean: 739.4871037403286
nL: 8.47337074601721
nR: 4.897927780383901
norm_2016: 5.495217440427593
norm_2017: 7.403991672018147
norm_2018: 10.0637004850069
norm_Run2: 22.962909597452636
sigma: 75.0
sigmaL: 54.132292486798534
sigmaR: 51.16415515450747
widthL: 54.132292486798534
widthR: 51.16415515450747
x0: 739.4871037403286
