alphaL: 0.9543697918148719
alphaR: 1.3758961975803157
event_sum: 26.46100564894309
mean: 750.3335102967563
nL: 20.395707860810425
nR: 5.212001664536312
norm_2016: 6.932378854311454
norm_2017: 8.41537950378969
norm_2018: 11.480619779343277
norm_Run2: 26.46100564894309
sigma: 42.0
sigmaL: 49.325084329438596
sigmaR: 38.21387718775392
widthL: 49.325084329438596
widthR: 38.21387718775392
x0: 750.3335102967563
