alphaL: 0.9671408674194495
alphaR: 1.3936807541335052
event_sum: 10.817235324307962
mean: 748.0276733548396
nL: 21.484623153324364
nR: 3.8610727633557937
norm_2016: 10.817235324307962
norm_2017: 10.817235324307962
norm_2018: 10.817235324307962
norm_Run2: 10.817235324307962
sigma: 42.0
sigmaL: 53.41766533929135
sigmaR: 36.92506993171115
widthL: 53.41766533929135
widthR: 36.92506993171115
x0: 748.0276733548396
