alphaL: 0.7373360367791164
alphaR: 1.252589277948108
event_sum: 9.566809345658262
mean: 739.931393342483
nL: 32.00177931642094
nR: 4.077494307009513
norm_2016: 2.215199690653408
norm_2017: 3.07293781911561
norm_2018: 4.400142395625139
norm_Run2: 9.688279905394156
sigma: 75.0
sigmaL: 58.91955862764644
sigmaR: 47.4516284021686
widthL: 58.91955862764644
widthR: 47.4516284021686
x0: 739.931393342483
