alphaL: 0.9856683364041083
alphaR: 2.4805118688865626
event_sum: 12.513320390819008
mean: 752.7283495498833
nL: 60.73885268767657
nR: 7.785404907369474
norm_2016: 3.072787395489465
norm_2017: 3.9230245288631984
norm_2018: 5.728334092734558
norm_Run2: 12.513320390819008
sigma: 37.50369822384684
sigmaL: 36.812387267203945
sigmaR: 25.282842280322335
widthL: 36.812387267203945
widthR: 25.282842280322335
x0: 752.7283495498833
