alphaL: 2.5251636025341195
alphaR: 0.8077376185305646
event_sum: 9.429755782674826
mean: 705.3355662738509
nL: 2.449459139166042
nR: 0.2016988697819762
norm: 9.429755782674826
sigma: 100
sigmaL: 67.43737701509106
sigmaR: 32.13025009778082
widthL: 67.43737701509106
widthR: 32.13025009778082
x0: 705.3355662738509
