alphaL: 1.0310934963900522
alphaR: 1.1814192282592353
event_sum: 4.730314372658717
fraction: 0.7355388401889364
mean: 2524.377504033095
nL: 0.5113687800405068
nR: 4.3605833415759285
norm: 2.599722811218803
sigma: 255.0
sigmaL: 261.44199416396435
sigmaR: 112.59365077722961
widthL: 261.44199416396435
widthR: 112.59365077722961
x0: 2524.377504033095
