alphaL: 0.36241364524862263
alphaR: 0.973773024784654
event_sum: 0.22947119007346992
mean: 2585.868461856071
nL: 0.9998644735212172
nR: 2.6576578015110908
norm: 0.22947119007346992
sigma: 255.0
sigmaL: 459.36430976622466
sigmaR: 71.15135279991344
widthL: 459.36430976622466
widthR: 71.15135279991344
x0: 2585.868461856071
