alphaL: 0.6872838779274801
alphaR: 0.9563976170739678
event_sum: 0.32343456366518286
mean: 2571.261467680697
nL: 0.9998206004480952
nR: 2.2743572362195654
norm: 0.32343456366518286
sigma: 255.0
sigmaL: 335.31462683517935
sigmaR: 67.87833030643381
widthL: 335.31462683517935
widthR: 67.87833030643381
x0: 2571.261467680697
