alphaL: 1.1327992667518847
alphaR: 1.6536387269494575
event_sum: 0.28366329473985624
mean: 2512.0155506098645
nL: 0.21830593132660914
nR: 2.6581976023986718
norm: 0.28366329473985624
sigma: 255.0
sigmaL: 254.34930103819988
sigmaR: 129.8423226514897
widthL: 254.34930103819988
widthR: 129.8423226514897
x0: 2512.0155506098645
