alphaL: 0.8698506459260754
alphaR: 1.3257912946648867
event_sum: 5.23495453479492
fraction: 0.6832167780079159
mean: 2519.222357416697
nL: 0.4
nR: 2.981829954694723
norm: 1.6608560556861327
sigma: 255.0
sigmaL: 262.46580650730374
sigmaR: 112.258866601862
widthL: 262.46580650730374
widthR: 112.258866601862
x0: 2519.222357416697
