alphaL: 1.1022795957341662
alphaR: 1.1723283061978333
event_sum: 0.18643435735156422
mean: 2529.402145727654
nL: 0.12064288694053057
nR: 3.4727565601762636
norm: 0.18643435735156422
sigma: 255.0
sigmaL: 273.8753428454993
sigmaR: 95.32393663518796
widthL: 273.8753428454993
widthR: 95.32393663518796
x0: 2529.402145727654
