alphaL: 1.719177502978933
alphaR: 1.1999307660779912
event_sum: 5.892677166877877
fraction: 0.7345908943715344
mean: 3275.802033377895
nL: 0.4
nR: 2.972864559099942
norm: 2.3849771073533708
sigma: 184.8
sigmaL: 283.4984155003898
sigmaR: 96.19945322580733
widthL: 283.4984155003898
widthR: 96.19945322580733
x0: 3275.802033377895
