alphaL: 0.9834760136034931
alphaR: 1.3279620046890657
event_sum: 0.22906305006786357
mean: 3260.257476247637
nL: 1.0596902649714979
nR: 2.791753979888286
norm: 0.22906305006786357
sigma: 184.8
sigmaL: 208.56223722875228
sigmaR: 97.24979164040391
widthL: 208.56223722875228
widthR: 97.24979164040391
x0: 3260.257476247637
