alphaL: 1.8218973008199821
alphaR: 2.767696285983848
event_sum: 0.0862598940516162
mean: 3193.4261574383354
nL: 0.1
nR: 0.11679493104320715
norm: 0.0862598940516162
sigma: 184.8
sigmaL: 270.4326940196589
sigmaR: 193.59328738272382
widthL: 270.4326940196589
widthR: 193.59328738272382
x0: 3193.4261574383354
