alphaL: 1.0987229578387292
alphaR: 1.793671014354749
event_sum: 0.0916895610114751
mean: 3217.200444606832
nL: 0.9912211174586489
nR: 3.852265490100201
norm: 0.0916895610114751
sigma: 184.8
sigmaL: 201.76531584320963
sigmaR: 151.7044542033865
widthL: 201.76531584320963
widthR: 151.7044542033865
x0: 3217.200444606832
