alphaL: 0.506564396672617
alphaR: 2.4022504293083697
event_sum: 0.21556116086943308
mean: 3207.6644803939216
nL: 3.0383157008533237
nR: 0.9198151919799611
norm: 0.21556116086943308
sigma: 184.8
sigmaL: 157.06462646148253
sigmaR: 163.57629927144427
widthL: 157.06462646148253
widthR: 163.57629927144427
x0: 3207.6644803939216
