alphaL: 0.9762788657194033
alphaR: 1.081850220174251
event_sum: 6.349922925941321
fraction: 0.7707294208742681
mean: 3271.493399851383
nL: 0.8840116182878655
nR: 4.5
norm: 0.9860938157406505
sigma: 184.8
sigmaL: 238.40108563679388
sigmaR: 103.5782902118886
widthL: 238.40108563679388
widthR: 103.5782902118886
x0: 3271.493399851383
