alphaL: 1.5129034379000785
alphaR: 2.069834284767936
event_sum: 1.5799920249981174
mean: 1653.8043420243243
nL: 4.490011221825341
nR: 1.8865267290712389
norm: 1.5799920249981174
sigma: 85.9204538935044
sigmaL: 79.87525796184748
sigmaR: 39.80428575754983
widthL: 79.87525796184748
widthR: 39.80428575754983
x0: 1653.8043420243243
