alphaL: 1.3593084006176752
alphaR: 1.960533536165965
event_sum: 1.437731968248531
mean: 1646.0837306665333
nL: 3.681009271485545
nR: 3.4147903601446608
norm: 1.437731968248531
sigma: 85.9204538935044
sigmaL: 65.07129617063002
sigmaR: 48.06370318772269
widthL: 65.07129617063002
widthR: 48.06370318772269
x0: 1646.0837306665333
