alphaL: 1.6045143895891139
alphaR: 2.431902051570225
event_sum: 21.205272536390826
mean: 1649.0051930880031
nL: 4.496432777658808
nR: 2.318116062250723
norm: 21.205272536390826
sigma: 76.87979568569531
sigmaL: 78.64736456219967
sigmaR: 41.6323619333452
widthL: 78.64736456219967
widthR: 41.6323619333452
x0: 1649.0051930880031
