alphaL: 0.964253064778233
alphaR: 2.1158508129626394
event_sum: 1.432140212929415
mean: 1641.4508155086328
nL: 5.0
nR: 2.2254617379981094
norm: 1.432140212929415
sigma: 85.9204538935044
sigmaL: 52.44680112915332
sigmaR: 50.446166129746885
widthL: 52.44680112915332
widthR: 50.446166129746885
x0: 1641.4508155086328
