alphaL: 1.254305927373287
alphaR: 2.3269855950908602
event_sum: 1.5743391941570541
mean: 1650.903329880583
nL: 4.396806310417092
nR: 1.4291349704449223
norm: 1.5743391941570541
sigma: 85.9204538935044
sigmaL: 74.1003859456012
sigmaR: 41.75348845292559
widthL: 74.1003859456012
widthR: 41.75348845292559
x0: 1650.903329880583
