alphaL: 1.4812197745253954
alphaR: 1.9308767879135724
event_sum: 26.42017523059516
mean: 1649.1364995636457
nL: 4.486459316104579
nR: 4.645493069329996
norm: 26.42017523059516
sigma: 76.87979568569531
sigmaL: 72.21370120023985
sigmaR: 44.24633469416557
widthL: 72.21370120023985
widthR: 44.24633469416557
x0: 1649.1364995636457
