alphaL: 1.4768771587858192
alphaR: 2.5045661693665675
event_sum: 21.110093109995827
mean: 1648.1825781623206
nL: 4.995837280451613
nR: 1.9934809616747553
norm: 21.110093109995827
sigma: 76.87979568569531
sigmaL: 76.54633004343015
sigmaR: 42.01133609942737
widthL: 76.54633004343015
widthR: 42.01133609942737
x0: 1648.1825781623206
