alphaL: 1.2071865940489306
alphaR: 2.307455465426512
event_sum: 15.838169568183469
fraction: 0.9965728712104169
mean: 1649.30433131178
nL: 9.951018739539386
nR: 1.6491458080761145
norm: 15.827677325512663
sigma: 85.61912182765718
sigmaL: 71.64254762594618
sigmaR: 42.58321693512566
widthL: 71.64254762594618
widthR: 42.58321693512566
x0: 1649.30433131178
