alphaL: 0.9955379202452921
alphaR: 1.9041255900891325
event_sum: 14.411533198176253
fraction: 0.9980121606024532
mean: 1646.633684314457
nL: 10.0
nR: 2.736606116937865
norm: 14.394941148616082
sigma: 85.61912182765718
sigmaL: 58.29647416408065
sigmaR: 46.83198544741594
widthL: 58.29647416408065
widthR: 46.83198544741594
x0: 1646.633684314457
