alphaL: 1.2812962963730257
alphaR: 2.0376697893520896
event_sum: 26.30883119648594
mean: 1646.151471949063
nL: 4.987743091427583
nR: 4.387602747460657
norm: 26.30883119648594
sigma: 76.87979568569531
sigmaL: 66.32742998276481
sigmaR: 45.80892743935315
widthL: 66.32742998276481
widthR: 45.80892743935315
x0: 1646.151471949063
