alphaL: 1.4916714307506653
alphaR: 2.4147417167982996
event_sum: 21.3493335440494
fraction: 0.9991008587843064
mean: 1650.3503556797668
nL: 9.960095585918667
nR: 2.2382363192161923
norm: 21.346943118938853
sigma: 77.10765566919234
sigmaL: 79.34931689350523
sigmaR: 40.78876863992999
widthL: 79.34931689350523
widthR: 40.78876863992999
x0: 1650.3503556797668
