alphaL: 1.2503909448115942
alphaR: 1.9897066333985525
event_sum: 26.563935206201826
fraction: 0.9992551683412405
mean: 1646.9594213743753
nL: 10.0
nR: 4.260699214062611
norm: 26.556482863188805
sigma: 77.10765566919234
sigmaL: 67.85057197676969
sigmaR: 45.397453796048445
widthL: 67.85057197676969
widthR: 45.397453796048445
x0: 1646.9594213743753
