alphaL: 1.3455314413796329
alphaR: 1.5203525155429036
event_sum: 9.511735400254341
mean: 1986.6949967411767
nL: 0.2000012982248916
nR: 2.9849045768662914
norm: 9.511735400254341
sigma: 131
sigmaL: 133.5196571927821
sigmaR: 87.38629941166913
widthL: 133.5196571927821
widthR: 87.38629941166913
x0: 1986.6949967411767
