alphaL: 0.7797610026914814
alphaR: 1.538847875533682
event_sum: 1.9361511954139312
mean: 1972.9538698431677
nL: 2.5472417181431264
nR: 3.090112025294579
norm: 1.9361511954139312
sigma: 131.44671638032403
sigmaL: 112.79977187280174
sigmaR: 92.70142798159269
widthL: 112.79977187280174
widthR: 92.70142798159269
x0: 1972.9538698431677
