alphaL: 0.5852317997144915
alphaR: 1.6987603935642321
event_sum: 12.810992835994027
mean: 1962.6066618299596
nL: 2.83390585634731
nR: 2.9759964291324064
norm: 12.810992835994027
sigma: 131.3304201592796
sigmaL: 85.5558037941832
sigmaR: 100.81678846165771
widthL: 85.5558037941832
widthR: 100.81678846165771
x0: 1962.6066618299596
