alphaL: 0.9437019146836182
alphaR: 1.591796049715969
event_sum: 1.9361511954139312
mean: 1975.5427825552622
nL: 1.5693029093273503
nR: 2.433723943608581
norm: 1.9361511954139312
sigma: 131.44671638032403
sigmaL: 124.06266096605009
sigmaR: 91.43250302565846
widthL: 124.06266096605009
widthR: 91.43250302565846
x0: 1975.5427825552622
