alphaL: 0.8558255055507228
alphaR: 1.4162452100967253
event_sum: 2.3835515881669913
mean: 1980.7152195438748
nL: 3.921998883610372
nR: 3.0997605743608116
norm: 2.3835515881669913
sigma: 131.44671638032403
sigmaL: 126.74831968758046
sigmaR: 80.55019910156912
widthL: 126.74831968758046
widthR: 80.55019910156912
x0: 1980.7152195438748
