alphaL: 1.6269401655909106
alphaR: 1.5655884325708886
event_sum: 35.13847725625721
mean: 1986.5989909244088
nL: 0.2000000752596938
nR: 2.9999998094693194
norm: 35.13847725625721
sigma: 131
sigmaL: 156.9775648490769
sigmaR: 83.18911546859432
widthL: 156.9775648490769
widthR: 83.18911546859432
x0: 1986.5989909244088
