alphaL: 0.8281300149436815
alphaR: 1.6315764642903825
event_sum: 12.809510289691259
mean: 1970.1092329050662
nL: 1.6428120399358432
nR: 2.985053242003339
norm: 12.809510289691259
sigma: 131.20490158573847
sigmaL: 110.46912437892729
sigmaR: 95.78054081048806
widthL: 110.46912437892729
widthR: 95.78054081048806
x0: 1970.1092329050662
