alphaL: 0.8759383419459651
alphaR: 1.4729487739558222
event_sum: 15.746566262320167
mean: 1977.9676481554802
nL: 2.9978088384351067
nR: 2.959070211963267
norm: 15.746566262320167
sigma: 131.20490158573847
sigmaL: 122.0039330824359
sigmaR: 82.82359018629543
widthL: 122.0039330824359
widthR: 82.82359018629543
x0: 1977.9676481554802
