alphaL: 0.7371228561387465
alphaR: 1.6239565875985726
event_sum: 12.809510289691259
mean: 1968.0171765000807
nL: 2.057686305760253
nR: 2.997669506992144
norm: 12.809510289691259
sigma: 131
sigmaL: 102.73488904303382
sigmaR: 96.79303389972091
widthL: 102.73488904303382
widthR: 96.79303389972091
x0: 1968.0171765000807
