alphaL: 0.5180402850930733
alphaR: 1.6347988865647007
event_sum: 5.807008470480949
mean: 1969.550948144187
nL: 2.6844501596311874
nR: 2.9745043913561386
norm: 5.807008470480949
sigma: 131
sigmaL: 76.3605561849069
sigmaR: 96.54516045269682
widthL: 76.3605561849069
widthR: 96.54516045269682
x0: 1969.550948144187
