alphaL: 0.8474613628920018
alphaR: 1.5511207436312475
event_sum: 24.85570834257564
mean: 1974.0116689105928
nL: 2.96796386106297
nR: 2.9909250405889765
norm: 24.85570834257564
sigma: 131
sigmaL: 119.56696764973493
sigmaR: 88.12398305805404
widthL: 119.56696764973493
widthR: 88.12398305805404
x0: 1974.0116689105928
