alphaL: 0.8912604206642128
alphaR: 1.4923877273611568
event_sum: 2.3835515881669913
mean: 1979.7524571683325
nL: 2.9740941170260804
nR: 2.632666374932333
norm: 2.3835515881669913
sigma: 131.44671638032403
sigmaL: 126.49038332769608
sigmaR: 81.67999645596127
widthL: 126.49038332769608
widthR: 81.67999645596127
x0: 1979.7524571683325
