alphaL: 0.798160010620507
alphaR: 1.5544847674808078
event_sum: 15.752791576578803
mean: 1971.9959832901354
nL: 2.9994504437764906
nR: 2.851042314348607
norm: 15.752791576578803
sigma: 131.3304201592796
sigmaL: 110.50511671212688
sigmaR: 87.16896638650934
widthL: 110.50511671212688
widthR: 87.16896638650934
x0: 1971.9959832901354
