alphaL: 1.0086638699214163
alphaR: 1.3129996389268657
event_sum: 18788.0
mean: 1979.8933212056393
nL: 1.7454116303339107
nR: 4.46611491723276
norm: 18788.0
sigma: 112.0
sigmaL: 126.50961599937312
sigmaR: 80.77505575464438
widthL: 126.50961599937312
widthR: 80.77505575464438
x0: 1979.8933212056393
