alphaL: 1.0132568168242224
alphaR: 1.3409707354422964
event_sum: 24.469228918780573
mean: 1979.9966761216926
nL: 1.7035840354818201
nR: 4.222057094854435
norm: 24.469228918780573
sigma: 112.0
sigmaL: 127.3663269411581
sigmaR: 81.31586496140619
widthL: 127.3663269411581
widthR: 81.31586496140619
x0: 1979.9966761216926
