alphaL: 1.055144907711093
alphaR: 1.360285963859601
event_sum: 22.812112969055306
fraction: 0.8779586169383878
mean: 1980.1948950974715
nL: 1.0843666092905457
nR: 4.007052487128089
norm: 16.019412588211708
sigma: 112.0
sigmaL: 132.9674603019639
sigmaR: 86.37207430609521
widthL: 132.9674603019639
widthR: 86.37207430609521
x0: 1980.1948950974715
