alphaL: 0.8708114499929388
alphaR: 1.508704982014216
event_sum: 1.9898449479369447
mean: 1973.6904338875197
nL: 2.666464758208979
nR: 3.3543669236631697
norm: 1.9898449479369447
sigma: 112.0
sigmaL: 117.122503707348
sigmaR: 87.40955940044728
widthL: 117.122503707348
widthR: 87.40955940044728
x0: 1973.6904338875197
