alphaL: 1.0469893608391967
alphaR: 1.3122873955455479
event_sum: 22.812112969055306
fraction: 0.873375609506768
mean: 1979.5949745300306
nL: 1.0875589448373697
nR: 4.693379205274704
norm: 15.934938897320535
sigma: 112.0
sigmaL: 131.5931430481497
sigmaR: 85.76056934821477
widthL: 131.5931430481497
widthR: 85.76056934821477
x0: 1979.5949745300306
