alphaL: 0.8805180132424597
alphaR: 1.2969872618434681
event_sum: 1.9898449479369447
mean: 1985.0469282633599
nL: 3.137781605545252
nR: 4.243042045057662
norm: 1.9898449479369447
sigma: 112.0
sigmaL: 126.31232577220386
sigmaR: 76.03739134898474
widthL: 126.31232577220386
widthR: 76.03739134898474
x0: 1985.0469282633599
