alphaL: 1.0982769566124948
alphaR: 1.297716164636268
event_sum: 1.6099196100913105
mean: 1983.8859615554197
nL: 1.0000197178650418
nR: 3.9894843645557385
norm: 1.6099196100913105
sigma: 112.0
sigmaL: 135.7346424608918
sigmaR: 80.973445128409
widthL: 135.7346424608918
widthR: 80.973445128409
x0: 1983.8859615554197
