alphaL: 0.9002256144410494
alphaR: 1.555691272597323
event_sum: 1.7795920572098112
mean: 1977.301245865525
nL: 1.9137401551377424
nR: 2.1051443059016637
norm: 1.7795920572098112
sigma: 108.15792506432382
sigmaL: 122.12892900822852
sigmaR: 84.8357314091337
widthL: 122.12892900822852
widthR: 84.8357314091337
x0: 1977.301245865525
