alphaL: 0.4000920473387289
alphaR: 1.6113881450690917
event_sum: 23.360424760496244
fraction: 0.935509253159305
mean: 1954.4025420077628
nL: 2.789623884096297
nR: 3.736099877266015
norm: 19.583808880241122
sigma: 112.0
sigmaL: 52.4852696246179
sigmaR: 97.83390839730339
widthL: 52.4852696246179
widthR: 97.83390839730339
x0: 1954.4025420077628
