alphaL: 1.121586097588143
alphaR: 1.3198450712259724
event_sum: 16.09919521282427
mean: 1982.2471023008084
nL: 1.0000289528970725
nR: 4.126236015891397
norm: 16.09919521282427
sigma: 112.0
sigmaL: 138.39395687312512
sigmaR: 84.49706717791757
widthL: 138.39395687312512
widthR: 84.49706717791757
x0: 1982.2471023008084
