alphaL: 1.34650395650146
alphaR: 1.4773789077108122
event_sum: 1.4097596487627015
mean: 1987.943862659839
nL: 0.2006936469503119
nR: 1.9673219582321213
norm: 1.4097596487627015
sigma: 108.15792506432382
sigmaL: 148.17822605846823
sigmaR: 82.22853677630759
widthL: 148.17822605846823
widthR: 82.22853677630759
x0: 1987.943862659839
