alphaL: 0.9194680470521357
alphaR: 1.292296630604344
event_sum: 19.89844838908175
mean: 1981.109826945079
nL: 2.4181478771781886
nR: 4.4602381510957105
norm: 19.89844838908175
sigma: 112.0
sigmaL: 123.669184066428
sigmaR: 78.6098425697041
widthL: 123.669184066428
widthR: 78.6098425697041
x0: 1981.109826945079
