alphaL: 0.8881133379960778
alphaR: 1.5046747117533432
event_sum: 1.9078256252832944
mean: 1975.5127649134827
nL: 3.0262924509617912
nR: 3.028707962616185
norm: 1.9078256252832944
sigma: 112.0
sigmaL: 120.43875712479273
sigmaR: 86.2803648141953
widthL: 120.43875712479273
widthR: 86.2803648141953
x0: 1975.5127649134827
