alphaL: 1.0084939016372596
alphaR: 1.3221851919721312
event_sum: 18548.0
mean: 1980.8609564854048
nL: 1.164932718698492
nR: 4.499999532211641
norm: 18548.0
sigma: 112.0
sigmaL: 128.76974383829645
sigmaR: 85.26485397609873
widthL: 128.76974383829645
widthR: 85.26485397609873
x0: 1980.8609564854048
