alphaL: 0.9514173710531777
alphaR: 1.3708318641001016
event_sum: 23.360424760496244
fraction: 0.9212038044941214
mean: 1976.184845024404
nL: 1.8873114739991645
nR: 4.313300637199345
norm: 19.493672280106694
sigma: 112.0
sigmaL: 119.33077973702113
sigmaR: 83.32385506355567
widthL: 119.33077973702113
widthR: 83.32385506355567
x0: 1976.184845024404
