alphaL: 0.9054295925833046
alphaR: 1.680463206370228
event_sum: 23.816857127763797
mean: 1951.9551799122255
nL: 1.003917936686083
nR: 3.7222304097717798
norm: 23.816857127763797
sigma: 112.0
sigmaL: 96.28486702470812
sigmaR: 109.38524391625742
widthL: 96.28486702470812
widthR: 109.38524391625742
x0: 1951.9551799122255
