alphaL: 1.0995926490639008
alphaR: 1.297869202755972
event_sum: 1.6099196100913105
mean: 1982.4171138614843
nL: 1.000017139615268
nR: 3.8466654819906707
norm: 1.6099196100913105
sigma: 112.0
sigmaL: 135.72420704216478
sigmaR: 82.49426385722687
widthL: 135.72420704216478
widthR: 82.49426385722687
x0: 1982.4171138614843
