alphaL: 0.9418390865259715
alphaR: 1.5575008621618411
event_sum: 1.5286481880757492
mean: 1982.3969200673196
nL: 1.808452829269366
nR: 2.2164449815371645
norm: 1.5286481880757492
sigma: 112.0
sigmaL: 138.09433478768176
sigmaR: 87.64871505462902
widthL: 138.09433478768176
widthR: 87.64871505462902
x0: 1982.3969200673196
