alphaL: 1.0116716708875888
alphaR: 1.498129291700442
event_sum: 0.33422534735318593
mean: 2235.832540475908
nL: 1.2400165321728427
nR: 2.2206212711656264
norm: 0.33422534735318593
sigma: 126.0
sigmaL: 137.10066814823142
sigmaR: 91.10105395055666
widthL: 137.10066814823142
widthR: 91.10105395055666
x0: 2235.832540475908
