alphaL: 1.0329467784920412
alphaR: 1.4784539761933633
event_sum: 0.35208540614844874
mean: 2233.4329687052254
nL: 1.0584912651029448
nR: 3.5924520937162696
norm: 0.35208540614844874
sigma: 126.0
sigmaL: 143.61888067845942
sigmaR: 95.76109396464453
widthL: 143.61888067845942
widthR: 95.76109396464453
x0: 2233.4329687052254
