alphaL: 0.9068316233568827
alphaR: 1.300120318584714
event_sum: 6.7195974763116295
fraction: 0.9046574482578438
mean: 2228.2371071462253
nL: 1.6569997127363774
nR: 4.05400586070371
norm: 5.204071578080056
sigma: 126.0
sigmaL: 127.94144547710744
sigmaR: 91.81656784846827
widthL: 127.94144547710744
widthR: 91.81656784846827
x0: 2228.2371071462253
