alphaL: 0.9373793663498687
alphaR: 1.179896082442832
event_sum: 0.5051043250949544
mean: 2235.8904351809288
nL: 1.6623050513433606
nR: 3.8447580520867164
norm: 0.5051043250949544
sigma: 126.0
sigmaL: 137.99803977684493
sigmaR: 83.36307065325084
widthL: 137.99803977684493
widthR: 83.36307065325084
x0: 2235.8904351809288
