alphaL: 0.7665675805619069
alphaR: 1.6031566537388935
event_sum: 0.4811852375223663
mean: 2232.2658017849253
nL: 3.2611286151732086
nR: 1.873394196300162
norm: 0.4811852375223663
sigma: 126.0
sigmaL: 131.6672129473425
sigmaR: 96.04050465396877
widthL: 131.6672129473425
widthR: 96.04050465396877
x0: 2232.2658017849253
