alphaL: 1.2716022425194988
alphaR: 1.571062515679342
event_sum: 6.578131722694807
fraction: 0.8050913832066106
mean: 2222.7248555787473
nL: 0.4597191559104043
nR: 3.377525493006222
norm: 3.717184030258916
sigma: 126.0
sigmaL: 146.24536622764745
sigmaR: 105.9661936011617
widthL: 146.24536622764745
widthR: 105.9661936011617
x0: 2222.7248555787473
