alphaL: 1.0552369234342933
alphaR: 1.1540640213123834
event_sum: 6.4720318793552
mean: 1781.6926681710647
nL: 1.0066903351722587
nR: 3.9564736870688346
norm: 6.4720318793552
sigma: 425.38227802276197
sigmaL: 164.89377989444787
sigmaR: 81.328030102107
widthL: 164.89377989444787
widthR: 81.328030102107
x0: 1781.6926681710647
