alphaL: 1.0954551920143645
alphaR: 1.7626114890576086
event_sum: 9.995527248247527
fraction: 0.9979867769702806
mean: 1813.1726431612599
nL: 9.96866539404115
nR: 2.992509337729603
norm: 9.98054836015217
sigma: 96.1077050270057
sigmaL: 72.08955183074977
sigmaR: 47.66937894677709
widthL: 72.08955183074977
widthR: 47.66937894677709
x0: 1813.1726431612599
