alphaL: 1.2133405083141506
alphaR: 2.1923536647170705
event_sum: 1.1648966196662514
mean: 1804.9814805820174
nL: 3.4448074620312825
nR: 1.5494644716760033
norm: 1.1648966196662514
sigma: 96.1077050270057
sigmaL: 70.40970573544057
sigmaR: 48.0596864286236
widthL: 70.40970573544057
widthR: 48.0596864286236
x0: 1804.9814805820174
