alphaL: 1.4822823765764626
alphaR: 1.963928138616678
event_sum: 14.178718281327747
mean: 1811.7071237642801
nL: 4.489668506227156
nR: 3.9411273499345567
norm: 14.178718281327747
sigma: 83.77587815943495
sigmaL: 79.42143484424581
sigmaR: 46.09577171195961
widthL: 79.42143484424581
widthR: 46.09577171195961
x0: 1811.7071237642801
