alphaL: 1.3702463662821032
alphaR: 2.059461616732001
event_sum: 1.1685837306285976
mean: 1800.6666707550382
nL: 3.5590185333860798
nR: 3.8315078397680935
norm: 1.1685837306285976
sigma: 96.1077050270057
sigmaL: 71.90442581561024
sigmaR: 51.16324548632052
widthL: 71.90442581561024
widthR: 51.16324548632052
x0: 1800.6666707550382
