alphaL: 1.3629761140598409
alphaR: 2.357639571984539
event_sum: 12.255206090165302
mean: 1811.2900667845515
nL: 4.848121154853355
nR: 2.455606088690106
norm: 12.255206090165302
sigma: 83.77587815943495
sigmaL: 82.19286049006591
sigmaR: 43.308039427363106
widthL: 82.19286049006591
widthR: 43.308039427363106
x0: 1811.2900667845515
