alphaL: 1.42475769251804
alphaR: 2.2858742036949837
event_sum: 12.312679118127562
fraction: 0.999032211512785
mean: 1812.8773046047377
nL: 9.846331431196992
nR: 2.5105514713497397
norm: 12.312679118127562
sigma: 83.57849599017484
sigmaL: 85.89019349648241
sigmaR: 42.360999277306234
widthL: 85.89019349648241
widthR: 42.360999277306234
x0: 1812.8773046047377
