alphaL: 1.37471602314447
alphaR: 2.0581295812626115
event_sum: 1.1685837306285976
mean: 1800.3174345683756
nL: 3.5614937483169196
nR: 3.8337036415351955
norm: 1.1685837306285976
sigma: 96.1077050270057
sigmaL: 72.22490608307419
sigmaR: 51.23594959443994
widthL: 72.22490608307419
widthR: 51.23594959443994
x0: 1800.3174345683756
