alphaL: 1.1983883151022425
alphaR: 1.8502936816858706
event_sum: 0.9937916265698732
mean: 1810.3409752916837
nL: 3.2163306258725126
nR: 2.5770293159882836
norm: 0.9937916265698732
sigma: 96.1077050270057
sigmaL: 69.29515285694649
sigmaR: 49.29406448665981
widthL: 69.29515285694649
widthR: 49.29406448665981
x0: 1810.3409752916837
