alphaL: 1.1196681459478846
alphaR: 2.118189544635745
event_sum: 11.706577157601714
fraction: 0.9968947070077967
mean: 1807.5676123049195
nL: 9.783626360454251
nR: 1.9184032789179832
norm: 11.695054935989901
sigma: 96.1077050270057
sigmaL: 72.5321674212693
sigmaR: 46.02193758942085
widthL: 72.5321674212693
widthR: 46.02193758942085
x0: 1807.5676123049195
