alphaL: 1.3869125390487962
alphaR: 2.1952179068462683
event_sum: 1.1685837306285976
mean: 1809.5292658148728
nL: 3.5674020442161267
nR: 1.575814544190633
norm: 1.1685837306285976
sigma: 96.15619542560758
sigmaL: 79.11791087611643
sigmaR: 45.65428340965541
widthL: 79.11791087611643
widthR: 45.65428340965541
x0: 1809.5292658148728
