alphaL: 1.2950645346127434
alphaR: 1.8699995933925442
event_sum: 0.9973635153146461
mean: 1811.5780802919833
nL: 4.307205242997296
nR: 2.4682290358563512
norm: 0.9973635153146461
sigma: 96.1077050270057
sigmaL: 73.80673693806692
sigmaR: 48.925504077233036
widthL: 73.80673693806692
widthR: 48.925504077233036
x0: 1811.5780802919833
