alphaL: 1.319451799562843
alphaR: 2.0290220988534795
event_sum: 14.116353931836784
mean: 1808.853501677074
nL: 4.994047444447706
nR: 4.01738171960387
norm: 14.116353931836784
sigma: 83.77587815943495
sigmaL: 74.27631323217055
sigmaR: 47.947158257844904
widthL: 74.27631323217055
widthR: 47.947158257844904
x0: 1808.853501677074
