alphaL: 1.477432205484518
alphaR: 1.964403447113676
event_sum: 14.178718281327747
mean: 1811.5743395295303
nL: 4.486876844989545
nR: 3.9563941268637732
norm: 14.178718281327747
sigma: 83.77587815943495
sigmaL: 79.19730960020513
sigmaR: 46.12618010949198
widthL: 79.19730960020513
widthR: 46.12618010949198
x0: 1811.5743395295303
