alphaL: 1.6535322633468494
alphaR: 1.9594570680695318
event_sum: 14.20072922820691
mean: 1813.8055382556097
nL: 4.499023772512227
nR: 3.6047172685451128
norm: 14.20072922820691
sigma: 83.57849599017484
sigmaL: 83.93285280163981
sigmaR: 45.056912837313945
widthL: 83.93285280163981
widthR: 45.056912837313945
x0: 1813.8055382556097
