alphaL: 0.7223894763374614
alphaR: 1.4050260805140289
event_sum: 7.246325171669014
mean: 1760.06955450428
nL: 1.0023353560958639
nR: 4.161274605146062
norm: 7.246325171669014
sigma: 425.38227802276197
sigmaL: 133.6078309924392
sigmaR: 105.13794008944467
widthL: 133.6078309924392
widthR: 105.13794008944467
x0: 1760.06955450428
