alphaL: 1.3599436466741208
alphaR: 1.8807874570720846
event_sum: 0.9973635153146461
mean: 1812.5548637159854
nL: 3.2154719276338315
nR: 2.443646646333611
norm: 0.9973635153146461
sigma: 96.15619542560758
sigmaL: 75.59999680574863
sigmaR: 48.63801167995202
widthL: 75.59999680574863
widthR: 48.63801167995202
x0: 1812.5548637159854
