alphaL: 1.7623123052398773
alphaR: 2.0639866026022866
event_sum: 12.312679118127562
mean: 1816.3681031374192
nL: 4.493527316156027
nR: 3.2006557662777424
norm: 12.312679118127562
sigma: 83.57849599017484
sigmaL: 92.60513462950735
sigmaR: 40.393637333633656
widthL: 92.60513462950735
widthR: 40.393637333633656
x0: 1816.3681031374192
