alphaL: 1.2911564626537684
alphaR: 1.8742380795944429
event_sum: 0.9973635153146461
mean: 1811.406774355983
nL: 4.312786737338384
nR: 2.463126411517213
norm: 0.9973635153146461
sigma: 96.1077050270057
sigmaL: 73.53848421679118
sigmaR: 49.02353564879521
widthL: 73.53848421679118
widthR: 49.02353564879521
x0: 1811.406774355983
