alphaL: 1.5610215922121586
alphaR: 2.367638024005359
event_sum: 12.294336662394926
mean: 1812.5135128109143
nL: 4.491681662791854
nR: 2.3317018943310686
norm: 12.294336662394926
sigma: 83.77587815943495
sigmaL: 86.98912014669041
sigmaR: 43.055992372985216
widthL: 86.98912014669041
widthR: 43.055992372985216
x0: 1812.5135128109143
