alphaL: 1.2364794454959274
alphaR: 2.113668410257136
event_sum: 14.20072922820691
fraction: 0.9991546446922452
mean: 1807.8430971177418
nL: 9.973164967781376
nR: 3.270203087428467
norm: 14.197060737060383
sigma: 83.57849599017484
sigmaL: 73.1074215576285
sigmaR: 48.63885839487702
widthL: 73.1074215576285
widthR: 48.63885839487702
x0: 1807.8430971177418
