alphaL: 1.6104063709365037
alphaR: 2.3243569441656433
event_sum: 12.294336662394926
mean: 1813.7248987750004
nL: 3.989695388011091
nR: 2.3865031445547604
norm: 12.294336662394926
sigma: 83.77587815943495
sigmaL: 88.50459617295546
sigmaR: 42.121393630811994
widthL: 88.50459617295546
widthR: 42.121393630811994
x0: 1813.7248987750004
