alphaL: 1.5168981531430572
alphaR: 2.109430088571603
event_sum: 14.178718281327747
mean: 1810.8828524891983
nL: 3.9504000094327196
nR: 3.1487745459369956
norm: 14.178718281327747
sigma: 83.77587815943495
sigmaL: 78.9083253116591
sigmaR: 46.75129289931726
widthL: 78.9083253116591
widthR: 46.75129289931726
x0: 1810.8828524891983
