alphaL: 1.5913796010292325
alphaR: 2.2359222525333964
event_sum: 12.294336662394926
mean: 1813.8670855923424
nL: 4.499656255065036
nR: 2.8676896611402314
norm: 12.294336662394926
sigma: 83.77587815943495
sigmaL: 88.42041725741613
sigmaR: 42.08964409793875
widthL: 88.42041725741613
widthR: 42.08964409793875
x0: 1813.8670855923424
