alphaL: 0.9217185262093137
alphaR: 1.4506413293454001
event_sum: 13.78912399123047
mean: 2171.7660041558997
nL: 1.8125853360543658
nR: 2.9520101934985874
norm: 13.78912399123047
sigma: 149.2539233884913
sigmaL: 129.76020116273833
sigmaR: 92.66690952745117
widthL: 129.76020116273833
widthR: 92.66690952745117
x0: 2171.7660041558997
