alphaL: 0.9733681653432024
alphaR: 1.7582140751350726
event_sum: 1.493007709952592
mean: 2170.6361082237568
nL: 1.1971575887225196
nR: 1.8049313777315137
norm: 1.493007709952592
sigma: 149.1853487711815
sigmaL: 136.68989627125947
sigmaR: 100.46834919720077
widthL: 136.68989627125947
widthR: 100.46834919720077
x0: 2170.6361082237568
