alphaL: 0.9277917977012765
alphaR: 1.470633800151377
event_sum: 20.778355240207116
mean: 2171.6901424191965
nL: 1.7953498272445247
nR: 2.945793639658436
norm: 20.778355240207116
sigma: 149
sigmaL: 130.66162891086682
sigmaR: 93.78147901534741
widthL: 130.66162891086682
widthR: 93.78147901534741
x0: 2171.6901424191965
