alphaL: 0.9659920522770398
alphaR: 1.6980834681538484
event_sum: 9.874744949029003
mean: 2170.6444870075143
nL: 1.223531190681876
nR: 2.1219299172412396
norm: 9.874744949029003
sigma: 149.2539233884913
sigmaL: 136.18527249421388
sigmaR: 100.04790132430307
widthL: 136.18527249421388
widthR: 100.04790132430307
x0: 2170.6444870075143
