alphaL: 1.1205357989056552
alphaR: 1.8125678696465983
event_sum: 4.384076404677812
mean: 2175.5563576931104
nL: 0.5445083410688498
nR: 1.705009624090585
norm: 4.384076404677812
sigma: 149
sigmaL: 144.12848044509747
sigmaR: 101.42726975732562
widthL: 144.12848044509747
widthR: 101.42726975732562
x0: 2175.5563576931104
