alphaL: 1.0716060166406889
alphaR: 1.627849509530732
event_sum: 9.870489197919786
mean: 2173.4125855874777
nL: 0.8893118167093742
nR: 2.528497040502227
norm: 9.870489197919786
sigma: 149
sigmaL: 142.73039038335278
sigmaR: 98.08767455146354
widthL: 142.73039038335278
widthR: 98.08767455146354
x0: 2173.4125855874777
