alphaL: 0.9378791754284137
alphaR: 1.6683895269854392
event_sum: 9.870489197919786
mean: 2171.164007126444
nL: 1.375913146256772
nR: 2.31229304835392
norm: 9.870489197919786
sigma: 149.0981655210439
sigmaL: 136.67248600912785
sigmaR: 99.34690871567337
widthL: 136.67248600912785
widthR: 99.34690871567337
x0: 2171.164007126444
