alphaL: 0.9969170824178374
alphaR: 1.4341766998940852
event_sum: 2.0831428116946737
mean: 2173.1042212538214
nL: 1.573645491810722
nR: 2.7357753684497212
norm: 2.0831428116946737
sigma: 149.1853487711815
sigmaL: 136.27405490722992
sigmaR: 92.73416431052867
widthL: 136.27405490722992
widthR: 92.73416431052867
x0: 2173.1042212538214
