alphaL: 1.0431647552860193
alphaR: 1.644796982166953
event_sum: 8.646415757862817
mean: 2183.133117358539
nL: 0.20000037014850977
nR: 2.9994900411560077
norm: 8.646415757862817
sigma: 149
sigmaL: 133.91211294386187
sigmaR: 95.74490723289325
widthL: 133.91211294386187
widthR: 95.74490723289325
x0: 2183.133117358539
