alphaL: 0.10701309335198496
alphaR: 1.4980283599542297
event_sum: 15.634010754997345
mean: 2212.72193667302
nL: 2.999993618258329
nR: 2.99995573426464
norm: 15.634010754997345
sigma: 615
sigmaL: 66.12034095926091
sigmaR: 86.48785420239047
widthL: 66.12034095926091
widthR: 86.48785420239047
x0: 2212.72193667302
