alphaL: 1.3894837027976064
alphaR: 1.625266710219938
event_sum: 1.493007709952592
mean: 2177.0899259770613
nL: 0.2918580898699625
nR: 2.3146072936063704
norm: 1.493007709952592
sigma: 149.1853487711815
sigmaL: 155.9460415050199
sigmaR: 95.5496006864206
widthL: 155.9460415050199
widthR: 95.5496006864206
x0: 2177.0899259770613
