alphaL: 1.4569413383588279
alphaR: 1.6082641117695728
event_sum: 32.386495646204864
mean: 2172.0540170224785
nL: 0.20000120034402738
nR: 2.9998975997644854
norm: 32.386495646204864
sigma: 149
sigmaL: 144.1592471586403
sigmaR: 97.32774438527908
widthL: 144.1592471586403
widthR: 97.32774438527908
x0: 2172.0540170224785
