alphaL: 0.9340284608172825
alphaR: 1.5900645916500489
event_sum: 2.0831428116946737
mean: 2168.7487282937636
nL: 1.7786383405910924
nR: 2.2680096924612156
norm: 2.0831428116946737
sigma: 149.1853487711815
sigmaL: 130.0555631500398
sigmaR: 96.94238194079452
widthL: 130.0555631500398
widthR: 96.94238194079452
x0: 2168.7487282937636
