alphaL: 0.9248162031709563
alphaR: 1.4472265085917988
event_sum: 13.788380196115996
mean: 2171.191479727201
nL: 1.7353352635485693
nR: 2.930048189344672
norm: 13.788380196115996
sigma: 149.0981655210439
sigmaL: 129.1324300903378
sigmaR: 92.97996051458577
widthL: 129.1324300903378
widthR: 92.97996051458577
x0: 2171.191479727201
