alphaL: 0.24697430534659714
alphaR: 1.6411049598650083
event_sum: 15.16730216347872
mean: 2170.862046844446
nL: 2.1763240444582523
nR: 2.999922926514152
norm: 15.16730216347872
sigma: 615
sigmaL: 49.972046294087676
sigmaR: 98.75479456762326
widthL: 49.972046294087676
widthR: 98.75479456762326
x0: 2170.862046844446
