alphaL: 1.3469498999784866
alphaR: 1.7445961021912257
event_sum: 1.0847796326343087
mean: 2173.6949190415507
nL: 0.20547542072917824
nR: 1.8934326228920706
norm: 1.0847796326343087
sigma: 123.28843197153483
sigmaL: 145.5912633221412
sigmaR: 100.73742606220739
widthL: 145.5912633221412
widthR: 100.73742606220739
x0: 2173.6949190415507
