alphaL: 0.9347656247464418
alphaR: 1.223575259859277
event_sum: 1.7321936534935958
mean: 2182.5524490981375
nL: 2.184126796526557
nR: 3.924958738694478
norm: 1.7321936534935958
sigma: 123.2
sigmaL: 143.2968846673473
sigmaR: 83.0547206907013
widthL: 143.2968846673473
widthR: 83.0547206907013
x0: 2182.5524490981375
