alphaL: 1.1287774201430243
alphaR: 1.5673638636482952
event_sum: 21.16109669598518
fraction: 0.8324511171252523
mean: 2168.682231429765
nL: 0.6696033975768219
nR: 3.70705043054324
norm: 12.686614132253453
sigma: 123.2
sigmaL: 135.47860838843204
sigmaR: 102.23447461352971
widthL: 135.47860838843204
widthR: 102.23447461352971
x0: 2168.682231429765
