alphaL: 1.3184327508362257
alphaR: 1.8507149465930421
event_sum: 1.5539721120803733
mean: 2161.1288694295863
nL: 0.20008780413087293
nR: 1.9453881280194179
norm: 1.5539721120803733
sigma: 123.28843197153483
sigmaL: 134.19634057169023
sigmaR: 110.80619405012128
widthL: 134.19634057169023
widthR: 110.80619405012128
x0: 2161.1288694295863
