alphaL: 1.0564024556922222
alphaR: 1.2325110996410849
event_sum: 21.957644687441643
fraction: 0.9000627950806582
mean: 2180.7242729878444
nL: 1.4028777830913504
nR: 4.482943114966368
norm: 17.345091331924777
sigma: 123.2
sigmaL: 144.19510211613178
sigmaR: 85.52094346830482
widthL: 144.19510211613178
widthR: 85.52094346830482
x0: 2180.7242729878444
