alphaL: 0.9166773428050917
alphaR: 1.2407370409493024
event_sum: 1.7321936534935958
mean: 2180.794036077127
nL: 2.2166893520637845
nR: 3.9297219756296724
norm: 1.7321936534935958
sigma: 123.2
sigmaL: 140.35172900144968
sigmaR: 84.52277394948179
widthL: 140.35172900144968
widthR: 84.52277394948179
x0: 2180.794036077127
