alphaL: 0.9163730961585019
alphaR: 1.4136619990109907
event_sum: 1.6560392434112146
mean: 2175.2731119394102
nL: 2.0089073074844688
nR: 2.9677419665375173
norm: 1.6560392434112146
sigma: 123.2
sigmaL: 134.85404817086493
sigmaR: 91.62304663726178
widthL: 134.85404817086493
widthR: 91.62304663726178
x0: 2175.2731119394102
