alphaL: 0.9282265166037847
alphaR: 1.20110647121219
event_sum: 17.321935666259378
mean: 2180.8007347276935
nL: 2.084064048038128
nR: 4.4856589225885255
norm: 17.321935666259378
sigma: 123.2
sigmaL: 139.68061295966305
sigmaR: 83.72032039695772
widthL: 139.68061295966305
widthR: 83.72032039695772
x0: 2180.8007347276935
