alphaL: 0.9430301529105405
alphaR: 1.4840442504205233
event_sum: 12.413252944359556
mean: 2166.8242320143136
nL: 1.000684611225073
nR: 4.111791268420585
norm: 12.413252944359556
sigma: 123.2
sigmaL: 122.39207128555975
sigmaR: 100.3246158589513
widthL: 122.39207128555975
widthR: 100.3246158589513
x0: 2166.8242320143136
