alphaL: 0.9880276648133387
alphaR: 1.6094892471780309
event_sum: 21.16109669598518
fraction: 0.8372857748029023
mean: 2168.4464081343876
nL: 1.0186157115701973
nR: 3.0486597002220877
norm: 12.166976838780101
sigma: 123.2
sigmaL: 130.07449489094503
sigmaR: 101.25026927195793
widthL: 130.07449489094503
widthR: 101.25026927195793
x0: 2168.4464081343876
