alphaL: 0.4844909520510862
alphaR: 1.4556739364740658
event_sum: 22.653075785259716
mean: 2167.2824932186727
nL: 4.477008291106295
nR: 3.562448109891773
norm: 22.653075785259716
sigma: 123.2
sigmaL: 88.75179572794801
sigmaR: 95.96778743298994
widthL: 88.75179572794801
widthR: 95.96778743298994
x0: 2167.2824932186727
