alphaL: 0.9274888696558596
alphaR: 1.5792067156999363
event_sum: 1.2413253566191997
mean: 2167.2903640380414
nL: 1.000002499631771
nR: 4.129834200915572
norm: 1.2413253566191997
sigma: 123.2
sigmaL: 123.81903307952483
sigmaR: 105.50370405066603
widthL: 123.81903307952483
widthR: 105.50370405066603
x0: 2167.2903640380414
