alphaL: 1.0564145074633378
alphaR: 1.2319904226997105
event_sum: 22.653075785259716
mean: 2182.009840909999
nL: 1.4325440816713084
nR: 4.39441377532626
norm: 22.653075785259716
sigma: 123.2
sigmaL: 146.88318330275018
sigmaR: 84.09379164914509
widthL: 146.88318330275018
widthR: 84.09379164914509
x0: 2182.009840909999
