alphaL: 0.9746175325249288
alphaR: 1.4623150990004785
event_sum: 21.827693891711533
mean: 2172.5678359390204
nL: 1.0050404721701178
nR: 4.12334282498905
norm: 21.827693891711533
sigma: 123.2
sigmaL: 132.9633630450898
sigmaR: 97.98352209356824
widthL: 132.9633630450898
widthR: 97.98352209356824
x0: 2172.5678359390204
