alphaL: 1.2520610942833246
alphaR: 1.3635219162975423
event_sum: 21.16109669598518
fraction: 0.8217773036078161
mean: 2182.499086128566
nL: 0.5710771775926857
nR: 4.143293199580294
norm: 12.592479758313857
sigma: 123.2
sigmaL: 153.46236283206963
sigmaR: 89.27508096363363
widthL: 153.46236283206963
widthR: 89.27508096363363
x0: 2182.499086128566
