alphaL: 1.0578479901865978
alphaR: 1.1040282086151227
event_sum: 21.957644687441643
fraction: 0.9030085915672527
mean: 2184.3207226061977
nL: 1.4134054174475135
nR: 5.701722951364432
norm: 17.415811468556058
sigma: 123.2
sigmaL: 147.21646796975227
sigmaR: 80.0534754849609
widthL: 147.21646796975227
widthR: 80.0534754849609
x0: 2184.3207226061977
