alphaL: 1.0743250292524364
alphaR: 1.2501632828034335
event_sum: 1.2413253566191997
mean: 2184.1580317351227
nL: 1.0000434955525719
nR: 3.9728444173198003
norm: 1.2413253566191997
sigma: 123.2
sigmaL: 149.84099984502427
sigmaR: 83.3379455752291
widthL: 149.84099984502427
widthR: 83.3379455752291
x0: 2184.1580317351227
