alphaL: 0.9697322272282729
alphaR: 1.7953181451469207
event_sum: 1.1733264220893034
mean: 2166.4584835449805
nL: 1.0481792206336786
nR: 2.0885087796169253
norm: 1.1733264220893034
sigma: 123.2
sigmaL: 128.54430921181705
sigmaR: 104.84052266421082
widthL: 128.54430921181705
widthR: 104.84052266421082
x0: 2166.4584835449805
