alphaL: 1.1514274503197786
alphaR: 1.5652967727335507
event_sum: 21.827693891711533
mean: 2170.5374752808357
nL: 0.6660870241379224
nR: 3.394054250514236
norm: 21.827693891711533
sigma: 123.2
sigmaL: 139.31348992808142
sigmaR: 100.15260115147898
widthL: 139.31348992808142
widthR: 100.15260115147898
x0: 2170.5374752808357
