alphaL: 0.9978172526014295
alphaR: 2.226312609077606
event_sum: 24.55312884247176
mean: 2097.4417272067917
nL: 115.16193045437572
nR: 2.595303680491651
norm_2016: 6.420678416451355
norm_2017: 8.253931091246548
norm_2018: 11.947644465895602
norm_Run2: 24.55312884247176
sigma: 96.98056257854071
sigmaL: 82.14591626824554
sigmaR: 51.59280232471909
widthL: 82.14591626824554
widthR: 51.59280232471909
x0: 2097.4417272067917
