alphaL: 0.9978032492475629
alphaR: 1.2978578489107933
event_sum: 10.5294915573052
mean: 2052.8048796135417
nL: 0.389122636101128
nR: 6.47698079999749
norm_2016: 2.650558283074688
norm_2017: 3.399908471916989
norm_2018: 4.615014273067856
norm_Run2: 10.5294915573052
sigma: 210.0
sigmaL: 200.36302008556032
sigmaR: 113.6773204335999
widthL: 200.36302008556032
widthR: 113.6773204335999
x0: 2052.8048796135417
