alphaL: 0.7257597731704036
alphaR: 1.6909131268396578
event_sum: 22.752354237631078
mean: 3193.2765907573844
nL: 18.397895714414215
nR: 2.914872682709143
norm_2016: 6.185276679444708
norm_2017: 7.244630646791536
norm_2018: 9.945812183154388
norm_Run2: 22.752354237631078
sigma: 266.6121935365781
sigmaL: 92.1526132039617
sigmaR: 79.06140135706845
widthL: 92.1526132039617
widthR: 79.06140135706845
x0: 3193.2765907573844
