alphaL: 1.0117613539664807
alphaR: 1.281212493872046
event_sum: 3.4140062273190144
mean: 3150.4592664206484
nL: 0.19054737213269946
nR: 4.515390532248202
norm_2016: 0.8974169283750046
norm_2017: 1.1618231927878873
norm_2018: 1.3888959227635618
norm_Run2: 3.4140062273190144
sigma: 320.0
sigmaL: 371.3445954581613
sigmaR: 133.57647217368688
widthL: 371.3445954581613
widthR: 133.57647217368688
x0: 3150.4592664206484
