alphaL: 1.4415914319532774
alphaR: 2.1609750114208026
event_sum: 3.3940685483153334
mean: 1554.7586076667724
nL: 4.488717921406301
nR: 2.108079946115521
norm: 3.3940685483153334
sigma: 81.85946284142297
sigmaL: 72.20361591170541
sigmaR: 39.32078909285167
widthL: 72.20361591170541
widthR: 39.32078909285167
x0: 1554.7586076667724
