alphaL: 1.453320518830786
alphaR: 2.0931921182881075
event_sum: 76.22823438690521
mean: 1553.016679169411
nL: 4.500675250858658
nR: 3.367473947154939
norm: 76.22823438690521
sigma: 73.84489651886351
sigmaL: 68.08028155725152
sigmaR: 42.67982719670561
widthL: 68.08028155725152
widthR: 42.67982719670561
x0: 1553.016679169411
