alphaL: 1.5676062383744722
alphaR: 2.4050938285247097
event_sum: 54.319768713082055
mean: 1552.2864289001848
nL: 4.497678113846501
nR: 2.145136282052285
norm: 54.319768713082055
sigma: 73.84489651886351
sigmaL: 73.6889059047838
sigmaR: 39.7461012113803
widthL: 73.6889059047838
widthR: 39.7461012113803
x0: 1552.2864289001848
