alphaL: 1.383029003893467
alphaR: 2.243796847324162
event_sum: 50.147192368220324
fraction: 0.9990590629774232
mean: 1552.5390238034577
nL: 9.9958283504105
nR: 3.032916298343527
norm: 50.14172735226381
sigma: 73.95416364039293
sigmaL: 72.05592623265174
sigmaR: 39.198104388824845
widthL: 72.05592623265174
widthR: 39.198104388824845
x0: 1552.5390238034577
