alphaL: 1.2302627674916102
alphaR: 1.8999497447418947
event_sum: 3.4886586397759203
mean: 1553.5941453345586
nL: 4.36277521562369
nR: 2.4237028392189135
norm: 3.4886586397759203
sigma: 81.85946284142297
sigmaL: 62.52115425896865
sigmaR: 43.24120667541242
widthL: 62.52115425896865
widthR: 43.24120667541242
x0: 1553.5941453345586
