alphaL: 1.6279192462156828
alphaR: 0.5053869753847057
event_sum: 3.382629027185861
mean: 1577.0957009140536
nL: 4.318076727482734
nR: 4.647664942589179
norm: 3.382629027185861
sigma: 81.85946284142297
sigmaL: 88.07450089160213
sigmaR: 8.839183754270401
widthL: 88.07450089160213
widthR: 8.839183754270401
x0: 1577.0957009140536
