alphaL: 1.423965191982687
alphaR: 2.4624259786789837
event_sum: 54.09705035024207
mean: 1551.2909917838285
nL: 5.0
nR: 1.8102930633733925
norm: 54.09705035024207
sigma: 73.84489651886351
sigmaL: 71.05594101552579
sigmaR: 40.16568906477192
widthL: 71.05594101552579
widthR: 40.16568906477192
x0: 1551.2909917838285
