alphaL: 0.8885564400641919
alphaR: 1.9914874542071594
event_sum: 34.200582559685884
fraction: 0.9858027462246615
mean: 1551.3511193101403
nL: 18.37360107058956
nR: 2.2346229834129905
norm: 33.88827584516574
sigma: 81.72780706591183
sigmaL: 54.95112427299245
sigmaR: 44.60545397903826
widthL: 54.95112427299245
widthR: 44.60545397903826
x0: 1551.3511193101403
