alphaL: 1.115400849666019
alphaR: 1.8758196887658478
event_sum: 34.200582559685884
fraction: 0.9975821684096817
mean: 1553.9462860448327
nL: 10.0
nR: 2.5697780853442342
norm: 34.16332454346523
sigma: 81.79123717983595
sigmaL: 62.30855721613287
sigmaR: 42.89484753967823
widthL: 62.30855721613287
widthR: 42.89484753967823
x0: 1553.9462860448327
