alphaL: 1.3795567792735586
alphaR: 1.7512110990903653
event_sum: 3.5007606758791443
mean: 1557.2943844531421
nL: 4.415176410235996
nR: 2.928747260980215
norm: 3.5007606758791443
sigma: 81.85946284142297
sigmaL: 68.86472724345246
sigmaR: 40.5193223623218
widthL: 68.86472724345246
widthR: 40.5193223623218
x0: 1557.2943844531421
