alphaL: 1.2556172127658294
alphaR: 2.267573637630636
event_sum: 75.93980081604857
mean: 1550.2421643881319
nL: 4.997023469023072
nR: 2.706313489581491
norm: 75.93980081604857
sigma: 73.84489651886351
sigmaL: 62.825997805598504
sigmaR: 44.443391982049995
widthL: 62.825997805598504
widthR: 44.443391982049995
x0: 1550.2421643881319
