alphaL: 1.1845336483399773
alphaR: 2.283979265917112
event_sum: 33.11443299196119
fraction: 0.9970862902772496
mean: 1551.4573620156486
nL: 10.0
nR: 1.864754648718105
norm: 33.08839861805295
sigma: 81.79123717983595
sigmaL: 66.33035182749711
sigmaR: 41.30085276961909
widthL: 66.33035182749711
widthR: 41.30085276961909
x0: 1551.4573620156486
