alphaL: 1.2513140225975095
alphaR: 2.0423702832177995
event_sum: 70.28985938932385
fraction: 0.9991248239827395
mean: 1551.8699685956474
nL: 9.991688921506125
nR: 3.751792641167655
norm: 70.25810514930839
sigma: 73.95416364039293
sigmaL: 65.13646494282304
sigmaR: 43.28604825176049
widthL: 65.13646494282304
widthR: 43.28604825176049
x0: 1551.8699685956474
