alphaL: 0.9073605920210814
alphaR: 2.31977882817304
event_sum: 69.90739032445445
mean: 1548.0116078976398
nL: 123.70514531576885
nR: 2.497059062711223
norm_2016: 69.90739032445445
norm_2017: 69.90739032445445
norm_2018: 69.90739032445445
norm_Run2: 69.90739032445445
sigma: 73.98328649344951
sigmaL: 55.691012781572375
sigmaR: 45.6773769672152
widthL: 55.691012781572375
widthR: 45.6773769672152
x0: 1548.0116078976398
