alphaL: 1.0739814468197801
alphaR: 2.4631290218992787
event_sum: 49.875605758184236
mean: 1550.1413084792562
nL: 75.16421591952974
nR: 2.043521729413184
norm_2016: 13.243864637692717
norm_2017: 16.459455518347987
norm_2018: 23.860731262608898
norm_Run2: 53.564051418649605
sigma: 73.98328649344951
sigmaL: 65.52385180735038
sigmaR: 40.63890032278067
widthL: 65.52385180735038
widthR: 40.63890032278067
x0: 1550.1413084792562
