alphaL: 1.0974666750572348
alphaR: 1.249717921648834
event_sum: 20.986661621053166
mean: 1523.2017664640682
nL: 0.5623150057896517
nR: 6.701638318442448
norm_2016: 20.986661621053166
norm_2017: 20.986661621053166
norm_2018: 20.986661621053166
norm_Run2: 20.986661621053166
sigma: 155.0
sigmaL: 145.6981291462382
sigmaR: 84.93871017775355
widthL: 145.6981291462382
widthR: 84.93871017775355
x0: 1523.2017664640682
