alphaL: 1.079955232431569
alphaR: 1.2702446405913348
event_sum: 20.986661621053166
mean: 1522.4970664054529
nL: 0.5884875993399069
nR: 6.445365234717803
norm_2016: 5.642758974053676
norm_2017: 6.609650507318476
norm_2018: 9.0677721836349
norm_Run2: 20.986661621053166
sigma: 155.0
sigmaL: 144.62958128275656
sigmaR: 85.89445772731915
widthL: 144.62958128275656
widthR: 85.89445772731915
x0: 1522.4970664054529
