alphaL: 0.9779131649195353
alphaR: 1.4648959416788672
event_sum: 24.770328386920376
mean: 1531.4778134843787
nL: 1.551950696012572
nR: 4.2671396631627365
norm_2016: 24.770328386920376
norm_2017: 24.770328386920376
norm_2018: 24.770328386920376
norm_Run2: 24.770328386920376
sigma: 86.80000000000001
sigmaL: 92.186144019971
sigmaR: 74.2415831265725
widthL: 92.186144019971
widthR: 74.2415831265725
x0: 1531.4778134843787
