alphaL: 0.900601198723161
alphaR: 1.992315616584451
event_sum: 33.88827584516574
mean: 1551.3395735088002
nL: 17.06309211139279
nR: 2.230409237674578
norm_2016: 9.332372323079737
norm_2017: 10.790737554212173
norm_2018: 14.601068400907199
norm_Run2: 34.72417827819911
sigma: 81.72780706591183
sigmaL: 55.24335028119449
sigmaR: 44.663620112711584
widthL: 55.24335028119449
widthR: 44.663620112711584
x0: 1551.3395735088002
