alphaL: 0.9186297923222452
alphaR: 1.2847539216374724
event_sum: 18.777638293857066
mean: 1519.0458933263585
nL: 1.8122675586063424
nR: 4.398441334262508
norm_2016: 4.736516279695281
norm_2017: 5.824057068377892
norm_2018: 8.532844119021432
norm_Run2: 18.777638293857066
sigma: 155.0
sigmaL: 127.149941605405
sigmaR: 84.13326443389751
widthL: 127.149941605405
widthR: 84.13326443389751
x0: 1519.0458933263585
