alphaL: 0.9216102594700577
alphaR: 1.2742538559856138
event_sum: 18.777638293857066
mean: 1519.3690607569288
nL: 1.816934339798051
nR: 4.512733393936357
norm_2016: 4.736516279695281
norm_2017: 5.824057068377892
norm_2018: 8.532844119021432
norm_Run2: 18.777638293857066
sigma: 155.0
sigmaL: 127.91138453467262
sigmaR: 83.95986876997449
widthL: 127.91138453467262
widthR: 83.95986876997449
x0: 1519.3690607569288
