alphaL: 0.8488459172582685
alphaR: 2.4459163365217407
event_sum: 32.853497219011324
mean: 1548.3712401237972
nL: 62.545654825793875
nR: 1.456662615534482
norm_2016: 32.853497219011324
norm_2017: 32.853497219011324
norm_2018: 32.853497219011324
norm_Run2: 32.853497219011324
sigma: 81.72780706591183
sigmaL: 55.97975315637255
sigmaR: 42.730800030343474
widthL: 55.97975315637255
widthR: 42.730800030343474
x0: 1548.3712401237972
