alphaL: 1.0496678930350605
alphaR: 1.5269424537692196
event_sum: 22.96077364744772
mean: 1534.0721774428423
nL: 2.7637776642502287
nR: 3.5333570900595483
norm_2016: 22.96077364744772
norm_2017: 22.96077364744772
norm_2018: 22.96077364744772
norm_Run2: 22.96077364744772
sigma: 86.80000000000001
sigmaL: 99.47788501459948
sigmaR: 69.68172435799995
widthL: 99.47788501459948
widthR: 69.68172435799995
x0: 1534.0721774428423
