alphaL: 1.090930860956406
alphaR: 1.4678415611277176
event_sum: 22.96077364744772
mean: 1535.3437533751053
nL: 2.600034400917691
nR: 3.8090730210293686
norm_2016: 5.835459622683562
norm_2017: 7.227866844490982
norm_2018: 10.375997786998937
norm_Run2: 22.96077364744772
sigma: 86.80000000000001
sigmaL: 102.16432753243498
sigmaR: 68.48909611369196
widthL: 102.16432753243498
widthR: 68.48909611369196
x0: 1535.3437533751053
