alphaL: 0.9955038434367559
alphaR: 1.5636450784275735
event_sum: 33.60417907931985
mean: 1385.371603734239
nL: 2.738033019426079
nR: 2.8887493798278907
norm: 33.60417907931985
sigma: 91
sigmaL: 90.02363195267567
sigmaR: 65.26311681881671
widthL: 90.02363195267567
widthR: 65.26311681881671
x0: 1385.371603734239
