alphaL: 1.0111959526766934
alphaR: 1.5631598610780144
event_sum: 2.7432468165499366
mean: 1386.5163607724194
nL: 3.719030491582869
nR: 2.623923372000687
norm: 2.7432468165499366
sigma: 91.95076007908963
sigmaL: 93.71647604546038
sigmaR: 63.3787289687094
widthL: 93.71647604546038
widthR: 63.3787289687094
x0: 1386.5163607724194
