alphaL: 1.4571140996796783
alphaR: 1.6230562299692772
event_sum: 39.442483014423445
mean: 1389.228232635277
nL: 0.7939806387278227
nR: 2.9978401530532177
norm: 39.442483014423445
sigma: 91
sigmaL: 103.53013480961968
sigmaR: 64.27933021293215
widthL: 103.53013480961968
widthR: 64.27933021293215
x0: 1389.228232635277
