alphaL: 1.0457580915939468
alphaR: 1.5975669535577095
event_sum: 2.7432468165499366
mean: 1385.9266674979208
nL: 2.9657914801789707
nR: 2.3966500863581035
norm: 2.7432468165499366
sigma: 91.95076007908963
sigmaL: 93.40871353101932
sigmaR: 63.735273489720704
widthL: 93.40871353101932
widthR: 63.735273489720704
x0: 1385.9266674979208
