alphaL: 1.5224151261125338
alphaR: 1.6236586828735726
event_sum: 12.392365155696242
mean: 1393.3821749375636
nL: 0.5449947655168227
nR: 2.9818399281549257
norm: 12.392365155696242
sigma: 91
sigmaL: 109.884174771134
sigmaR: 67.22327457539708
widthL: 109.884174771134
widthR: 67.22327457539708
x0: 1393.3821749375636
