alphaL: 1.0185811706230652
alphaR: 1.6761752135911483
event_sum: 3.3387988116044256
mean: 1385.9291734797036
nL: 1.6947411995701707
nR: 2.238759994318659
norm: 3.3387988116044256
sigma: 91.95076007908963
sigmaL: 90.06844574435311
sigmaR: 67.66299975604466
widthL: 90.06844574435311
widthR: 67.66299975604466
x0: 1385.9291734797036
