alphaL: 0.9124486406670645
alphaR: 1.594925991981785
event_sum: 3.3387988116044256
mean: 1386.0135552254949
nL: 2.8619312238806187
nR: 2.861535675885637
norm: 3.3387988116044256
sigma: 91.95076007908963
sigmaL: 87.35655937366305
sigmaR: 67.4145478022508
widthL: 87.35655937366305
widthR: 67.4145478022508
x0: 1386.0135552254949
