alphaL: 0.814606766856283
alphaR: 1.6249013764588764
event_sum: 22.09044329889019
mean: 1382.52730325806
nL: 2.9953208105465308
nR: 2.9999006645150694
norm: 22.09044329889019
sigma: 91.86299115266979
sigmaL: 78.7222852389779
sigmaR: 69.16185537629534
widthL: 78.7222852389779
widthR: 69.16185537629534
x0: 1382.52730325806
