alphaL: 1.052955549557344
alphaR: 1.5650163403887647
event_sum: 18.13802389137634
mean: 1385.938385310292
nL: 2.9990607819201913
nR: 2.8281349080913323
norm: 18.13802389137634
sigma: 91
sigmaL: 93.13286242264846
sigmaR: 63.624253399159564
widthL: 93.13286242264846
widthR: 63.624253399159564
x0: 1385.938385310292
