alphaL: 1.089341674297712
alphaR: 1.5575767535177223
event_sum: 18.13802389137634
mean: 1386.6963941985289
nL: 2.8818115688458525
nR: 2.6726376969954653
norm: 18.13802389137634
sigma: 91.93316762793071
sigmaL: 94.88155582845843
sigmaR: 63.28354706672278
widthL: 94.88155582845843
widthR: 63.28354706672278
x0: 1386.6963941985289
