alphaL: 0.9195779460519204
alphaR: 1.6395676218232023
event_sum: 10.299510791226277
mean: 1386.2573960279487
nL: 2.9152674375014196
nR: 2.331261364397662
norm: 10.299510791226277
sigma: 91
sigmaL: 89.47694633083668
sigmaR: 70.03267165039811
widthL: 89.47694633083668
widthR: 70.03267165039811
x0: 1386.2573960279487
