alphaL: 1.0689304260407095
alphaR: 1.5354582383817943
event_sum: 18.13802389137634
mean: 1386.3417641651563
nL: 2.9999861709083135
nR: 2.9837249085148834
norm: 18.13802389137634
sigma: 91.86299115266979
sigmaL: 93.80454819755052
sigmaR: 63.311242077738484
widthL: 93.80454819755052
widthR: 63.311242077738484
x0: 1386.3417641651563
