alphaL: 0.8601261727376827
alphaR: 1.6085149171315696
event_sum: 22.094437798223428
mean: 1384.2030049939385
nL: 2.8732791362543475
nR: 2.990674532771107
norm: 22.094437798223428
sigma: 91.93316762793071
sigmaL: 82.6619213381616
sigmaR: 68.04352096676199
widthL: 82.6619213381616
widthR: 68.04352096676199
x0: 1384.2030049939385
