alphaL: 0.9595930911324323
alphaR: 1.6249329077082315
event_sum: 16.180771189129906
mean: 1383.0499307586952
nL: 2.7031921975830375
nR: 2.999210496429126
norm: 16.180771189129906
sigma: 229
sigmaL: 86.25016923516219
sigmaR: 66.5307267735747
widthL: 86.25016923516219
widthR: 66.5307267735747
x0: 1383.0499307586952
