alphaL: 1.1296046815887146
alphaR: 1.5372022829853444
event_sum: 2.428061291859194
mean: 1394.352194165151
nL: 1.249201742623704
nR: 1.9625842550434593
norm: 2.428061291859194
sigma: 72.76032668510206
sigmaL: 101.25065064722297
sigmaR: 60.763268872630206
widthL: 101.25065064722297
widthR: 60.763268872630206
x0: 1394.352194165151
