alphaL: 0.9961631762291877
alphaR: 1.4178655682080186
event_sum: 2.2662111899771844
mean: 1389.4542782825874
nL: 3.946384210218132
nR: 3.5408666326256015
norm: 2.2662111899771844
sigma: 78.4
sigmaL: 93.66934848450141
sigmaR: 59.83547348134903
widthL: 93.66934848450141
widthR: 59.83547348134903
x0: 1389.4542782825874
