alphaL: 1.1916100719624227
alphaR: 1.4708084571377948
event_sum: 30.554356784326956
fraction: 0.9340760373395859
mean: 1390.0878224455303
nL: 1.2259890271902962
nR: 3.7186546974359995
norm: 27.732609309838153
sigma: 78.4
sigmaL: 96.90346419292919
sigmaR: 64.12540488072443
widthL: 96.90346419292919
widthR: 64.12540488072443
x0: 1390.0878224455303
