alphaL: 1.1307221593330479
alphaR: 1.394858512817942
event_sum: 23.972474719397724
fraction: 0.9638231834742246
mean: 1387.1137216490351
nL: 2.411010165529914
nR: 4.371322238991405
norm: 22.681460305000655
sigma: 78.4
sigmaL: 94.55910930843778
sigmaR: 62.17479726981319
widthL: 94.55910930843778
widthR: 62.17479726981319
x0: 1387.1137216490351
