alphaL: 1.180612485895951
alphaR: 1.4749171186118828
event_sum: 31.182978986762464
mean: 1388.8017402023918
nL: 1.2387162043687017
nR: 3.8033179220280124
norm: 31.182978986762464
sigma: 78.4
sigmaL: 95.28162559872428
sigmaR: 64.86622039064318
widthL: 95.28162559872428
widthR: 64.86622039064318
x0: 1388.8017402023918
