alphaL: 1.1426107160696584
alphaR: 1.5151847612292437
event_sum: 30.554356784326956
fraction: 0.9315592753836677
mean: 1389.0231328377947
nL: 1.3619824186483165
nR: 3.537366164425679
norm: 27.545084713958204
sigma: 78.4
sigmaL: 94.78517706414915
sigmaR: 65.21263303435899
widthL: 94.78517706414915
widthR: 65.21263303435899
x0: 1389.0231328377947
