alphaL: 0.986099046143887
alphaR: 1.414581960625747
event_sum: 22.662110720877536
mean: 1385.4619017636865
nL: 4.195983098538228
nR: 4.180518407056675
norm: 22.662110720877536
sigma: 78.4
sigmaL: 90.38972051163032
sigmaR: 63.26216830607048
widthL: 90.38972051163032
widthR: 63.26216830607048
x0: 1385.4619017636865
