alphaL: 1.1146430828560436
alphaR: 1.306598726649902
event_sum: 23.972474719397724
fraction: 0.9637919366557145
mean: 1388.2778676398216
nL: 2.715405255910762
nR: 5.375516442960024
norm: 22.57052434689831
sigma: 78.4
sigmaL: 95.3153472248401
sigmaR: 60.69541536846431
widthL: 95.3153472248401
widthR: 60.69541536846431
x0: 1388.2778676398216
