alphaL: 1.0422065245798233
alphaR: 1.3879133114408544
event_sum: 2.7438204037753167
mean: 1389.737318353325
nL: 1.9715839415786127
nR: 3.5674917388501677
norm: 2.7438204037753167
sigma: 78.4
sigmaL: 93.59335850118548
sigmaR: 62.94259470063452
widthL: 93.59335850118548
widthR: 62.94259470063452
x0: 1389.737318353325
