alphaL: 1.1365246953761239
alphaR: 1.4031205180215205
event_sum: 24.476174399605952
mean: 1386.987122042497
nL: 2.386638688974914
nR: 4.329079880298292
norm: 24.476174399605952
sigma: 78.4
sigmaL: 94.87019497939126
sigmaR: 62.37157699947004
widthL: 94.87019497939126
widthR: 62.37157699947004
x0: 1386.987122042497
