alphaL: 1.0342729684467935
alphaR: 1.5014858058252032
event_sum: 27.438202605815604
mean: 1387.806010109703
nL: 1.9054943248253955
nR: 3.6768098574981702
norm: 27.438202605815604
sigma: 78.4
sigmaL: 91.34483216070427
sigmaR: 65.63738376200654
widthL: 91.34483216070427
widthR: 65.63738376200654
x0: 1387.806010109703
