alphaL: 1.0940044174185566
alphaR: 1.5369841979569039
event_sum: 2.1985243311792146
mean: 1385.2081915677782
nL: 2.8372903812858112
nR: 2.976324404330288
norm: 2.1985243311792146
sigma: 78.4
sigmaL: 92.16334691444429
sigmaR: 64.37429172578867
widthL: 92.16334691444429
widthR: 64.37429172578867
x0: 1385.2081915677782
