alphaL: 0.995600249924451
alphaR: 1.415177568566536
event_sum: 2.2662111899771844
mean: 1389.4190372985865
nL: 4.001750762591805
nR: 3.6221257854011544
norm: 2.2662111899771844
sigma: 78.4
sigmaL: 93.70025300182641
sigmaR: 59.92954193165638
widthL: 93.70025300182641
widthR: 59.92954193165638
x0: 1389.4190372985865
