alphaL: 1.2195651800115992
alphaR: 1.4608233040974659
event_sum: 31.182978986762464
mean: 1389.855148920139
nL: 1.164712819206813
nR: 3.8474740570450474
norm: 31.182978986762464
sigma: 78.4
sigmaL: 97.61630627638168
sigmaR: 64.27691921192661
widthL: 97.61630627638168
widthR: 64.27691921192661
x0: 1389.855148920139
