alphaL: 1.1520356424609817
alphaR: 1.372675036571699
event_sum: 24.476174399605952
mean: 1387.79612533931
nL: 2.3437014798044427
nR: 4.472152928195559
norm: 24.476174399605952
sigma: 78.4
sigmaL: 95.98409247965955
sigmaR: 61.641046871489564
widthL: 95.98409247965955
widthR: 61.641046871489564
x0: 1387.79612533931
