alphaL: 1.0291802503526137
alphaR: 1.6842801894866999
event_sum: 2.6361241906197392
mean: 1390.8597612811382
nL: 2.1895494977681556
nR: 2.0335988032044536
norm: 2.6361241906197392
sigma: 78.4
sigmaL: 95.51528542599264
sigmaR: 63.88072831051242
widthL: 95.51528542599264
widthR: 63.88072831051242
x0: 1390.8597612811382
