alphaL: 0.9863541079666897
alphaR: 1.3974350163584344
event_sum: 2.7438204037753167
mean: 1391.062924665876
nL: 2.330055638289064
nR: 3.603913540990602
norm: 2.7438204037753167
sigma: 78.4
sigmaL: 93.40213203323117
sigmaR: 62.24035388077883
widthL: 93.40213203323117
widthR: 62.24035388077883
x0: 1391.062924665876
