alphaL: 1.0682355399111303
alphaR: 1.6456733464010935
event_sum: 2.0457100355706643
mean: 1384.6179530756615
nL: 1.6832001214190726
nR: 1.816091819462994
norm: 2.0457100355706643
sigma: 72.76032668510206
sigmaL: 90.529262567496
sigmaR: 65.98815874243667
widthL: 90.529262567496
widthR: 65.98815874243667
x0: 1384.6179530756615
