alphaL: 0.4652215155646885
alphaR: 1.5444558851953678
event_sum: 22.981581783268943
fraction: 0.9299296115051141
mean: 2008.5470963172545
nL: 2.645871283682533
nR: 3.8607682064134186
norm: 18.998342162098186
sigma: 114.8
sigmaL: 65.91705510891036
sigmaR: 96.33690366556797
widthL: 65.91705510891036
widthR: 96.33690366556797
x0: 2008.5470963172545
