alphaL: 1.1119257636019366
alphaR: 1.3324805629376586
event_sum: 22.330872638905834
fraction: 0.8637255854906113
mean: 2032.045598654971
nL: 0.9634887073365824
nR: 4.07151558766455
norm: 15.119432512256182
sigma: 114.8
sigmaL: 141.11041066282553
sigmaR: 86.1454376670029
widthL: 141.11041066282553
widthR: 86.1454376670029
x0: 2032.045598654971
