alphaL: 0.8697191864565018
alphaR: 1.4255053348376263
event_sum: 1.9288825052400411
mean: 2028.4616727004704
nL: 2.7566315763212685
nR: 3.3666484780673733
norm: 1.9288825052400411
sigma: 114.8
sigmaL: 125.45852946413281
sigmaR: 84.49052525825786
widthL: 125.45852946413281
widthR: 84.49052525825786
x0: 2028.4616727004704
