alphaL: 0.8887214006129475
alphaR: 1.4713924149600999
event_sum: 1.847667612402931
mean: 2024.7982783808031
nL: 2.7637207880556147
nR: 3.164626933900037
norm: 1.847667612402931
sigma: 114.8
sigmaL: 123.71704943249405
sigmaR: 88.1596398469654
widthL: 123.71704943249405
widthR: 88.1596398469654
x0: 2024.7982783808031
