alphaL: 1.1322072611366358
alphaR: 1.260728016285417
event_sum: 1.5182590485963467
mean: 2033.8317883579243
nL: 0.8313479166462531
nR: 3.9027201506346416
norm: 1.5182590485963467
sigma: 114.8
sigmaL: 142.23835065195513
sigmaR: 81.7836242523007
widthL: 142.23835065195513
widthR: 81.7836242523007
x0: 2033.8317883579243
