alphaL: 0.9732932732119088
alphaR: 1.5984959383863746
event_sum: 1.440073501436974
mean: 2029.223059864996
nL: 1.3413701915785392
nR: 2.1538057456429076
norm: 1.440073501436974
sigma: 114.8
sigmaL: 138.23386801397393
sigmaR: 91.4363671371149
widthL: 138.23386801397393
widthR: 91.4363671371149
x0: 2029.223059864996
