alphaL: 1.2122232087984213
alphaR: 1.6244090722678455
event_sum: 0.2640785870205291
mean: 2213.2982378113757
nL: 0.12348024046197134
nR: 1.9560842093431627
norm: 0.2640785870205291
sigma: 225.0
sigmaL: 290.9090249635864
sigmaR: 112.7477566777142
widthL: 290.9090249635864
widthR: 112.7477566777142
x0: 2213.2982378113757
