alphaL: 1.0170909281940672
alphaR: 1.4850964047558597
event_sum: 4.068624421517759
fraction: 0.7408552441809538
mean: 2203.223702979459
nL: 0.4081524445813208
nR: 3.943055502299126
norm: 2.7292279444232714
sigma: 225.0
sigmaL: 212.51262288377015
sigmaR: 126.28581828696409
widthL: 212.51262288377015
widthR: 126.28581828696409
x0: 2203.223702979459
