alphaL: 0.5299943969830061
alphaR: 0.981420308238067
event_sum: 0.3142476333801159
mean: 2278.942031373835
nL: 1.0006027422966761
nR: 2.5906852092848256
norm: 0.3142476333801159
sigma: 225.0
sigmaL: 346.8037557520783
sigmaR: 57.36878551913315
widthL: 346.8037557520783
widthR: 57.36878551913315
x0: 2278.942031373835
