alphaL: 0.7692026981171421
alphaR: 0.9267150924710804
event_sum: 0.3606051792814091
mean: 2269.0649323549446
nL: 0.9997679595117226
nR: 2.3865223614404365
norm: 0.3606051792814091
sigma: 225.0
sigmaL: 271.70659969969427
sigmaR: 60.1084444982884
widthL: 271.70659969969427
widthR: 60.1084444982884
x0: 2269.0649323549446
