alphaL: 1.3075541545930354
alphaR: 1.3775134313691575
event_sum: 0.3256446283993265
mean: 2227.6390984513346
nL: 0.17900184862785196
nR: 2.8144385718989913
norm: 0.3256446283993265
sigma: 225.0
sigmaL: 262.2067865457226
sigmaR: 108.11110629037422
widthL: 262.2067865457226
widthR: 108.11110629037422
x0: 2227.6390984513346
