alphaL: 1.129864841293464
alphaR: 0.6826851021214453
event_sum: 4.800060558248954
fraction: 0.7453323871756337
mean: 2253.782367995004
nL: 0.4489790043187635
nR: 4.259259089291415
norm: 2.1498797146540984
sigma: 225.0
sigmaL: 326.90171073101527
sigmaR: 56.78368563648262
widthL: 326.90171073101527
widthR: 56.78368563648262
x0: 2253.782367995004
