alphaL: 1.484545630505531
alphaR: 1.0279707643467293
event_sum: 2.178019046092049
mean: 2195.6053188025257
nL: 3.984215225776969
nR: 3.256962311534059
norm: 2.178019046092049
sigmaL: 88.76053371358107
sigmaR: 55.68083598287899
widthL: 88.76053371358107
widthR: 55.68083598287899
x0: 2195.6053188025257
