alphaL: 1.1736293120906964
alphaR: 2.0604815807403067
event_sum: 10.95779981358404
mean: 2157.3976744982238
nL: 3.9960620280885384
nR: 2.084121169490556
norm: 10.95779981358404
sigmaL: 93.72450911894948
sigmaR: 66.12784187040722
widthL: 93.72450911894948
widthR: 66.12784187040722
x0: 2157.3976744982238
