alphaL: 3.771299369997664
alphaR: 1.8240918609795198
event_sum: 18.05251006805642
mean: 1009.8695172161397
nL: 3.0879113669960043
nR: 2.205431948516749
norm: 18.05251006805642
sigmaL: 65.07641921304301
sigmaR: 30.421875530037003
widthL: 65.07641921304301
widthR: 30.421875530037003
x0: 1009.8695172161397
