alphaL: 2.0083338625078904
alphaR: 1.5332342045460854
event_sum: 12.237898438490062
mean: 1214.5510102591018
nL: 3.9999208931322094
nR: 2.426415356918765
norm: 12.237898438490062
sigmaL: 69.14076295352794
sigmaR: 28.10886117306462
widthL: 69.14076295352794
widthR: 28.10886117306462
x0: 1214.5510102591018
