alphaL: 1.012851598917367
alphaR: 1.456329444732651
event_sum: 0.5389385408224866
mean: 2962.4831481070587
nL: 3.689983205957547
nR: 2.305032294023436
norm: 0.5389385408224866
sigmaL: 70.31241543064323
sigmaR: 88.66036561502804
widthL: 70.31241543064323
widthR: 88.66036561502804
x0: 2962.4831481070587
