alphaL: 2.000904283408354
alphaR: 1.999103785692418
event_sum: 102.58562213446866
mean: 1576.8187010851213
nL: 3.9996434865757173
nR: 3.9917076127860893
norm: 102.58562213446866
sigmaL: 97.4724647015998
sigmaR: 40.45078316840845
widthL: 97.4724647015998
widthR: 40.45078316840845
x0: 1576.8187010851213
