alphaL: 1.8209098758492115
alphaR: 1.312379894259095
event_sum: 1.0695014052157554
mean: 2616.500811866942
nL: 3.977222139837527
nR: 1.7610803091742773
norm: 1.0695014052157554
sigmaL: 107.05876729860904
sigmaR: 46.778823447359
widthL: 107.05876729860904
widthR: 46.778823447359
x0: 2616.500811866942
