alphaL: 2.0629081061638552
alphaR: 2.1561477331986887
event_sum: 76.61875254032648
mean: 1779.2554483178947
nL: 3.997288021847936
nR: 3.027277902679629
norm: 76.61875254032648
sigmaL: 111.59233850885492
sigmaR: 43.53793157445045
widthL: 111.59233850885492
widthR: 43.53793157445045
x0: 1779.2554483178947
