alphaL: 3.9971793907725344
alphaR: 2.028546025945756
event_sum: 8.982442855252234
mean: 1689.4347059198064
nL: 0.2073547205540565
nR: 3.9792554148371475
norm: 8.982442855252234
sigmaL: 226.86363593998226
sigmaR: 87.25845269663476
widthL: 226.86363593998226
widthR: 87.25845269663476
x0: 1689.4347059198064
