alphaL: 3.9417487183320734
alphaR: 1.0725547530877917
event_sum: 6.3104054543220585
mean: 1621.5743951371046
nL: 3.8367545911914833
nR: 2.9365170985778217
norm: 6.3104054543220585
sigmaL: 96.88250958492195
sigmaR: 26.449801668158763
widthL: 96.88250958492195
widthR: 26.449801668158763
x0: 1621.5743951371046
