alphaL: 1.960193673342021
alphaR: 2.264825291383412
event_sum: 132.86637302786852
mean: 1378.2214768514727
nL: 3.999995407275265
nR: 2.8529800983867086
norm: 132.86637302786852
sigmaL: 86.33464242256055
sigmaR: 37.37435325520408
widthL: 86.33464242256055
widthR: 37.37435325520408
x0: 1378.2214768514727
