alphaL: 1.53224562415078
alphaR: 1.8355720692035686
event_sum: 4.580286806810323
mean: 2573.529010908096
nL: 3.824777405082869
nR: 2.1665978826646577
norm: 4.580286806810323
sigmaL: 135.90829831563744
sigmaR: 61.94698417279316
widthL: 135.90829831563744
widthR: 61.94698417279316
x0: 2573.529010908096
