alphaL: 3.243899277261564
alphaR: 0.1339505706390617
event_sum: 41.733519935109115
mean: 977.5701336975956
nL: 3.6906403426420757
nR: 3.3368475554467283
norm: 41.733519935109115
sigmaL: 118.21736332101054
sigmaR: 2.5656254276611246
widthL: 118.21736332101054
widthR: 2.5656254276611246
x0: 977.5701336975956
