alphaL: 3.9976735340768235
alphaR: 2.6342080971208426
event_sum: 194.30923808652048
mean: 777.2832869561613
nL: 0.20224055860588092
nR: 3.7923715884094173
norm: 194.30923808652048
sigmaL: 55.739630441154816
sigmaR: 28.014324261124834
widthL: 55.739630441154816
widthR: 28.014324261124834
x0: 777.2832869561613
