alphaL: 1.5599861845441994
alphaR: 1.473778235362209
event_sum: 20.1820813063056
mean: 801.7986528238017
nL: 3.9408255547958166
nR: 3.330741915828277
norm: 20.1820813063056
sigmaL: 35.008259084670186
sigmaR: 25.085592666313488
widthL: 35.008259084670186
widthR: 25.085592666313488
x0: 801.7986528238017
