alphaL: 2.007407521788089
alphaR: 2.5044533812642937
event_sum: 201.3573765097579
mean: 978.6889864619106
nL: 3.999960031409203
nR: 3.9758794363930274
norm: 201.3573765097579
sigmaL: 67.18294393381721
sigmaR: 31.383437763563293
widthL: 67.18294393381721
widthR: 31.383437763563293
x0: 978.6889864619106
