alphaL: 3.988999241500434
alphaR: 0.26911471372825646
event_sum: 74.81804897363367
mean: 1207.2861136445579
nL: 3.636342195308312
nR: 3.998146616519078
norm: 74.81804897363367
sigmaL: 97.02006382942518
sigmaR: 4.511704672034191
widthL: 97.02006382942518
widthR: 4.511704672034191
x0: 1207.2861136445579
