alphaL: 0.5069499708750312
alphaR: 2.3001332471926967
event_sum: 22.94778145961114
mean: 710.6336823154234
nL: 0.2006094727021092
nR: 3.265447444765079
norm: 22.94778145961114
sigmaL: 227.21729272381307
sigmaR: 27.314445657202775
widthL: 227.21729272381307
widthR: 27.314445657202775
x0: 710.6336823154234
