alphaL: 2.0220874506175734
alphaR: 1.96183335681603
event_sum: 42.06488368850425
mean: 2177.014840365322
nL: 3.9999679243467208
nR: 3.609375146138512
norm: 42.06488368850425
sigmaL: 132.25914113356436
sigmaR: 50.58182858151301
widthL: 132.25914113356436
widthR: 50.58182858151301
x0: 2177.014840365322
