alphaL: 1.6119235305288944
alphaR: 2.1314422828061454
event_sum: 6.765249064972183
mean: 2375.039263144353
nL: 3.9692359115398816
nR: 1.3574444317180157
norm: 6.765249064972183
sigmaL: 130.12869206230576
sigmaR: 59.598351661511586
widthL: 130.12869206230576
widthR: 59.598351661511586
x0: 2375.039263144353
