alphaL: 3.951010244941686
alphaR: 1.9548910948420317
event_sum: 121.94315166445371
mean: 889.3823427415316
nL: 3.5171800695463773
nR: 2.6105621627216546
norm: 121.94315166445371
sigmaL: 66.13222522316852
sigmaR: 27.04218744864447
widthL: 66.13222522316852
widthR: 27.04218744864447
x0: 889.3823427415316
