alphaL: 0.19632829086623066
alphaR: 0.4197086247784695
event_sum: 29.13867239598489
mean: 671.3052031180366
nL: 0.3382255232799055
nR: 3.5787287506047067
norm: 29.13867239598489
sigmaL: 272.2624813995197
sigmaR: 8.486998836069487
widthL: 272.2624813995197
widthR: 8.486998836069487
x0: 671.3052031180366
