alphaL: 3.962506332757904
alphaR: 0.38731140768669986
event_sum: 12.86259849732084
mean: 1573.6172199552113
nL: 0.29327203914976524
nR: 3.999925912511091
norm: 12.86259849732084
sigmaL: 231.02236100829103
sigmaR: 10.27909792591228
widthL: 231.02236100829103
widthR: 10.27909792591228
x0: 1573.6172199552113
