alphaL: 2.566767986844538
alphaR: 0.45595506940824193
event_sum: 1.5396222135115964
mean: 2441.8568262107638
nL: 3.981633457135107
nR: 2.7598666951764503
norm: 1.5396222135115964
sigmaL: 125.86651915362998
sigmaR: 17.22361008882147
widthL: 125.86651915362998
widthR: 17.22361008882147
x0: 2441.8568262107638
