alphaL: 3.0949392706271097
alphaR: 2.4222532126961647
event_sum: 4.05404370099792
mean: 2023.962006608575
nL: 0.20000151802183297
nR: 1.6820950240435133
norm: 4.05404370099792
sigmaL: 257.6718196562392
sigmaR: 126.0057395603918
widthL: 257.6718196562392
widthR: 126.0057395603918
x0: 2023.962006608575
