alphaL: 1.8689203529689986
alphaR: 2.153727387308959
event_sum: 4.270655566196831
mean: 3470.4155449117698
nL: 3.9188963257345746
nR: 2.711850338012427
norm: 4.270655566196831
sigmaL: 196.38428802543314
sigmaR: 75.70281843482881
widthL: 196.38428802543314
widthR: 75.70281843482881
x0: 3470.4155449117698
