alphaL: 3.9990755895425822
alphaR: 1.6941827854101106
event_sum: 27.920777329921172
mean: 1147.738838869894
nL: 2.138184776269715
nR: 3.4469498318545173
norm: 27.920777329921172
sigmaL: 142.41036604855796
sigmaR: 44.761038944806224
widthL: 142.41036604855796
widthR: 44.761038944806224
x0: 1147.738838869894
