alphaL: 1.5711940476634383
alphaR: 1.5879269239254103
event_sum: 22.706846459084076
mean: 1778.8021286543124
nL: 3.999999866615638
nR: 2.6937892037194597
norm: 22.706846459084076
sigmaL: 94.03795367424232
sigmaR: 45.53527029337648
widthL: 94.03795367424232
widthR: 45.53527029337648
x0: 1778.8021286543124
