alphaL: 1.9293807537472716
alphaR: 0.9055520739571462
event_sum: 4.1091158822920155
mean: 1810.1114854040388
nL: 3.9978636797440434
nR: 3.118698147752283
norm: 4.1091158822920155
sigmaL: 77.08789720673691
sigmaR: 34.461603225215114
widthL: 77.08789720673691
widthR: 34.461603225215114
x0: 1810.1114854040388
