alphaL: 3.1254283701936307
alphaR: 0.2801556420912756
event_sum: 2.768596793072998
mean: 2358.361760551271
nL: 3.536379222418328
nR: 2.928868025204173
norm: 2.768596793072998
sigmaL: 375.2032824578895
sigmaR: 9.203401346835276
widthL: 375.2032824578895
widthR: 9.203401346835276
x0: 2358.361760551271
