alphaL: 3.685098564512736
alphaR: 1.3696528253631064
event_sum: 52.30348755015966
mean: 850.525998743477
nL: 0.20001550289609168
nR: 3.8507732890545388
norm: 52.30348755015966
sigmaL: 88.5548500507188
sigmaR: 36.268946838099325
widthL: 88.5548500507188
widthR: 36.268946838099325
x0: 850.525998743477
