alphaL: 1.460358663184515
alphaR: 1.5232919097155602
event_sum: 3.2473359409832585
mean: 1994.3626846606599
nL: 3.9326821573079522
nR: 2.4229527622410587
norm: 3.2473359409832585
sigmaL: 71.088253038826
sigmaR: 61.72803347008314
widthL: 71.088253038826
widthR: 61.72803347008314
x0: 1994.3626846606599
