alphaL: 3.818078646403765
alphaR: 1.6733869241336794
event_sum: 57.651707267060516
mean: 748.0951130441201
nL: 0.20000025184869422
nR: 2.8900148203130507
norm: 57.651707267060516
sigmaL: 62.020678287162866
sigmaR: 36.87320237872982
widthL: 62.020678287162866
widthR: 36.87320237872982
x0: 748.0951130441201
