alphaL: 1.6187356474200465
alphaR: 2.0007860063086187
event_sum: 52.76118080946867
mean: 1375.4558448212667
nL: 3.999999350264654
nR: 2.6653124789611726
norm: 52.76118080946867
sigmaL: 74.90155873508724
sigmaR: 43.68343035617175
widthL: 74.90155873508724
widthR: 43.68343035617175
x0: 1375.4558448212667
