alphaL: 1.990014605142678
alphaR: 1.8815595746794775
event_sum: 22.437755817669675
mean: 2578.4211138485775
nL: 3.9975067995729683
nR: 3.5204889772445087
norm: 22.437755817669675
sigmaL: 153.7323071412801
sigmaR: 54.969676479538094
widthL: 153.7323071412801
widthR: 54.969676479538094
x0: 2578.4211138485775
