alphaL: 1.4764114748680182
alphaR: 1.6618705767533775
event_sum: 34.04513846081378
mean: 1580.8487146700334
nL: 3.9998596194860405
nR: 2.1447514303688466
norm: 34.04513846081378
sigmaL: 84.52758995858501
sigmaR: 39.38707476712669
widthL: 84.52758995858501
widthR: 39.38707476712669
x0: 1580.8487146700334
