alphaL: 2.052579320643112
alphaR: 2.0575459681358197
event_sum: 57.66801208772135
mean: 1978.274253242935
nL: 3.9976721019400077
nR: 3.015006583744426
norm: 57.66801208772135
sigmaL: 121.31209685352724
sigmaR: 46.6019930226607
widthL: 121.31209685352724
widthR: 46.6019930226607
x0: 1978.274253242935
