alphaL: 1.4054194349740428
alphaR: 1.3019238627589067
event_sum: 2.058909195460759
mean: 2979.1174336112263
nL: 3.701578544116369
nR: 2.8414186724288832
norm: 2.058909195460759
sigmaL: 150.12104730810756
sigmaR: 55.88618544263285
widthL: 150.12104730810756
widthR: 55.88618544263285
x0: 2979.1174336112263
