alphaL: 2.4575062825040104
alphaR: 2.486795764704384
event_sum: 0.9053702731166716
mean: 2800.0185143647063
nL: 2.5250243513958557
nR: 3.8978301407854254
norm: 0.9053702731166716
sigmaL: 400.5655774141793
sigmaR: 144.73140620322732
widthL: 400.5655774141793
widthR: 144.73140620322732
x0: 2800.0185143647063
