alphaL: 3.990850113671141
alphaR: 1.0410957211842078
event_sum: 116.29874999139456
mean: 999.4825380590739
nL: 3.9565638463147006
nR: 3.9990318420436872
norm: 116.29874999139456
sigmaL: 77.88437621439326
sigmaR: 15.11298482322055
widthL: 77.88437621439326
widthR: 15.11298482322055
x0: 999.4825380590739
