alphaL: 3.872163443321725
alphaR: 2.1781300889233965
event_sum: 145.41837051879887
mean: 779.5215277231423
nL: 0.20000016082012587
nR: 2.0885652721308694
norm: 145.41837051879887
sigmaL: 51.994969442721995
sigmaR: 30.291939030753866
widthL: 51.994969442721995
widthR: 30.291939030753866
x0: 779.5215277231423
