alphaL: 2.5285866993555954
alphaR: 0.25020467771797433
event_sum: 1.9006825377978054
mean: 2555.9285064254896
nL: 3.9907379484355805
nR: 2.782482515908948
norm: 1.9006825377978054
sigmaL: 408.8877161331242
sigmaR: 8.564411346115323
widthL: 408.8877161331242
widthR: 8.564411346115323
x0: 2555.9285064254896
