alphaL: 3.119052072477569
alphaR: 0.17965611544234356
event_sum: 0.33965014629407475
mean: 3300.0688818019403
nL: 0.20556094268315794
nR: 3.9941306535942513
norm: 0.33965014629407475
sigmaL: 454.10299147263567
sigmaR: 20.515425678858435
widthL: 454.10299147263567
widthR: 20.515425678858435
x0: 3300.0688818019403
