alphaL: 1.980827833068848
alphaR: 2.7542549838812884
event_sum: 208.7592372081888
mean: 876.578170165175
nL: 3.999146628795107
nR: 3.251908503109589
norm: 208.7592372081888
sigmaL: 60.53933713966729
sigmaR: 30.104769794799147
widthL: 60.53933713966729
widthR: 30.104769794799147
x0: 876.578170165175
