alphaL: 0.4056889417092264
alphaR: 1.7797957027207185
event_sum: 106.14380679975187
mean: 688.980550340953
nL: 0.20025901154039552
nR: 2.18189272198424
norm: 106.14380679975187
sigmaL: 298.51641673892044
sigmaR: 21.861759800251626
widthL: 298.51641673892044
widthR: 21.861759800251626
x0: 688.980550340953
