alphaL: 1.977777470438327
alphaR: 2.048157704466238
event_sum: 11.096112570364463
mean: 2976.6058652658166
nL: 3.9964161783375105
nR: 2.9104876726266187
norm: 11.096112570364463
sigmaL: 175.30594994057464
sigmaR: 63.386904497823785
widthL: 175.30594994057464
widthR: 63.386904497823785
x0: 2976.6058652658166
