alphaL: 2.2584948271900744
alphaR: 2.225337326970894
event_sum: 18.13185228606374
mean: 895.8547569168496
nL: 3.535499167784656
nR: 3.999720903384505
norm: 18.13185228606374
sigmaL: 49.19698231664674
sigmaR: 41.06869482106609
widthL: 49.19698231664674
widthR: 41.06869482106609
x0: 895.8547569168496
