alphaL: 1.409460992701285
alphaR: 1.457732582324412
event_sum: 0.21941267159733607
mean: 3484.52811997387
nL: 2.6839598116325694
nR: 1.931190206273012
norm: 0.21941267159733607
sigmaL: 96.2188747479225
sigmaR: 96.60780375726263
widthL: 96.2188747479225
widthR: 96.60780375726263
x0: 3484.52811997387
