alphaL: 3.4811875490070916
alphaR: 0.309541421700379
event_sum: 5.884520412177738
mean: 1972.7227304587254
nL: 2.8236075353823558
nR: 2.733701243547872
norm: 5.884520412177738
sigmaL: 301.3891037223631
sigmaR: 7.756043739684495
widthL: 301.3891037223631
widthR: 7.756043739684495
x0: 1972.7227304587254
