alphaL: 3.8924393180910997
alphaR: 2.989301893566656
event_sum: 92.16706711588495
mean: 678.0767739635974
nL: 0.20000686346131633
nR: 2.6461758616877944
norm: 92.16706711588495
sigmaL: 552.5585553348564
sigmaR: 26.43076834629974
widthL: 552.5585553348564
widthR: 26.43076834629974
x0: 678.0767739635974
