alphaL: 2.147583327842835
alphaR: 2.4125028578402916
event_sum: 168.27247926175252
mean: 1181.0170532732006
nL: 3.9999983212549632
nR: 2.867976286951185
norm: 168.27247926175252
sigmaL: 79.29536596740293
sigmaR: 34.02426997744547
widthL: 79.29536596740293
widthR: 34.02426997744547
x0: 1181.0170532732006
