alphaL: 2.1257815035023406
alphaR: 1.5465569200512677
event_sum: 9.153986986080755
mean: 1401.5628963074498
nL: 3.8309487413983985
nR: 2.690928134895838
norm: 9.153986986080755
sigmaL: 58.13499626818239
sigmaR: 36.30063384802201
widthL: 58.13499626818239
widthR: 36.30063384802201
x0: 1401.5628963074498
