alphaL: 1.6839427459014584
alphaR: 2.0017818937101794
event_sum: 15.17972007586652
mean: 1978.324547945283
nL: 3.9468508048077386
nR: 2.001671389866544
norm: 15.17972007586652
sigmaL: 110.11197130761005
sigmaR: 51.25970187242244
widthL: 110.11197130761005
widthR: 51.25970187242244
x0: 1978.324547945283
