alphaL: 1.9989507140886411
alphaR: 1.9097651609605824
event_sum: 30.976247869733047
mean: 2377.9572658342454
nL: 3.998327319000566
nR: 3.601053808262613
norm: 30.976247869733047
sigmaL: 143.3117026059053
sigmaR: 53.024091224451006
widthL: 143.3117026059053
widthR: 53.024091224451006
x0: 2377.9572658342454
