alphaL: 3.9839842085310218
alphaR: 0.2946662758804668
event_sum: 19.094206089698034
mean: 1378.1123189404539
nL: 1.3856436091645699
nR: 3.5187269877615788
norm: 19.094206089698034
sigmaL: 197.8659509964053
sigmaR: 6.784805271354649
widthL: 197.8659509964053
widthR: 6.784805271354649
x0: 1378.1123189404539
