alphaL: 1.1402668271221392
alphaR: 1.3512244916660783
event_sum: 0.6944815631917564
mean: 3450.997264295179
nL: 3.8666610196446154
nR: 3.708803619910999
norm: 0.6944815631917564
sigmaL: 141.40653973717164
sigmaR: 78.44954750821165
widthL: 141.40653973717164
widthR: 78.44954750821165
x0: 3450.997264295179
