alphaL: 1.1557338621484587
alphaR: 1.0405606077112468
event_sum: 5.19340953367571
fraction: 0.8520916404902864
mean: 2697.504664980465
nL: 0.9414097668646674
nR: 4.075687136616161
norm: 3.204668354631308
sigma: 151.2
sigmaL: 181.6160951811686
sigmaR: 84.26081933860118
widthL: 181.6160951811686
widthR: 84.26081933860118
x0: 2697.504664980465
