alphaL: 0.8438825554334468
alphaR: 1.0454936141576918
event_sum: 0.1732348002999389
mean: 2720.6642413873706
nL: 1.0128735008337935
nR: 3.219253812140749
norm: 0.1732348002999389
sigma: 151.2
sigmaL: 165.64442067006922
sigmaR: 75.33242986783912
widthL: 165.64442067006922
widthR: 75.33242986783912
x0: 2720.6642413873706
