alphaL: 1.097898363515111
alphaR: 2.378507722365618
event_sum: 0.16229677627732106
mean: 2656.339019199344
nL: 3.980913482508572
nR: 1.5788596766426886
norm: 0.16229677627732106
sigma: 151.2
sigmaL: 212.20281718871266
sigmaR: 140.357561990194
widthL: 212.20281718871266
widthR: 140.357561990194
x0: 2656.339019199344
