alphaL: 1.1953407566782983
alphaR: 1.5411830027560958
event_sum: 5.206497065134059
fraction: 0.7497378124879893
mean: 2682.6760630647095
nL: 0.4
nR: 3.7467932150488643
norm: 1.868375099745548
sigma: 151.2
sigmaL: 178.2587309232183
sigmaR: 115.89403409955241
widthL: 178.2587309232183
widthR: 115.89403409955241
x0: 2682.6760630647095
