alphaL: 0.9021470980887477
alphaR: 1.3544004311124866
event_sum: 0.29173679905278593
mean: 2691.476316734034
nL: 1.4643905193751425
nR: 1.8049629633053226
norm: 0.29173679905278593
sigma: 151.2
sigmaL: 143.71494528025133
sigmaR: 89.15457794090825
widthL: 143.71494528025133
widthR: 89.15457794090825
x0: 2691.476316734034
