alphaL: 1.1085683919818539
alphaR: 1.4466065325474347
event_sum: 0.3073642993552456
mean: 2673.588565429761
nL: 0.9901351702536202
nR: 2.9200405974540957
norm: 0.3073642993552456
sigma: 151.2
sigmaL: 157.32922649287528
sigmaR: 109.58738584449672
widthL: 157.32922649287528
widthR: 109.58738584449672
x0: 2673.588565429761
