alphaL: 0.7772189235144524
alphaR: 1.4587971417276524
event_sum: 0.5857236784612175
mean: 2022.655857724629
nL: 2.319452066336463
nR: 3.890157665691591
norm: 0.5857236784612175
sigma: 114.8
sigmaL: 106.13138074826279
sigmaR: 94.89235617920808
widthL: 106.13138074826279
widthR: 94.89235617920808
x0: 2022.655857724629
