alphaL: 1.0238192193201503
alphaR: 1.498065810976656
event_sum: 0.43733193219847505
mean: 2052.0194772478294
nL: 1.0003352006564032
nR: 1.7468233605244827
norm: 0.43733193219847505
sigma: 114.8
sigmaL: 135.72514531958902
sigmaR: 80.26437035574276
widthL: 135.72514531958902
widthR: 80.26437035574276
x0: 2052.0194772478294
