alphaL: 0.9575330504544466
alphaR: 1.5730733166020365
event_sum: 0.5607182382340462
mean: 2037.95142060477
nL: 2.174725097315931
nR: 1.9462296205689662
norm: 0.5607182382340462
sigma: 114.8
sigmaL: 128.26529132766663
sigmaR: 85.62831902840888
widthL: 128.26529132766663
widthR: 85.62831902840888
x0: 2037.95142060477
