alphaL: 0.9847575462916799
alphaR: 1.2080904758448048
event_sum: 0.4631135815169029
mean: 2050.543034260461
nL: 0.7826060811632227
nR: 3.078570192699814
norm: 0.4631135815169029
sigma: 114.8
sigmaL: 123.63502402890514
sigmaR: 72.07623186636366
widthL: 123.63502402890514
widthR: 72.07623186636366
x0: 2050.543034260461
