alphaL: 0.9589056356079634
alphaR: 1.3986567088291306
event_sum: 7.3147103811822305
fraction: 0.9210749657829901
mean: 2029.1990759231314
nL: 1.7371875268704189
nR: 4.04566176334475
norm: 6.024726626905821
sigma: 114.8
sigmaL: 120.19987765112018
sigmaR: 91.33848836497708
widthL: 120.19987765112018
widthR: 91.33848836497708
x0: 2029.1990759231314
