alphaL: 0.9998559504275873
alphaR: 1.386710719460459
event_sum: 7.116898143784705
fraction: 0.8595885572937357
mean: 2039.0475559237525
nL: 1.0041988257297119
nR: 3.5640161218415054
norm: 4.841148663596747
sigma: 114.8
sigmaL: 131.03323908639862
sigmaR: 88.14047988970533
widthL: 131.03323908639862
widthR: 88.14047988970533
x0: 2039.0475559237525
