alphaL: 1.2925323718481627
alphaR: 1.3941135336981907
event_sum: 5.542776819842402
fraction: 0.8310939555845339
mean: 2184.610139348458
nL: 0.60370300377016
nR: 3.311639333096114
norm: 3.3261919405777007
sigma: 123.2
sigmaL: 171.22157004213744
sigmaR: 86.84244765025265
widthL: 171.22157004213744
widthR: 86.84244765025265
x0: 2184.610139348458
