alphaL: 0.8270146912044022
alphaR: 1.7515307889075842
event_sum: 0.32113293220754713
mean: 2161.7185732540906
nL: 3.7939213491597794
nR: 1.6089000507848423
norm: 0.32113293220754713
sigma: 123.2
sigmaL: 147.71215629347245
sigmaR: 103.54983275956327
widthL: 147.71215629347245
widthR: 103.54983275956327
x0: 2161.7185732540906
