alphaL: 0.924628231121694
alphaR: 1.4277447587374277
event_sum: 0.4421440695878118
mean: 2172.8038134498142
nL: 1.8748196690442847
nR: 3.603283366343943
norm: 0.4421440695878118
sigma: 123.2
sigmaL: 131.7924136390531
sigmaR: 89.7431838544971
widthL: 131.7924136390531
widthR: 89.7431838544971
x0: 2172.8038134498142
