alphaL: 1.0209730700031328
alphaR: 1.31670286647413
event_sum: 0.39733154171699425
mean: 2192.5174015444322
nL: 1.2496552875330775
nR: 1.9417231131316606
norm: 0.39733154171699425
sigma: 124.02632387172332
sigmaL: 155.81437322290805
sigmaR: 72.02228543073898
widthL: 155.81437322290805
widthR: 72.02228543073898
x0: 2192.5174015444322
