alphaL: 1.1379721574322221
alphaR: 1.7647852300437485
event_sum: 0.3389398932340555
mean: 2151.6354309584535
nL: 1.0000903250822666
nR: 3.7163377164703344
norm: 0.3389398932340555
sigma: 123.2
sigmaL: 146.86586591443063
sigmaR: 115.29057998484808
widthL: 146.86586591443063
widthR: 115.29057998484808
x0: 2151.6354309584535
