alphaL: 1.0023309470491133
alphaR: 1.3534750447429653
event_sum: 0.4421440695878118
mean: 2169.18113916118
nL: 1.4819772650583607
nR: 4.390584502189721
norm: 0.4421440695878118
sigma: 123.2
sigmaL: 126.89793038974582
sigmaR: 88.61373614070095
widthL: 126.89793038974582
widthR: 88.61373614070095
x0: 2169.18113916118
