alphaL: 1.3566051624876792
alphaR: 2.018340260524159
event_sum: 0.2972522440904868
mean: 2168.8997428443085
nL: 0.2000000000105121
nR: 2.046705923948595
norm: 0.2972522440904868
sigma: 124.02632387172332
sigmaL: 160.42157324731886
sigmaR: 105.92728231237969
widthL: 160.42157324731886
widthR: 105.92728231237969
x0: 2168.8997428443085
