alphaL: 1.1554451338687832
alphaR: 1.334612460584447
event_sum: 5.819527867133729
mean: 2175.283640770965
nL: 1.0415512643714886
nR: 4.231801685232041
norm: 5.819527867133729
sigma: 123.2
sigmaL: 139.9803987757579
sigmaR: 85.45950957921882
widthL: 139.9803987757579
widthR: 85.45950957921882
x0: 2175.283640770965
