alphaL: 1.0063985319010136
alphaR: 1.6164596591365141
event_sum: 0.42262079945066944
mean: 2153.588671044454
nL: 1.2603300960093242
nR: 3.3139078498185106
norm: 0.42262079945066944
sigma: 123.2
sigmaL: 113.32012876470172
sigmaR: 104.18039778516233
widthL: 113.32012876470172
widthR: 104.18039778516233
x0: 2153.588671044454
