alphaL: 1.0418908667886821
alphaR: 1.5782760488528158
event_sum: 5.905105406185612
mean: 2155.628264171817
nL: 1.0000040136258348
nR: 3.5667837139719927
norm: 5.905105406185612
sigma: 123.2
sigmaL: 143.95920700322262
sigmaR: 109.02807004827054
widthL: 143.95920700322262
widthR: 109.02807004827054
x0: 2155.628264171817
