alphaL: 1.1756567923441188
alphaR: 1.2132772115174841
event_sum: 5.471443156420719
fraction: 0.8809928378859002
mean: 2178.7102112202087
nL: 1.0249496684023782
nR: 4.49978123265875
norm: 4.310274435614701
sigma: 123.2
sigmaL: 144.27572624104755
sigmaR: 80.21600168347476
widthL: 144.27572624104755
widthR: 80.21600168347476
x0: 2178.7102112202087
