alphaL: 1.1524020270409168
alphaR: 1.9231880888922952
event_sum: 0.3389398932340555
mean: 2141.575779002302
nL: 1.0000788346919935
nR: 3.8893257263331784
norm: 0.3389398932340555
sigma: 123.2
sigmaL: 145.17324608636758
sigmaR: 128.3953173013287
widthL: 145.17324608636758
widthR: 128.3953173013287
x0: 2141.575779002302
