alphaL: 1.9944641741090023
alphaR: 1.8490607564594927
event_sum: 0.8329931499247323
mean: 785.4647820115039
nL: 4.902381913711707
nR: 2.0436976669215148
norm: 0.8329931499247323
sigma: 80.0
sigmaL: 68.72205264202444
sigmaR: 63.00594787107829
widthL: 68.72205264202444
widthR: 63.00594787107829
x0: 785.4647820115039
