alphaL: 1.4346581014050743
alphaR: 1.28726471483228
event_sum: 0.8350013635208597
mean: 802.5269720554886
nL: 1.0014292020909046
nR: 2.9599902458998675
norm: 0.8350013635208597
sigma: 80.0
sigmaL: 75.3801747361429
sigmaR: 45.236416468946665
widthL: 75.3801747361429
widthR: 45.236416468946665
x0: 802.5269720554886
