alphaL: 0.8043002731480692
alphaR: 1.2309375065823223
event_sum: 3.673645983217284
fraction: 0.9873370433458388
mean: 789.5169523733886
nL: 4.633270954326655
nR: 4.091380036832638
norm: 3.6327892229892313
sigma: 80.0
sigmaL: 54.6279648673495
sigmaR: 50.07579246577587
widthL: 54.6279648673495
widthR: 50.07579246577587
x0: 789.5169523733886
