alphaL: 1.2671511670117532
alphaR: 1.2802442349480418
event_sum: 0.836663333393517
mean: 802.1597247781492
nL: 2.141372120560951
nR: 3.168418427465256
norm: 0.836663333393517
sigma: 80.0
sigmaL: 75.83052385901918
sigmaR: 46.51054221568486
widthL: 75.83052385901918
widthR: 46.51054221568486
x0: 802.1597247781492
