alphaL: 0.9127789189114107
alphaR: 1.460712011318343
event_sum: 8.36663350975141
fraction: 0.9885592444598318
mean: 792.0167635546089
nL: 8.818533044603045
nR: 3.5858294480522335
norm: 8.304309638217092
sigma: 80.0
sigmaL: 63.78697143754977
sigmaR: 55.60874415888789
widthL: 63.78697143754977
widthR: 55.60874415888789
x0: 792.0167635546089
