alphaL: 0.9580693680986023
alphaR: 1.225273238122872
event_sum: 0.36473313830356346
mean: 793.8667540815906
nL: 1.9067996635285214
nR: 2.8121094310517596
norm: 0.36473313830356346
sigma: 80.0
sigmaL: 61.645675050972635
sigmaR: 45.531351167587935
widthL: 61.645675050972635
widthR: 45.531351167587935
x0: 793.8667540815906
