alphaL: 1.243945139023818
alphaR: 1.3331757261933241
event_sum: 0.766652852507832
mean: 797.7798905383322
nL: 0.20485648265428072
nR: 2.0929143262105043
norm: 0.766652852507832
sigma: 41.15734226142178
sigmaL: 71.51829625867244
sigmaR: 49.289691318292206
widthL: 71.51829625867244
widthR: 49.289691318292206
x0: 797.7798905383322
