alphaL: 1.1368650489532672
alphaR: 1.1552993648305692
event_sum: 0.33377894942532293
mean: 794.4722050890481
nL: 0.20747928530973914
nR: 1.4607456678371016
norm: 0.33377894942532293
sigma: 41.15734226142178
sigmaL: 58.10385927929672
sigmaR: 39.9497290688364
widthL: 58.10385927929672
widthR: 39.9497290688364
x0: 794.4722050890481
