alphaL: 1.3117070302377842
alphaR: 1.7409556911634605
event_sum: 0.3673645906019374
mean: 784.3090403592294
nL: 1.0076727347944308
nR: 3.772230293565912
norm: 0.3673645906019374
sigma: 80.0
sigmaL: 66.63144541504354
sigmaR: 63.17210228224378
widthL: 66.63144541504354
widthR: 63.17210228224378
x0: 784.3090403592294
