alphaL: 1.4415026419639991
alphaR: 1.28829135788007
event_sum: 0.8350013635208597
mean: 802.4914929428639
nL: 1.001387524151208
nR: 2.9596905107102933
norm: 0.8350013635208597
sigma: 80.0
sigmaL: 75.45358103245749
sigmaR: 45.25406850717585
widthL: 75.45358103245749
widthR: 45.25406850717585
x0: 802.4914929428639
