alphaL: 2.3997488477990636
alphaR: 2.2123956513203726
event_sum: 0.3660488644527504
mean: 775.0786960945695
nL: 1.0000605364455675
nR: 4.300422914499299
norm: 0.3660488644527504
sigma: 80.0
sigmaL: 67.00433219842888
sigmaR: 74.74350559430785
widthL: 67.00433219842888
widthR: 74.74350559430785
x0: 775.0786960945695
