alphaL: 2.424570841863689
alphaR: 2.151228468286397
event_sum: 0.3660488644527504
mean: 774.6743115712485
nL: 1.0000495186489633
nR: 4.2506598576554255
norm: 0.3660488644527504
sigma: 80.0
sigmaL: 64.50302049129726
sigmaR: 73.52620263678375
widthL: 64.50302049129726
widthR: 73.52620263678375
x0: 774.6743115712485
