alphaL: 0.7189762605093557
alphaR: 0.9434663876527031
event_sum: 4.680936856287687
fraction: 0.6396974138652276
mean: 2904.438103146557
nL: 0.40138992563776316
nR: 3.165827345298662
norm: 0.8996211080763713
sigma: 290.0
sigmaL: 291.5158343153357
sigmaR: 78.16680930248965
widthL: 291.5158343153357
widthR: 78.16680930248965
x0: 2904.438103146557
