alphaL: 1.0279223048809794
alphaR: 0.7764687434261599
event_sum: 3.9159354171500977
fraction: 0.6788173909102487
mean: 2889.377101900166
nL: 0.4
nR: 4.124454143242307
norm: 1.6225221861901626
sigma: 290.0
sigmaL: 317.65940238765575
sigmaR: 80.13350484337556
widthL: 317.65940238765575
widthR: 80.13350484337556
x0: 2889.377101900166
