alphaL: 0.5865623253195505
alphaR: 0.8522378413333873
event_sum: 0.20999359357875166
mean: 2917.1931576361576
nL: 1.0001707105495572
nR: 2.133833913670514
norm: 0.20999359357875166
sigma: 290.0
sigmaL: 419.012966873247
sigmaR: 64.80210505585741
widthL: 419.012966873247
widthR: 64.80210505585741
x0: 2917.1931576361576
