alphaL: 0.9778659161706579
alphaR: 1.1695082302531445
event_sum: 0.10492156723286666
mean: 2894.73112143608
nL: 0.1
nR: 2.8122519197647557
norm: 0.10492156723286666
sigma: 290.0
sigmaL: 267.0102810735731
sigmaR: 84.65863103010436
widthL: 267.0102810735731
widthR: 84.65863103010436
x0: 2894.73112143608
