alphaL: 1.0623560783469885
alphaR: 0.6754988828513848
event_sum: 0.1785044616107529
mean: 2919.3150102836644
nL: 0.26458565681781543
nR: 2.646646351523228
norm: 0.1785044616107529
sigma: 290.0
sigmaL: 330.9827595528324
sigmaR: 61.42192414935737
widthL: 330.9827595528324
widthR: 61.42192414935737
x0: 2919.3150102836644
