alphaL: 0.11603545418168162
alphaR: 0.6715755668214711
event_sum: 0.1352615961180498
mean: 2942.0971409971035
nL: 1.0042551246447557
nR: 3.1432361214995304
norm: 0.1352615961180498
sigma: 290.0
sigmaL: 564.06639592651
sigmaR: 57.841262120696086
widthL: 564.06639592651
widthR: 57.841262120696086
x0: 2942.0971409971035
