alphaL: 1.4159257796568958
alphaR: 2.0363256187799927
event_sum: 9.495735685806721
fraction: 0.9989323257959231
mean: 2012.93282221892
nL: 9.60892537104695
nR: 2.696939309441861
norm: 9.49488036823459
sigma: 92.80175585385932
sigmaL: 93.61784829688506
sigmaR: 44.920859439502046
widthL: 93.61784829688506
widthR: 44.920859439502046
x0: 2012.93282221892
