alphaL: 1.5429910719220161
alphaR: 1.859293674704228
event_sum: 12.751642657793127
mean: 2015.5460019408315
nL: 4.499126154576031
nR: 2.0658962766374174
norm: 12.751642657793127
sigma: 107.55476011042346
sigmaL: 94.58725035134366
sigmaR: 44.833430225658454
widthL: 94.58725035134366
widthR: 44.833430225658454
x0: 2015.5460019408315
