alphaL: 1.4319635297025335
alphaR: 2.1567259569153046
event_sum: 0.9460896284945193
mean: 2012.5592690756127
nL: 3.1500811962765383
nR: 2.136296948517655
norm: 0.9460896284945193
sigma: 108.0633802728273
sigmaL: 85.4057423524887
sigmaR: 54.95429562198897
widthL: 85.4057423524887
widthR: 54.95429562198897
x0: 2012.5592690756127
