alphaL: 1.8029695160054688
alphaR: 1.8965463213949851
event_sum: 9.495735685806721
mean: 2016.7135325537333
nL: 4.494645627287065
nR: 3.1432329969592945
norm: 9.495735685806721
sigma: 92.80175585385932
sigmaL: 101.90276386994923
sigmaR: 42.7990197761126
widthL: 101.90276386994923
widthR: 42.7990197761126
x0: 2016.7135325537333
