alphaL: 1.6883825802190071
alphaR: 1.9437329107097194
event_sum: 9.48033996950835
mean: 2015.3689920694123
nL: 3.8687959259357863
nR: 2.88127474086025
norm: 9.48033996950835
sigma: 93.31653862061432
sigmaL: 98.31704035683163
sigmaR: 43.49433998878441
widthL: 98.31704035683163
widthR: 43.49433998878441
x0: 2015.3689920694123
