alphaL: 1.4591870211633455
alphaR: 1.8700026349531973
event_sum: 1.2723989486621576
mean: 2014.020189686224
nL: 4.468857415207474
nR: 2.169044846781697
norm: 1.2723989486621576
sigma: 108.05248072963438
sigmaL: 91.02974221556019
sigmaR: 46.07067502795304
widthL: 91.02974221556019
widthR: 46.07067502795304
x0: 2014.020189686224
