alphaL: 1.3715294482106863
alphaR: 1.9607442699340616
event_sum: 9.488549497327767
mean: 2014.2948691267027
nL: 4.4965894863011835
nR: 2.7542210598150993
norm: 9.488549497327767
sigma: 107.55476011042346
sigmaL: 85.3963273762668
sigmaR: 53.08596862874419
widthL: 85.3963273762668
widthR: 53.08596862874419
x0: 2014.2948691267027
