alphaL: 1.2839104031719695
alphaR: 2.0252123468435093
event_sum: 0.9425177397497464
mean: 2012.14690463068
nL: 3.255490048786808
nR: 2.5985148954241484
norm: 0.9425177397497464
sigma: 108.05248072963438
sigmaL: 81.76090893930285
sigmaR: 54.6154782423294
widthL: 81.76090893930285
widthR: 54.6154782423294
x0: 2012.14690463068
