alphaL: 1.3733322485481654
alphaR: 1.8797558894879207
event_sum: 1.2688270599173848
mean: 2012.5512441990993
nL: 3.327704623610853
nR: 2.186985854481234
norm: 1.2688270599173848
sigma: 108.05248072963438
sigmaL: 88.49346261505852
sigmaR: 46.57307556832699
widthL: 88.49346261505852
widthR: 46.57307556832699
x0: 2012.5512441990993
