alphaL: 1.397091253771108
alphaR: 1.870179105169281
event_sum: 9.399940117727965
mean: 2012.349072407212
nL: 4.482139371013615
nR: 3.828687460753621
norm: 9.399940117727965
sigma: 93.31653862061432
sigmaL: 86.1129320510212
sigmaR: 47.296094450602176
widthL: 86.1129320510212
widthR: 47.296094450602176
x0: 2012.349072407212
