alphaL: 1.463626916159989
alphaR: 2.1646909526341873
event_sum: 9.399940117727965
mean: 2011.7630495690946
nL: 3.9747943563599155
nR: 2.345513852332752
norm: 9.399940117727965
sigma: 93.31653862061432
sigmaL: 87.0729873451854
sigmaR: 48.88190478569704
widthL: 87.0729873451854
widthR: 48.88190478569704
x0: 2011.7630495690946
