alphaL: 1.1858228125763723
alphaR: 1.9833377057181119
event_sum: 12.751642657793127
fraction: 0.9966298316573983
mean: 2010.6323269705558
nL: 9.948744227210785
nR: 1.918887686388707
norm: 12.74588154698722
sigma: 107.55476011042346
sigmaL: 84.41850226136607
sigmaR: 47.91762197806059
widthL: 84.41850226136607
widthR: 47.91762197806059
x0: 2010.6323269705558
