alphaL: 1.244849939943297
alphaR: 1.8736846526531656
event_sum: 9.364872097270563
mean: 2010.465817697221
nL: 4.889182695066558
nR: 4.2250840814516195
norm: 9.364872097270563
sigma: 93.31653862061432
sigmaL: 81.28816354134126
sigmaR: 48.16311125366638
widthL: 81.28816354134126
widthR: 48.16311125366638
x0: 2010.465817697221
