alphaL: 1.231336358482912
alphaR: 1.9890040053532518
event_sum: 9.417901786742732
fraction: 0.999048919372396
mean: 2009.9262320478115
nL: 9.781941485579631
nR: 3.3894407931030788
norm: 9.416191151598468
sigma: 92.80175585385932
sigmaL: 82.53097906266136
sigmaR: 49.16880685863567
widthL: 82.53097906266136
widthR: 49.16880685863567
x0: 2009.9262320478115
