alphaL: 1.3967912688652837
alphaR: 1.8738246548354827
event_sum: 9.399940117727965
mean: 2012.350791530918
nL: 4.48317678577051
nR: 3.7959659174339393
norm: 9.399940117727965
sigma: 93.31653862061432
sigmaL: 86.13682736086159
sigmaR: 47.29918168977451
widthL: 86.13682736086159
widthR: 47.29918168977451
x0: 2012.350791530918
