alphaL: 1.2766702618178956
alphaR: 1.855345547552157
event_sum: 0.9460896284945193
mean: 2013.6536700351485
nL: 4.223081601913292
nR: 3.362188885858549
norm: 0.9460896284945193
sigma: 108.05248072963438
sigmaL: 82.75295616548422
sigmaR: 53.02024490135089
widthL: 82.75295616548422
widthR: 53.02024490135089
x0: 2013.6536700351485
