alphaL: 1.518364053382487
alphaR: 1.8425000091712591
event_sum: 9.417901786742732
mean: 2013.775304627043
nL: 4.4970526711107155
nR: 3.9347786751992353
norm: 9.417901786742732
sigma: 92.80175585385932
sigmaL: 89.54325128504883
sigmaR: 46.49813274594613
widthL: 89.54325128504883
widthR: 46.49813274594613
x0: 2013.775304627043
