alphaL: 1.642403377550346
alphaR: 1.8911802773453936
event_sum: 9.48033996950835
mean: 2014.8390973653507
nL: 4.476633873605175
nR: 3.5201187982242947
norm: 9.48033996950835
sigma: 93.31653862061432
sigmaL: 98.31616399021769
sigmaR: 44.00175799296078
widthL: 98.31616399021769
widthR: 44.00175799296078
x0: 2014.8390973653507
