alphaL: 1.0085075600961482
alphaR: 2.122037109624128
event_sum: 9.488549497327767
fraction: 0.9979449200185416
mean: 2008.3973106036121
nL: 9.593397866169793
nR: 2.430251094597753
norm: 9.471266164910048
sigma: 107.55476011042346
sigmaL: 72.79945483664186
sigmaR: 56.741754716404145
widthL: 72.79945483664186
widthR: 56.741754716404145
x0: 2008.3973106036121
