alphaL: 1.4605872070286015
alphaR: 1.8731978987417857
event_sum: 1.2723989486621576
mean: 2014.1221048584175
nL: 4.448762120599987
nR: 2.0060703342587005
norm: 1.2723989486621576
sigma: 108.05248072963438
sigmaL: 91.50900658176181
sigmaR: 46.012390797642475
widthL: 91.50900658176181
widthR: 46.012390797642475
x0: 2014.1221048584175
