alphaL: 1.4296627457468956
alphaR: 1.9973860394504304
event_sum: 9.442705996334553
mean: 2012.5409716463291
nL: 4.90337151279257
nR: 2.972674949280475
norm: 9.442705996334553
sigma: 93.31653862061432
sigmaL: 92.20810255356722
sigmaR: 44.966902543407116
widthL: 92.20810255356722
widthR: 44.966902543407116
x0: 2012.5409716463291
