alphaL: 1.2942419656533386
alphaR: 1.8460962214852272
event_sum: 0.9460896284945193
mean: 2014.2162520081479
nL: 4.197173059553637
nR: 3.3735875021763047
norm: 0.9460896284945193
sigma: 108.05248072963438
sigmaL: 83.64713719040965
sigmaR: 52.64664388476563
widthL: 83.64713719040965
widthR: 52.64664388476563
x0: 2014.2162520081479
