alphaL: 1.4935710707692837
alphaR: 1.9473769109789776
event_sum: 1.2723989486621576
mean: 2013.696917656888
nL: 3.5286067539172787
nR: 1.8480119328344862
norm: 1.2723989486621576
sigma: 108.0633802728273
sigmaL: 92.23901925393598
sigmaR: 46.23708336827846
widthL: 92.23901925393598
widthR: 46.23708336827846
x0: 2013.696917656888
