alphaL: 1.6470277898568346
alphaR: 1.9726278528869
event_sum: 9.48033996950835
mean: 2014.7044821884056
nL: 4.4974831062436715
nR: 2.989735495299938
norm: 9.48033996950835
sigma: 93.31653862061432
sigmaL: 98.18663571539854
sigmaR: 44.105452908321766
widthL: 98.18663571539854
widthR: 44.105452908321766
x0: 2014.7044821884056
