alphaL: 0.8572685295089771
alphaR: 0.9556027094695911
event_sum: 0.14708481738474993
mean: 2821.3514553513032
nL: 1.0150284857552336
nR: 2.934225829793532
norm: 0.14708481738474993
sigma: 156.79999999999998
sigmaL: 168.12995391553363
sigmaR: 69.61781642633026
widthL: 168.12995391553363
widthR: 69.61781642633026
x0: 2821.3514553513032
