alphaL: 0.7736553914284926
alphaR: 1.3794666227338244
event_sum: 0.25776831333836214
mean: 2774.3590538941567
nL: 1.7392189368415458
nR: 2.12527801684417
norm: 0.25776831333836214
sigma: 156.79999999999998
sigmaL: 127.27654404786357
sigmaR: 102.79525652831065
widthL: 127.27654404786357
widthR: 102.79525652831065
x0: 2774.3590538941567
