alphaL: 1.177797716145751
alphaR: 1.4111109010423506
event_sum: 5.040690494941677
fraction: 0.7410151338649825
mean: 2783.311264346869
nL: 0.4
nR: 3.935192739176861
norm: 1.599191807620812
sigma: 156.79999999999998
sigmaL: 181.70073825792693
sigmaR: 110.91654975024915
widthL: 181.70073825792693
widthR: 110.91654975024915
x0: 2783.311264346869
