alphaL: 1.1552853080502334
alphaR: 2.1620488468795136
event_sum: 0.1372030645508335
mean: 2768.130327917905
nL: 3.190763051139206
nR: 1.4144600585103437
norm: 0.1372030645508335
sigma: 156.79999999999998
sigmaL: 217.16944318307995
sigmaR: 129.01187608862256
widthL: 217.16944318307995
widthR: 129.01187608862256
x0: 2768.130327917905
