alphaL: 1.0882451842980359
alphaR: 1.3480897458735321
event_sum: 0.27170260830908033
mean: 2779.195990337858
nL: 0.9878992802924673
nR: 2.668147568323647
norm: 0.27170260830908033
sigma: 156.79999999999998
sigmaL: 166.39869877491552
sigmaR: 104.34555801406727
widthL: 166.39869877491552
widthR: 104.34555801406727
x0: 2779.195990337858
