alphaL: 1.0540727884472259
alphaR: 1.0660099417046198
event_sum: 4.888806567329545
fraction: 0.855286183208235
mean: 2787.624131490434
nL: 1.0521496966223327
nR: 4.273373079349639
norm: 2.8366410047387545
sigma: 156.79999999999998
sigmaL: 171.92101922424243
sigmaR: 93.13519925010472
widthL: 171.92101922424243
widthR: 93.13519925010472
x0: 2787.624131490434
