alphaL: 1.0810662646530893
alphaR: 2.4999920036064456
event_sum: 73.94783588821754
mean: 1150.9403538044396
nL: 118.47304474860873
nR: 4.022129447878578
norm_2016: 19.57670892658476
norm_2017: 24.312296147423016
norm_2018: 34.86913123342931
norm_Run2: 73.94783588821754
sigma: 56.54356364781936
sigmaL: 52.62862537209824
sigmaR: 34.32341558538981
widthL: 52.62862537209824
widthR: 34.32341558538981
x0: 1150.9403538044396
