alphaL: 1.1388766611685601
alphaR: 1.391814189722418
event_sum: 20.05641390199136
mean: 1142.2594935431366
nL: 3.2311254421458235
nR: 4.61180639806363
norm_2016: 5.2811249291017655
norm_2017: 6.1480316417078065
norm_2018: 9.049228267973858
norm_Run2: 20.05641390199136
sigma: 64.4
sigmaL: 78.56970576493534
sigmaR: 52.5340908492252
widthL: 78.56970576493534
widthR: 52.5340908492252
x0: 1142.2594935431366
