alphaL: 0.5057029056005784
alphaR: 0.8370459710148733
event_sum: 0.08883111626163466
mean: 3364.2509316436654
nL: 1.0000842291237215
nR: 2.22524221105432
norm: 0.08883111626163466
sigma: 335.0
sigmaL: 583.0252989372667
sigmaR: 71.04023370266957
widthL: 583.0252989372667
widthR: 71.04023370266957
x0: 3364.2509316436654
