alphaL: 0.6733262440588931
alphaR: 1.1853194001993852
event_sum: 0.07616545310945526
mean: 3346.6741980581683
nL: 0.4708034726098427
nR: 1.394497593101761
norm: 0.07616545310945526
sigma: 335.0
sigmaL: 350.8684975412198
sigmaR: 80.1190655568824
widthL: 350.8684975412198
widthR: 80.1190655568824
x0: 3346.6741980581683
