alphaL: 0.033333237857902105
alphaR: 0.7854774061044653
event_sum: 0.06494391551995521
mean: 3446.307089314971
nL: 1.0004241960264055
nR: 3.7815274260435228
norm: 0.06494391551995521
sigma: 335.0
sigmaL: 1036.8498997011259
sigmaR: 70.69940601230437
widthL: 1036.8498997011259
widthR: 70.69940601230437
x0: 3446.307089314971
