alphaL: 0.5711060270210593
alphaR: 0.7027812780530931
event_sum: 2.546198993671343
fraction: 0.6447583997761401
mean: 3330.818852090931
nL: 0.6329974530396253
nR: 4.5
norm: 0.7194328105834564
sigma: 335.0
sigmaL: 376.46994520894856
sigmaR: 79.54656110184446
widthL: 376.46994520894856
widthR: 79.54656110184446
x0: 3330.818852090931
