alphaL: 0.7425342988400585
alphaR: 1.6605826090631854
event_sum: 3.787532935674233
fraction: 0.6252378809507668
mean: 3341.157265923984
nL: 0.4
nR: 3.852583978765975
norm: 0.44276876774148366
sigma: 335.0
sigmaL: 560.7130558217895
sigmaR: 159.2575035536359
widthL: 560.7130558217895
widthR: 159.2575035536359
x0: 3341.157265923984
