alphaL: 0.7206983441010453
alphaR: 0.8447297305893107
event_sum: 0.045095532905104
mean: 3408.0761810462727
nL: 0.14108429889069385
nR: 1.4178133742845223
norm: 0.045095532905104
sigma: 335.0
sigmaL: 445.49346835326764
sigmaR: 54.00127832425414
widthL: 445.49346835326764
widthR: 54.00127832425414
x0: 3408.0761810462727
