alphaL: 1.4653840746734055
alphaR: 1.4397524791649488
event_sum: 0.5693865967591676
mean: 2224.983227885501
nL: 0.10914654535839993
nR: 2.1986767871573036
norm: 0.5693865967591676
sigma: 225.0
sigmaL: 286.6498690199529
sigmaR: 104.57109374684374
widthL: 286.6498690199529
widthR: 104.57109374684374
x0: 2224.983227885501
