alphaL: 1.235265274997594
alphaR: 1.2196857665874437
event_sum: 7.983928264584531
fraction: 0.7971324559020374
mean: 2229.3327434162684
nL: 0.5629228536911633
nR: 3.4854854689611927
norm: 5.295357969675677
sigma: 225.0
sigmaL: 280.41920389033146
sigmaR: 97.43724001393636
widthL: 280.41920389033146
widthR: 97.43724001393636
x0: 2229.3327434162684
