alphaL: 0.5121822797087879
alphaR: 0.8417173422361546
event_sum: 0.485454622245557
mean: 2288.6559694712705
nL: 1.0006259929889032
nR: 2.743748404007344
norm: 0.485454622245557
sigma: 225.0
sigmaL: 364.26580201003037
sigmaR: 52.096521354183366
widthL: 364.26580201003037
widthR: 52.096521354183366
x0: 2288.6559694712705
