alphaL: 0.8748519602943844
alphaR: 0.821000286958102
event_sum: 0.6291238051830768
mean: 2253.8745679115373
nL: 1.0007268474547586
nR: 3.7899422528504525
norm: 0.6291238051830768
sigma: 225.0
sigmaL: 278.95284841908847
sigmaR: 65.26859843294685
widthL: 278.95284841908847
widthR: 65.26859843294685
x0: 2253.8745679115373
