alphaL: 0.8737409316860938
alphaR: 1.0707133376642142
event_sum: 8.307212960137592
fraction: 0.7449895361068204
mean: 2229.875331612994
nL: 0.6723398031555744
nR: 4.462812218459748
norm: 3.694369560518032
sigma: 225.0
sigmaL: 274.20118134983494
sigmaR: 93.62316181228525
widthL: 274.20118134983494
widthR: 93.62316181228525
x0: 2229.875331612994
