alphaL: 0.9922411812895242
alphaR: 1.565622269824281
event_sum: 0.4081048492636057
mean: 2187.7598255521775
nL: 0.22001846941798453
nR: 3.1086551690219566
norm: 0.4081048492636057
sigma: 225.0
sigmaL: 207.94281929527156
sigmaR: 134.19671874694043
widthL: 207.94281929527156
widthR: 134.19671874694043
x0: 2187.7598255521775
