alphaL: 1.0986586079619949
alphaR: 1.6337738146804812
event_sum: 0.6720877747252598
mean: 1693.0051617350869
nL: 2.1160056353477543
nR: 2.1621761695828483
norm: 0.6720877747252598
sigma: 95.2
sigmaL: 116.74970887304272
sigmaR: 74.16731850430025
widthL: 116.74970887304272
widthR: 74.16731850430025
x0: 1693.0051617350869
