alphaL: 1.2553422876162526
alphaR: 1.397317090089781
event_sum: 0.6944534622434649
mean: 1701.136618478979
nL: 2.0204909416477546
nR: 3.0090136537551064
norm: 0.6944534622434649
sigma: 95.2
sigmaL: 126.3832960077458
sigmaR: 65.40834031285826
widthL: 126.3832960077458
widthR: 65.40834031285826
x0: 1701.136618478979
