alphaL: 0.9819333291793134
alphaR: 1.501355135530957
event_sum: 8.41433289696811
fraction: 0.9079086137886176
mean: 1689.6156509283542
nL: 1.2962558241507336
nR: 3.5343560700375125
norm: 6.862639923414036
sigma: 95.2
sigmaL: 101.39315782246568
sigmaR: 77.48344199963269
widthL: 101.39315782246568
widthR: 77.48344199963269
x0: 1689.6156509283542
