alphaL: 1.173280204199018
alphaR: 1.4793947949375779
event_sum: 7.910281849823273
fraction: 0.9391381318000118
mean: 1692.865717982381
nL: 1.7041575500386852
nR: 3.2655878047479305
norm: 7.127780747103315
sigma: 95.2
sigmaL: 116.49972882784768
sigmaR: 72.14577538447934
widthL: 116.49972882784768
widthR: 72.14577538447934
x0: 1692.865717982381
