alphaL: 0.9813908145586974
alphaR: 1.5931400838853715
event_sum: 0.6319530760865678
mean: 1697.8751989905086
nL: 1.6254527833216723
nR: 1.9949804099659791
norm: 0.6319530760865678
sigma: 95.2
sigmaL: 110.08081606785198
sigmaR: 70.61560000301182
widthL: 110.08081606785198
widthR: 70.61560000301182
x0: 1697.8751989905086
