alphaL: 0.9823158956011177
alphaR: 1.40900582760823
event_sum: 0.6623721407685667
mean: 1699.9507399409122
nL: 1.9550773054918706
nR: 3.3610075294007116
norm: 0.6623721407685667
sigma: 95.2
sigmaL: 113.10554005149058
sigmaR: 69.50263071836656
widthL: 113.10554005149058
widthR: 69.50263071836656
x0: 1699.9507399409122
