alphaL: 0.9694976458109329
alphaR: 1.8264560964523677
event_sum: 0.4660785517628001
mean: 2009.2213449886722
nL: 1.7744292437486848
nR: 2.117675600504535
norm: 0.4660785517628001
sigma: 114.8
sigmaL: 120.68679597966631
sigmaR: 99.80031322188155
widthL: 120.68679597966631
widthR: 99.80031322188155
x0: 2009.2213449886722
