alphaL: 1.1107379414843792
alphaR: 1.4270322781397877
event_sum: 0.4157164608481915
mean: 2027.0653214129445
nL: 1.008293043536186
nR: 3.826002382048633
norm: 0.4157164608481915
sigma: 114.8
sigmaL: 132.12074903234245
sigmaR: 90.68097286370075
widthL: 132.12074903234245
widthR: 90.68097286370075
x0: 2027.0653214129445
