alphaL: 0.9218960059643467
alphaR: 1.5038917642830978
event_sum: 0.39581738981231096
mean: 2040.909936931736
nL: 2.37313643097203
nR: 1.8823656425765782
norm: 0.39581738981231096
sigma: 114.8
sigmaL: 144.72487197785438
sigmaR: 81.12156817506242
widthL: 144.72487197785438
widthR: 81.12156817506242
x0: 2040.909936931736
