alphaL: 1.051257554591715
alphaR: 1.426210396609092
event_sum: 5.680978552225331
fraction: 0.8764701206677021
mean: 2030.4325125925545
nL: 1.0840076201915139
nR: 3.5209266663181524
norm: 3.875057037427991
sigma: 114.8
sigmaL: 132.5353420152779
sigmaR: 86.22448796751281
widthL: 132.5353420152779
widthR: 86.22448796751281
x0: 2030.4325125925545
