alphaL: 1.0616242646925231
alphaR: 1.4058292441522207
event_sum: 5.460929849223479
fraction: 0.9079767646615559
mean: 2024.954290570206
nL: 1.591502838956188
nR: 3.6676512508561987
norm: 4.512667614759915
sigma: 114.8
sigmaL: 137.5181879504063
sigmaR: 84.14847764137913
widthL: 137.5181879504063
widthR: 84.14847764137913
x0: 2024.954290570206
