alphaL: 1.044600965046714
alphaR: 1.474744997379335
event_sum: 0.4870980249471923
mean: 2015.3994949479857
nL: 1.4819619748446786
nR: 4.220116068900931
norm: 0.4870980249471923
sigma: 114.8
sigmaL: 129.66147456453996
sigmaR: 92.88778860378402
widthL: 129.66147456453996
widthR: 92.88778860378402
x0: 2015.3994949479857
