alphaL: 1.2253045087881034
alphaR: 2.616890717876152
event_sum: 2.16034627071183
mean: 1351.8054466457584
nL: 0.20002363278516383
nR: 2.4763453219760057
norm: 2.16034627071183
sigma: 91.95076007908963
sigmaL: 111.63898908448812
sigmaR: 107.17066139688218
widthL: 111.63898908448812
widthR: 107.17066139688218
x0: 1351.8054466457584
