alphaL: 1.216810036286401
alphaR: 1.480686125629394
event_sum: 8.133246390061817
mean: 1384.0550142655675
nL: 0.20023944522375697
nR: 2.0179219503439025
norm: 8.133246390061817
sigma: 91
sigmaL: 140.50775066921184
sigmaR: 75.5301195713165
widthL: 140.50775066921184
widthR: 75.5301195713165
x0: 1384.0550142655675
