alphaL: 0.7737185081159986
alphaR: 1.5645569177260268
event_sum: 14.225389429015422
mean: 1367.0150724951955
nL: 2.9998199959129885
nR: 2.962015616305869
norm: 14.225389429015422
sigma: 264
sigmaL: 105.74366589671705
sigmaR: 84.54880906326767
widthL: 105.74366589671705
widthR: 84.54880906326767
x0: 1367.0150724951955
