alphaL: 1.197655428242634
alphaR: 1.5040367898873268
event_sum: 17.46709057962654
mean: 1383.8196615443771
nL: 0.20004172811429982
nR: 2.1999293290710034
norm: 17.46709057962654
sigma: 91.93316762793071
sigmaL: 135.7117976664431
sigmaR: 74.98141738964593
widthL: 135.7117976664431
widthR: 74.98141738964593
x0: 1383.8196615443771
