alphaL: 1.2041656996863146
alphaR: 1.568692112881132
event_sum: 34.77696917294689
mean: 1377.892165989637
nL: 0.6425422780056638
nR: 2.9997379261818793
norm: 34.77696917294689
sigma: 91
sigmaL: 135.1041181037102
sigmaR: 80.31696829247585
widthL: 135.1041181037102
widthR: 80.31696829247585
x0: 1377.892165989637
