alphaL: 1.245064237871843
alphaR: 1.6614821471535022
event_sum: 11.222221890142325
mean: 1374.1614584919398
nL: 0.3583608152943881
nR: 2.9646564350433704
norm: 11.222221890142325
sigma: 91
sigmaL: 134.02587284017426
sigmaR: 85.60466327056807
widthL: 134.02587284017426
widthR: 85.60466327056807
x0: 1374.1614584919398
