alphaL: 1.3223187060591146
alphaR: 2.6671775942850364
event_sum: 2.16034627071183
mean: 1349.0577083395813
nL: 0.20005335521350437
nR: 2.796091294523509
norm: 2.16034627071183
sigma: 91.95076007908963
sigmaL: 113.98614642575536
sigmaR: 109.86484843445358
widthL: 113.98614642575536
widthR: 109.86484843445358
x0: 1349.0577083395813
