alphaL: 1.1743783110644257
alphaR: 1.5126064684265728
event_sum: 17.46384549201178
mean: 1380.019062558327
nL: 0.2000882260788176
nR: 2.574891865744643
norm: 17.46384549201178
sigma: 91.86299115266979
sigmaL: 130.73920627294265
sigmaR: 78.14709828168431
widthL: 130.73920627294265
widthR: 78.14709828168431
x0: 1380.019062558327
