alphaL: 1.277682939604473
alphaR: 1.3912081297222951
event_sum: 26.527273844627445
mean: 1385.8857802274706
nL: 0.2010751462968849
nR: 2.2779092597060386
norm: 26.527273844627445
sigma: 91
sigmaL: 140.84789310073333
sigmaR: 70.8497390730815
widthL: 140.84789310073333
widthR: 70.8497390730815
x0: 1385.8857802274706
