alphaL: 1.212803256334955
alphaR: 1.5232157263946817
event_sum: 2.6311367898220617
mean: 1386.5343386285492
nL: 0.20040097315092198
nR: 2.190679623445621
norm: 2.6311367898220617
sigma: 91.95076007908963
sigmaL: 142.00371093302454
sigmaR: 74.5490928867577
widthL: 142.00371093302454
widthR: 74.5490928867577
x0: 1386.5343386285492
