alphaL: 0.9841672019823708
alphaR: 1.3074281246064794
event_sum: 14.344433820285056
mean: 1375.9532927502073
nL: 1.946921770501242
nR: 2.99999588597147
norm: 14.344433820285056
sigma: 91.93316762793071
sigmaL: 124.34790676359604
sigmaR: 74.33885886336128
widthL: 124.34790676359604
widthR: 74.33885886336128
x0: 1375.9532927502073
