alphaL: 1.1245756334488386
alphaR: 1.2984959313537472
event_sum: 14.341390206116055
mean: 1377.4620292463778
nL: 0.8635032984483977
nR: 2.999998770435557
norm: 14.341390206116055
sigma: 91.86299115266979
sigmaL: 128.80334759149721
sigmaR: 73.59687416741437
widthL: 128.80334759149721
widthR: 73.59687416741437
x0: 1377.4620292463778
