alphaL: 1.2138463401366717
alphaR: 1.548135660182913
event_sum: 2.6311367898220617
mean: 1386.755826038712
nL: 0.2002819525282154
nR: 2.0624322183547146
norm: 2.6311367898220617
sigma: 91.95076007908963
sigmaL: 142.4819990907869
sigmaR: 75.06779257346479
widthL: 142.4819990907869
widthR: 75.06779257346479
x0: 1386.755826038712
