alphaL: 0.745850978723037
alphaR: 1.380534792851731
event_sum: 27.637250260217115
fraction: 0.8926033046082273
mean: 1381.16021880318
nL: 1.5786295377089916
nR: 4.498397965626039
norm: 23.60470719251316
sigma: 140.0
sigmaL: 112.95580981196176
sigmaR: 76.92183925509414
widthL: 112.95580981196176
widthR: 76.92183925509414
x0: 1381.16021880318
