alphaL: 0.7482900452443157
alphaR: 1.3981189675134964
event_sum: 27.637250260217115
fraction: 0.9017235281881789
mean: 1375.7385612810267
nL: 1.2464970650718963
nR: 5.140146190252302
norm: 24.095715379808098
sigma: 140.0
sigmaL: 103.82114699838003
sigmaR: 80.55180254567937
widthL: 103.82114699838003
widthR: 80.55180254567937
x0: 1375.7385612810267
