alphaL: 0.9452051988460036
alphaR: 1.3827723928673483
event_sum: 1.8669450642482843
mean: 1390.4461731579518
nL: 0.20104610152713567
nR: 2.0454856778975326
norm: 1.8669450642482843
sigma: 72.76032668510206
sigmaL: 128.99411393884105
sigmaR: 69.00508398768191
widthL: 128.99411393884105
widthR: 69.00508398768191
x0: 1390.4461731579518
