alphaL: 0.9051277670021601
alphaR: 1.2057428841593802
event_sum: 20.936977550620213
fraction: 0.9264219952125606
mean: 1376.2759991392006
nL: 2.751542929740936
nR: 5.040349168224741
norm: 18.86081672599539
sigma: 140.0
sigmaL: 120.96852735133245
sigmaR: 74.47136045096308
widthL: 120.96852735133245
widthR: 74.47136045096308
x0: 1376.2759991392006
