alphaL: 0.8205778954689901
alphaR: 1.4190171114714216
event_sum: 2.7462410113512306
mean: 1385.6763118709243
nL: 1.0000032081095112
nR: 4.195818343217034
norm: 2.7462410113512306
sigma: 140.0
sigmaL: 120.65890885721143
sigmaR: 76.66220365019976
widthL: 120.65890885721143
widthR: 76.66220365019976
x0: 1385.6763118709243
