alphaL: 0.6871713030774681
alphaR: 1.3885601515492019
event_sum: 27.637250260217115
fraction: 0.8876765328005384
mean: 1376.9653056613888
nL: 1.7549562637375922
nR: 4.890442144022963
norm: 23.351128326379694
sigma: 140.0
sigmaL: 104.61863469234255
sigmaR: 79.85618400966698
widthL: 104.61863469234255
widthR: 79.85618400966698
x0: 1376.9653056613888
