alphaL: 1.0590180907520024
alphaR: 1.3314662713761676
event_sum: 1.5581978597765556
mean: 1384.1864074348712
nL: 0.20242873876262135
nR: 2.189897687840993
norm: 1.5581978597765556
sigma: 72.76032668510206
sigmaL: 134.95926015270572
sigmaR: 69.05462273482487
widthL: 134.95926015270572
widthR: 69.05462273482487
x0: 1384.1864074348712
