alphaL: 1.0468116286299451
alphaR: 1.2556940725233006
event_sum: 2.8136715113796527
mean: 1392.2881572070771
nL: 0.8148044174358706
nR: 4.47264561757844
norm: 2.8136715113796527
sigma: 140.0
sigmaL: 142.05892121461162
sigmaR: 68.39189230870767
widthL: 142.05892121461162
widthR: 68.39189230870767
x0: 1392.2881572070771
