alphaL: 1.1716529300558598
alphaR: 1.2694362410145357
event_sum: 2.102137387060793
mean: 1377.5867406370628
nL: 1.0698838895629388
nR: 3.7618432636396704
norm: 2.102137387060793
sigma: 140.0
sigmaL: 128.50545951318898
sigmaR: 74.01737219347304
widthL: 128.50545951318898
widthR: 74.01737219347304
x0: 1377.5867406370628
