alphaL: 1.0551100225337986
alphaR: 1.1619698586318699
event_sum: 20.936977550620213
fraction: 0.9241681112261074
mean: 1381.2887486404836
nL: 1.7885727413547126
nR: 4.444825839235592
norm: 18.9993739570491
sigma: 140.0
sigmaL: 130.22718349146598
sigmaR: 70.15135490732918
widthL: 130.22718349146598
widthR: 70.15135490732918
x0: 1381.2887486404836
