alphaL: 1.1754420085823747
alphaR: 1.2624497996104775
event_sum: 2.102137387060793
mean: 1381.8919943787264
nL: 1.1307759825120327
nR: 3.475446925335541
norm: 2.102137387060793
sigma: 140.0
sigmaL: 133.51742302047202
sigmaR: 70.66806280270875
widthL: 133.51742302047202
widthR: 70.66806280270875
x0: 1381.8919943787264
