alphaL: 1.1772672753229108
alphaR: 1.2747082229685922
event_sum: 2.542295538012695
mean: 1395.4191882673774
nL: 0.5562904895733168
nR: 3.836058913366096
norm: 2.542295538012695
sigma: 140.0
sigmaL: 154.58650968342988
sigmaR: 67.78951490930554
widthL: 154.58650968342988
widthR: 67.78951490930554
x0: 1395.4191882673774
