alphaL: 1.2046384628685736
alphaR: 1.367292002796015
event_sum: 2.0041782806802075
mean: 1381.1436255843414
nL: 1.2208020987858605
nR: 2.6865156538672754
norm: 2.0041782806802075
sigma: 140.0
sigmaL: 137.53490184147557
sigmaR: 73.63195266615529
widthL: 137.53490184147557
widthR: 73.63195266615529
x0: 1381.1436255843414
