alphaL: 1.1092580326276533
alphaR: 1.0265527160556351
event_sum: 2.1325572364148684
mean: 1388.0490787631174
nL: 1.7266082356749926
nR: 4.389914231899206
norm: 2.1325572364148684
sigma: 140.0
sigmaL: 137.9249376348095
sigmaR: 61.0833819129568
widthL: 137.9249376348095
widthR: 61.0833819129568
x0: 1388.0490787631174
