alphaL: 1.0194544442031963
alphaR: 1.184503874651873
event_sum: 2.1325572364148684
mean: 1382.8041936859604
nL: 2.264095400369345
nR: 3.5849972282327434
norm: 2.1325572364148684
sigma: 140.0
sigmaL: 131.27136508015508
sigmaR: 68.29871335615967
widthL: 131.27136508015508
widthR: 68.29871335615967
x0: 1382.8041936859604
