alphaL: 0.7921914884931331
alphaR: 1.389800991575665
event_sum: 2.7462410113512306
mean: 1383.036283794827
nL: 1.0008044534940976
nR: 4.354432229977289
norm: 2.7462410113512306
sigma: 140.0
sigmaL: 113.2983744778897
sigmaR: 75.49131460558895
widthL: 113.2983744778897
widthR: 75.49131460558895
x0: 1383.036283794827
