alphaL: 0.9727053164041396
alphaR: 1.0839861121160186
event_sum: 2.8136715113796527
mean: 1409.1636191781618
nL: 1.0000981886653324
nR: 3.050805289773121
norm: 2.8136715113796527
sigma: 140.0
sigmaL: 147.81252261144573
sigmaR: 51.27127653652642
widthL: 147.81252261144573
widthR: 51.27127653652642
x0: 1409.1636191781618
