alphaL: 0.9887971858613439
alphaR: 2.243121996645314
event_sum: 103.2681458387533
mean: 1351.3758781754723
nL: 122.89825081776844
nR: 3.5365137395963346
norm_2016: 28.339118854734302
norm_2017: 34.11964541095268
norm_2018: 47.99572607155985
norm_Run2: 103.2681458387533
sigma: 65.46945728176867
sigmaL: 53.07242599208997
sigmaR: 39.90489473213128
widthL: 53.07242599208997
widthR: 39.90489473213128
x0: 1351.3758781754723
