alphaL: 0.8926263756433694
alphaR: 0.7950813456293
event_sum: 0.04639083959191904
mean: 3454.6413458498937
nL: 0.943130391914637
nR: 1.7558460639209992
norm: 0.04639083959191904
sigma: 193.2
sigmaL: 329.2168421437848
sigmaR: 110.7400562299238
widthL: 329.2168421437848
widthR: 110.7400562299238
x0: 3454.6413458498937
