alphaL: 0.92790269102931
alphaR: 1.7743180350848047
event_sum: 0.051436455310308694
mean: 3388.9812580707353
nL: 0.989838293296271
nR: 3.276644664382384
norm: 0.051436455310308694
sigma: 193.2
sigmaL: 228.03555833707
sigmaR: 158.9924362674191
widthL: 228.03555833707
widthR: 158.9924362674191
x0: 3388.9812580707353
