alphaL: 0.9827408470566785
alphaR: 2.119540466144631
event_sum: 3.5246253128572387
fraction: 0.7555280082453213
mean: 3408.5770673760435
nL: 0.7130688600138386
nR: 1.7729240350525661
norm: 1.1672553501392122
sigma: 193.2
sigmaL: 204.98728873170964
sigmaR: 145.14994802623875
widthL: 204.98728873170964
widthR: 145.14994802623875
x0: 3408.5770673760435
