alphaL: 0.9040946330472306
alphaR: 1.5158217794820699
event_sum: 0.1097716690150021
mean: 3425.1377496718037
nL: 1.0086186606061411
nR: 3.4282275270280422
norm: 0.1097716690150021
sigma: 193.2
sigmaL: 210.38851491252439
sigmaR: 119.3278180391876
widthL: 210.38851491252439
widthR: 119.3278180391876
x0: 3425.1377496718037
