alphaL: 0.7250028463904226
alphaR: 2.029496028927432
event_sum: 0.10257044348652594
mean: 3367.0827898329235
nL: 3.934232318763218
nR: 2.5768640088368504
norm: 0.10257044348652594
sigma: 193.2
sigmaL: 200.1772506315959
sigmaR: 175.4777789417792
widthL: 200.1772506315959
widthR: 175.4777789417792
x0: 3367.0827898329235
