alphaL: 1.0986306568871678
alphaR: 1.4255130091981025
event_sum: 4.473043062513137
fraction: 0.7064043515996312
mean: 3404.72305981155
nL: 0.404584799871552
nR: 4.430638145164213
norm: 0.5456028596110221
sigma: 193.2
sigmaL: 258.9830253001467
sigmaR: 151.05393763738886
widthL: 258.9830253001467
widthR: 151.05393763738886
x0: 3404.72305981155
