alphaL: 0.23419974321656778
alphaR: 0.7779435580989559
event_sum: 0.14288514301885175
mean: 2862.7062605173155
nL: 1.0004131721000253
nR: 3.2067625115520495
norm: 0.14288514301885175
sigma: 280.0
sigmaL: 680.5909961573648
sigmaR: 64.9171364637387
widthL: 680.5909961573648
widthR: 64.9171364637387
x0: 2862.7062605173155
