alphaL: 0.6421840362782831
alphaR: 0.8527955631789785
event_sum: 0.18464646127096684
mean: 2803.3831979252222
nL: 0.9999404889364736
nR: 1.7991768335797569
norm: 0.18464646127096684
sigma: 280.0
sigmaL: 397.90716754870425
sigmaR: 62.8740015325113
widthL: 397.90716754870425
widthR: 62.8740015325113
x0: 2803.3831979252222
