alphaL: 1.0400799158108185
alphaR: 1.0304004233431896
event_sum: 0.113057369120118
mean: 2825.722987692296
nL: 0.1
nR: 1.3563753449012654
norm: 0.113057369120118
sigma: 280.0
sigmaL: 322.1819308851791
sigmaR: 52.00469240587879
widthL: 322.1819308851791
widthR: 52.00469240587879
x0: 2825.722987692296
