alphaL: 0.7751304257247045
alphaR: 1.77338496525849
event_sum: 25.43858676516894
fraction: 0.9881383127513883
mean: 2795.6777929767363
nL: 21.668742645790434
nR: 2.688759303727009
norm: 6.967548022939579
sigma: 187.5168720104662
sigmaL: 86.77082815828058
sigmaR: 72.1221448255716
widthL: 86.77082815828058
widthR: 72.1221448255716
x0: 2795.6777929767363
