alphaL: 0.6231545401532568
alphaR: 0.4459942052918915
event_sum: 3.6356298478688536
fraction: 0.6269854407270534
mean: 2798.183389743489
nL: 0.4093619915080137
nR: 3.5889876877231073
norm: 0.7956202465783362
sigma: 280.0
sigmaL: 264.6060130878616
sigmaR: 52.31999719465643
widthL: 264.6060130878616
widthR: 52.31999719465643
x0: 2798.183389743489
