alphaL: 0.6852290749614975
alphaR: 2.1344776114458144
event_sum: 47.82793631432249
fraction: 0.989027245012351
mean: 2793.6069664802603
nL: 124.65707052464661
nR: 1.675456196157378
norm: 11.62491684429341
sigma: 187.5168720104662
sigmaL: 81.57071851967413
sigmaR: 68.10852323071131
widthL: 81.57071851967413
widthR: 68.10852323071131
x0: 2793.6069664802603
