alphaL: 1.2355364169200915
alphaR: 0.7049931602857542
event_sum: 2.8138391494044783
fraction: 0.7248322461135788
mean: 2802.8375644333532
nL: 0.4
nR: 2.729908765841215
norm: 1.1854260069934175
sigma: 280.0
sigmaL: 398.42121416857435
sigmaR: 64.14308708905716
widthL: 398.42121416857435
widthR: 64.14308708905716
x0: 2802.8375644333532
