alphaL: 1.332549274877358
alphaR: 0.9078855002045313
event_sum: 0.15709789937730265
mean: 2793.1086340051565
nL: 0.1
nR: 2.0112294474944235
norm: 0.15709789937730265
sigma: 280.0
sigmaL: 347.138085405473
sigmaR: 72.03345824978287
widthL: 347.138085405473
widthR: 72.03345824978287
x0: 2793.1086340051565
