alphaL: 1.032673050741405
alphaR: 0.9930752387590166
event_sum: 12.938629799844684
fraction: 0.6903874358153069
mean: 2772.3329803376655
nL: 0.4
nR: 4.167919095868018
norm: 5.781321926375953
sigma: 280.0
sigmaL: 311.909502812692
sigmaR: 102.05708473450113
widthL: 311.909502812692
widthR: 102.05708473450113
x0: 2772.3329803376655
