alphaL: 1.1585957342517414
alphaR: 1.253179812167311
event_sum: 0.6654947013179335
mean: 2762.3361086829764
nL: 0.1610443770349548
nR: 2.985974624983739
norm: 0.6654947013179335
sigma: 280.0
sigmaL: 316.2387736150539
sigmaR: 122.02218968314196
widthL: 316.2387736150539
widthR: 122.02218968314196
x0: 2762.3361086829764
