alphaL: 0.21135228107840784
alphaR: 0.996275820083428
event_sum: 0.5288447817879381
mean: 2844.746454470105
nL: 1.000058872905231
nR: 2.951808450972998
norm: 0.5288447817879381
sigma: 280.0
sigmaL: 629.2033580370917
sigmaR: 74.87224275885941
widthL: 629.2033580370917
widthR: 74.87224275885941
x0: 2844.746454470105
