alphaL: 0.5540731449111719
alphaR: 0.7425116708808618
event_sum: 0.7756341332667908
mean: 2821.216095392282
nL: 1.0056153685729707
nR: 3.242943949658332
norm: 0.7756341332667908
sigma: 280.0
sigmaL: 350.89493908804945
sigmaR: 60.861005311122256
widthL: 350.89493908804945
widthR: 60.861005311122256
x0: 2821.216095392282
