alphaL: 0.9661050996759052
alphaR: 1.7482088836813638
event_sum: 0.4127455806579251
mean: 2722.502765848157
nL: 0.10116028236643251
nR: 2.0614109645791565
norm: 0.4127455806579251
sigma: 280.0
sigmaL: 214.22762107252456
sigmaR: 158.4510683122867
widthL: 214.22762107252456
widthR: 158.4510683122867
x0: 2722.502765848157
