alphaL: 0.6332580107479693
alphaR: 1.007322919092272
event_sum: 15.08708342505449
fraction: 0.6413176306466952
mean: 2754.886423426463
nL: 0.4012140803701526
nR: 4.348602052634815
norm: 3.3851198084489216
sigma: 280.0
sigmaL: 200.39771073263694
sigmaR: 109.1688794529032
widthL: 200.39771073263694
widthR: 109.1688794529032
x0: 2754.886423426463
