alphaL: 0.5690006426441123
alphaR: 0.951566741846402
event_sum: 14.944698652633306
fraction: 0.6273775750402883
mean: 2862.978907762584
nL: 0.400781257803789
nR: 4.229237173369509
norm: 2.891470478280832
sigma: 290.0
sigmaL: 208.74824002426777
sigmaR: 105.01755606816194
widthL: 208.74824002426777
widthR: 105.01755606816194
x0: 2862.978907762584
