alphaL: 0.5455644514985942
alphaR: 0.8336529070713345
event_sum: 0.6769872235455489
mean: 2924.3178692183137
nL: 1.0029765334502618
nR: 2.979851379459157
norm: 0.6769872235455489
sigma: 290.0
sigmaL: 393.0544654141781
sigmaR: 64.41451963392723
widthL: 393.0544654141781
widthR: 64.41451963392723
x0: 2924.3178692183137
