alphaL: 1.1326117876970525
alphaR: 1.333903065515976
event_sum: 0.5784618519648914
mean: 2858.560895490436
nL: 0.15789017370848496
nR: 2.705040623603389
norm: 0.5784618519648914
sigma: 290.0
sigmaL: 323.7749960151562
sigmaR: 127.42653413926334
widthL: 323.7749960151562
widthR: 127.42653413926334
x0: 2858.560895490436
