alphaL: 0.17688855965554756
alphaR: 1.0853512020010716
event_sum: 0.4560311263552191
mean: 2939.029583974058
nL: 1.0000386117190954
nR: 3.009148365867829
norm: 0.4560311263552191
sigma: 290.0
sigmaL: 668.8639571667732
sigmaR: 82.40770731187267
widthL: 668.8639571667732
widthR: 82.40770731187267
x0: 2939.029583974058
