alphaL: 0.9010814268143077
alphaR: 1.2666878137046096
event_sum: 0.35151459544355035
mean: 2862.472007009142
nL: 0.10074914037054802
nR: 2.167118394497276
norm: 0.35151459544355035
sigma: 290.0
sigmaL: 237.52126581296852
sigmaR: 112.83998778108119
widthL: 237.52126581296852
widthR: 112.83998778108119
x0: 2862.472007009142
