alphaL: 1.0051548627145273
alphaR: 1.0403152282431043
event_sum: 12.298579044734675
fraction: 0.6848943976397135
mean: 2866.2458170218324
nL: 0.4
nR: 4.186670435799994
norm: 5.041662537233238
sigma: 290.0
sigmaL: 319.2623069897454
sigmaR: 108.10133395781523
widthL: 319.2623069897454
widthR: 108.10133395781523
x0: 2866.2458170218324
