alphaL: 0.6529019375773263
alphaR: 0.888044113655272
event_sum: 3.7886366490856744
fraction: 0.631469869931193
mean: 2980.9772434339006
nL: 0.40010117029045694
nR: 4.4999958601926755
norm: 0.6438418265897781
sigma: 300.0
sigmaL: 317.2006335549564
sigmaR: 110.97693914666422
widthL: 317.2006335549564
widthR: 110.97693914666422
x0: 2980.9772434339006
