alphaL: 0.7896859910737081
alphaR: 0.8973999839202172
event_sum: 0.30084896806511097
mean: 3000.232885767463
nL: 1.00003523213551
nR: 1.8509795087503524
norm: 0.30084896806511097
sigma: 300.0
sigmaL: 361.84008052546193
sigmaR: 65.63453953128715
widthL: 361.84008052546193
widthR: 65.63453953128715
x0: 3000.232885767463
