alphaL: 0.6415617145758318
alphaR: 0.9259927838310257
event_sum: 0.410151540330844
mean: 2998.6974870805275
nL: 1.0000144325606763
nR: 2.141724553494277
norm: 0.410151540330844
sigma: 300.0
sigmaL: 399.03867705965115
sigmaR: 88.50870208435207
widthL: 399.03867705965115
widthR: 88.50870208435207
x0: 2998.6974870805275
