alphaL: 0.8551056067497571
alphaR: 0.9244580626661144
event_sum: 0.09191682322125416
mean: 3009.147232374306
nL: 0.2000269355499836
nR: 1.1842718103734966
norm: 0.09191682322125416
sigma: 223.83779344807496
sigmaL: 362.0114807983902
sigmaR: 52.024473112761726
widthL: 362.0114807983902
widthR: 52.024473112761726
x0: 3009.147232374306
