alphaL: 0.8318770763467257
alphaR: 0.9231137585157931
event_sum: 14.879686929227319
fraction: 0.5637849641854531
mean: 2950.0538226602894
nL: 0.10001369249121393
nR: 8.285186047011152
norm: 0.6662058848887682
sigma: 300.0
sigmaL: 197.8987118998106
sigmaR: 116.66646228828955
widthL: 197.8987118998106
widthR: 116.66646228828955
x0: 2950.0538226602894
