alphaL: 0.6085809565306657
alphaR: 0.8451879100689678
event_sum: 0.13962847474613227
mean: 3011.069040473584
nL: 1.000000019573932
nR: 1.9755470596145295
norm: 0.13962847474613227
sigma: 300.0
sigmaL: 447.49103601174016
sigmaR: 63.36144590117894
widthL: 447.49103601174016
widthR: 63.36144590117894
x0: 3011.069040473584
