alphaL: 0.6084801156298465
alphaR: 0.8449692874582779
event_sum: 0.13962847474613227
mean: 3011.014411250872
nL: 1.0000000193195893
nR: 1.9754186115319563
norm: 0.13962847474613227
sigma: 300.0
sigmaL: 447.5090337460858
sigmaR: 63.3787382819544
widthL: 447.5090337460858
widthR: 63.3787382819544
x0: 3011.014411250872
