alphaL: 0.10013073996671067
alphaR: 0.6933990104267284
event_sum: 0.10717401572037488
mean: 3044.805304636475
nL: 1.0011395781786212
nR: 4.499906072103444
norm: 0.10717401572037488
sigma: 300.0
sigmaL: 1358.4030096797555
sigmaR: 81.50257981278439
widthL: 1358.4030096797555
widthR: 81.50257981278439
x0: 3044.805304636475
