alphaL: 1.0485303259297238
alphaR: 1.1154262339775878
event_sum: 0.11937149768345989
mean: 3011.9822066336565
nL: 0.3164571584409967
nR: 1.3892668864511732
norm: 0.11937149768345989
sigma: 300.0
sigmaL: 353.92074857217796
sigmaR: 64.44461242765328
widthL: 353.92074857217796
widthR: 64.44461242765328
x0: 3011.9822066336565
