alphaL: 0.8978705926320012
alphaR: 0.9210635787737864
event_sum: 0.08072277475730516
mean: 3046.797630211568
nL: 0.1208013350875383
nR: 1.4281621940455764
norm: 0.08072277475730516
sigma: 300.0
sigmaL: 350.79173039271683
sigmaR: 52.279866097532725
widthL: 350.79173039271683
widthR: 52.279866097532725
x0: 3046.797630211568
