alphaL: 0.12064920824491729
alphaR: 0.7874129878565955
event_sum: 0.10717401572037488
mean: 3093.0134672444306
nL: 1.0006050662435262
nR: 3.8756380293023542
norm: 0.10717401572037488
sigma: 300.0
sigmaL: 841.3075310482748
sigmaR: 74.4788161659026
widthL: 841.3075310482748
widthR: 74.4788161659026
x0: 3093.0134672444306
