alphaL: 0.8125538545510628
alphaR: 0.9629433082681411
event_sum: 0.056879068273701705
mean: 3001.88817623988
nL: 0.20001089827525892
nR: 1.1266375065116594
norm: 0.056879068273701705
sigma: 223.83779344807496
sigmaL: 331.6258129579373
sigmaR: 76.61151490205789
widthL: 331.6258129579373
widthR: 76.61151490205789
x0: 3001.88817623988
