alphaL: 1.010859814617243
alphaR: 0.7054530309362024
event_sum: 2.758358610328287
fraction: 0.7090818754771884
mean: 3002.324169457486
nL: 0.528232579045738
nR: 3.4067724006289386
norm: 0.9996741231298074
sigma: 300.0
sigmaL: 405.01979121358266
sigmaR: 66.35557317104175
widthL: 405.01979121358266
widthR: 66.35557317104175
x0: 3002.324169457486
