alphaL: 1.1940097725968035
alphaR: 1.542360715422027
event_sum: 12.186740621585294
mean: 1752.9712609059811
nL: 0.2000650612068879
nR: 2.4537137333624317
norm: 12.186740621585294
sigma: 116
sigmaL: 149.0379712408091
sigmaR: 108.02946726809395
widthL: 149.0379712408091
widthR: 108.02946726809395
x0: 1752.9712609059811
