alphaL: 0.7350107342239088
alphaR: 2.084336701088075
event_sum: 44.07140752588542
fraction: 0.9895153322660506
mean: 2346.5345317436827
nL: 70.37855242887825
nR: 1.8167520176552143
norm: 20.46627700713961
sigma: 135.6150867979142
sigmaL: 73.6344649107175
sigmaR: 58.04148911077857
widthL: 73.6344649107175
widthR: 58.04148911077857
x0: 2346.5345317436827
