alphaL: 1.2258563014825827
alphaR: 1.8113305775934585
event_sum: 2.050486528221528
mean: 2349.6853142553814
nL: 4.3992154374079195
nR: 2.3542966517683244
norm: 2.050486528221528
sigma: 132.1633165978777
sigmaL: 94.46858489706405
sigmaR: 51.886080605582364
widthL: 94.46858489706405
widthR: 51.886080605582364
x0: 2349.6853142553814
