alphaL: 1.2830568524226895
alphaR: 2.1061984094474475
event_sum: 8.362230529136887
fraction: 0.9989950335192858
mean: 2345.582860819439
nL: 9.864648441120119
nR: 2.909380008665498
norm: 8.359797100859131
sigma: 108.08004046984759
sigmaL: 100.68496849186782
sigmaR: 54.841037022935794
widthL: 100.68496849186782
widthR: 54.841037022935794
x0: 2345.582860819439
