alphaL: 1.1790203155556445
alphaR: 1.9110550945565585
event_sum: 6.734885328991958
fraction: 0.9990473614818518
mean: 2346.670753168151
nL: 9.98495295597482
nR: 3.608883316808675
norm: 6.732482521993921
sigma: 108.08004046984759
sigmaL: 92.78467221213948
sigmaR: 56.61016854016883
widthL: 92.78467221213948
widthR: 56.61016854016883
x0: 2346.670753168151
