alphaL: 1.0276691175473216
alphaR: 1.7064785370054716
event_sum: 12.460717995706018
fraction: 0.9982064042566344
mean: 2346.228496122218
nL: 9.974982240968611
nR: 3.074970460404406
norm: 12.425750529377657
sigma: 131.83709003130033
sigmaL: 86.20060696904027
sigmaR: 59.241750662505865
widthL: 86.20060696904027
widthR: 59.241750662505865
x0: 2346.228496122218
