alphaL: 1.2999261771982615
alphaR: 1.8123317467547875
event_sum: 2.0565596989543686
mean: 2352.4840702450297
nL: 4.494013126377645
nR: 2.3384369806372587
norm: 2.0565596989543686
sigma: 132.1633165978777
sigmaL: 98.0389820818014
sigmaR: 50.69520304828852
widthL: 98.0389820818014
widthR: 50.69520304828852
x0: 2352.4840702450297
