alphaL: 1.1937589997626603
alphaR: 2.0516657215158878
event_sum: 6.696695182355751
mean: 2344.2846823089285
nL: 4.509412711224631
nR: 2.9522570094949296
norm: 6.696695182355751
sigma: 107.93626795675242
sigmaL: 88.21277354637668
sigmaR: 57.54746371513573
widthL: 88.21277354637668
widthR: 57.54746371513573
x0: 2344.2846823089285
