alphaL: 1.1702960085200278
alphaR: 1.8396003126691995
event_sum: 1.2373928501205729
mean: 2343.7369367363103
nL: 4.502079709269923
nR: 2.345911275072135
norm: 1.2373928501205729
sigma: 132.1633165978777
sigmaL: 87.0087203922954
sigmaR: 61.013337438763855
widthL: 87.0087203922954
widthR: 61.013337438763855
x0: 2343.7369367363103
