alphaL: 1.4839237781298067
alphaR: 2.085275412229394
event_sum: 8.357862177902604
mean: 2348.9815020014166
nL: 4.499366937669194
nR: 2.9055604701316486
norm: 8.357862177902604
sigma: 107.93626795675242
sigmaL: 106.79342037725158
sigmaR: 52.81088950874808
widthL: 106.79342037725158
widthR: 52.81088950874808
x0: 2348.9815020014166
