alphaL: 1.0392062954142003
alphaR: 1.9459310168961483
event_sum: 20.614793719288055
fraction: 0.9972573457263574
mean: 2347.779839994675
nL: 9.992605638137439
nR: 2.0677532965117016
norm: 20.586130588886217
sigma: 131.83709003130033
sigmaL: 88.33124950837119
sigmaR: 53.496528395638826
widthL: 88.33124950837119
widthR: 53.496528395638826
x0: 2347.779839994675
