alphaL: 1.227371585121637
alphaR: 2.1645771068366284
event_sum: 8.3203762165895
mean: 2345.0893405192087
nL: 4.958731806043694
nR: 2.731412874745709
norm: 8.3203762165895
sigma: 107.93626795675242
sigmaL: 96.66424449888677
sigmaR: 54.68714214237933
widthL: 96.66424449888677
widthR: 54.68714214237933
x0: 2345.0893405192087
