alphaL: 1.392467922577273
alphaR: 1.8540359555909345
event_sum: 6.7250908898355295
mean: 2349.584273609341
nL: 4.497645373647103
nR: 3.8124331075288755
norm: 6.7250908898355295
sigma: 107.93626795675242
sigmaL: 99.10822549801952
sigmaR: 54.97483895193137
widthL: 99.10822549801952
widthR: 54.97483895193137
x0: 2349.584273609341
