alphaL: 1.2893516264800724
alphaR: 1.6916301574181793
event_sum: 1.2408644843845464
mean: 2351.2203761331493
nL: 4.478321051968641
nR: 2.8726670657334203
norm: 1.2408644843845464
sigma: 132.1633165978777
sigmaL: 95.981037548655
sigmaR: 56.39536681892599
widthL: 95.981037548655
widthR: 56.39536681892599
x0: 2351.2203761331493
