alphaL: 1.0842939898721424
alphaR: 1.3972325013639761
event_sum: 0.7125776799931419
mean: 1548.045354597919
nL: 2.770537602075035
nR: 3.397229904877424
norm: 0.7125776799931419
sigma: 86.80000000000001
sigmaL: 107.99825040220524
sigmaR: 64.3958551052868
widthL: 107.99825040220524
widthR: 64.3958551052868
x0: 1548.045354597919
