alphaL: 0.989998965325857
alphaR: 1.581682835356216
event_sum: 8.988493504335764
fraction: 0.9194697047135425
mean: 1537.6182974283297
nL: 1.3874821633205743
nR: 3.864842547156269
norm: 7.800223588103977
sigma: 86.80000000000001
sigmaL: 92.31670823908003
sigmaR: 77.07978511278246
widthL: 92.31670823908003
widthR: 77.07978511278246
x0: 1537.6182974283297
