alphaL: 1.1104990724997916
alphaR: 1.4756312954473991
event_sum: 7.9046975881672665
fraction: 0.950209430488616
mean: 1544.6804341273285
nL: 2.0962708525887987
nR: 3.3282964953215783
norm: 7.303765921941372
sigma: 86.80000000000001
sigmaL: 106.57739959312467
sigmaR: 67.61527988761861
widthL: 106.57739959312467
widthR: 67.61527988761861
x0: 1544.6804341273285
