alphaL: 0.9766633458260391
alphaR: 1.6449880509938146
event_sum: 0.7205858175053129
mean: 1544.6708410123654
nL: 2.0890830308165387
nR: 2.24262099596154
norm: 0.7205858175053129
sigma: 86.80000000000001
sigmaL: 104.4972388887098
sigmaR: 73.18784797808414
widthL: 104.4972388887098
widthR: 73.18784797808414
x0: 1544.6708410123654
