alphaL: 0.9582304656896827
alphaR: 1.6198509949320914
event_sum: 0.7545247905959984
mean: 1537.2186802879091
nL: 1.676998317075839
nR: 3.4873437412288975
norm: 0.7545247905959984
sigma: 86.80000000000001
sigmaL: 91.70474866922797
sigmaR: 78.22743244737993
widthL: 91.70474866922797
widthR: 78.22743244737993
x0: 1537.2186802879091
