alphaL: 1.091212148665449
alphaR: 1.6748352952897025
event_sum: 0.6893477444503616
mean: 1543.960169192376
nL: 2.054474791221361
nR: 2.086971585512236
norm: 0.6893477444503616
sigma: 86.80000000000001
sigmaL: 105.49641121350027
sigmaR: 69.16152074638653
widthL: 105.49641121350027
widthR: 69.16152074638653
x0: 1543.960169192376
