alphaL: 0.9170734929090881
alphaR: 0.8750470955909811
event_sum: 0.479388223902788
mean: 1811.649420177514
nL: 1.0006695191616422
nR: 2.2995925602949505
norm: 0.479388223902788
sigma: 180.0
sigmaL: 196.57312330437435
sigmaR: 45.930236699031546
widthL: 196.57312330437435
widthR: 45.930236699031546
x0: 1811.649420177514
