alphaL: 0.9222859860607756
alphaR: 1.3252465390086778
event_sum: 23.36151089775376
fraction: 0.8118763847919899
mean: 1750.3453041279743
nL: 0.5338522212724692
nR: 8.878988253754608
norm: 4.414461595704779
sigma: 180.0
sigmaL: 142.88728103145795
sigmaR: 107.3190264833294
widthL: 142.88728103145795
widthR: 107.3190264833294
x0: 1750.3453041279743
