alphaL: 0.7420838407180902
alphaR: 1.481235143833265
event_sum: 6.279554387321696
fraction: 0.8071443494307482
mean: 1772.1241283032018
nL: 0.9967841433492298
nR: 4.481464140470159
norm: 4.276227949769236
sigma: 180.0
sigmaL: 166.59994651709545
sigmaR: 95.81080965315438
widthL: 166.59994651709545
widthR: 95.81080965315438
x0: 1772.1241283032018
