alphaL: 0.8883186159924773
alphaR: 1.1156662618179292
event_sum: 0.3263981211493956
mean: 1768.2648487027595
nL: 0.2002628516924855
nR: 1.6977702521915756
norm: 0.3263981211493956
sigma: 93.92768552400403
sigmaL: 145.55745147253748
sigmaR: 82.2923696715438
widthL: 145.55745147253748
widthR: 82.2923696715438
x0: 1768.2648487027595
