alphaL: 0.5232771592901687
alphaR: 1.4134368468728264
event_sum: 0.5249334647451178
mean: 1780.5703489234447
nL: 1.0000043224148847
nR: 3.2116758866472894
norm: 0.5249334647451178
sigma: 180.0
sigmaL: 138.9638987255058
sigmaR: 87.34055247110817
widthL: 138.9638987255058
widthR: 87.34055247110817
x0: 1780.5703489234447
