alphaL: 1.063798332280193
alphaR: 1.6957216356585183
event_sum: 0.44538372060196707
mean: 1747.9454967977347
nL: 0.5793551708588747
nR: 2.1865827397957474
norm: 0.44538372060196707
sigma: 180.0
sigmaL: 152.81347140257643
sigmaR: 114.80041802969423
widthL: 152.81347140257643
widthR: 114.80041802969423
x0: 1747.9454967977347
