alphaL: 0.917136616018671
alphaR: 0.8753055484968184
event_sum: 0.479388223902788
mean: 1811.5328868048678
nL: 1.0006644358547394
nR: 2.299571086809046
norm: 0.479388223902788
sigma: 180.0
sigmaL: 196.566522299584
sigmaR: 45.92250863966027
widthL: 196.566522299584
widthR: 45.92250863966027
x0: 1811.5328868048678
