alphaL: 0.964658764087321
alphaR: 1.3531387255204395
event_sum: 0.465886341422447
mean: 1781.1947196416627
nL: 0.4341051775505266
nR: 3.4333514628773716
norm: 0.465886341422447
sigma: 180.0
sigmaL: 180.55483630240968
sigmaR: 84.66046790861698
widthL: 180.55483630240968
widthR: 84.66046790861698
x0: 1781.1947196416627
