alphaL: 0.7974543828287471
alphaR: 1.2710695904080704
event_sum: 5.281076809042133
fraction: 0.8611962062734491
mean: 1760.8786074433451
nL: 1.402521315613998
nR: 4.49994513589268
norm: 4.173232355155051
sigma: 180.0
sigmaL: 141.09870413686116
sigmaR: 98.47249375443812
widthL: 141.09870413686116
widthR: 98.47249375443812
x0: 1760.8786074433451
