alphaL: 0.9870205331956354
alphaR: 1.0494328722740358
event_sum: 0.530949987594795
mean: 1796.2513468532836
nL: 1.0000875423497047
nR: 2.233926158714061
norm: 0.530949987594795
sigma: 180.0
sigmaL: 185.71390725611133
sigmaR: 60.14854923855746
widthL: 185.71390725611133
widthR: 60.14854923855746
x0: 1796.2513468532836
