alphaL: 0.8220226310540413
alphaR: 0.982675784211704
event_sum: 0.6306962432063301
mean: 1808.8500267072734
nL: 1.0000442759919115
nR: 2.6304587855744574
norm: 0.6306962432063301
sigma: 180.0
sigmaL: 205.9655563984069
sigmaR: 53.545687175479536
widthL: 205.9655563984069
widthR: 53.545687175479536
x0: 1808.8500267072734
