alphaL: 0.8225158070560017
alphaR: 1.1489845097171771
event_sum: 0.31480728843598627
mean: 1778.792474341066
nL: 0.20081275196262238
nR: 1.8048857747222589
norm: 0.31480728843598627
sigma: 93.92768552400403
sigmaL: 138.19381978549808
sigmaR: 78.20272094641703
widthL: 138.19381978549808
widthR: 78.20272094641703
x0: 1778.792474341066
