alphaL: 0.5631005990273606
alphaR: 1.368266879368414
event_sum: 0.5249334647451178
mean: 1781.5213043604851
nL: 1.000000004136257
nR: 3.5108124363810056
norm: 0.5249334647451178
sigma: 180.0
sigmaL: 159.01392965491982
sigmaR: 87.12111995222628
widthL: 159.01392965491982
widthR: 87.12111995222628
x0: 1781.5213043604851
