alphaL: 1.6674149878518798
alphaR: 1.3259114167605364
event_sum: 20.2040331348002
mean: 3521.927380145001
nL: 2.9996853848837364
nR: 2.9931965407014096
norm: 20.2040331348002
sigma: 393
sigmaL: 164.58325784153982
sigmaR: 63.983512684971124
widthL: 164.58325784153982
widthR: 63.983512684971124
x0: 3521.927380145001
