alphaL: 0.9716594735739865
alphaR: 1.6537855445027032
event_sum: 0.8847133055461438
mean: 1250.5549849891331
nL: 1.790223932479872
nR: 1.796570415649951
norm: 0.8847133055461438
sigma: 70.0
sigmaL: 79.84809931974313
sigmaR: 56.182713188041454
widthL: 79.84809931974313
widthR: 56.182713188041454
x0: 1250.5549849891331
