alphaL: 0.9602227169352456
alphaR: 1.4519476370057474
event_sum: 9.98842264006751
fraction: 0.9572765757402023
mean: 1247.722876235725
nL: 1.6615028254797117
nR: 3.9649300418298057
norm: 9.437459549771427
sigma: 70.0
sigmaL: 75.44921881510774
sigmaR: 57.55490991584508
widthL: 75.44921881510774
widthR: 57.55490991584508
x0: 1247.722876235725
