alphaL: 0.8361499655274788
alphaR: 1.4007365372687037
event_sum: 0.9180244543028147
mean: 1247.764944257113
nL: 2.140178602432752
nR: 3.130318025961782
norm: 0.9180244543028147
sigma: 70.0
sigmaL: 64.34089959044555
sigmaR: 54.07753699809266
widthL: 64.34089959044555
widthR: 54.07753699809266
x0: 1247.764944257113
