alphaL: 1.2921334546814787
alphaR: 1.3602793382423246
event_sum: 6.9214175061019825
fraction: 0.9664895811483029
mean: 1250.023424283165
nL: 1.8458157056685425
nR: 3.9344636037340375
norm: 6.665269000106507
sigma: 70.0
sigmaL: 94.15906397931877
sigmaR: 53.510211005234055
widthL: 94.15906397931877
widthR: 53.510211005234055
x0: 1250.023424283165
