alphaL: 1.2249682850432744
alphaR: 1.2645668530741005
event_sum: 0.6514478008953547
mean: 1253.8005115501248
nL: 2.813248811741324
nR: 4.063756303771293
norm: 0.6514478008953547
sigma: 70.0
sigmaL: 94.92349635699323
sigmaR: 49.80289884015081
widthL: 94.92349635699323
widthR: 49.80289884015081
x0: 1253.8005115501248
