alphaL: 1.1472351632737758
alphaR: 1.6741769974071337
event_sum: 0.6329274146298507
mean: 1245.057861627856
nL: 2.2534845522593003
nR: 2.238967864616524
norm: 0.6329274146298507
sigma: 70.0
sigmaL: 90.16849098487627
sigmaR: 59.482322288913636
widthL: 90.16849098487627
widthR: 59.482322288913636
x0: 1245.057861627856
