alphaL: 0.6659752224444815
alphaR: 1.2310654627376156
event_sum: 0.27680399417494445
mean: 744.1411868151517
nL: 0.5164022231200424
nR: 2.6870332295357744
norm: 0.27680399417494445
sigma: 42.0
sigmaL: 29.90358408215707
sigmaR: 32.247613924264016
widthL: 29.90358408215707
widthR: 32.247613924264016
x0: 744.1411868151517
