alphaL: 0.8983544504977242
alphaR: 1.5678714732947348
event_sum: 0.27763456623052835
mean: 746.5208717164544
nL: 2.1836344484592387
nR: 2.2014192274488034
norm: 0.27763456623052835
sigma: 42.0
sigmaL: 39.37663478352066
sigmaR: 38.783180334281724
widthL: 39.37663478352066
widthR: 38.783180334281724
x0: 746.5208717164544
