alphaL: 1.1320472082632387
alphaR: 1.3748142625945066
event_sum: 0.7038008781517884
mean: 754.0368927526816
nL: 4.063468714502191
nR: 3.158164186415636
norm: 0.7038008781517884
sigma: 42.0
sigmaL: 53.722610760496984
sigmaR: 33.661296355139584
widthL: 53.722610760496984
widthR: 33.661296355139584
x0: 754.0368927526816
