alphaL: 0.9106264309956693
alphaR: 1.5988399123288601
event_sum: 0.704460723885453
mean: 750.3376860279586
nL: 2.4827753430304824
nR: 1.6290735539355978
norm: 0.704460723885453
sigma: 42.0
sigmaL: 42.79039587581236
sigmaR: 35.91409587380396
widthL: 42.79039587581236
widthR: 35.91409587380396
x0: 750.3376860279586
