alphaL: 0.9299107125334973
alphaR: 1.429243976594772
event_sum: 2.7579371686166234
fraction: 0.9924514341291042
mean: 743.3283744560349
nL: 1.686862426990409
nR: 3.5467662407223166
norm: 2.7418723763366817
sigma: 42.0
sigmaL: 47.487842911629144
sigmaR: 39.59706546179338
widthL: 47.487842911629144
widthR: 39.59706546179338
x0: 743.3283744560349
