alphaL: 1.1891696804914467
alphaR: 1.3883043462799514
event_sum: 6.9872822703191195
fraction: 0.994574290357209
mean: 752.8945815798554
nL: 8.106576711717029
nR: 3.8307449950557357
norm: 6.949410167080286
sigma: 42.0
sigmaL: 53.453463619152295
sigmaR: 35.4508296314662
widthL: 53.453463619152295
widthR: 35.4508296314662
x0: 752.8945815798554
