alphaL: 1.1363042060350597
alphaR: 1.2002549481066394
event_sum: 26.159258608079583
fraction: 0.8356457960134219
mean: 1537.044015751144
nL: 0.5540074356994946
nR: 4.40584772650096
norm: 20.68046684016839
sigma: 155.0
sigmaL: 163.19678873831495
sigmaR: 73.87230417849023
widthL: 163.19678873831495
widthR: 73.87230417849023
x0: 1537.044015751144
