alphaL: 1.0191711764197087
alphaR: 1.4380045916124682
event_sum: 1.977630505416959
mean: 1515.109461307305
nL: 1.1691332317769891
nR: 3.222033048024604
norm: 1.977630505416959
sigma: 155.0
sigmaL: 127.80720347025931
sigmaR: 89.24926892869182
widthL: 127.80720347025931
widthR: 89.24926892869182
x0: 1515.109461307305
