alphaL: 1.0526063699543782
alphaR: 1.4352003848149864
event_sum: 2.0944836995411746
mean: 1515.5467037466476
nL: 0.9854891955645166
nR: 3.325782160533537
norm: 2.0944836995411746
sigma: 155.0
sigmaL: 127.24007520101942
sigmaR: 90.18099794154733
widthL: 127.24007520101942
widthR: 90.18099794154733
x0: 1515.5467037466476
