alphaL: 1.2010027874972695
alphaR: 1.492190280692523
event_sum: 2.245067537016727
mean: 1527.341902047919
nL: 0.391097690453633
nR: 2.9130061222691594
norm: 2.245067537016727
sigma: 155.0
sigmaL: 159.27140303280376
sigmaR: 87.27882163258634
widthL: 159.27140303280376
widthR: 87.27882163258634
x0: 1527.341902047919
