alphaL: 0.8182947974657885
alphaR: 1.0846115142863388
event_sum: 2.47337709537151
mean: 1560.9905072275844
nL: 1.0518483121263273
nR: 3.0770944978995347
norm: 2.47337709537151
sigma: 155.0
sigmaL: 169.5095172431815
sigmaR: 53.827354901323694
widthL: 169.5095172431815
widthR: 53.827354901323694
x0: 1560.9905072275844
