alphaL: 0.9262650690805195
alphaR: 1.2476315934528261
event_sum: 21.312263630031676
fraction: 0.9119270665314351
mean: 1521.067665491264
nL: 1.8126829669799713
nR: 4.450612215540528
norm: 18.62225074120205
sigma: 155.0
sigmaL: 128.8327983065193
sigmaR: 82.36306155268655
widthL: 128.8327983065193
widthR: 82.36306155268655
x0: 1521.067665491264
