alphaL: 1.2149324352035515
alphaR: 1.3287428372897747
event_sum: 1.8330013715395785
mean: 1082.4623713377382
nL: 1.3482979428649062
nR: 3.5553678655466956
norm: 1.8330013715395785
sigma: 110.0
sigmaL: 96.20375890286788
sigmaR: 65.4641866699061
widthL: 96.20375890286788
widthR: 65.4641866699061
x0: 1082.4623713377382
