alphaL: 1.273756613890661
alphaR: 1.5407394874608704
event_sum: 3.0683680533902766
mean: 1089.648010517106
nL: 2.7832652403566986
nR: 3.205228744973029
norm: 3.0683680533902766
sigma: 110.0
sigmaL: 111.91126157063381
sigmaR: 65.10797889289778
widthL: 111.91126157063381
widthR: 65.10797889289778
x0: 1089.648010517106
