alphaL: 1.0543709742668141
alphaR: 1.328900948096863
event_sum: 30.091763478450563
fraction: 0.9649878106593098
mean: 1088.84968635396
nL: 0.4518384898487169
nR: 4.023689699788559
norm: 28.877777763038402
sigma: 110.0
sigmaL: 104.2248470579749
sigmaR: 61.575070742987805
widthL: 104.2248470579749
widthR: 61.575070742987805
x0: 1088.84968635396
