alphaL: 1.1134921992419606
alphaR: 1.2649748337091202
event_sum: 18.164605262403825
fraction: 0.9747575380928414
mean: 1085.2518158919809
nL: 2.719275744844885
nR: 4.5
norm: 17.597571929798946
sigma: 110.0
sigmaL: 98.71105514745554
sigmaR: 63.373426390787905
widthL: 98.71105514745554
widthR: 63.373426390787905
x0: 1085.2518158919809
