alphaL: 1.2339061218271263
alphaR: 0.8711241504791232
event_sum: 3.0300669967314056
mean: 1107.715115539862
nL: 1.2586955822030612
nR: 3.858472245294813
norm: 3.0300669967314056
sigma: 110.0
sigmaL: 120.70761870074982
sigmaR: 35.95582692127658
widthL: 120.70761870074982
widthR: 35.95582692127658
x0: 1107.715115539862
