alphaL: 1.117715237531651
alphaR: 1.2772695136639
event_sum: 1.8503277467139037
mean: 1086.9442835179207
nL: 2.308277702489031
nR: 3.9921697885882557
norm: 1.8503277467139037
sigma: 110.0
sigmaL: 98.03661796816411
sigmaR: 61.93008525616656
widthL: 98.03661796816411
widthR: 61.93008525616656
x0: 1086.9442835179207
