alphaL: 1.6726779078259646
alphaR: 2.3826873680671743
event_sum: 0.4975446444510979
mean: 954.3072913878345
nL: 2.2839965052129108
nR: 2.394525909400684
norm: 0.4975446444510979
sigma: 49.06840732164097
sigmaL: 53.099653815111395
sigmaR: 27.66070198983044
widthL: 53.099653815111395
widthR: 27.66070198983044
x0: 954.3072913878345
