alphaL: 1.5761085891581839
alphaR: 2.529003569449845
event_sum: 57.525582984922416
mean: 955.502474790615
nL: 4.923855978910749
nR: 3.146179735090377
norm: 57.525582984922416
sigma: 47.42445790204603
sigmaL: 49.478345640504756
sigmaR: 29.099643435351
widthL: 49.478345640504756
widthR: 29.099643435351
x0: 955.502474790615
