alphaL: 1.566380119212475
alphaR: 1.969109278779184
event_sum: 0.981628060834737
mean: 956.9483709316289
nL: 4.037808401309484
nR: 4.115157276610373
norm: 0.981628060834737
sigma: 49.06840732164097
sigmaL: 48.54317632449869
sigmaR: 29.391580989911397
widthL: 48.54317632449869
widthR: 29.391580989911397
x0: 956.9483709316289
