alphaL: 1.519511477343249
alphaR: 2.145178173217523
event_sum: 0.4996260287620389
mean: 954.9239939338573
nL: 4.023113321654422
nR: 4.135041827470003
norm: 0.4996260287620389
sigma: 49.06840732164097
sigmaL: 50.45418513489224
sigmaR: 26.729386122577754
widthL: 50.45418513489224
widthR: 26.729386122577754
x0: 954.9239939338573
