alphaL: 1.0339905201524064
alphaR: 2.0335449313614196
event_sum: 35.90609526076603
fraction: 0.9951505321588896
mean: 955.1378682977472
nL: 97.88867304329278
nR: 5.046565550187255
norm: 9.793352764911061
sigma: 49.171747568489735
sigmaL: 41.530028142030176
sigmaR: 31.398248033851985
widthL: 41.530028142030176
widthR: 31.398248033851985
x0: 955.1378682977472
