alphaL: 1.637562124341666
alphaR: 2.424831660465834
event_sum: 56.12252660673857
fraction: 0.9998974910764746
mean: 956.4040289622735
nL: 10.0
nR: 3.691320162388159
norm: 56.11199111993969
sigma: 47.51571595025831
sigmaL: 51.002458778688734
sigmaR: 28.61790856158772
widthL: 51.002458778688734
widthR: 28.61790856158772
x0: 956.4040289622735
