alphaL: 1.6267172583360203
alphaR: 2.2669699175743934
event_sum: 4.999056216514908
fraction: 0.9998217155918502
mean: 956.7750702344
nL: 7.45944476184586
nR: 3.5405193155357577
norm: 4.997868811818358
sigma: 49.06420208438198
sigmaL: 55.285957820531586
sigmaR: 25.964058350347067
widthL: 55.285957820531586
widthR: 25.964058350347067
x0: 956.7750702344
