alphaL: 1.5413519747206184
alphaR: 2.1511361893253915
event_sum: 0.97872176172604
mean: 956.7732151227217
nL: 3.2483591641080447
nR: 2.901606441061164
norm: 0.97872176172604
sigma: 49.06840732164097
sigmaL: 47.910048765622015
sigmaR: 29.649542292634248
widthL: 47.910048765622015
widthR: 29.649542292634248
x0: 956.7732151227217
