alphaL: 1.7273776342088472
alphaR: 2.4849450743042505
event_sum: 21.43639486712551
fraction: 0.999900638243897
mean: 955.4815879755487
nL: 8.053844613206628
nR: 4.407560578690945
norm: 21.434568492354323
sigma: 47.51571595025831
sigmaL: 55.61787618529961
sigmaR: 26.919601569991602
widthL: 55.61787618529961
widthR: 26.919601569991602
x0: 955.4815879755487
