alphaL: 1.8006184863180275
alphaR: 2.3807622457747257
event_sum: 21.976140940500255
mean: 956.2801244728756
nL: 4.479437183991746
nR: 4.353026453752508
norm: 21.976140940500255
sigma: 47.42445790204603
sigmaL: 56.35709271705939
sigmaR: 26.396425525158435
widthL: 56.35709271705939
widthR: 26.396425525158435
x0: 956.2801244728756
