alphaL: 1.8637334037877982
alphaR: 2.3327811605053204
event_sum: 57.6659205001258
mean: 957.1443303353523
nL: 4.441778029918213
nR: 4.321938082719779
norm: 57.6659205001258
sigma: 47.42445790204603
sigmaL: 52.24761480681609
sigmaR: 28.21712621073139
widthL: 52.24761480681609
widthR: 28.21712621073139
x0: 957.1443303353523
