alphaL: 1.6500371980538593
alphaR: 2.6579055330899313
event_sum: 21.860908091921985
mean: 955.884620421724
nL: 4.60648076730503
nR: 2.8901172735094005
norm: 21.860908091921985
sigma: 47.42445790204603
sigmaL: 54.97901415732719
sigmaR: 26.502349038496714
widthL: 54.97901415732719
widthR: 26.502349038496714
x0: 955.884620421724
