alphaL: 1.4221685860941273
alphaR: 2.067496262185888
event_sum: 9.821904148808333
fraction: 0.9996386574987463
mean: 957.3420288293715
nL: 10.0
nR: 3.341639057327748
norm: 9.821129034464256
sigma: 49.06420208438198
sigmaL: 48.13386454393224
sigmaR: 29.270706566592
widthL: 48.13386454393224
widthR: 29.270706566592
x0: 957.3420288293715
