alphaL: 0.3232301287254549
alphaR: 1.2248279281142627
event_sum: 0.33507014705544924
mean: 3433.505327177871
nL: 0.9961287480530417
nR: 2.7589117426941923
norm: 0.33507014705544924
sigma: 340.0
sigmaL: 674.8260281919454
sigmaR: 106.87196653071277
widthL: 674.8260281919454
widthR: 106.87196653071277
x0: 3433.505327177871
