alphaL: 0.0970725757005873
alphaR: 1.2915906229122536
event_sum: 0.2098929355976002
mean: 3420.198797792641
nL: 0.9999421663901955
nR: 3.357806801304376
norm: 0.2098929355976002
sigma: 340.0
sigmaL: 875.8892580010864
sigmaR: 101.78253054346857
widthL: 875.8892580010864
widthR: 101.78253054346857
x0: 3420.198797792641
