alphaL: 0.6991859983155253
alphaR: 1.342231149708917
event_sum: 9.812356177333669
fraction: 0.6335907480847246
mean: 3350.0
nL: 0.45584343421090895
nR: 4.473776092684074
norm: 2.3984868713069334
sigma: 340.0
sigmaL: 345.1385836617249
sigmaR: 146.8230143143942
widthL: 345.1385836617249
widthR: 146.8230143143942
x0: 3350.0
