alphaL: 0.9242409153120728
alphaR: 1.2305995513546555
event_sum: 0.27686096509584834
mean: 3379.0088055621427
nL: 0.10500583512519127
nR: 1.2944406812198304
norm: 0.27686096509584834
sigma: 340.0
sigmaL: 456.01180027092516
sigmaR: 104.38694008944235
widthL: 456.01180027092516
widthR: 104.38694008944235
x0: 3379.0088055621427
