alphaL: 0.47985652642207166
alphaR: 0.96191019754393
event_sum: 14.120256444881283
fraction: 0.5757649018625456
mean: 3420.0952053200126
nL: 0.4
nR: 3.3221002919624123
norm: 1.29165665665511
sigma: 340.0
sigmaL: 479.1789225288589
sigmaR: 93.86339431219457
widthL: 479.1789225288589
widthR: 93.86339431219457
x0: 3420.0952053200126
