alphaL: 0.6659187060053161
alphaR: 0.014322536295004573
event_sum: 0.1531721547685875
mean: 3498.9000197241635
nL: 0.1
nR: 2.2374579438708886
norm: 0.1531721547685875
sigma: 340.0
sigmaL: 401.4325653873082
sigmaR: 5.0
widthL: 401.4325653873082
widthR: 5.0
x0: 3498.9000197241635
