alphaL: 1.2956212358513728
alphaR: 1.702744394967068
event_sum: 0.9598733244008035
mean: 1451.5318335309794
nL: 3.9685553985395488
nR: 4.301927539182822
norm: 0.9598733244008035
sigma: 76.3318965012123
sigmaL: 60.590761913735264
sigmaR: 40.93280753405265
widthL: 60.590761913735264
widthR: 40.93280753405265
x0: 1451.5318335309794
