alphaL: 1.4810453336373575
alphaR: 2.3679127134289666
event_sum: 15.52688357144617
mean: 1450.8070408259255
nL: 4.027151559464838
nR: 2.853686846591759
norm: 15.52688357144617
sigma: 70.22758895382648
sigmaL: 70.30403366432984
sigmaR: 37.339242937825745
widthL: 70.30403366432984
widthR: 37.339242937825745
x0: 1450.8070408259255
