alphaL: 1.547090763133031
alphaR: 2.29859283966217
event_sum: 15.601763239601862
mean: 1451.3642137789336
nL: 4.475883059610312
nR: 3.091447327421536
norm: 15.601763239601862
sigma: 70.22758895382648
sigmaL: 71.8807957760683
sigmaR: 37.09596530415437
widthL: 71.8807957760683
widthR: 37.09596530415437
x0: 1451.3642137789336
