alphaL: 1.2375671060891655
alphaR: 2.202311528014009
event_sum: 23.62725121467314
fraction: 0.9989511449781677
mean: 1450.735763095537
nL: 9.949051482914927
nR: 2.92257102950221
norm: 23.609605583278817
sigma: 70.08979496505677
sigmaL: 60.3607568585502
sigmaR: 40.22915452331877
widthL: 60.3607568585502
widthR: 40.22915452331877
x0: 1450.735763095537
