alphaL: 1.452707131132354
alphaR: 2.1937467973552813
event_sum: 24.80366098834821
mean: 1452.5190578016047
nL: 4.502444352120927
nR: 3.260472862789147
norm: 24.80366098834821
sigma: 70.22758895382648
sigmaL: 63.8176861658572
sigmaR: 39.35961146966852
widthL: 63.8176861658572
widthR: 39.35961146966852
x0: 1452.5190578016047
