alphaL: 1.6192633380194983
alphaR: 1.9553370283634608
event_sum: 0.9566778640181115
mean: 1456.7001513694402
nL: 1.9870338708166817
nR: 1.9512813750080837
norm: 0.9566778640181115
sigma: 76.3318965012123
sigmaL: 68.25465478752584
sigmaR: 37.80716814170123
widthL: 68.25465478752584
widthR: 37.80716814170123
x0: 1456.7001513694402
