alphaL: 1.5660041834930274
alphaR: 2.0964712733729747
event_sum: 0.8115291283183753
mean: 1454.8625642074842
nL: 4.1932002334410985
nR: 3.230273313989596
norm: 0.8115291283183753
sigma: 76.3318965012123
sigmaL: 72.81681100729286
sigmaR: 36.180298102498
widthL: 72.81681100729286
widthR: 36.180298102498
x0: 1454.8625642074842
