alphaL: 1.8331945774049627
alphaR: 2.2905005312472992
event_sum: 8.07223045688982
fraction: 0.9976739137468499
mean: 1457.9267439959567
nL: 9.74129753754129
nR: 1.9135634574375657
norm: 8.063970425211933
sigma: 76.18000884934966
sigmaL: 79.05600849387794
sigmaR: 34.55053224748701
widthL: 79.05600849387794
widthR: 34.55053224748701
x0: 1457.9267439959567
