alphaL: 1.4356975653106867
alphaR: 2.126208377523288
event_sum: 0.8089596447126933
mean: 1454.5353393507328
nL: 4.918296290965515
nR: 3.0147621557923885
norm: 0.8089596447126933
sigma: 76.3318965012123
sigmaL: 71.47673545261844
sigmaR: 36.32847341379463
widthL: 71.47673545261844
widthR: 36.32847341379463
x0: 1454.5353393507328
