alphaL: 1.1133033430742307
alphaR: 1.9947195996229163
event_sum: 9.551041821309617
fraction: 0.9974248315211269
mean: 1451.5813595321486
nL: 9.902281135636763
nR: 2.2542066925042983
norm: 9.542109191984864
sigma: 76.18000884934966
sigmaL: 58.97607634167688
sigmaR: 40.98984091137552
widthL: 58.97607634167688
widthR: 40.98984091137552
x0: 1451.5813595321486
