alphaL: 1.2839325229557057
alphaR: 2.2571917214152837
event_sum: 24.699615907089008
mean: 1450.5193284103555
nL: 4.981346547449909
nR: 2.8649781260790004
norm: 24.699615907089008
sigma: 70.22758895382648
sigmaL: 59.84551137753611
sigmaR: 40.3977874516695
widthL: 59.84551137753611
widthR: 40.3977874516695
x0: 1450.5193284103555
