alphaL: 1.476855171840525
alphaR: 2.277873802323266
event_sum: 14.836169547235627
fraction: 0.9989385679397547
mean: 1452.3422320112634
nL: 9.691738770740555
nR: 3.1231600860766178
norm: 14.833366819416504
sigma: 70.08979496505677
sigmaL: 72.66898019199867
sigmaR: 36.52003457935916
widthL: 72.66898019199867
widthR: 36.52003457935916
x0: 1452.3422320112634
