alphaL: 0.9269907105732983
alphaR: 2.079369633141252
event_sum: 31.94997697016764
mean: 1948.566025702511
nL: 63.19730392956184
nR: 4.015019019621308
norm_2016: 8.929280298562048
norm_2017: 10.381242616436353
norm_2018: 15.125924660511476
norm_Run2: 31.94997697016764
sigma: 90.91711602986585
sigmaL: 69.62098769506025
sigmaR: 51.243981697255634
widthL: 69.62098769506025
widthR: 51.243981697255634
x0: 1948.566025702511
