alphaL: 1.0309347909612765
alphaR: 2.210460340539662
event_sum: 30.211932702139094
mean: 1950.1504824329868
nL: 119.37086252753576
nR: 2.643888662299786
norm_2016: 7.911235072514645
norm_2017: 10.113486306844766
norm_2018: 14.65636333707371
norm_Run2: 30.211932702139094
sigma: 90.91711602986585
sigmaL: 79.68359533937289
sigmaR: 47.83860843237536
widthL: 79.68359533937289
widthR: 47.83860843237536
x0: 1950.1504824329868
