alphaL: 0.7913383829665616
alphaR: 1.4216687317990613
event_sum: 16.57671024883218
mean: 1921.7148198604064
nL: 1.695980514976218
nR: 4.675076511215043
norm_2016: 4.322592143189439
norm_2017: 5.2822085276565955
norm_2018: 7.262044205454358
norm_Run2: 16.57671024883218
sigma: 109.2
sigmaL: 103.41327416811046
sigmaR: 90.52741041494
widthL: 103.41327416811046
widthR: 90.52741041494
x0: 1921.7148198604064
