alphaL: 0.9610177654906442
alphaR: 1.3515321851929345
event_sum: 0.46107753008422103
mean: 2321.796625432858
nL: 1.3076612904344924
nR: 4.21858595675005
norm: 0.46107753008422103
sigma: 131.6
sigmaL: 128.66937819715784
sigmaR: 96.97817490510502
widthL: 128.66937819715784
widthR: 96.97817490510502
x0: 2321.796625432858
