alphaL: 0.5736200975439361
alphaR: 1.4189256531766408
event_sum: 0.29118768729484185
mean: 2309.2579554495783
nL: 2.785597752290786
nR: 3.1232895878521223
norm: 0.29118768729484185
sigma: 131.6
sigmaL: 91.5939511971213
sigmaR: 103.80654452678772
widthL: 91.5939511971213
widthR: 103.80654452678772
x0: 2309.2579554495783
