alphaL: 1.286100874996139
alphaR: 1.5948769630253328
event_sum: 6.26086632945971
fraction: 0.7875033548235242
mean: 2304.957233591367
nL: 0.40279675892699107
nR: 3.537239063903287
norm: 3.245125567325807
sigma: 131.6
sigmaL: 140.54647413920742
sigmaR: 114.91459763973037
widthL: 140.54647413920742
widthR: 114.91459763973037
x0: 2304.957233591367
