alphaL: 1.0619193641784814
alphaR: 1.7540771677609326
event_sum: 0.3089608258344138
mean: 2304.601217258608
nL: 1.0326135717117204
nR: 3.685042048097598
norm: 0.3089608258344138
sigma: 131.6
sigmaL: 148.46455354976536
sigmaR: 116.2663207082411
widthL: 148.46455354976536
widthR: 116.2663207082411
x0: 2304.601217258608
