alphaL: 0.9209988283212807
alphaR: 1.4418848672606537
event_sum: 6.408889816805695
fraction: 0.8893602470667278
mean: 2319.0760173360236
nL: 1.3711709486646424
nR: 3.9162706754870595
norm: 4.774684580862539
sigma: 131.6
sigmaL: 123.98013284955904
sigmaR: 101.49064801527419
widthL: 123.98013284955904
widthR: 101.49064801527419
x0: 2319.0760173360236
