alphaL: 0.8932405241263792
alphaR: 1.5698531571293135
event_sum: 0.43986827153979496
mean: 2340.4873289159104
nL: 2.411752216955908
nR: 1.8758695016570954
norm: 0.43986827153979496
sigma: 131.6
sigmaL: 148.05000363109338
sigmaR: 91.74506323536707
widthL: 148.05000363109338
widthR: 91.74506323536707
x0: 2340.4873289159104
