alphaL: 1.8646228001156595
alphaR: 2.137787305106676
event_sum: 26.144052233284924
mean: 1408.4953773404031
nL: 2.9999935863096687
nR: 2.3184045745120168
norm: 26.144052233284924
sigma: 91
sigmaL: 74.3225301846725
sigmaR: 33.794150607974046
widthL: 74.3225301846725
widthR: 33.794150607974046
x0: 1408.4953773404031
