alphaL: 1.6792718547094734
alphaR: 1.887458116932552
event_sum: 31.052186154436196
mean: 1407.3261962752956
nL: 2.999998518769161
nR: 2.7329361290469016
norm: 31.052186154436196
sigma: 91
sigmaL: 67.56123936571026
sigmaR: 39.177223559109756
widthL: 67.56123936571026
widthR: 39.177223559109756
x0: 1407.3261962752956
