alphaL: 1.2151065077128034
alphaR: 1.7789030157987469
event_sum: 0.6942406827358367
mean: 3454.5920415632354
nL: 4.644807964070296
nR: 2.547834025856835
norm: 0.6942406827358367
sigma: 335.15201945654945
sigmaL: 126.66127452035244
sigmaR: 83.53099975142327
widthL: 126.66127452035244
widthR: 83.53099975142327
x0: 3454.5920415632354
