alphaL: 1.9672396740586775
alphaR: 1.5867971369922684
event_sum: 1.57588846258853
mean: 3487.7381771961395
nL: 4.615358160677112
nR: 2.6929120413909295
norm: 1.57588846258853
sigma: 335.15201945654945
sigmaL: 200.54244810323806
sigmaR: 59.614738778029576
widthL: 200.54244810323806
widthR: 59.614738778029576
x0: 3487.7381771961395
