alphaL: 1.3830485617956152
alphaR: 2.307994799976284
event_sum: 0.930503563350871
mean: 3455.291398029831
nL: 4.493026312104984
nR: 2.0698606378323685
norm: 0.930503563350871
sigma: 151.6173911808921
sigmaL: 139.63470115596797
sigmaR: 73.43006826576472
widthL: 139.63470115596797
widthR: 73.43006826576472
x0: 3455.291398029831
