alphaL: 1.0288190878753802
alphaR: 1.8387134480711094
event_sum: 15.840932668369156
fraction: 0.9989082932043302
mean: 3457.478142832208
nL: 9.990459557448558
nR: 3.0534529181152084
norm: 15.747928631101448
sigma: 330.51982417080654
sigmaL: 127.27559309352375
sigmaR: 75.7637501064382
widthL: 127.27559309352375
widthR: 75.7637501064382
x0: 3457.478142832208
