alphaL: 1.2557039644759955
alphaR: 1.637543476610432
event_sum: 0.6985769927446225
mean: 3459.507292668904
nL: 4.666760657008288
nR: 2.829558457812609
norm: 0.6985769927446225
sigma: 335.15201945654945
sigmaL: 132.43978962557225
sigmaR: 77.39727409607055
widthL: 132.43978962557225
widthR: 77.39727409607055
x0: 3459.507292668904
