alphaL: 1.4781841472592472
alphaR: 1.9871258804541376
event_sum: 1.5824283345187256
mean: 3465.805159377039
nL: 4.586338627140807
nR: 1.9083712322366466
norm: 1.5824283345187256
sigma: 335.15201945654945
sigmaL: 153.69222192585744
sigmaR: 73.24490837492704
widthL: 153.69222192585744
widthR: 73.24490837492704
x0: 3465.805159377039
