alphaL: 1.021171310041123
alphaR: 1.3368246000199977
event_sum: 7.1044544405971815
fraction: 0.9987572995136096
mean: 3460.1271172916254
nL: 9.450127703190024
nR: 4.5
norm: 6.9412511125036085
sigma: 330.51982417080654
sigmaL: 122.00545591420189
sigmaR: 73.24869285839968
widthL: 122.00545591420189
widthR: 73.24869285839968
x0: 3460.1271172916254
