alphaL: 1.434859453609193
alphaR: 1.5350007338572476
event_sum: 0.5119525058159656
mean: 3460.9301966606904
nL: 3.753222467401554
nR: 3.575256243668161
norm: 0.5119525058159656
sigma: 151.6173911808921
sigmaL: 133.60541874668624
sigmaR: 67.2334473618597
widthL: 133.60541874668624
widthR: 67.2334473618597
x0: 3460.9301966606904
