alphaL: 1.4593093699834494
alphaR: 0.516961781666013
event_sum: 0.5096898416239907
mean: 3496.527141322059
nL: 4.360006741540293
nR: 3.68415104715321
norm: 0.5096898416239907
sigma: 151.6173911808921
sigmaL: 159.92221363917386
sigmaR: 23.582760253616144
widthL: 159.92221363917386
widthR: 23.582760253616144
x0: 3496.527141322059
