alphaL: 1.3385999827620463
alphaR: 2.126469807343027
event_sum: 0.9309341428563687
fraction: 0.9989749821421524
mean: 3458.50257703529
nL: 7.852361311019532
nR: 3.2776894301745014
norm: 0.9309414908748526
sigma: 151.3512750127623
sigmaL: 144.98387934913015
sigmaR: 72.63105891281177
widthL: 144.98387934913015
widthR: 72.63105891281177
x0: 3458.50257703529
