alphaL: 1.586240222131038
alphaR: 1.334403634203908
event_sum: 0.9259423483486167
mean: 3476.622943851845
nL: 3.6470481239723918
nR: 3.4724892622930588
norm: 0.9259423483486167
sigma: 151.6173911808921
sigmaL: 159.14705060398202
sigmaR: 49.27999445097558
widthL: 159.14705060398202
widthR: 49.27999445097558
x0: 3476.622943851845
