alphaL: 1.9906366438500054
alphaR: 2.062675431785347
event_sum: 0.512546577237628
fraction: 0.9970890060433263
mean: 3460.0259197963815
nL: 4.894902338121669
nR: 3.2676016477589105
norm: 0.5122895990013803
sigma: 151.3512750127623
sigmaL: 146.1972258717055
sigmaR: 75.12724241454077
widthL: 146.1972258717055
widthR: 75.12724241454077
x0: 3460.0259197963815
