alphaL: 1.0916731858414481
alphaR: 1.6081236474594576
event_sum: 26.076939267976282
fraction: 0.9983835967466496
mean: 2705.635907655801
nL: 9.99254164190025
nR: 3.072920293463481
norm: 25.912574196343183
sigma: 169.40902504566745
sigmaL: 106.92332561080609
sigmaR: 65.21627325556653
widthL: 106.92332561080609
widthR: 65.21627325556653
x0: 2705.635907655801
