alphaL: 1.0924422918877086
alphaR: 1.8272606230842805
event_sum: 7.248981124362173
fraction: 0.9992098464293573
mean: 2694.3257875010177
nL: 9.65752590498153
nR: 4.5
norm: 7.248712653846629
sigma: 120.69873327198613
sigmaL: 95.7075181745344
sigmaR: 65.58813300847378
widthL: 95.7075181745344
widthR: 65.58813300847378
x0: 2694.3257875010177
