alphaL: 1.0501868624377597
alphaR: 2.091009317811737
event_sum: 47.217963150898065
fraction: 0.997506862905662
mean: 2699.904758865574
nL: 10.0
nR: 1.6919382055287586
norm: 47.1126826481194
sigma: 169.40902504566745
sigmaL: 102.49341929141958
sigmaR: 63.21361721385815
widthL: 102.49341929141958
widthR: 63.21361721385815
x0: 2699.904758865574
