alphaL: 1.2435801974512224
alphaR: 2.078962326597759
event_sum: 4.882148523004751
mean: 2702.6172182353343
nL: 4.982600985174158
nR: 1.6710885892423364
norm: 4.882148523004751
sigma: 169.82509974090533
sigmaL: 111.06396665916749
sigmaR: 61.60015764413267
widthL: 111.06396665916749
widthR: 61.60015764413267
x0: 2702.6172182353343
