alphaL: 0.849373095725682
alphaR: 2.2660230929420058
event_sum: 9.965494022149526
fraction: 0.992696437713692
mean: 2692.6399115144222
nL: 55.749415462459815
nR: 2.5213890343600793
norm: 9.922710420855857
sigma: 121.56505476108227
sigmaL: 90.08492149253392
sigmaR: 63.91643828707216
widthL: 90.08492149253392
widthR: 63.91643828707216
x0: 2692.6399115144222
