alphaL: 1.3237410895238144
alphaR: 1.9737757682098072
event_sum: 7.923016758379407
mean: 2697.8812278464825
nL: 4.497219556202116
nR: 3.3793303264934407
norm: 7.923016758379407
sigma: 120.96335752734053
sigmaL: 105.50784906444885
sigmaR: 64.65154035476436
widthL: 105.50784906444885
widthR: 64.65154035476436
x0: 2697.8812278464825
