alphaL: 1.4911476115386009
alphaR: 2.06922310046189
event_sum: 10.980686422828962
mean: 2703.0664654912857
nL: 4.969216843362656
nR: 2.9856987871803766
norm: 10.980686422828962
sigma: 120.96335752734053
sigmaL: 129.60081377944266
sigmaR: 58.57393165320371
widthL: 129.60081377944266
widthR: 58.57393165320371
x0: 2703.0664654912857
