alphaL: 1.1482191501672518
alphaR: 2.097253401883361
event_sum: 9.965494022149526
fraction: 0.9990921421257717
mean: 2696.27059562694
nL: 9.95004020947982
nR: 3.270509936267744
norm: 9.964271887391495
sigma: 120.69873327198613
sigmaL: 103.68867077330789
sigmaR: 61.317466024345066
widthL: 103.68867077330789
widthR: 61.317466024345066
x0: 2696.27059562694
