alphaL: 1.273473730039666
alphaR: 1.6069910011400235
event_sum: 2.6773654788895964
mean: 2710.5693318202443
nL: 5.0
nR: 2.668989544826872
norm: 2.6773654788895964
sigma: 169.82509974090533
sigmaL: 114.93134590891252
sigmaR: 61.307174232360914
widthL: 114.93134590891252
widthR: 61.307174232360914
x0: 2710.5693318202443
