alphaL: 1.4326131356980634
alphaR: 1.5300369299011771
event_sum: 2.6817757728109752
mean: 2713.053452818123
nL: 4.455524333094627
nR: 3.0672779633509992
norm: 2.6817757728109752
sigma: 169.82509974090533
sigmaL: 122.38260806290475
sigmaR: 60.00513353090373
widthL: 122.38260806290475
widthR: 60.00513353090373
x0: 2713.053452818123
