alphaL: 1.3790184870561248
alphaR: 1.9593917226086863
event_sum: 11.023841951599596
mean: 2700.026838655935
nL: 4.500121732359358
nR: 3.6322849478326686
norm: 11.023841951599596
sigma: 120.96335752734053
sigmaL: 112.76352116015939
sigmaR: 59.063710936281964
widthL: 112.76352116015939
widthR: 59.063710936281964
x0: 2700.026838655935
