alphaL: 1.1106712143689288
alphaR: 2.1290822733601416
event_sum: 7.891402130406123
mean: 2691.1769332244853
nL: 4.698303145191329
nR: 2.8517286789974325
norm: 7.891402130406123
sigma: 120.96335752734053
sigmaL: 92.0659331237
sigmaR: 68.51426703716423
widthL: 92.0659331237
widthR: 68.51426703716423
x0: 2691.1769332244853
