alphaL: 1.4643960260396698
alphaR: 1.9921551433048375
event_sum: 4.8928196880274175
mean: 2708.1344690905307
nL: 4.497802725474891
nR: 1.7739543772191935
norm: 4.8928196880274175
sigma: 169.82509974090533
sigmaL: 123.1791000988078
sigmaR: 58.863492310692706
widthL: 123.1791000988078
widthR: 58.863492310692706
x0: 2708.1344690905307
