alphaL: 0.8779138248076402
alphaR: 2.086666363865769
event_sum: 7.217911487686497
mean: 2692.499820790904
nL: 25.049707481525008
nR: 3.092487356565764
norm_2016: 2.0535462687999755
norm_2017: 2.4253593110525524
norm_2018: 3.3095042187806096
norm_Run2: 7.217911487686497
sigma: 121.56505476108227
sigmaL: 87.23224722060385
sigmaR: 67.4330877798156
widthL: 87.23224722060385
widthR: 67.4330877798156
x0: 2692.499820790904
