alphaL: 0.845495991012923
alphaR: 2.26758503295842
event_sum: 9.922710420855857
mean: 2692.756466458846
nL: 52.28841979179715
nR: 2.5057932032180643
norm_2016: 2.5574931406329195
norm_2017: 3.3430614459505694
norm_2018: 4.94493527610346
norm_Run2: 9.922710420855857
sigma: 121.56505476108227
sigmaL: 89.98520201424785
sigmaR: 63.81352465985107
widthL: 89.98520201424785
widthR: 63.81352465985107
x0: 2692.756466458846
