alphaL: 1.0258414517488703
alphaR: 1.3512359708353103
event_sum: 4.050398443106224
mean: 2631.175492501946
nL: 0.10718246933221147
nR: 4.535832902613253
norm_2016: 4.050398443106224
norm_2017: 4.050398443106224
norm_2018: 4.050398443106224
norm_Run2: 4.050398443106224
sigma: 270.0
sigmaL: 235.19983715583095
sigmaR: 139.28967972088117
widthL: 235.19983715583095
widthR: 139.28967972088117
x0: 2631.175492501946
