alphaL: 0.8167162686027031
alphaR: 1.7551280067021788
event_sum: 25.664344046321936
mean: 2698.682904042814
nL: 23.005492197435455
nR: 2.731174010301367
norm_2016: 7.12382814712256
norm_2017: 7.910238646969049
norm_2018: 11.300731045068794
norm_Run2: 26.334797839160398
sigma: 172.7077357104835
sigmaL: 88.55061770906114
sigmaR: 68.70383368276588
widthL: 88.55061770906114
widthR: 68.70383368276588
x0: 2698.682904042814
