alphaL: 0.6943172738869289
alphaR: 1.287412310746744
event_sum: 6.06588971347003
mean: 2651.489646170056
nL: 1.0439555684315596
nR: 6.177813997133789
norm_2016: 1.597515632723465
norm_2017: 1.8191251197571128
norm_2018: 2.71847073972549
norm_Run2: 6.06588971347003
sigma: 151.2
sigmaL: 112.62545625234011
sigmaR: 113.36565956957443
widthL: 112.62545625234011
widthR: 113.36565956957443
x0: 2651.489646170056
