alphaL: 1.039228285142525
alphaR: 1.1391328258135185
event_sum: 4.050398443106224
mean: 2650.0134725097155
nL: 0.10121953887930986
nR: 5.145585259857896
norm_2016: 0.9403177603691041
norm_2017: 1.2793025305869559
norm_2018: 1.8627746441697635
norm_Run2: 4.050398443106224
sigma: 270.0
sigmaL: 252.77837242295874
sigmaR: 120.01502556777872
widthL: 252.77837242295874
widthR: 120.01502556777872
x0: 2650.0134725097155
