alphaL: 0.6934681136453296
alphaR: 1.40146623110914
event_sum: 6.06588971347003
mean: 2647.5956223936664
nL: 0.9822655793982453
nR: 5.163081558009094
norm_2016: 6.06588971347003
norm_2017: 6.06588971347003
norm_2018: 6.06588971347003
norm_Run2: 6.06588971347003
sigma: 151.2
sigmaL: 111.29884059179814
sigmaR: 118.57072762028032
widthL: 111.29884059179814
widthR: 118.57072762028032
x0: 2647.5956223936664
