alphaL: 0.8037404880933358
alphaR: 1.74729703552747
event_sum: 25.664344046321936
mean: 2698.5490084258367
nL: 24.627454498323097
nR: 2.7804100603723283
norm_2016: 7.12382814712256
norm_2017: 7.910238646969049
norm_2018: 11.300731045068794
norm_Run2: 25.664344046321936
sigma: 172.7077357104835
sigmaL: 88.0682414833538
sigmaR: 68.8260389240053
widthL: 88.0682414833538
widthR: 68.8260389240053
x0: 2698.5490084258367
