alphaL: 0.9474801855835696
alphaR: 1.438069111155102
event_sum: 10.049701140649873
mean: 2653.861578879711
nL: 1.2930264168380552
nR: 4.132111407528719
norm_2016: 10.049701140649873
norm_2017: 10.049701140649873
norm_2018: 10.049701140649873
norm_Run2: 10.049701140649873
sigma: 151.2
sigmaL: 151.97197921976647
sigmaR: 116.43162969579605
widthL: 151.97197921976647
widthR: 116.43162969579605
x0: 2653.861578879711
