alphaL: 1.1141980513308256
alphaR: 1.188855852206173
event_sum: 6.640897614912361
mean: 2647.551774733058
nL: 0.2833745305988664
nR: 5.563485852258884
norm_2016: 1.3530571063169559
norm_2017: 2.133787964314179
norm_2018: 3.2444419559995894
norm_Run2: 6.640897614912361
sigma: 270.0
sigmaL: 284.170531350925
sigmaR: 128.01944244993575
widthL: 284.170531350925
widthR: 128.01944244993575
x0: 2647.551774733058
