alphaL: 0.9230703353845977
alphaR: 1.4638961331889544
event_sum: 10.049701140649873
mean: 2654.319524094865
nL: 1.3479419429526602
nR: 4.014466170740825
norm_2016: 2.358389807739997
norm_2017: 3.1518279421646387
norm_2018: 4.664857020454272
norm_Run2: 10.049701140649873
sigma: 151.2
sigmaL: 153.04110855517627
sigmaR: 117.34601201687693
widthL: 153.04110855517627
widthR: 117.34601201687693
x0: 2654.319524094865
