alphaL: 0.7284176360290286
alphaR: 2.1117685447791783
event_sum: 46.66070583451023
mean: 2695.1899602638223
nL: 88.42234726748416
nR: 1.7438043154178966
norm_2016: 11.500108678975705
norm_2017: 14.92622879706941
norm_2018: 21.67627115072207
norm_Run2: 48.102608626767186
sigma: 172.7077357104835
sigmaL: 83.25490369684891
sigmaR: 65.37864777354703
widthL: 83.25490369684891
widthR: 65.37864777354703
x0: 2695.1899602638223
