alphaL: 0.49139880562418287
alphaR: 1.4493962732617414
event_sum: 1.8648926147720375
mean: 1816.1363875721997
nL: 1.0086821458689168
nR: 4.010648234150866
norm: 1.8648926147720375
sigma: 185.0
sigmaL: 138.66387794844513
sigmaR: 102.14706394778194
widthL: 138.66387794844513
widthR: 102.14706394778194
x0: 1816.1363875721997
