alphaL: 1.2396015448604811
alphaR: 1.3679515642592337
event_sum: 1.6448456634711135
mean: 1816.736435828071
nL: 0.18606310808807816
nR: 3.961559471662889
norm: 1.6448456634711135
sigma: 185.0
sigmaL: 186.38124983537222
sigmaR: 98.45892910773324
widthL: 186.38124983537222
widthR: 98.45892910773324
x0: 1816.736435828071
