alphaL: 1.5004055175228557
alphaR: 1.3320471361330801
event_sum: 1.7337087351578329
mean: 1827.621951788409
nL: 0.15945865493790265
nR: 3.074728104293327
norm: 1.7337087351578329
sigma: 185.0
sigmaL: 197.09694954616617
sigmaR: 89.49779002027415
widthL: 197.09694954616617
widthR: 89.49779002027415
x0: 1827.621951788409
