alphaL: 0.9126296372206036
alphaR: 1.5069299155156841
event_sum: 22.657611931706413
fraction: 0.7810841330433764
mean: 1802.5305890666546
nL: 0.5501344330333666
nR: 4.4843074554993825
norm: 14.872352611864363
sigma: 185.0
sigmaL: 152.42494137646725
sigmaR: 111.05010290493622
widthL: 152.42494137646725
widthR: 111.05010290493622
x0: 1802.5305890666546
