alphaL: 1.0840639684578188
alphaR: 1.3542400777004098
event_sum: 20.265843682475445
fraction: 0.8415183923720624
mean: 1810.1631806087619
nL: 0.7135143417431105
nR: 4.40696848806927
norm: 15.982937575364884
sigma: 185.0
sigmaL: 159.39017720807374
sigmaR: 101.98486233225744
widthL: 159.39017720807374
widthR: 101.98486233225744
x0: 1810.1631806087619
