alphaL: 0.857176600476027
alphaR: 1.2909251861245117
event_sum: 1.8697139322009657
mean: 1812.2545463767335
nL: 0.9980032761057973
nR: 4.264770058565714
norm: 1.8697139322009657
sigma: 185.0
sigmaL: 148.13119498079809
sigmaR: 97.94128345539025
widthL: 148.13119498079809
widthR: 97.94128345539025
x0: 1812.2545463767335
