alphaL: 1.313253580859014
alphaR: 1.1148785285284857
event_sum: 6.486579177551903
mean: 1596.0690911116592
nL: 1.5083199460166814
nR: 4.448475418527164
norm: 6.486579177551903
sigma: 89.60000000000001
sigmaL: 123.13691825006126
sigmaR: 54.020568661176554
widthL: 123.13691825006126
widthR: 54.020568661176554
x0: 1596.0690911116592
