alphaL: 1.0730399277533045
alphaR: 1.5714741718662253
event_sum: 0.635264793629176
mean: 1580.3506579688571
nL: 1.4040193208669172
nR: 3.848981413466902
norm: 0.635264793629176
sigma: 89.60000000000001
sigmaL: 105.41323713694922
sigmaR: 79.61447326403666
widthL: 105.41323713694922
widthR: 79.61447326403666
x0: 1580.3506579688571
