alphaL: 1.165454500210391
alphaR: 1.5720273050946434
event_sum: 7.724147344822995
mean: 1579.8907197524052
nL: 1.0426328774632199
nR: 3.685588457480735
norm: 7.724147344822995
sigma: 89.60000000000001
sigmaL: 106.22950659561843
sigmaR: 79.90299143031717
widthL: 106.22950659561843
widthR: 79.90299143031717
x0: 1579.8907197524052
