alphaL: 1.0603270129465436
alphaR: 1.470872018053252
event_sum: 0.558726779607241
mean: 1588.3471741940318
nL: 2.6096241396035773
nR: 2.2504262375229764
norm: 0.558726779607241
sigma: 89.60000000000001
sigmaL: 111.4473555070129
sigmaR: 63.7324225130368
widthL: 111.4473555070129
widthR: 63.7324225130368
x0: 1588.3471741940318
