alphaL: 0.8045406462651628
alphaR: 1.3473957810317323
event_sum: 0.635264793629176
mean: 1595.0661819893633
nL: 4.415875148696879
nR: 3.3263836269986053
norm: 0.635264793629176
sigma: 89.60000000000001
sigmaL: 103.17368372041959
sigmaR: 64.09585834046746
widthL: 103.17368372041959
widthR: 64.09585834046746
x0: 1595.0661819893633
