alphaL: 1.0646797885336985
alphaR: 1.872780182352602
event_sum: 0.577501057756308
mean: 1558.0778508174892
nL: 4.498707557309089
nR: 3.8527768556604114
norm: 0.577501057756308
sigma: 89.60000000000001
sigmaL: 104.33031421210521
sigmaR: 94.05939985664703
widthL: 104.33031421210521
widthR: 94.05939985664703
x0: 1558.0778508174892
