alphaL: 0.9726758951024347
alphaR: 1.6301490312236384
event_sum: 0.6078133949413314
mean: 1589.5872813294682
nL: 2.797665019500234
nR: 1.8772374918100745
norm: 0.6078133949413314
sigma: 89.60000000000001
sigmaL: 112.2364136342974
sigmaR: 71.29438489782083
widthL: 112.2364136342974
widthR: 71.29438489782083
x0: 1589.5872813294682
