alphaL: 0.8871762620347963
alphaR: 1.6222214013275964
event_sum: 0.577501057756308
mean: 1577.2899996029446
nL: 4.490159632485274
nR: 2.782655024428547
norm: 0.577501057756308
sigma: 89.60000000000001
sigmaL: 96.0209539102195
sigmaR: 72.68697335186333
widthL: 96.0209539102195
widthR: 72.68697335186333
x0: 1577.2899996029446
