alphaL: 1.0585816473370577
alphaR: 1.2313992803326328
event_sum: 6.463231956819072
fraction: 0.9503330631379123
mean: 1588.0221533471174
nL: 2.307889330420764
nR: 4.393751164220102
norm: 5.923372833523899
sigma: 89.60000000000001
sigmaL: 106.53164271012413
sigmaR: 61.21480889336738
widthL: 106.53164271012413
widthR: 61.21480889336738
x0: 1588.0221533471174
