alphaL: 1.0589315534941086
alphaR: 1.3732482380940125
event_sum: 0.5235856747312937
mean: 1594.1242455016045
nL: 1.1683545249143135
nR: 1.9927543780978045
norm: 0.5235856747312937
sigma: 86.50451371107921
sigmaL: 110.51259932817533
sigmaR: 58.37274576255552
widthL: 110.51259932817533
widthR: 58.37274576255552
x0: 1594.1242455016045
