alphaL: 1.1353177137417179
alphaR: 1.4712223084953437
event_sum: 0.5668204685644014
mean: 1593.6359835978194
nL: 1.0434512892401548
nR: 2.02507015439229
norm: 0.5668204685644014
sigma: 86.50451371107921
sigmaL: 121.81319275694649
sigmaR: 69.50937309180021
widthL: 121.81319275694649
widthR: 69.50937309180021
x0: 1593.6359835978194
