alphaL: 1.252054252992509
alphaR: 1.6226768144832362
event_sum: 7.688618965446949
fraction: 0.898363364080528
mean: 1579.0581106994855
nL: 0.8140098448250332
nR: 3.4676866279262124
norm: 6.5715507918503135
sigma: 89.60000000000001
sigmaL: 106.89128983196142
sigmaR: 80.82985096407896
widthL: 106.89128983196142
widthR: 80.82985096407896
x0: 1579.0581106994855
