alphaL: 1.0324289772422603
alphaR: 1.9184994885272921
event_sum: 0.594716731015131
mean: 3387.979633932821
nL: 5.0
nR: 2.876879972037388
norm: 0.594716731015131
sigma: 156.02701911517275
sigmaL: 110.78520076764615
sigmaR: 78.77814281727946
widthL: 110.78520076764615
widthR: 78.77814281727946
x0: 3387.979633932821
