alphaL: 1.2465608824344527
alphaR: 1.9084607990798361
event_sum: 0.7652282317778528
fraction: 0.9985612299776631
mean: 3395.094538639453
nL: 7.48689392934537
nR: 3.7337455249350326
norm: 0.7650482226889648
sigma: 155.69038181501406
sigmaL: 141.07466269172042
sigmaR: 72.79823635979527
widthL: 141.07466269172042
widthR: 72.79823635979527
x0: 3395.094538639453
