alphaL: 0.7589169498725314
alphaR: 1.6676372584611259
event_sum: 6.023647436347913
fraction: 0.9982009484917329
mean: 3399.955416800693
nL: 9.75974848934494
nR: 2.7618767255372294
norm: 5.893278751068326
sigma: 320.0548603669077
sigmaL: 106.46287339388499
sigmaR: 74.67785654218106
widthL: 106.46287339388499
widthR: 74.67785654218106
x0: 3399.955416800693
