alphaL: 1.409929585108684
alphaR: 1.4404712509152051
event_sum: 0.7790265021839823
mean: 3408.8078563730483
nL: 4.361202052452643
nR: 5.0
norm: 0.7790265021839823
sigma: 156.02701911517275
sigmaL: 153.37974872494266
sigmaR: 60.871758818880174
widthL: 153.37974872494266
widthR: 60.871758818880174
x0: 3408.8078563730483
