alphaL: 1.4130463118169665
alphaR: 1.6113204842350985
event_sum: 1.2671592563073977
mean: 3406.2084661367617
nL: 4.8453148823688865
nR: 2.7846282706715977
norm: 1.2671592563073977
sigma: 323.5848513024237
sigmaL: 149.8943590692987
sigmaR: 67.73173487062219
widthL: 149.8943590692987
widthR: 67.73173487062219
x0: 3406.2084661367617
