alphaL: 1.1083074578995324
alphaR: 2.2639079880705557
event_sum: 0.775094674537567
mean: 3387.940566152506
nL: 4.273805552716351
nR: 2.291217589640131
norm: 0.775094674537567
sigma: 156.02701911517275
sigmaL: 127.95865499900236
sigmaR: 77.80359982938668
widthL: 127.95865499900236
widthR: 77.80359982938668
x0: 3387.940566152506
