alphaL: 1.4517354391327542
alphaR: 1.4477618340508658
event_sum: 1.2703636589064176
mean: 3408.7511684836522
nL: 4.387730430995435
nR: 3.0488935196057696
norm: 1.2703636589064176
sigma: 323.5848513024237
sigmaL: 153.22188916974713
sigmaR: 65.63810601306645
widthL: 153.22188916974713
widthR: 65.63810601306645
x0: 3408.7511684836522
