alphaL: 1.3808227169670455
alphaR: 0.5848582028472904
event_sum: 0.6586027197880107
mean: 3438.67748235983
nL: 5.0
nR: 4.350253579798905
norm: 0.6586027197880107
sigma: 323.5848513024237
sigmaL: 162.53413166402106
sigmaR: 31.738683146106464
widthL: 162.53413166402106
widthR: 31.738683146106464
x0: 3438.67748235983
