alphaL: 1.0551455507439818
alphaR: 1.9095852508678874
event_sum: 1.8579611392609046
fraction: 0.9928230130198522
mean: 3395.008169326407
nL: 11.012431078010641
nR: 3.218430925250913
norm: 0.5726819296309359
sigma: 150.61022842817508
sigmaL: 118.60861306261876
sigmaR: 75.88106063166533
widthL: 118.60861306261876
widthR: 75.88106063166533
x0: 3395.008169326407
