alphaL: 1.060464051571153
alphaR: 1.717863977119702
event_sum: 0.6612552896113875
mean: 3393.400365384182
nL: 4.55826977594992
nR: 3.2820206434570367
norm: 0.6612552896113875
sigma: 323.5848513024237
sigmaL: 117.82479695728873
sigmaR: 81.72661368461897
widthL: 117.82479695728873
widthR: 81.72661368461897
x0: 3393.400365384182
