alphaL: 0.9148919158370065
alphaR: 1.640333704850697
event_sum: 11.3716225678837
fraction: 0.9994260912391301
mean: 3392.460820351116
nL: 9.98235753505197
nR: 3.1105623322702103
norm: 11.29714864186758
sigma: 320.0548603669077
sigmaL: 113.4537075716185
sigmaR: 74.96555429499477
widthL: 113.4537075716185
widthR: 74.96555429499477
x0: 3392.460820351116
