alphaL: 1.2047166537850007
alphaR: 2.236594689379098
event_sum: 0.5934601068335539
mean: 3388.280227896081
nL: 3.1881044761768473
nR: 2.089619273230418
norm: 0.5934601068335539
sigma: 156.02701911517275
sigmaL: 116.53051703861031
sigmaR: 81.23898504362208
widthL: 116.53051703861031
widthR: 81.23898504362208
x0: 3388.280227896081
