alphaL: 0.9425488437050877
alphaR: 1.870994854864517
event_sum: 0.5727504612065826
fraction: 0.9991819817689905
mean: 3385.9491832670465
nL: 9.882779320704433
nR: 4.432444319547081
norm: 0.572221737581632
sigma: 155.69038181501406
sigmaL: 107.36760899204795
sigmaR: 80.18980571787695
widthL: 107.36760899204795
widthR: 80.18980571787695
x0: 3385.9491832670465
