alphaL: 1.0592263518946683
alphaR: 1.2204518007456326
event_sum: 0.35916661271767225
mean: 2386.5369517706677
nL: 1.000012989320232
nR: 2.886943799363748
norm: 0.35916661271767225
sigma: 134.4
sigmaL: 145.74344182544934
sigmaR: 77.61425195765227
widthL: 145.74344182544934
widthR: 77.61425195765227
x0: 2386.5369517706677
