alphaL: 1.170668432908007
alphaR: 1.7558016676660009
event_sum: 0.32578832235594746
mean: 2354.982284718209
nL: 0.2006642413121037
nR: 1.7260538933383742
norm: 0.32578832235594746
sigma: 143.58141337175124
sigmaL: 169.95711241643863
sigmaR: 110.56340415207164
widthL: 169.95711241643863
widthR: 110.56340415207164
x0: 2354.982284718209
