alphaL: 0.7684468602662549
alphaR: 1.7311993256681302
event_sum: 5.371913808397949
mean: 2357.472957060424
nL: 1.0100295929153535
nR: 2.608214198491033
norm: 5.371913808397949
sigma: 134.4
sigmaL: 103.05365713566222
sigmaR: 110.68149495400546
widthL: 103.05365713566222
widthR: 110.68149495400546
x0: 2357.472957060424
