alphaL: 0.9919373297989321
alphaR: 2.2575146356454163
event_sum: 0.3421198193827877
mean: 2341.429740292457
nL: 3.798272976469719
nR: 2.1410407652098713
norm: 0.3421198193827877
sigma: 134.4
sigmaL: 159.84560462237735
sigmaR: 131.59123065573593
widthL: 159.84560462237735
widthR: 131.59123065573593
x0: 2341.429740292457
