alphaL: 1.0946436102153014
alphaR: 1.8932142065254656
event_sum: 0.2589161598516512
mean: 2353.6694924502626
nL: 1.000013437564226
nR: 3.8054695404487364
norm: 0.2589161598516512
sigma: 134.4
sigmaL: 143.90329416416924
sigmaR: 117.22595779612841
widthL: 143.90329416416924
widthR: 117.22595779612841
x0: 2353.6694924502626
