alphaL: 1.0638965691719289
alphaR: 1.2165727311351753
event_sum: 0.35916661271767225
mean: 2386.1415125305125
nL: 1.0000157419843712
nR: 2.930328099807636
norm: 0.35916661271767225
sigma: 134.4
sigmaL: 145.46583417932487
sigmaR: 77.73340458230396
widthL: 145.46583417932487
widthR: 77.73340458230396
x0: 2386.1415125305125
