alphaL: 1.2442027845614925
alphaR: 1.6935343507388447
event_sum: 4.965340085094795
fraction: 0.7742110469904996
mean: 2350.016263315987
nL: 0.4000001872190919
nR: 3.5053839302790957
norm: 2.540939373895526
sigma: 134.4
sigmaL: 129.80681854051738
sigmaR: 117.05033218545172
widthL: 129.80681854051738
widthR: 117.05033218545172
x0: 2350.016263315987
