alphaL: 0.7635894832144062
alphaR: 1.6005663418545741
event_sum: 5.134809114737436
mean: 2354.7730083735582
nL: 1.603526132876602
nR: 3.19940213082521
norm: 5.134809114737436
sigma: 134.4
sigmaL: 117.74481519592001
sigmaR: 108.16758739666383
widthL: 117.74481519592001
widthR: 108.16758739666383
x0: 2354.7730083735582
