alphaL: 1.0769301713491237
alphaR: 1.8402964016977024
event_sum: 0.2589161598516512
mean: 2350.067866104258
nL: 1.000034173823855
nR: 3.772897267495284
norm: 0.2589161598516512
sigma: 134.4
sigmaL: 149.50543404837848
sigmaR: 118.02183302320736
widthL: 149.50543404837848
widthR: 118.02183302320736
x0: 2350.067866104258
