alphaL: 0.8134990591237777
alphaR: 1.4923683427623746
event_sum: 0.23107697800151072
mean: 2369.4067911535576
nL: 2.264002809321343
nR: 3.5545389847096356
norm: 0.23107697800151072
sigma: 143.58141337175124
sigmaL: 140.36904682411026
sigmaR: 102.54673557234658
widthL: 140.36904682411026
widthR: 102.54673557234658
x0: 2369.4067911535576
