alphaL: 0.6917263478077408
alphaR: 1.630581046565851
event_sum: 4.712108250008896
fraction: 0.8943165639307349
mean: 2350.4101870345326
nL: 1.7790068808330317
nR: 3.2239987090407913
norm: 3.433638363610953
sigma: 134.4
sigmaL: 109.02183070034795
sigmaR: 108.70044595259306
widthL: 109.02183070034795
widthR: 108.70044595259306
x0: 2350.4101870345326
