alphaL: 0.6124777248449095
alphaR: 1.959614176752148
event_sum: 0.24204634644411271
mean: 2347.447659192346
nL: 2.6692331445306987
nR: 2.3471367911097367
norm: 0.24204634644411271
sigma: 134.4
sigmaL: 98.12523578499827
sigmaR: 121.96853303481144
widthL: 98.12523578499827
widthR: 121.96853303481144
x0: 2347.447659192346
