alphaL: 0.9094365930332338
alphaR: 1.3840355381335423
event_sum: 0.8083057306640624
mean: 937.9282875443787
nL: 1.6066461714529738
nR: 3.9158637027988723
norm: 0.8083057306640624
sigma: 95.0
sigmaL: 84.58104974313672
sigmaR: 57.45520365432269
widthL: 84.58104974313672
widthR: 57.45520365432269
x0: 937.9282875443787
