alphaL: 0.9769018717557197
alphaR: 1.4260213348182562
event_sum: 3.990313302546568
fraction: 0.9913905997027322
mean: 932.1125403040758
nL: 7.693707873975097
nR: 3.75877142578424
norm: 3.9550240031452164
sigma: 95.0
sigmaL: 84.42280664002757
sigmaR: 61.469618994729856
widthL: 84.42280664002757
widthR: 61.469618994729856
x0: 932.1125403040758
