alphaL: 1.1593146900639342
alphaR: 1.4508705261579122
event_sum: 0.3964494313420262
mean: 931.3022002901229
nL: 4.448022325310223
nR: 3.4610257042894643
norm: 0.3964494313420262
sigma: 95.0
sigmaL: 88.71485440910777
sigmaR: 62.998985186787124
widthL: 88.71485440910777
widthR: 62.998985186787124
x0: 931.3022002901229
