alphaL: 1.2739888080014978
alphaR: 1.2675501018959943
event_sum: 8.138783023426758
fraction: 0.9917755879117488
mean: 941.8601277668688
nL: 1.6969140629358885
nR: 4.424362174348725
norm: 8.096414966590121
sigma: 95.0
sigmaL: 87.75891728757838
sigmaR: 53.36137264017348
widthL: 87.75891728757838
widthR: 53.36137264017348
x0: 941.8601277668688
