alphaL: 0.6566639101245022
alphaR: 1.7664935924338465
event_sum: 0.39584627120939925
mean: 910.0498704270351
nL: 4.029523143428304
nR: 3.0556353878039744
norm: 0.39584627120939925
sigma: 95.0
sigmaL: 56.54648879699039
sigmaR: 76.59998098240372
widthL: 56.54648879699039
widthR: 76.59998098240372
x0: 910.0498704270351
