alphaL: 1.1367471728823095
alphaR: 1.408148026617585
event_sum: 0.8082433405012187
mean: 939.0782248697847
nL: 2.2842762472397036
nR: 4.257852518599899
norm: 0.8082433405012187
sigma: 95.0
sigmaL: 85.4227295198996
sigmaR: 58.02053682577608
widthL: 85.4227295198996
widthR: 58.02053682577608
x0: 939.0782248697847
