alphaL: 0.9409926571622736
alphaR: 1.5940502270117947
event_sum: 18.282133533618204
mean: 1581.048447097822
nL: 2.681124884773318
nR: 2.949087580639135
norm: 18.282133533618204
sigma: 102
sigmaL: 97.9846792704412
sigmaR: 73.20215071154878
widthL: 97.9846792704412
widthR: 73.20215071154878
x0: 1581.048447097822
