alphaL: 0.8568491778378976
alphaR: 1.7081705886784855
event_sum: 18.964725119864102
mean: 1575.0155997124227
nL: 2.1059457734281435
nR: 2.456336422195983
norm: 18.964725119864102
sigma: 102
sigmaL: 88.90060508168392
sigmaR: 82.57009373276443
widthL: 88.90060508168392
widthR: 82.57009373276443
x0: 1575.0155997124227
