alphaL: 0.7855673468898668
alphaR: 0.9239493128179476
event_sum: 0.37020898506307276
mean: 3006.225844096523
nL: 1.000002337213706
nR: 1.980740312518553
norm: 0.37020898506307276
sigma: 300.0
sigmaL: 355.7478083118557
sigmaR: 70.52133791779016
widthL: 355.7478083118557
widthR: 70.52133791779016
x0: 3006.225844096523
