alphaL: 0.144863113534091
alphaR: 0.7812566152139363
event_sum: 0.11672010640177177
mean: 3031.5780578071563
nL: 1.0044321902675677
nR: 2.6422460145442903
norm: 0.11672010640177177
sigma: 300.0
sigmaL: 640.8883834937898
sigmaR: 74.50254561161174
widthL: 640.8883834937898
widthR: 74.50254561161174
x0: 3031.5780578071563
