alphaL: 0.6107816682581345
alphaR: 0.7358673006540727
event_sum: 4.56856086908374
fraction: 0.6169872221917336
mean: 3022.826018639031
nL: 0.40000188057025526
nR: 3.1947262968833177
norm: 0.7639232928631827
sigma: 300.0
sigmaL: 292.2805718531251
sigmaR: 61.46830206468704
widthL: 292.2805718531251
widthR: 61.46830206468704
x0: 3022.826018639031
