alphaL: 0.896156006365026
alphaR: 1.1141004933460266
event_sum: 0.09056466301262844
mean: 3035.1178363231343
nL: 0.10000974297067759
nR: 1.2754868184652732
norm: 0.09056466301262844
sigma: 300.0
sigmaL: 276.2112224483027
sigmaR: 51.06421738611604
widthL: 276.2112224483027
widthR: 51.06421738611604
x0: 3035.1178363231343
