alphaL: 1.0939059929668984
alphaR: 1.0893133871307727
event_sum: 11.681125609669834
fraction: 0.6684964424109664
mean: 2950.7511982809606
nL: 0.2324030653223191
nR: 6.163469751155341
norm: 1.4587132560554892
sigma: 300.0
sigmaL: 328.35838636210485
sigmaR: 123.13214916948807
widthL: 328.35838636210485
widthR: 123.13214916948807
x0: 2950.7511982809606
