alphaL: 0.817449866940425
alphaR: 0.8860726700238482
event_sum: 0.11775710635993164
mean: 3021.70590192261
nL: 0.23570442581371245
nR: 1.3660279713372516
norm: 0.11775710635993164
sigma: 219.11326536766586
sigmaL: 262.0654136564086
sigmaR: 53.19486159819194
widthL: 262.0654136564086
widthR: 53.19486159819194
x0: 3021.70590192261
