alphaL: 0.5978893843683369
alphaR: 0.8648438058917708
event_sum: 0.1843555481173098
mean: 3019.5304906454858
nL: 1.00000328187882
nR: 2.050222921878989
norm: 0.1843555481173098
sigma: 300.0
sigmaL: 444.7018236616197
sigmaR: 67.61039331372369
widthL: 444.7018236616197
widthR: 67.61039331372369
x0: 3019.5304906454858
