alphaL: 1.003719473204925
alphaR: 0.7088271861161844
event_sum: 3.702089803875424
fraction: 0.6847249101536479
mean: 3002.2772046702758
nL: 0.40010205081944783
nR: 4.0009680447793246
norm: 1.4276032577035949
sigma: 300.0
sigmaL: 352.41707110909783
sigmaR: 71.9507287897584
widthL: 352.41707110909783
widthR: 71.9507287897584
x0: 3002.2772046702758
