alphaL: 0.5616112710909277
alphaR: 0.9190112381540948
event_sum: 0.45685609267820837
mean: 3011.7281939526906
nL: 1.0000000010390344
nR: 1.922068688720248
norm: 0.45685609267820837
sigma: 300.0
sigmaL: 443.7951553435974
sigmaR: 66.84035114231759
widthL: 443.7951553435974
widthR: 66.84035114231759
x0: 3011.7281939526906
