alphaL: 0.9228314555584244
alphaR: 1.0849797608722151
event_sum: 0.059224219832685776
mean: 3006.0712154006324
nL: 0.20000597107417253
nR: 1.2032237310717426
norm: 0.059224219832685776
sigma: 219.11326536766586
sigmaL: 240.02889347527514
sigmaR: 57.78128408106179
widthL: 240.02889347527514
widthR: 57.78128408106179
x0: 3006.0712154006324
