alphaL: 1.192294385932026
alphaR: 0.8698295042145809
event_sum: 0.1571631047700066
mean: 3021.5245156480464
nL: 0.16665148915436956
nR: 2.1456290425632223
norm: 0.1571631047700066
sigma: 300.0
sigmaL: 380.6091460483191
sigmaR: 68.59341632264567
widthL: 380.6091460483191
widthR: 68.59341632264567
x0: 3021.5245156480464
