alphaL: 0.5977668086604806
alphaR: 0.8643217808421084
event_sum: 0.1843555481173098
mean: 3019.0588769265187
nL: 1.0000032958245777
nR: 2.049834010137045
norm: 0.1843555481173098
sigma: 300.0
sigmaL: 444.66043434255613
sigmaR: 67.65712327601935
widthL: 444.66043434255613
widthR: 67.65712327601935
x0: 3019.0588769265187
