alphaL: 0.10055812308655197
alphaR: 0.520991724591502
event_sum: 0.11672010640177177
mean: 3036.95268441708
nL: 1.0059433418147927
nR: 2.962490613152159
norm: 0.11672010640177177
sigma: 300.0
sigmaL: 614.1534732604783
sigmaR: 47.72901608055661
widthL: 614.1534732604783
widthR: 47.72901608055661
x0: 3036.95268441708
