alphaL: 1.7156924419683788
alphaR: 1.6295129232232828
event_sum: 27.47497357262771
mean: 2014.4906253599072
nL: 2.9995009603574445
nR: 2.831939516723598
norm: 27.47497357262771
sigma: 131
sigmaL: 98.71466739004147
sigmaR: 44.88069248792408
widthL: 98.71466739004147
widthR: 44.88069248792408
x0: 2014.4906253599072
