alphaL: 1.7958977356984942
alphaR: 2.0413973481549013
event_sum: 41.90581461496358
mean: 2006.6599079004397
nL: 2.999998852626974
nR: 2.9050261898948584
norm: 41.90581461496358
sigma: 123
sigmaL: 94.16762727806402
sigmaR: 47.696608971941785
widthL: 94.16762727806402
widthR: 47.696608971941785
x0: 2006.6599079004397
