alphaL: 1.690302272054593
alphaR: 1.8878090375158185
event_sum: 35.60349116818306
mean: 2009.9203314173124
nL: 2.9997192599930114
nR: 2.1923192058596364
norm: 35.60349116818306
sigma: 131
sigmaL: 98.62062857871265
sigmaR: 43.764851954552704
widthL: 98.62062857871265
widthR: 43.764851954552704
x0: 2009.9203314173124
