alphaL: 1.1503499429165003
alphaR: 1.5387180587174685
event_sum: 0.4763763849016871
mean: 1614.9796029382937
nL: 0.8101896063856845
nR: 2.4477742512268117
norm: 0.4763763849016871
sigma: 165.0
sigmaL: 151.9810398511256
sigmaR: 95.758838312222
widthL: 151.9810398511256
widthR: 95.758838312222
x0: 1614.9796029382937
