alphaL: 1.035886905344388
alphaR: 1.2014321892857247
event_sum: 0.5079281007422495
mean: 1643.620032932459
nL: 1.0133566336352002
nR: 2.5657220303039048
norm: 0.5079281007422495
sigma: 165.0
sigmaL: 169.87716824084154
sigmaR: 66.74495895867861
widthL: 169.87716824084154
widthR: 66.74495895867861
x0: 1643.620032932459
