alphaL: 1.3450593617295583
alphaR: 1.310248906934743
event_sum: 0.5439356433782124
mean: 1625.9979796958455
nL: 0.1252176495510356
nR: 4.347560781449491
norm: 0.5439356433782124
sigma: 165.0
sigmaL: 178.836570793748
sigmaR: 85.17423498623714
widthL: 178.836570793748
widthR: 85.17423498623714
x0: 1625.9979796958455
