alphaL: 0.648671727257658
alphaR: 1.4252444950850411
event_sum: 0.6007176014095101
mean: 1620.7309788511168
nL: 0.9690302339889028
nR: 3.5897349032004016
norm: 0.6007176014095101
sigma: 165.0
sigmaL: 133.53871396663786
sigmaR: 92.0686957537423
widthL: 133.53871396663786
widthR: 92.0686957537423
x0: 1620.7309788511168
