alphaL: 0.8743445500028254
alphaR: 1.224773458669992
event_sum: 5.377666535345811
fraction: 0.8916150178241501
mean: 1616.0928543929122
nL: 1.62986695495658
nR: 4.418008325837072
norm: 4.547561382658665
sigma: 165.0
sigmaL: 132.41186244195083
sigmaR: 88.27099264689004
widthL: 132.41186244195083
widthR: 88.27099264689004
x0: 1616.0928543929122
