alphaL: 1.121206148412971
alphaR: 1.3046435893375259
event_sum: 6.743373928654985
fraction: 0.8101462356091904
mean: 1629.3676408633041
nL: 0.41465799374757495
nR: 4.5
norm: 5.054052406893246
sigma: 165.0
sigmaL: 174.44972756352396
sigmaR: 84.0874476338724
widthL: 174.44972756352396
widthR: 84.0874476338724
x0: 1629.3676408633041
