alphaL: 1.3972861317135867
alphaR: 1.3255314326047487
event_sum: 0.884078700135656
mean: 1236.2189260390367
nL: 0.9229206258367691
nR: 3.116403986726244
norm: 0.884078700135656
sigma: 125.0
sigmaL: 129.8432687264994
sigmaR: 63.93897954676833
widthL: 129.8432687264994
widthR: 63.93897954676833
x0: 1236.2189260390367
