alphaL: 1.46202359385284
alphaR: 1.2006798840882282
event_sum: 0.9099854066189444
mean: 1242.1262837468628
nL: 0.7039253467839273
nR: 3.295493289107367
norm: 0.9099854066189444
sigma: 125.0
sigmaL: 133.72734054008475
sigmaR: 57.13259791576116
widthL: 133.72734054008475
widthR: 57.13259791576116
x0: 1242.1262837468628
