alphaL: 1.0502872586706744
alphaR: 1.6344419395408987
event_sum: 1.2160163555874899
mean: 1227.3320390855386
nL: 1.014233893428846
nR: 2.253436534545299
norm: 1.2160163555874899
sigma: 125.0
sigmaL: 114.94774722353935
sigmaR: 75.13390394520536
widthL: 114.94774722353935
widthR: 75.13390394520536
x0: 1227.3320390855386
