alphaL: 1.2446565170860138
alphaR: 1.0889708857666531
event_sum: 9.123060784612788
fraction: 0.9457272383687997
mean: 1240.2609775292544
nL: 1.867725740660345
nR: 4.427598343942902
norm: 8.560194632856854
sigma: 125.0
sigmaL: 132.20696025267674
sigmaR: 56.71461185543285
widthL: 132.20696025267674
widthR: 56.71461185543285
x0: 1240.2609775292544
