alphaL: 1.066395871126683
alphaR: 1.3101939054620593
event_sum: 1.2716695478454292
mean: 1241.7590472893075
nL: 0.5644623539111138
nR: 3.375193282010428
norm: 1.2716695478454292
sigma: 125.0
sigmaL: 124.33188366801325
sigmaR: 60.99829163465927
widthL: 124.33188366801325
widthR: 60.99829163465927
x0: 1241.7590472893075
