alphaL: 0.7132147430933903
alphaR: 1.3876159963574217
event_sum: 12.75314622543133
fraction: 0.9209340973704713
mean: 1224.853526938703
nL: 2.3327846386222557
nR: 4.5
norm: 11.556022423486507
sigma: 125.0
sigmaL: 91.98685110824759
sigmaR: 74.26250178872037
widthL: 91.98685110824759
widthR: 74.26250178872037
x0: 1224.853526938703
