alphaL: 1.0842977409446408
alphaR: 1.668481993355928
event_sum: 3.16992648196196
mean: 944.3725698202782
nL: 2.7562378397560447
nR: 2.570029528105341
norm: 3.16992648196196
sigma: 53.199999999999996
sigmaL: 62.214630493122584
sigmaR: 49.26084255682108
widthL: 62.214630493122584
widthR: 49.26084255682108
x0: 944.3725698202782
