alphaL: 1.0346446523402948
alphaR: 1.4818073762369772
event_sum: 3.2656721385804746
mean: 946.0241340015917
nL: 3.718294406273566
nR: 3.9067568518764033
norm: 3.2656721385804746
sigma: 53.199999999999996
sigmaL: 62.13656457490772
sigmaR: 46.75863971722538
widthL: 62.13656457490772
widthR: 46.75863971722538
x0: 946.0241340015917
