alphaL: 1.1980488300642735
alphaR: 1.6543814173119988
event_sum: 1.6758386633143165
mean: 944.597319249634
nL: 2.3916098134126575
nR: 2.137981657996059
norm: 1.6758386633143165
sigma: 53.199999999999996
sigmaL: 66.84925734309287
sigmaR: 45.319144681353336
widthL: 66.84925734309287
widthR: 45.319144681353336
x0: 944.597319249634
