alphaL: 1.2082146235217368
alphaR: 1.423365762191446
event_sum: 17.08673549878693
fraction: 0.9954761967522134
mean: 946.6470962454946
nL: 4.167041263068689
nR: 3.6977698681034408
norm: 17.011854412847434
sigma: 53.199999999999996
sigmaL: 69.25315476542151
sigmaR: 43.144833977472985
widthL: 69.25315476542151
widthR: 43.144833977472985
x0: 946.6470962454946
