alphaL: 1.1475206637031625
alphaR: 1.4503681464173344
event_sum: 1.7213002480855626
mean: 943.1837802665024
nL: 4.0476389057178395
nR: 3.8490472206916624
norm: 1.7213002480855626
sigma: 53.199999999999996
sigmaL: 64.66085776674339
sigmaR: 45.20910009102042
widthL: 64.66085776674339
widthR: 45.20910009102042
x0: 943.1837802665024
