alphaL: 1.0157962890505858
alphaR: 1.5013188579901677
event_sum: 32.50917469045268
fraction: 0.9955179894653174
mean: 944.4431369939484
nL: 3.6697712703532535
nR: 4.063216870179543
norm: 32.398232552773145
sigma: 53.199999999999996
sigmaL: 60.58661388903482
sigmaR: 48.02913988727185
widthL: 60.58661388903482
widthR: 48.02913988727185
x0: 944.4431369939484
