alphaL: 0.7556678527883605
alphaR: 1.002969663593063
event_sum: 0.06676624934506359
mean: 3413.8788553390946
nL: 0.2675029550260931
nR: 1.941775526705312
norm: 0.06676624934506359
sigma: 345.0
sigmaL: 354.20311490218194
sigmaR: 99.65815681114115
widthL: 354.20311490218194
widthR: 99.65815681114115
x0: 3413.8788553390946
