alphaL: 0.06832209033851751
alphaR: 0.7443426814818941
event_sum: 0.05467000588434567
mean: 3522.2972624827125
nL: 1.0002505988446564
nR: 3.054252479462358
norm: 0.05467000588434567
sigma: 345.0
sigmaL: 1051.7592395259817
sigmaR: 57.54936483407258
widthL: 1051.7592395259817
widthR: 57.54936483407258
x0: 3522.2972624827125
