alphaL: 0.5675274349078576
alphaR: 0.6135368378637625
event_sum: 2.345876050018712
fraction: 0.6122031337187835
mean: 3423.3282016126846
nL: 0.505515534874319
nR: 4.5
norm: 0.5665584294559571
sigma: 345.0
sigmaL: 386.0448410471896
sigmaR: 78.13127762977362
widthL: 386.0448410471896
widthR: 78.13127762977362
x0: 3423.3282016126846
