alphaL: 0.7281874126189986
alphaR: 1.5681490839448537
event_sum: 3.5310687791263495
fraction: 0.605406436692011
mean: 3474.65161008969
nL: 0.4
nR: 2.3182132194516987
norm: 0.3282104518730403
sigma: 345.0
sigmaL: 674.0553052195909
sigmaR: 117.73856602146279
widthL: 674.0553052195909
widthR: 117.73856602146279
x0: 3474.65161008969
