alphaL: 0.4492459076365579
alphaR: 0.8202861071469207
event_sum: 0.08125019199185807
mean: 3457.0659351248314
nL: 1.000041533393585
nR: 2.1109388161337623
norm: 0.08125019199185807
sigma: 345.0
sigmaL: 644.7571857762448
sigmaR: 75.32017556133019
widthL: 644.7571857762448
widthR: 75.32017556133019
x0: 3457.0659351248314
