alphaL: 0.7551889843407912
alphaR: 0.9165581398200296
event_sum: 0.03831674208991008
mean: 3489.0847542535253
nL: 0.1188072871248836
nR: 1.2967389011465302
norm: 0.03831674208991008
sigma: 345.0
sigmaL: 471.7255673731383
sigmaR: 56.025590143298544
widthL: 471.7255673731383
widthR: 56.025590143298544
x0: 3489.0847542535253
