alphaL: 1.247768612923449
alphaR: 1.6500993177543988
event_sum: 0.8417152884306888
mean: 1654.102341497811
nL: 0.4869332498444192
nR: 2.9587472786985836
norm: 0.8417152884306888
sigma: 170.0
sigmaL: 150.43608557110457
sigmaR: 105.39793940640888
widthL: 150.43608557110457
widthR: 105.39793940640888
x0: 1654.102341497811
