alphaL: 1.0414670137947888
alphaR: 1.2468176138050595
event_sum: 0.902811180026214
mean: 1675.774971349892
nL: 0.9734442520156215
nR: 3.6922732651800247
norm: 0.902811180026214
sigma: 170.0
sigmaL: 165.24485900317663
sigmaR: 82.35965909881968
widthL: 165.24485900317663
widthR: 82.35965909881968
x0: 1675.774971349892
