alphaL: 0.710785623189223
alphaR: 1.0125389188379466
event_sum: 0.9307501389433331
mean: 1691.205110067471
nL: 0.9678408632713331
nR: 3.4909229866138625
norm: 0.9307501389433331
sigma: 170.0
sigmaL: 170.62908492137015
sigmaR: 64.265336948692
widthL: 170.62908492137015
widthR: 64.265336948692
x0: 1691.205110067471
