alphaL: 0.9683228537609287
alphaR: 1.425559062065793
event_sum: 9.615317282303351
fraction: 0.8841124277972152
mean: 1659.5358728515976
nL: 1.295382254314536
nR: 4.5
norm: 7.993352179487574
sigma: 170.0
sigmaL: 144.8167377214302
sigmaR: 97.91769464079103
widthL: 144.8167377214302
widthR: 97.91769464079103
x0: 1659.5358728515976
