alphaL: 0.9933488069726362
alphaR: 1.244541362390695
event_sum: 10.703063011470553
fraction: 0.8307822141010808
mean: 1668.7506347613435
nL: 0.7857465639736736
nR: 4.5
norm: 7.753023535808409
sigma: 170.0
sigmaL: 165.1846891755536
sigmaR: 88.82022271488552
widthL: 165.1846891755536
widthR: 88.82022271488552
x0: 1668.7506347613435
