alphaL: 1.1426418391784405
alphaR: 1.4806273969785204
event_sum: 0.8319169930443729
mean: 1660.1535888872982
nL: 0.3885318077852181
nR: 3.26915251503591
norm: 0.8319169930443729
sigma: 170.0
sigmaL: 161.68020570449883
sigmaR: 99.85688847551046
widthL: 161.68020570449883
widthR: 99.85688847551046
x0: 1660.1535888872982
