alphaL: 1.2526725417413813
alphaR: 1.9428294692920167
event_sum: 5.5158416999620385
fraction: 0.9990273679099615
mean: 2199.3889298636777
nL: 9.997225385822682
nR: 4.273338915280377
norm: 5.513186916068662
sigma: 103.16446507223075
sigmaL: 95.00125620470254
sigmaR: 49.94624635056941
widthL: 95.00125620470254
widthR: 49.94624635056941
x0: 2199.3889298636777
