alphaL: 1.3121916351328695
alphaR: 2.020385154432245
event_sum: 5.909492704668082
mean: 2201.3269552618926
nL: 4.396149956667619
nR: 3.334785928044951
norm: 5.909492704668082
sigma: 103.19139740359363
sigmaL: 90.44121226775293
sigmaR: 51.56195784911068
widthL: 90.44121226775293
widthR: 51.56195784911068
x0: 2201.3269552618926
