alphaL: 1.5006585748506722
alphaR: 2.113839567317612
event_sum: 11.00618075625971
mean: 2207.216823996903
nL: 4.499492508297628
nR: 1.5824112012153606
norm: 11.00618075625971
sigma: 123.71689997544559
sigmaL: 105.82427260355675
sigmaR: 47.760302167749515
widthL: 105.82427260355675
widthR: 47.760302167749515
x0: 2207.216823996903
