alphaL: 1.1637777817651427
alphaR: 1.950983513911947
event_sum: 0.8197928059817059
mean: 2195.230091481169
nL: 4.3794533184797
nR: 2.240874094935908
norm: 0.8197928059817059
sigma: 124.24645205351345
sigmaL: 82.50461124160827
sigmaR: 59.403207122677046
widthL: 82.50461124160827
widthR: 59.403207122677046
x0: 2195.230091481169
