alphaL: 0.8777104227138289
alphaR: 1.972672699973405
event_sum: 7.6630012388923205
fraction: 0.9970987443319308
mean: 2191.0387781260056
nL: 9.956845644828501
nR: 2.2315024897856173
norm: 7.643180195183959
sigma: 123.68540922929706
sigmaL: 69.55717930748585
sigmaR: 60.39993702217499
widthL: 69.55717930748585
widthR: 60.39993702217499
x0: 2191.0387781260056
