alphaL: 1.5215425857166625
alphaR: 1.8628092764423094
event_sum: 5.917879305488896
mean: 2206.2896582890667
nL: 4.495213395546045
nR: 3.4509696491626585
norm: 5.917879305488896
sigma: 103.12678115658929
sigmaL: 99.8103849781833
sigmaR: 48.88900111497009
widthL: 99.8103849781833
widthR: 48.88900111497009
x0: 2206.2896582890667
