alphaL: 1.1881415560597293
alphaR: 1.9333104396926555
event_sum: 0.8197928059817059
mean: 2196.338308003143
nL: 4.4304106894122866
nR: 2.2482636753210032
norm: 0.8197928059817059
sigma: 124.24645205351345
sigmaL: 82.59249455475037
sigmaR: 57.14452320118178
widthL: 82.59249455475037
widthR: 57.14452320118178
x0: 2196.338308003143
