alphaL: 1.7180103365351629
alphaR: 2.271221812395546
event_sum: 5.81600103439996
mean: 2204.084116346755
nL: 4.4995645351044145
nR: 2.2887373149259296
norm: 5.81600103439996
sigma: 103.12678115658929
sigmaL: 109.15418824034626
sigmaR: 49.023048202975644
widthL: 109.15418824034626
widthR: 49.023048202975644
x0: 2204.084116346755
