alphaL: 1.3917270328904285
alphaR: 2.0830635660033483
event_sum: 1.0946212070557522
mean: 2207.4012098720814
nL: 3.606394547687488
nR: 1.6450777522318911
norm: 1.0946212070557522
sigma: 124.24645205351345
sigmaL: 103.41227283555072
sigmaR: 47.11790467162781
widthL: 103.41227283555072
widthR: 47.11790467162781
x0: 2207.4012098720814
