alphaL: 1.0819374826839905
alphaR: 2.0389910383698013
event_sum: 5.639989857154433
fraction: 0.9987778623925379
mean: 2198.4044766696043
nL: 9.931597885746868
nR: 3.070905668699694
norm: 5.639505729195662
sigma: 103.16446507223075
sigmaL: 82.08698766301794
sigmaR: 52.920402633877245
widthL: 82.08698766301794
widthR: 52.920402633877245
x0: 2198.4044766696043
