alphaL: 1.1402044101442699
alphaR: 2.266255392437513
event_sum: 10.222503926546779
fraction: 0.9954621657035712
mean: 2200.872248731723
nL: 9.953380992058138
nR: 1.3569874943531415
norm: 10.212217884662095
sigma: 123.68540922929706
sigmaL: 92.25585901815613
sigmaR: 51.01024878927526
widthL: 92.25585901815613
widthR: 51.01024878927526
x0: 2200.872248731723
