alphaL: 1.0867579508984722
alphaR: 1.920207515102038
event_sum: 0.8169078163336962
mean: 2192.709416787748
nL: 3.769645326930297
nR: 2.33420439220323
norm: 0.8169078163336962
sigma: 124.24645205351345
sigmaL: 75.60584307939584
sigmaR: 59.72902743283308
widthL: 75.60584307939584
widthR: 59.72902743283308
x0: 2192.709416787748
