alphaL: 1.6023581799480395
alphaR: 2.4520025353267036
event_sum: 5.804647469311021
mean: 2201.0850025066306
nL: 3.826679136747132
nR: 1.6647224212933567
norm: 5.804647469311021
sigma: 103.19139740359363
sigmaL: 104.05028566706187
sigmaR: 50.7476444596596
widthL: 104.05028566706187
widthR: 50.7476444596596
x0: 2201.0850025066306
