alphaL: 1.3992634300254811
alphaR: 2.126320740465026
event_sum: 5.909492704668082
mean: 2202.566607375418
nL: 3.9842285662025154
nR: 2.5767027941134826
norm: 5.909492704668082
sigma: 103.19139740359363
sigmaL: 93.41182937131244
sigmaR: 51.42009274282603
widthL: 93.41182937131244
widthR: 51.42009274282603
x0: 2202.566607375418
