alphaL: 1.3170862560070342
alphaR: 1.9904683837549493
event_sum: 5.909492704668082
mean: 2202.009098770841
nL: 4.492616495951546
nR: 3.1179303079728706
norm: 5.909492704668082
sigma: 103.19139740359363
sigmaL: 90.50024021840215
sigmaR: 50.950475325338985
widthL: 90.50024021840215
widthR: 50.950475325338985
x0: 2202.009098770841
