alphaL: 1.4075568745709064
alphaR: 1.91887759123249
event_sum: 0.8208885287604062
mean: 2203.2684187898694
nL: 3.4428440414753174
nR: 2.0708569477366585
norm: 0.8208885287604062
sigma: 124.02632387172332
sigmaL: 97.39264127030081
sigmaR: 54.62540582646647
widthL: 97.39264127030081
widthR: 54.62540582646647
x0: 2203.2684187898694
