alphaL: 1.1230855055423061
alphaR: 2.1455856311911394
event_sum: 5.882194915378932
mean: 2198.493279996983
nL: 4.997100715380683
nR: 2.370508231753205
norm: 5.882194915378932
sigma: 103.19139740359363
sigmaL: 82.59398418455888
sigmaR: 53.111430628667996
widthL: 82.59398418455888
widthR: 53.111430628667996
x0: 2198.493279996983
