alphaL: 1.4527510311493539
alphaR: 2.1223902690474
event_sum: 1.0982596925168764
mean: 2207.1036190848145
nL: 4.499277082082836
nR: 1.50230022708446
norm: 1.0982596925168764
sigma: 124.24645205351345
sigmaL: 104.53317269435597
sigmaR: 47.42092846131415
widthL: 104.53317269435597
widthR: 47.42092846131415
x0: 2207.1036190848145
