alphaL: 1.5771594669315754
alphaR: 2.044287353821266
event_sum: 1.09867229090014
mean: 2211.258596703482
nL: 3.425529375761138
nR: 1.666480473571834
norm: 1.09867229090014
sigma: 124.02632387172332
sigmaL: 111.64879060288227
sigmaR: 45.51183684590076
widthL: 111.64879060288227
widthR: 45.51183684590076
x0: 2211.258596703482
