alphaL: 1.299738952977861
alphaR: 1.9605401063083743
event_sum: 8.229916392301675
mean: 2198.3406299916574
nL: 4.49999993108476
nR: 2.0867321869850284
norm: 8.229916392301675
sigma: 123.71689997544559
sigmaL: 89.02968379501891
sigmaR: 57.557275175713656
widthL: 89.02968379501891
widthR: 57.557275175713656
x0: 2198.3406299916574
