alphaL: 1.4532853026070878
alphaR: 2.1268671040320384
event_sum: 1.0982596925168764
mean: 2207.0724155857947
nL: 4.4989701265323605
nR: 1.4997891504585898
norm: 1.0982596925168764
sigma: 124.24645205351345
sigmaL: 104.59337070079131
sigmaR: 47.484856713272784
widthL: 104.59337070079131
widthR: 47.484856713272784
x0: 2207.0724155857947
