alphaL: 1.208640801350419
alphaR: 2.5788721248489
event_sum: 5.778395983914379
mean: 2194.911886780898
nL: 4.931737880153674
nR: 1.5010057354272963
norm: 5.778395983914379
sigma: 103.19139740359363
sigmaL: 88.82993322257389
sigmaR: 53.483675914480216
widthL: 88.82993322257389
widthR: 53.483675914480216
x0: 2194.911886780898
