alphaL: 1.5061275256139348
alphaR: 2.467918867150232
event_sum: 5.804647469311021
mean: 2200.806736772193
nL: 4.49929207165822
nR: 1.633184798012658
norm: 5.804647469311021
sigma: 103.19139740359363
sigmaL: 101.98509065273083
sigmaR: 50.739555183673225
widthL: 101.98509065273083
widthR: 50.739555183673225
x0: 2200.806736772193
