alphaL: 1.5092993597787898
alphaR: 2.4552053633314688
event_sum: 5.804647469311021
mean: 2201.110418677392
nL: 4.499233145834645
nR: 1.6391723903678619
norm: 5.804647469311021
sigma: 103.19139740359363
sigmaL: 102.35477550305916
sigmaR: 50.50834013279096
widthL: 102.35477550305916
widthR: 50.50834013279096
x0: 2201.110418677392
