alphaL: 1.315372938224056
alphaR: 2.09853237461285
event_sum: 1.0800930675322888
mean: 1603.1840752699886
nL: 3.6526913148497306
nR: 3.8788379293512847
norm: 1.0800930675322888
sigma: 84.468035908659
sigmaL: 64.39314590793224
sigmaR: 45.04207709685547
widthL: 64.39314590793224
widthR: 45.04207709685547
x0: 1603.1840752699886
