alphaL: 1.725996755711226
alphaR: 2.0433711210414773
event_sum: 15.612328459625132
mean: 1611.9300635793693
nL: 3.954757677821832
nR: 3.1973576329358444
norm: 15.612328459625132
sigma: 75.94558255762215
sigmaL: 80.25358231049795
sigmaR: 37.844332625461035
widthL: 80.25358231049795
widthR: 37.844332625461035
x0: 1611.9300635793693
