alphaL: 1.716939190147021
alphaR: 1.852410514133766
event_sum: 20.974387337104417
mean: 1615.6347671175395
nL: 4.499854985713841
nR: 4.349014038295066
norm: 20.974387337104417
sigma: 75.95974916725295
sigmaL: 79.46841492135039
sigmaR: 40.68298867314636
widthL: 79.46841492135039
widthR: 40.68298867314636
x0: 1615.6347671175395
