alphaL: 1.3577231669524659
alphaR: 2.424911544711386
event_sum: 1.0800930675322888
mean: 1606.0622928883054
nL: 3.561687982966185
nR: 1.5263451880691388
norm: 1.0800930675322888
sigma: 84.4108304363439
sigmaL: 68.50588264010177
sigmaR: 43.553804040491755
widthL: 68.50588264010177
widthR: 43.553804040491755
x0: 1606.0622928883054
