alphaL: 1.1097899345457947
alphaR: 1.761335367603768
event_sum: 10.774429429206066
fraction: 0.997713329450412
mean: 1611.4206220479912
nL: 9.734041256740873
nR: 2.8238685556241956
norm: 10.762907207594253
sigma: 84.468035908659
sigmaL: 64.41809232631029
sigmaR: 42.16801083552604
widthL: 64.41809232631029
widthR: 42.16801083552604
x0: 1611.4206220479912
