alphaL: 1.3144214508171146
alphaR: 1.8982424160298614
event_sum: 20.974387337104417
fraction: 0.9992285053361691
mean: 1611.7892082201229
nL: 9.993990309508762
nR: 4.342797787889166
norm: 20.96381823287811
sigma: 75.95974916725295
sigmaL: 70.97312350068837
sigmaR: 42.67219155022393
widthL: 70.97312350068837
widthR: 42.67219155022393
x0: 1611.7892082201229
