alphaL: 1.7003939397415924
alphaR: 2.045526916151272
event_sum: 15.612328459625132
mean: 1611.2320729414268
nL: 4.499995760274813
nR: 3.2938130410627733
norm: 15.612328459625132
sigma: 75.94558255762215
sigmaL: 79.69779227523435
sigmaR: 38.29047972536747
widthL: 79.69779227523435
widthR: 38.29047972536747
x0: 1611.2320729414268
