alphaL: 1.4883589907973345
alphaR: 1.6256590839507339
event_sum: 1.0746776233063429
mean: 1616.339065884885
nL: 3.8273673864088886
nR: 3.0266182631623924
norm: 1.0746776233063429
sigma: 84.468035908659
sigmaL: 74.79499098245626
sigmaR: 38.946747147563954
widthL: 74.79499098245626
widthR: 38.946747147563954
x0: 1616.339065884885
