alphaL: 1.4694792271505794
alphaR: 1.6863874965944505
event_sum: 1.0746776233063429
mean: 1615.3758764609056
nL: 3.190678617782296
nR: 2.7088816401192717
norm: 1.0746776233063429
sigma: 84.4108304363439
sigmaL: 73.38940961832024
sigmaR: 40.00930491168291
widthL: 73.38940961832024
widthR: 40.00930491168291
x0: 1615.3758764609056
