alphaL: 1.5113656834413296
alphaR: 1.5710384696480482
event_sum: 10.774429429206066
mean: 1617.150106865312
nL: 4.484786467396431
nR: 3.1136494720875842
norm: 10.774429429206066
sigma: 84.468035908659
sigmaL: 75.91298782673184
sigmaR: 38.18770737478905
widthL: 75.91298782673184
widthR: 38.18770737478905
x0: 1617.150106865312
