alphaL: 1.8266208610426589
alphaR: 1.9964920879120176
event_sum: 15.635228185448796
mean: 1612.763426977501
nL: 4.47321324733867
nR: 3.429022600631875
norm: 15.635228185448796
sigma: 75.95974916725295
sigmaL: 82.35901913459445
sigmaR: 37.3651612757459
widthL: 82.35901913459445
widthR: 37.3651612757459
x0: 1612.763426977501
