alphaL: 0.8679662039755281
alphaR: 2.3758122578036143
event_sum: 63.60523152293172
fraction: 0.9914467274158886
mean: 1596.6032258014855
nL: 138.1715674010909
nR: 2.1534428668362726
norm: 20.847558086388744
sigma: 76.06992156776154
sigmaL: 55.31232668873901
sigmaR: 47.5202408816278
widthL: 55.31232668873901
widthR: 47.5202408816278
x0: 1596.6032258014855
