alphaL: 1.427782010924907
alphaR: 2.213055144293315
event_sum: 10.817061649169773
mean: 1607.3702424093137
nL: 4.499999999320632
nR: 2.2364301907721216
norm: 10.817061649169773
sigma: 84.468035908659
sigmaL: 70.9509079497097
sigmaR: 42.80258960578742
widthL: 70.9509079497097
widthR: 42.80258960578742
x0: 1607.3702424093137
