alphaL: 1.6917825307923258
alphaR: 2.1045842814031084
event_sum: 15.612328459625132
mean: 1611.3386620432511
nL: 4.4992955794161835
nR: 3.074557304147244
norm: 15.612328459625132
sigma: 75.94558255762215
sigmaL: 79.93286598690246
sigmaR: 38.33877491385365
widthL: 79.93286598690246
widthR: 38.33877491385365
x0: 1611.3386620432511
