alphaL: 1.5659198778032166
alphaR: 2.0647732435372776
event_sum: 20.939156989683397
mean: 1612.7019951892164
nL: 3.9981534175747426
nR: 3.2655571402971266
norm: 20.939156989683397
sigma: 75.94558255762215
sigmaL: 75.04103241466198
sigmaR: 42.80310468754004
widthL: 75.04103241466198
widthR: 42.80310468754004
x0: 1612.7019951892164
