alphaL: 1.4945697332271612
alphaR: 2.3360354193579584
event_sum: 15.554198386380449
mean: 1608.9228279416063
nL: 4.750805291584464
nR: 2.072047048585133
norm: 15.554198386380449
sigma: 75.94558255762215
sigmaL: 75.27744124156301
sigmaR: 39.8960219594451
widthL: 75.27744124156301
widthR: 39.8960219594451
x0: 1608.9228279416063
