alphaL: 1.5260545157055698
alphaR: 1.6874021402892032
event_sum: 1.0698382901682635
mean: 1617.3458034425466
nL: 2.7217637933684
nR: 2.594164578701765
norm: 1.0698382901682635
sigma: 84.468035908659
sigmaL: 75.30530258638633
sigmaR: 38.84353712243367
widthL: 75.30530258638633
widthR: 38.84353712243367
x0: 1617.3458034425466
