alphaL: 1.4434596133552802
alphaR: 2.149359100995288
event_sum: 15.635228185448796
fraction: 0.9991954802836077
mean: 1608.9878163645112
nL: 9.847865365244882
nR: 3.0254383790422
norm: 15.633466668077745
sigma: 75.95974916725295
sigmaL: 75.79300682585857
sigmaR: 39.636074055966226
widthL: 75.79300682585857
widthR: 39.636074055966226
x0: 1608.9878163645112
