alphaL: 1.2403047881946587
alphaR: 2.163108032491656
event_sum: 20.863411742728204
mean: 1608.2839775879443
nL: 4.983645947072283
nR: 3.3164858259892926
norm: 20.863411742728204
sigma: 75.94558255762215
sigmaL: 65.53236810712502
sigmaR: 45.03901816469972
widthL: 65.53236810712502
widthR: 45.03901816469972
x0: 1608.2839775879443
