alphaL: 1.3192085255274368
alphaR: 2.094913727812496
event_sum: 1.0800930675322888
mean: 1603.2166558225229
nL: 3.6571403501411304
nR: 3.8761987442676777
norm: 1.0800930675322888
sigma: 84.468035908659
sigmaL: 64.63984389465529
sigmaR: 45.07348414004804
widthL: 64.63984389465529
widthR: 45.07348414004804
x0: 1603.2166558225229
