alphaL: 1.5009521070726097
alphaR: 1.9382810586969128
event_sum: 20.939156989683397
mean: 1612.5382893783787
nL: 4.499984811712908
nR: 4.257492461192061
norm: 20.939156989683397
sigma: 75.94558255762215
sigmaL: 73.88588947349103
sigmaR: 42.49355083262914
widthL: 73.88588947349103
widthR: 42.49355083262914
x0: 1612.5382893783787
