alphaL: 1.3404052535279092
alphaR: 2.382699494986953
event_sum: 1.0766364010050893
mean: 1606.3972574962888
nL: 3.495533510320158
nR: 1.7895372833240322
norm: 1.0766364010050893
sigma: 84.468035908659
sigmaL: 69.95082604108582
sigmaR: 43.87638064586363
widthL: 69.95082604108582
widthR: 43.87638064586363
x0: 1606.3972574962888
