alphaL: 1.4883439567628594
alphaR: 1.626794669883792
event_sum: 1.0746776233063429
mean: 1616.3304134330365
nL: 3.8267239368861996
nR: 3.0222564937012186
norm: 1.0746776233063429
sigma: 84.468035908659
sigmaL: 74.77838414481869
sigmaR: 38.97601235870038
widthL: 74.77838414481869
widthR: 38.97601235870038
x0: 1616.3304134330365
