alphaL: 1.4985832021180847
alphaR: 1.948081993534499
event_sum: 20.939156989683397
mean: 1612.4803470012068
nL: 4.499985240339278
nR: 4.165855172583276
norm: 20.939156989683397
sigma: 75.94558255762215
sigmaL: 73.81707437716422
sigmaR: 42.54212258818467
widthL: 73.81707437716422
widthR: 42.54212258818467
x0: 1612.4803470012068
