alphaL: 1.1007846119131086
alphaR: 2.331643166130534
event_sum: 10.817061649169773
fraction: 0.9977849666258569
mean: 1604.2730604405895
nL: 9.996394330859406
nR: 1.9638587725510426
norm: 10.810148316202685
sigma: 84.468035908659
sigmaL: 63.11832422862539
sigmaR: 44.143807789748514
widthL: 63.11832422862539
widthR: 44.143807789748514
x0: 1604.2730604405895
