alphaL: 1.1017168364578662
alphaR: 2.04475951758415
event_sum: 1.633628480013423
mean: 2838.707156303777
nL: 3.8420390797415256
nR: 3.994727003806618
norm: 1.633628480013423
sigma: 132.43676443303843
sigmaL: 91.91241195969664
sigmaR: 69.43475602190411
widthL: 91.91241195969664
widthR: 69.43475602190411
x0: 2838.707156303777
