alphaL: 1.0339846499431733
alphaR: 1.9668429031174457
event_sum: 1.6255124244375243
mean: 2846.468772926805
nL: 4.751708929771962
nR: 2.9534828263802813
norm: 1.6255124244375243
sigma: 132.43676443303843
sigmaL: 96.26776057098641
sigmaR: 63.2540350637157
widthL: 96.26776057098641
widthR: 63.2540350637157
x0: 2846.468772926805
