alphaL: 1.3110082329680681
alphaR: 2.091629906449142
event_sum: 2.1051706309691864
mean: 2850.7429765631523
nL: 4.483434655957044
nR: 2.9087334173992243
norm: 2.1051706309691864
sigma: 132.43676443303843
sigmaL: 118.1905622920588
sigmaR: 60.05037389714353
widthL: 118.1905622920588
widthR: 60.05037389714353
x0: 2850.7429765631523
