alphaL: 1.1608728225443092
alphaR: 2.1577615572376225
event_sum: 1.2210717257816248
mean: 2847.2193242050016
nL: 4.771074638765546
nR: 1.7546894761290863
norm: 1.2210717257816248
sigma: 191.9022352200319
sigmaL: 108.40807723399655
sigmaR: 65.03971365541396
widthL: 108.40807723399655
widthR: 65.03971365541396
x0: 2847.2193242050016
