alphaL: 1.153490116783594
alphaR: 1.4103649194171377
event_sum: 7.003459720954232
fraction: 0.99838254109975
mean: 2862.484370477323
nL: 9.602984290459032
nR: 3.1924372061780875
norm: 6.953694289472012
sigma: 190.7981375336048
sigmaL: 119.33735146546059
sigmaR: 55.76519902293671
widthL: 119.33735146546059
widthR: 55.76519902293671
x0: 2862.484370477323
