alphaL: 1.084752315993135
alphaR: 2.2824454271495016
event_sum: 1.9925084368954853
fraction: 0.9986376533383431
mean: 2845.471980897064
nL: 10.0
nR: 2.3683505531598077
norm: 1.991983503707699
sigma: 131.46709232297735
sigmaL: 108.3846606122405
sigmaR: 63.33225560595893
widthL: 108.3846606122405
widthR: 63.33225560595893
x0: 2845.471980897064
