alphaL: 1.4419520029316801
alphaR: 0.9413637185064624
event_sum: 0.7211864668387299
mean: 2876.978577333782
nL: 3.9298110556940187
nR: 3.6541881126630886
norm: 0.7211864668387299
sigma: 191.9022352200319
sigmaL: 133.48917530336274
sigmaR: 34.32787440398006
widthL: 133.48917530336274
widthR: 34.32787440398006
x0: 2876.978577333782
