alphaL: 1.5858606633110528
alphaR: 1.3147962669972588
event_sum: 0.7220851317619974
mean: 2871.7351155684537
nL: 3.763126211499279
nR: 3.275799889570591
norm: 0.7220851317619974
sigma: 191.9022352200319
sigmaL: 138.48107827366184
sigmaR: 50.1935686806277
widthL: 138.48107827366184
widthR: 50.1935686806277
x0: 2871.7351155684537
