alphaL: 0.940788113885524
alphaR: 2.2583037992134325
event_sum: 11.805525130160843
fraction: 0.9975286167537456
mean: 2844.5898667214806
nL: 10.0
nR: 1.4963390817705073
norm: 11.775351418926324
sigma: 190.7981375336048
sigmaL: 99.28349007666513
sigmaR: 66.79910831957031
widthL: 99.28349007666513
widthR: 66.79910831957031
x0: 2844.5898667214806
