alphaL: 1.3431017193285029
alphaR: 2.1236570737720095
event_sum: 1.2233455055321192
mean: 2853.1898755069387
nL: 4.493637157169673
nR: 1.6429724373645471
norm: 1.2233455055321192
sigma: 191.9022352200319
sigmaL: 120.69935458104129
sigmaR: 62.07667563047847
widthL: 120.69935458104129
widthR: 62.07667563047847
x0: 2853.1898755069387
