alphaL: 1.081122130444979
alphaR: 2.340748256531052
event_sum: 2.097147733904329
mean: 2843.561854195774
nL: 4.944854687097007
nR: 2.069819405950558
norm: 2.097147733904329
sigma: 132.43676443303843
sigmaL: 105.41031175625675
sigmaR: 64.47507175581335
widthL: 105.41031175625675
widthR: 64.47507175581335
x0: 2843.561854195774
