alphaL: 1.0197068476874456
alphaR: 1.9875355798317902
event_sum: 1.560110257775456
fraction: 0.9988298623664372
mean: 2846.5732973467675
nL: 9.68667103636595
nR: 2.63291404009445
norm: 1.5600464932601683
sigma: 131.46709232297735
sigmaL: 98.65292061196722
sigmaR: 63.857431714679464
widthL: 98.65292061196722
widthR: 63.857431714679464
x0: 2846.5732973467675
